1.099378585815429688e+00 2.254475593566894531e+00 -6.433112919330596924e-02 1.200853228569030762e+00 2.166758298873901367e+00 1.136635616421699524e-01
1.114263653755187988e+00 2.299843311309814453e+00 -6.300514191389083862e-02 5.061088800430297852e-01 2.120471954345703125e+00 1.108710542321205139e-01
1.118918180465698242e+00 2.335923194885253906e+00 -5.906355381011962891e-02 3.664121031761169434e-01 1.557993173599243164e+00 3.700392246246337891e-01
1.134129405021667480e+00 2.366805315017700195e+00 -5.225858837366104126e-02 9.971184134483337402e-01 1.731519460678100586e+00 5.033397078514099121e-01
1.149984955787658691e+00 2.406342744827270508e+00 -4.249082133173942566e-02 5.456082820892333984e-01 2.384704589843750000e+00 6.578933000564575195e-01
1.149893045425415039e+00 2.452126264572143555e+00 -2.846322581171989441e-02 -7.549563422799110413e-03 2.020259380340576172e+00 5.750182271003723145e-01
1.155359506607055664e+00 2.492187738418579102e+00 -1.740429177880287170e-02 5.259088277816772461e-01 2.326294660568237305e+00 7.528102993965148926e-01
1.167429685592651367e+00 2.542157888412475586e+00 -2.699641278013586998e-03 4.052738249301910400e-01 2.618284940719604492e+00 8.969295620918273926e-01
1.179954171180725098e+00 2.592791795730590820e+00 1.402920950204133987e-02 7.467211484909057617e-01 2.752540111541748047e+00 8.472603559494018555e-01
1.195637822151184082e+00 2.651542663574218750e+00 3.187642619013786316e-02 7.417678236961364746e-01 3.185841798782348633e+00 8.587035536766052246e-01
1.209696769714355469e+00 2.714406013488769531e+00 5.331760644912719727e-02 6.982064247131347656e-01 3.283536911010742188e+00 1.194972157478332520e+00
1.230380892753601074e+00 2.814996957778930664e+00 8.107155561447143555e-02 7.172316312789916992e-01 3.795997858047485352e+00 1.026777982711791992e+00
1.241968274116516113e+00 2.890904664993286133e+00 1.059169396758079529e-01 5.219013690948486328e-01 3.875396013259887695e+00 1.344181656837463379e+00
1.253288984298706055e+00 2.962825059890747070e+00 1.305044293403625488e-01 7.326394319534301758e-01 3.867612361907958984e+00 1.208678722381591797e+00
1.268821358680725098e+00 3.040197134017944336e+00 1.566740870475769043e-01 8.819717168807983398e-01 4.001036643981933594e+00 1.434083461761474609e+00
1.287899017333984375e+00 3.122928380966186523e+00 1.811527758836746216e-01 9.811320304870605469e-01 4.482460975646972656e+00 1.299142956733703613e+00
1.300133109092712402e+00 3.212900876998901367e+00 2.102386951446533203e-01 4.470627009868621826e-01 4.551131248474121094e+00 1.506583809852600098e+00
1.308377265930175781e+00 3.300482988357543945e+00 2.417889982461929321e-01 5.953297019004821777e-01 4.544400691986083984e+00 1.617547392845153809e+00
1.324187636375427246e+00 3.396630764007568359e+00 2.740349471569061279e-01 1.009107232093811035e+00 5.020763874053955078e+00 1.571721315383911133e+00
1.343974828720092773e+00 3.501002311706542969e+00 3.024070560932159424e-01 6.983001232147216797e-01 5.560331344604492188e+00 1.343242287635803223e+00
1.350736618041992188e+00 3.606708049774169922e+00 3.322160243988037109e-01 2.855003476142883301e-01 5.101909160614013672e+00 1.573011517524719238e+00
1.368331432342529297e+00 3.703359603881835938e+00 3.629711270332336426e-01 1.433147668838500977e+00 5.174642086029052734e+00 1.723515868186950684e+00
1.401370882987976074e+00 3.810727357864379883e+00 3.989170789718627930e-01 1.534688830375671387e+00 5.669819355010986328e+00 1.813646674156188965e+00
1.427961468696594238e+00 3.920847415924072266e+00 4.339060485363006592e-01 1.319879531860351562e+00 5.721149921417236328e+00 1.822345256805419922e+00
1.452567815780639648e+00 4.041533946990966797e+00 4.704506695270538330e-01 1.179762601852416992e+00 6.168319702148437500e+00 1.883333563804626465e+00
1.476065993309020996e+00 4.161465167999267578e+00 5.101836919784545898e-01 9.952459335327148438e-01 6.046767234802246094e+00 2.192215442657470703e+00
1.492038249969482422e+00 4.281841754913330078e+00 5.494020581245422363e-01 7.836381196975708008e-01 6.124037265777587891e+00 2.030483961105346680e+00
1.509398937225341797e+00 4.402095317840576172e+00 5.873312354087829590e-01 1.126632571220397949e+00 6.373512268066406250e+00 1.969815373420715332e+00
1.534619331359863281e+00 4.531871318817138672e+00 6.313136219978332520e-01 1.322044134140014648e+00 7.043729782104492188e+00 2.310434579849243164e+00
1.558272719383239746e+00 4.676712989807128906e+00 6.751800179481506348e-01 9.913480877876281738e-01 7.486617565155029297e+00 2.012373447418212891e+00
1.574211716651916504e+00 4.820312976837158203e+00 7.171124815940856934e-01 6.611229181289672852e-01 7.194764137268066406e+00 2.344495058059692383e+00
1.585797905921936035e+00 4.958438873291015625e+00 7.614871859550476074e-01 8.678522109985351562e-01 7.418900966644287109e+00 2.313958406448364258e+00
1.620331883430480957e+00 5.179367065429687500e+00 8.355454802513122559e-01 1.263546824455261230e+00 7.724028110504150391e+00 2.487748861312866211e+00
1.646454095840454102e+00 5.333241462707519531e+00 8.812792897224426270e-01 1.219273805618286133e+00 8.166205406188964844e+00 2.213120460510253906e+00
1.668200135231018066e+00 5.496843338012695312e+00 9.250236749649047852e-01 9.278091192245483398e-01 8.547424316406250000e+00 2.366449117660522461e+00
1.689074277877807617e+00 5.662729263305664062e+00 9.698879122734069824e-01 1.194858074188232422e+00 8.594197273254394531e+00 2.298781871795654297e+00
1.713152766227722168e+00 5.833494663238525391e+00 1.018720030784606934e+00 1.008642554283142090e+00 8.954594612121582031e+00 2.737908601760864258e+00
1.732052683830261230e+00 6.008077144622802734e+00 1.074165701866149902e+00 9.680508971214294434e-01 8.892799377441406250e+00 2.792965888977050781e+00
1.753976821899414062e+00 6.180496215820312500e+00 1.132139563560485840e+00 1.321905732154846191e+00 8.866648674011230469e+00 3.039227008819580078e+00
1.783223986625671387e+00 6.360867977142333984e+00 1.190565347671508789e+00 1.562883615493774414e+00 9.449954032897949219e+00 3.009395360946655273e+00
1.811660766601562500e+00 6.547543048858642578e+00 1.247351169586181641e+00 1.571920275688171387e+00 9.609705924987792969e+00 2.929486513137817383e+00
1.840499639511108398e+00 6.737786769866943359e+00 1.304787874221801758e+00 1.485073089599609375e+00 9.861361503601074219e+00 2.786871910095214844e+00
1.869155168533325195e+00 6.936939239501953125e+00 1.362508535385131836e+00 1.496180295944213867e+00 1.023507976531982422e+01 2.985688447952270508e+00
1.896736979484558105e+00 7.136566638946533203e+00 1.421184897422790527e+00 1.501727342605590820e+00 1.049028205871582031e+01 3.007112503051757812e+00
1.921998858451843262e+00 7.347614765167236328e+00 1.479954123497009277e+00 1.262231349945068359e+00 1.082234096527099609e+01 3.022154569625854492e+00
1.947114229202270508e+00 7.561833858489990234e+00 1.538513541221618652e+00 1.303655743598937988e+00 1.102260208129882812e+01 2.929825305938720703e+00
1.973384976387023926e+00 7.777462959289550781e+00 1.596259355545043945e+00 1.492607235908508301e+00 1.118550205230712891e+01 2.959987401962280273e+00
2.005461215972900391e+00 7.999897956848144531e+00 1.654753208160400391e+00 1.512882709503173828e+00 1.154537391662597656e+01 2.935665369033813477e+00
2.033832311630249023e+00 8.228370666503906250e+00 1.714960575103759766e+00 1.306270718574523926e+00 1.179029846191406250e+01 3.084242105484008789e+00
2.060202360153198242e+00 8.462142944335937500e+00 1.773069143295288086e+00 1.407841801643371582e+00 1.204466152191162109e+01 3.036100625991821289e+00
2.089659452438354492e+00 8.699716567993164062e+00 1.830707430839538574e+00 1.506005525588989258e+00 1.227519893646240234e+01 3.051495075225830078e+00
2.120833873748779297e+00 8.938537597656250000e+00 1.890051364898681641e+00 1.656544923782348633e+00 1.223642539978027344e+01 3.075918674468994141e+00
2.155774831771850586e+00 9.185610771179199219e+00 1.952807426452636719e+00 1.865616917610168457e+00 1.307244586944580078e+01 3.201514005661010742e+00
2.210923433303833008e+00 9.578246116638183594e+00 2.045592546463012695e+00 1.646513581275939941e+00 1.368061065673828125e+01 3.247015714645385742e+00
2.241374969482421875e+00 9.847511291503906250e+00 2.108819246292114258e+00 1.631897926330566406e+00 1.386168193817138672e+01 3.263264417648315430e+00
2.274955749511718750e+00 1.012067890167236328e+01 2.169752120971679688e+00 1.704780101776123047e+00 1.427337551116943359e+01 3.224368333816528320e+00
2.306567430496215820e+00 1.040180778503417969e+01 2.233596086502075195e+00 1.711748003959655762e+00 1.456895065307617188e+01 3.075730085372924805e+00
2.345507383346557617e+00 1.068747234344482422e+01 2.296308994293212891e+00 2.131209135055541992e+00 1.484050273895263672e+01 3.223641395568847656e+00
2.386031389236450195e+00 1.098400211334228516e+01 2.356673955917358398e+00 1.808466672897338867e+00 1.542254066467285156e+01 2.955485343933105469e+00
2.420648097991943359e+00 1.128085708618164062e+01 2.413628101348876953e+00 1.901783466339111328e+00 1.522720146179199219e+01 3.255214214324951172e+00
2.461387157440185547e+00 1.157670879364013672e+01 2.479561328887939453e+00 2.329768419265747070e+00 1.516296768188476562e+01 3.231557130813598633e+00
2.510761737823486328e+00 1.188352012634277344e+01 2.539820194244384766e+00 2.379511833190917969e+00 1.629174804687500000e+01 3.068262577056884766e+00
2.550385951995849609e+00 1.220992565155029297e+01 2.598873615264892578e+00 1.617674469947814941e+00 1.658242034912109375e+01 3.050153493881225586e+00
2.584690093994140625e+00 1.252901077270507812e+01 2.660343885421752930e+00 2.182504177093505859e+00 1.642094612121582031e+01 3.092616319656372070e+00
2.633567810058593750e+00 1.285825634002685547e+01 2.720083236694335938e+00 2.698984861373901367e+00 1.709478950500488281e+01 3.036986827850341797e+00
2.688600778579711914e+00 1.319945144653320312e+01 2.777289152145385742e+00 2.609859228134155273e+00 1.781703758239746094e+01 2.764717340469360352e+00
2.729495525360107422e+00 1.355547618865966797e+01 2.833464145660400391e+00 1.786862492561340332e+00 1.836901664733886719e+01 2.892234325408935547e+00
2.765895128250122070e+00 1.391319465637207031e+01 2.886639118194580078e+00 2.174428224563598633e+00 1.832430267333984375e+01 2.783597469329833984e+00
2.808692693710327148e+00 1.427790546417236328e+01 2.940022706985473633e+00 2.425816059112548828e+00 1.892809486389160156e+01 2.553981304168701172e+00
2.860092163085937500e+00 1.465279483795166016e+01 2.990459918975830078e+00 2.361807584762573242e+00 1.959138870239257812e+01 2.702581167221069336e+00
2.902317047119140625e+00 1.503603553771972656e+01 3.039811134338378906e+00 2.153821945190429688e+00 1.955222511291503906e+01 2.402333021163940430e+00
2.943065643310546875e+00 1.541951274871826172e+01 3.084103822708129883e+00 2.339078187942504883e+00 1.995314979553222656e+01 2.235815525054931641e+00
2.996309280395507812e+00 1.581491851806640625e+01 3.132523298263549805e+00 2.803559541702270508e+00 2.053772926330566406e+01 2.304010629653930664e+00
3.080496311187744141e+00 1.643445587158203125e+01 3.192672252655029297e+00 2.903344154357910156e+00 2.154169082641601562e+01 1.721678137779235840e+00
3.143030405044555664e+00 1.685855484008789062e+01 3.227662086486816406e+00 3.351947307586669922e+00 2.197116661071777344e+01 1.874191045761108398e+00
3.202740192413330078e+00 1.729496002197265625e+01 3.259463548660278320e+00 2.625471830368041992e+00 2.259315109252929688e+01 1.610782027244567871e+00
3.251105785369873047e+00 1.773648834228515625e+01 3.288985252380371094e+00 2.700651645660400391e+00 2.249254226684570312e+01 1.304965138435363770e+00
3.308594226837158203e+00 1.818358993530273438e+01 3.314330339431762695e+00 3.054641723632812500e+00 2.328779983520507812e+01 1.188065886497497559e+00
3.371241807937622070e+00 1.864313125610351562e+01 3.334221124649047852e+00 3.371622562408447266e+00 2.371677780151367188e+01 9.745255708694458008e-01
3.441163539886474609e+00 1.911484146118164062e+01 3.352680683135986328e+00 3.653701305389404297e+00 2.448182106018066406e+01 7.967125773429870605e-01
3.509231090545654297e+00 1.959802818298339844e+01 3.363681793212890625e+00 3.356440067291259766e+00 2.501586341857910156e+01 4.241690933704376221e-01
3.572045326232910156e+00 2.009267997741699219e+01 3.368545055389404297e+00 3.187083244323730469e+00 2.559100151062011719e+01 2.059654295444488525e-01
3.635664939880371094e+00 2.059431648254394531e+01 3.367630004882812500e+00 3.422899007797241211e+00 2.593868827819824219e+01 -1.581887006759643555e-01
3.705669403076171875e+00 2.110684776306152344e+01 3.363095760345458984e+00 3.862163782119750977e+00 2.671629142761230469e+01 -4.784947335720062256e-01
3.785712242126464844e+00 2.163548469543457031e+01 3.352408409118652344e+00 4.223795890808105469e+00 2.745199203491210938e+01 -6.455733776092529297e-01
3.867015361785888672e+00 2.218047523498535156e+01 3.333013057708740234e+00 4.056897163391113281e+00 2.829795074462890625e+01 -1.039132952690124512e+00
3.946127891540527344e+00 2.274038696289062500e+01 3.305890083312988281e+00 3.804119110107421875e+00 2.903957748413085938e+01 -1.776513814926147461e+00
4.018340110778808594e+00 2.331034088134765625e+01 3.270546674728393555e+00 3.942720890045166016e+00 2.938263130187988281e+01 -2.138226747512817383e+00
4.102147102355957031e+00 2.389046287536621094e+01 3.222023725509643555e+00 4.607255935668945312e+00 3.002866744995117188e+01 -2.695545434951782227e+00
4.195796489715576172e+00 2.448752212524414062e+01 3.162212848663330078e+00 5.036668300628662109e+00 3.111437797546386719e+01 -3.353265285491943359e+00
4.291328430175781250e+00 2.510571861267089844e+01 3.089232683181762695e+00 4.659036636352539062e+00 3.183155059814453125e+01 -4.065300941467285156e+00
4.381376266479492188e+00 2.573137474060058594e+01 3.004370450973510742e+00 4.645930290222167969e+00 3.229926300048828125e+01 -4.596952915191650391e+00
4.479706764221191406e+00 2.637424850463867188e+01 2.905152797698974609e+00 5.439063549041748047e+00 3.351742935180664062e+01 -5.589716434478759766e+00
4.591464519500732422e+00 2.703805351257324219e+01 2.787032365798950195e+00 5.699247837066650391e+00 3.458849334716796875e+01 -6.728989124298095703e+00
4.749218463897705078e+00 2.806700325012207031e+01 2.568133115768432617e+00 5.390431404113769531e+00 3.548556518554687500e+01 -8.206086158752441406e+00
4.862631797790527344e+00 2.876611137390136719e+01 2.395505189895629883e+00 6.164448261260986328e+00 3.632471466064453125e+01 -9.622262001037597656e+00
4.987136840820312500e+00 2.948885345458984375e+01 2.195547819137573242e+00 6.524034500122070312e+00 3.742616653442382812e+01 -1.088277435302734375e+01
5.119280815124511719e+00 3.022463989257812500e+01 1.968134641647338867e+00 6.913802146911621094e+00 3.802583694458007812e+01 -1.252739143371582031e+01
5.256453037261962891e+00 3.097960472106933594e+01 1.707447528839111328e+00 7.089205741882324219e+00 3.926667022705078125e+01 -1.429482078552246094e+01
5.390346527099609375e+00 3.175222206115722656e+01 1.407444000244140625e+00 6.954576492309570312e+00 3.937199020385742188e+01 -1.630017852783203125e+01
5.533343791961669922e+00 3.251796722412109375e+01 1.066542863845825195e+00 7.807648658752441406e+00 3.928983688354492188e+01 -1.874647903442382812e+01
5.691148281097412109e+00 3.329216766357421875e+01 6.742674708366394043e-01 8.269465446472167969e+00 4.020767974853515625e+01 -2.125137329101562500e+01
5.854305267333984375e+00 3.408211135864257812e+01 2.345452606678009033e-01 8.327877998352050781e+00 4.020645141601562500e+01 -2.383622741699218750e+01
6.019623756408691406e+00 3.485756301879882812e+01 -2.573470473289489746e-01 8.672064781188964844e+00 3.914943313598632812e+01 -2.667039108276367188e+01
6.197113513946533203e+00 3.561314392089843750e+01 -8.086603283882141113e-01 9.424416542053222656e+00 3.854602813720703125e+01 -2.995804405212402344e+01
6.384223937988281250e+00 3.636096954345703125e+01 -1.419268727302551270e+00 9.565515518188476562e+00 3.785771942138671875e+01 -3.257030487060546875e+01
6.570911407470703125e+00 3.709070968627929688e+01 -2.084806203842163086e+00 9.287478446960449219e+00 3.657865905761718750e+01 -3.551168823242187500e+01
6.745893001556396484e+00 3.778424453735351562e+01 -2.801419258117675781e+00 9.007884025573730469e+00 3.427468872070312500e+01 -3.781027603149414062e+01
6.927279472351074219e+00 3.843092727661132812e+01 -3.556418180465698242e+00 9.423293113708496094e+00 3.195649337768554688e+01 -3.950075912475585938e+01
7.113251686096191406e+00 3.903417587280273438e+01 -4.342903137207031250e+00 9.614103317260742188e+00 2.987398529052734375e+01 -4.112365341186523438e+01
7.301515579223632812e+00 3.959529495239257812e+01 -5.159921646118164062e+00 9.681555747985839844e+00 2.764006996154785156e+01 -4.235960006713867188e+01
7.484205722808837891e+00 4.011421585083007812e+01 -5.995584011077880859e+00 8.882790565490722656e+00 2.512181854248046875e+01 -4.303171920776367188e+01
7.655636787414550781e+00 4.057997512817382812e+01 -6.840019702911376953e+00 8.914283752441406250e+00 2.264838409423828125e+01 -4.344477081298828125e+01
7.830778598785400391e+00 4.100348281860351562e+01 -7.687529563903808594e+00 8.711749076843261719e+00 2.079657554626464844e+01 -4.301401138305664062e+01
7.991875648498535156e+00 4.138800430297851562e+01 -8.521668434143066406e+00 7.878437519073486328e+00 1.827359199523925781e+01 -4.239638900756835938e+01
8.217781066894531250e+00 4.187107467651367188e+01 -9.749924659729003906e+00 7.638219356536865234e+00 1.482074546813964844e+01 -4.124546051025390625e+01
8.364771842956542969e+00 4.213996124267578125e+01 -1.053900337219238281e+01 7.421822071075439453e+00 1.297585773468017578e+01 -3.979430389404296875e+01
8.506880760192871094e+00 4.237708663940429688e+01 -1.130514335632324219e+01 7.207775115966796875e+00 1.127984333038330078e+01 -3.846374511718750000e+01
8.645415306091308594e+00 4.258604049682617188e+01 -1.204431343078613281e+01 6.896938800811767578e+00 1.020390129089355469e+01 -3.721033859252929688e+01
8.773230552673339844e+00 4.277174758911132812e+01 -1.275658893585205078e+01 6.353482246398925781e+00 8.872577667236328125e+00 -3.565988922119140625e+01
8.893061637878417969e+00 4.293383407592773438e+01 -1.343908214569091797e+01 5.906839370727539062e+00 7.731440544128417969e+00 -3.403900909423828125e+01
9.005390167236328125e+00 4.307550811767578125e+01 -1.409015846252441406e+01 5.654583454132080078e+00 6.874522209167480469e+00 -3.254839324951171875e+01
9.109829902648925781e+00 4.320380783081054688e+01 -1.471119308471679688e+01 5.218305110931396484e+00 6.157739639282226562e+00 -3.118309974670410156e+01
9.210387229919433594e+00 4.331476974487304688e+01 -1.530698204040527344e+01 4.966516971588134766e+00 5.378353118896484375e+00 -2.986950111389160156e+01
9.307744979858398438e+00 4.341564178466796875e+01 -1.587911128997802734e+01 4.959367275238037109e+00 4.941828727722167969e+00 -2.852022552490234375e+01
9.402456283569335938e+00 4.351152420043945312e+01 -1.642540168762207031e+01 4.560260772705078125e+00 4.783727645874023438e+00 -2.739397430419921875e+01
9.485585212707519531e+00 4.359617614746093750e+01 -1.694738769531250000e+01 3.937446117401123047e+00 3.866613626480102539e+00 -2.601352691650390625e+01
9.565254211425781250e+00 4.366243743896484375e+01 -1.744410514831542969e+01 4.249454975128173828e+00 3.051592111587524414e+00 -2.507960128784179688e+01
9.650435447692871094e+00 4.371803283691406250e+01 -1.792178726196289062e+01 4.175602912902832031e+00 2.677661657333374023e+00 -2.388918495178222656e+01
9.724373817443847656e+00 4.377181243896484375e+01 -1.837786483764648438e+01 3.590877056121826172e+00 2.609442710876464844e+00 -2.287914085388183594e+01
9.792454719543457031e+00 4.381373977661132812e+01 -1.881394386291503906e+01 3.343396425247192383e+00 1.714091181755065918e+00 -2.190513038635253906e+01
9.858745574951171875e+00 4.384438705444335938e+01 -1.923024177551269531e+01 3.328083753585815430e+00 1.294943094253540039e+00 -2.084855842590332031e+01
9.924338340759277344e+00 4.386386871337890625e+01 -1.962836074829101562e+01 3.319716215133666992e+00 7.666156888008117676e-01 -1.997882080078125000e+01
9.994140625000000000e+00 4.387819290161132812e+01 -2.000609779357910156e+01 3.785810232162475586e+00 7.184768319129943848e-01 -1.894396209716796875e+01
1.006546497344970703e+01 4.389344787597656250e+01 -2.036964607238769531e+01 3.254065752029418945e+00 8.185840845108032227e-01 -1.816009330749511719e+01
1.012413787841796875e+01 4.390805053710937500e+01 -2.071470260620117188e+01 2.576724529266357422e+00 4.819998443126678467e-01 -1.722144317626953125e+01
1.020654392242431641e+01 4.391242218017578125e+01 -2.119630622863769531e+01 2.945093154907226562e+00 1.013963818550109863e-01 -1.606035614013671875e+01
1.025916194915771484e+01 4.391471099853515625e+01 -2.150240516662597656e+01 2.625932931900024414e+00 4.815423861145973206e-02 -1.513191795349121094e+01
1.031056404113769531e+01 4.391418457031250000e+01 -2.179032897949218750e+01 2.445648908615112305e+00 -6.651666015386581421e-02 -1.439894199371337891e+01
1.035353660583496094e+01 4.391241836547851562e+01 -2.206454849243164062e+01 2.049574613571166992e+00 -4.196247458457946777e-02 -1.377847766876220703e+01
1.039403915405273438e+01 4.390682983398437500e+01 -2.232808303833007812e+01 2.218035697937011719e+00 -4.891500771045684814e-01 -1.298612785339355469e+01
1.043825721740722656e+01 4.389627456665039062e+01 -2.257343482971191406e+01 2.272188663482666016e+00 -6.513460874557495117e-01 -1.228065299987792969e+01
1.048345756530761719e+01 4.388029098510742188e+01 -2.280873107910156250e+01 2.438694953918457031e+00 -6.993098855018615723e-01 -1.172699069976806641e+01
1.053113460540771484e+01 4.387189483642578125e+01 -2.302886772155761719e+01 2.291084289550781250e+00 -3.406717255711555481e-02 -1.092154788970947266e+01
1.056865787506103516e+01 4.387081146240234375e+01 -2.323867988586425781e+01 1.798427939414978027e+00 -2.544572353363037109e-01 -1.036975479125976562e+01
1.060166549682617188e+01 4.386495208740234375e+01 -2.343776512145996094e+01 1.643199086189270020e+00 -3.521430790424346924e-01 -9.796312332153320312e+00
1.063281822204589844e+01 4.385937881469726562e+01 -2.362562179565429688e+01 1.490970611572265625e+00 -1.395016163587570190e-01 -9.497721672058105469e+00
1.066007232666015625e+01 4.385971069335937500e+01 -2.380662727355957031e+01 1.613291859626770020e+00 -4.001283273100852966e-02 -8.860647201538085938e+00
1.069485950469970703e+01 4.385866928100585938e+01 -2.397479057312011719e+01 1.736414551734924316e+00 5.083584040403366089e-02 -8.479938507080078125e+00
1.072363758087158203e+01 4.386348724365234375e+01 -2.413730049133300781e+01 1.301665067672729492e+00 2.572720646858215332e-01 -8.151605606079101562e+00
1.074588584899902344e+01 4.387023925781250000e+01 -2.429463005065917969e+01 1.167152762413024902e+00 2.888977229595184326e-01 -7.947124004364013672e+00
1.077622222900390625e+01 4.387610244750976562e+01 -2.444505119323730469e+01 1.824426889419555664e+00 4.681617319583892822e-01 -7.402583599090576172e+00
1.081160545349121094e+01 4.388983535766601562e+01 -2.458637809753417969e+01 1.675690174102783203e+00 7.092739343643188477e-01 -7.268430709838867188e+00
1.084398937225341797e+01 4.390192413330078125e+01 -2.472346878051757812e+01 1.574935078620910645e+00 7.182626724243164062e-01 -6.958221912384033203e+00
1.087054920196533203e+01 4.392056274414062500e+01 -2.485702323913574219e+01 1.122732281684875488e+00 9.926355481147766113e-01 -6.595235824584960938e+00
1.088769054412841797e+01 4.393515396118164062e+01 -2.498627281188964844e+01 6.706449389457702637e-01 5.225318074226379395e-01 -6.604158878326416016e+00
1.090376377105712891e+01 4.394050216674804688e+01 -2.511197280883789062e+01 1.151005029678344727e+00 3.802064433693885803e-02 -6.261342048645019531e+00
1.095025444030761719e+01 4.393970489501953125e+01 -2.529309844970703125e+01 1.720614552497863770e+00 4.179220795631408691e-01 -6.287095069885253906e+00
1.097742748260498047e+01 4.394993209838867188e+01 -2.541631317138671875e+01 1.173900246620178223e+00 3.689713776111602783e-01 -6.438611984252929688e+00
1.099897098541259766e+01 4.394794464111328125e+01 -2.553868675231933594e+01 1.373694300651550293e+00 -2.770972251892089844e-01 -6.046045780181884766e+00
1.103003406524658203e+01 4.394584655761718750e+01 -2.565905380249023438e+01 1.386488914489746094e+00 3.019564040005207062e-02 -6.179228305816650391e+00
1.105256652832031250e+01 4.394178771972656250e+01 -2.578079986572265625e+01 1.190109848976135254e+00 -4.795194268226623535e-01 -6.144133567810058594e+00
1.107480049133300781e+01 4.393231201171875000e+01 -2.590108871459960938e+01 1.046313762664794922e+00 -4.819387197494506836e-01 -6.084800720214843750e+00
1.109811782836914062e+01 4.391799163818359375e+01 -2.601971626281738281e+01 1.285120606422424316e+00 -9.149926900863647461e-01 -5.871183872222900391e+00
1.112509250640869141e+01 4.390124893188476562e+01 -2.613620948791503906e+01 1.307946443557739258e+00 -7.001500725746154785e-01 -6.101899623870849609e+00
1.115014553070068359e+01 4.388401031494140625e+01 -2.625003242492675781e+01 1.328202366828918457e+00 -1.011613011360168457e+00 -5.597190856933593750e+00
1.117457008361816406e+01 4.386465072631835938e+01 -2.635859489440917969e+01 1.004282355308532715e+00 -1.059528470039367676e+00 -5.496773242950439453e+00
1.119177055358886719e+01 4.383826065063476562e+01 -2.646636772155761719e+01 9.887736439704895020e-01 -1.641112446784973145e+00 -5.503817558288574219e+00
1.121092891693115234e+01 4.381005096435546875e+01 -2.657229423522949219e+01 9.261495471000671387e-01 -1.463411450386047363e+00 -5.206102848052978516e+00
1.123165988922119141e+01 4.377921676635742188e+01 -2.667259979248046875e+01 1.104617238044738770e+00 -1.707475304603576660e+00 -5.183108329772949219e+00
1.125292968750000000e+01 4.374613571166992188e+01 -2.677170944213867188e+01 1.106885671615600586e+00 -1.853994607925415039e+00 -5.019044399261474609e+00
1.127624320983886719e+01 4.370936203002929688e+01 -2.686873054504394531e+01 1.124284148216247559e+00 -1.993591785430908203e+00 -4.855357646942138672e+00
1.129474067687988281e+01 4.366606140136718750e+01 -2.696078491210937500e+01 9.383108019828796387e-01 -2.280697822570800781e+00 -4.802706718444824219e+00
1.131476974487304688e+01 4.362427139282226562e+01 -2.705042839050292969e+01 1.116899728775024414e+00 -1.989657878875732422e+00 -4.333139896392822266e+00
1.133957195281982422e+01 4.358705902099609375e+01 -2.713448333740234375e+01 1.106680989265441895e+00 -1.726210355758666992e+00 -4.248667716979980469e+00
1.135820484161376953e+01 4.354980468750000000e+01 -2.721711540222167969e+01 7.372701168060302734e-01 -1.921660184860229492e+00 -4.130644798278808594e+00
1.137372875213623047e+01 4.350902175903320312e+01 -2.729273796081542969e+01 6.505401134490966797e-01 -2.405097484588623047e+00 -3.699357986450195312e+00
1.138556861877441406e+01 4.345908737182617188e+01 -2.736323547363281250e+01 6.506378650665283203e-01 -2.546874046325683594e+00 -3.428829908370971680e+00
1.140436553955078125e+01 4.338051605224609375e+01 -2.746020889282226562e+01 6.218274235725402832e-01 -2.808098316192626953e+00 -3.130176067352294922e+00
1.142327022552490234e+01 4.332200622558593750e+01 -2.751930618286132812e+01 1.093966484069824219e+00 -2.840269565582275391e+00 -3.001114130020141602e+00
1.144408512115478516e+01 4.327022933959960938e+01 -2.757294654846191406e+01 7.866933941841125488e-01 -2.676905393600463867e+00 -2.595823526382446289e+00
1.145515251159667969e+01 4.321462249755859375e+01 -2.762212753295898438e+01 4.399857521057128906e-01 -2.901875019073486328e+00 -2.309882402420043945e+00
1.146895217895507812e+01 4.315832901000976562e+01 -2.765949630737304688e+01 7.620254158973693848e-01 -2.841895341873168945e+00 -1.789199352264404297e+00
1.148030376434326172e+01 4.310414505004882812e+01 -2.769145011901855469e+01 5.877020955085754395e-01 -2.480775833129882812e+00 -1.375096797943115234e+00
1.148794269561767578e+01 4.305860137939453125e+01 -2.772102928161621094e+01 2.798940241336822510e-01 -2.584709644317626953e+00 -1.509521603584289551e+00
1.148955059051513672e+01 4.300117874145507812e+01 -2.774666023254394531e+01 1.623777300119400024e-01 -3.193549156188964844e+00 -1.149080753326416016e+00
1.149660015106201172e+01 4.294034957885742188e+01 -2.776445579528808594e+01 5.340631604194641113e-01 -3.010843276977539062e+00 -6.398907303810119629e-01
1.150511360168457031e+01 4.288204193115234375e+01 -2.777345275878906250e+01 5.327579975128173828e-01 -2.679244518280029297e+00 -3.500604629516601562e-01
1.151124000549316406e+01 4.283081054687500000e+01 -2.777652168273925781e+01 3.591451644897460938e-01 -2.591912984848022461e+00 7.940555363893508911e-02
1.152203845977783203e+01 4.278096389770507812e+01 -2.776997947692871094e+01 5.543137192726135254e-01 -2.441754579544067383e+00 7.530671954154968262e-01
1.152813339233398438e+01 4.273939514160156250e+01 -2.774874877929687500e+01 8.993499726057052612e-02 -2.112190723419189453e+00 1.109561920166015625e+00
1.152638530731201172e+01 4.269864654541015625e+01 -2.772425842285156250e+01 -2.570727765560150146e-01 -2.012182712554931641e+00 1.504001855850219727e+00
1.151587772369384766e+01 4.265419006347656250e+01 -2.768888282775878906e+01 -5.198597311973571777e-01 -2.661222457885742188e+00 2.148999691009521484e+00
1.151465225219726562e+01 4.260139465332031250e+01 -2.764043998718261719e+01 1.226593181490898132e-01 -2.443651199340820312e+00 2.719423532485961914e+00
1.151670360565185547e+01 4.256153488159179688e+01 -2.757967376708984375e+01 3.639583010226488113e-03 -1.835361242294311523e+00 3.549783229827880859e+00
1.151925659179687500e+01 4.252888870239257812e+01 -2.750326919555664062e+01 1.521047353744506836e-01 -1.143111824989318848e+00 4.224702358245849609e+00
1.151948165893554688e+01 4.251792144775390625e+01 -2.741271018981933594e+01 -3.523612916469573975e-01 -3.884236514568328857e-01 5.008335113525390625e+00
1.151410961151123047e+01 4.251041412353515625e+01 -2.730179214477539062e+01 -5.502215772867202759e-02 -1.931464374065399170e-01 6.222843170166015625e+00
1.151963806152343750e+01 4.253277206420898438e+01 -2.709115600585937500e+01 1.696494966745376587e-01 2.174850463867187500e+00 8.074357986450195312e+00
1.151406002044677734e+01 4.259286499023437500e+01 -2.692309951782226562e+01 -5.756817460060119629e-01 3.908090829849243164e+00 9.432196617126464844e+00
1.150162506103515625e+01 4.268828964233398438e+01 -2.672644996643066406e+01 -6.985521316528320312e-01 5.941045284271240234e+00 1.055483341217041016e+01
1.148877620697021484e+01 4.282947158813476562e+01 -2.651418304443359375e+01 -4.066908657550811768e-01 8.764533996582031250e+00 1.134737014770507812e+01
1.148819255828857422e+01 4.304186248779296875e+01 -2.628993415832519531e+01 2.506508827209472656e-01 1.283508682250976562e+01 1.143364620208740234e+01
1.150255680084228516e+01 4.332886886596679688e+01 -2.607360076904296875e+01 1.300172090530395508e+00 1.657720375061035156e+01 1.041814708709716797e+01
1.153748607635498047e+01 4.368783950805664062e+01 -2.589224433898925781e+01 1.970776319503784180e+00 1.985486984252929688e+01 8.178861618041992188e+00
1.157762622833251953e+01 4.409751892089843750e+01 -2.575540161132812500e+01 2.240597009658813477e+00 2.198005676269531250e+01 5.643636703491210938e+00
1.162670803070068359e+01 4.453240585327148438e+01 -2.567353248596191406e+01 2.797304630279541016e+00 2.213521385192871094e+01 3.045327901840209961e+00
1.168724155426025391e+01 4.496109771728515625e+01 -2.564344215393066406e+01 3.383006095886230469e+00 2.179699134826660156e+01 1.439155936241149902e-01
1.175522708892822266e+01 4.537566375732421875e+01 -2.566394233703613281e+01 3.501663684844970703e+00 2.082197952270507812e+01 -2.051463365554809570e+00
1.182526874542236328e+01 4.576673889160156250e+01 -2.572331619262695312e+01 3.599918842315673828e+00 1.929076957702636719e+01 -3.950561046600341797e+00
1.189323234558105469e+01 4.612484741210937500e+01 -2.581790351867675781e+01 3.476227521896362305e+00 1.744513130187988281e+01 -5.479354381561279297e+00
1.196092319488525391e+01 4.644587326049804688e+01 -2.593897438049316406e+01 3.468899965286254883e+00 1.552328872680664062e+01 -6.980821609497070312e+00
1.202708435058593750e+01 4.672640228271484375e+01 -2.608603668212890625e+01 3.227828264236450195e+00 1.348369121551513672e+01 -7.900797843933105469e+00
1.208767223358154297e+01 4.697124099731445312e+01 -2.624731636047363281e+01 3.148488998413085938e+00 1.173610401153564453e+01 -8.517121315002441406e+00
1.214596271514892578e+01 4.718381881713867188e+01 -2.642042350769042969e+01 2.859487533569335938e+00 1.019456386566162109e+01 -9.320354461669921875e+00
1.219971084594726562e+01 4.736779022216796875e+01 -2.660558509826660156e+01 2.758678436279296875e+00 8.738092422485351562e+00 -9.677869796752929688e+00
1.225304222106933594e+01 4.752415466308593750e+01 -2.680219268798828125e+01 2.723744630813598633e+00 7.490375041961669922e+00 -1.027633476257324219e+01
1.230364227294921875e+01 4.766442871093750000e+01 -2.699827766418457031e+01 2.468098163604736328e+00 6.640583992004394531e+00 -1.022532653808593750e+01
1.234791374206542969e+01 4.778441238403320312e+01 -2.720112228393554688e+01 2.192354679107666016e+00 5.570833683013916016e+00 -1.059167957305908203e+01
1.241597938537597656e+01 4.792943954467773438e+01 -2.751741600036621094e+01 2.757586479187011719e+00 4.661939620971679688e+00 -1.083280754089355469e+01
1.246651172637939453e+01 4.802233505249023438e+01 -2.773635673522949219e+01 2.419269084930419922e+00 4.480757236480712891e+00 -1.139700508117675781e+01
1.251210689544677734e+01 4.810704040527343750e+01 -2.795584678649902344e+01 2.355573415756225586e+00 3.972686290740966797e+00 -1.140918636322021484e+01
1.255912303924560547e+01 4.818157577514648438e+01 -2.818144607543945312e+01 2.244534730911254883e+00 3.641365289688110352e+00 -1.170613193511962891e+01
1.259418582916259766e+01 4.825051498413085938e+01 -2.841297149658203125e+01 1.356604218482971191e+00 3.131061792373657227e+00 -1.191119766235351562e+01
1.262223434448242188e+01 4.829894638061523438e+01 -2.864833259582519531e+01 1.941903829574584961e+00 1.860221385955810547e+00 -1.225165367126464844e+01
1.266603183746337891e+01 4.833265686035156250e+01 -2.888762474060058594e+01 2.311257362365722656e+00 1.708315014839172363e+00 -1.213665771484375000e+01
1.271127319335937500e+01 4.836437606811523438e+01 -2.912667655944824219e+01 2.248297929763793945e+00 1.245163917541503906e+00 -1.241589641571044922e+01
1.276064491271972656e+01 4.838262939453125000e+01 -2.937139701843261719e+01 2.646225929260253906e+00 6.807160377502441406e-01 -1.246273899078369141e+01
1.281172657012939453e+01 4.839505767822265625e+01 -2.961634063720703125e+01 2.561465024948120117e+00 5.126934051513671875e-01 -1.261622238159179688e+01
1.285922622680664062e+01 4.840139389038085938e+01 -2.985739707946777344e+01 2.510742425918579102e+00 -2.330171316862106323e-02 -1.232606792449951172e+01
1.291014194488525391e+01 4.839848327636718750e+01 -3.009966659545898438e+01 2.653139829635620117e+00 -3.201614022254943848e-01 -1.231462478637695312e+01
1.296534156799316406e+01 4.838896560668945312e+01 -3.033608055114746094e+01 2.624279260635375977e+00 -5.676351189613342285e-01 -1.188892269134521484e+01
1.301213741302490234e+01 4.837624740600585938e+01 -3.056927490234375000e+01 2.345123291015625000e+00 -8.184182643890380859e-01 -1.202698612213134766e+01
1.305490207672119141e+01 4.835516738891601562e+01 -3.080155754089355469e+01 2.052853345870971680e+00 -1.359655380249023438e+00 -1.185524940490722656e+01
1.309565448760986328e+01 4.832264328002929688e+01 -3.103111457824707031e+01 2.211792469024658203e+00 -1.785434484481811523e+00 -1.155192089080810547e+01
1.313649940490722656e+01 4.828451156616210938e+01 -3.125502777099609375e+01 1.771021008491516113e+00 -2.125470399856567383e+00 -1.123036193847656250e+01
1.316669178009033203e+01 4.823501205444335938e+01 -3.147107124328613281e+01 1.472144722938537598e+00 -2.808275699615478516e+00 -1.092976856231689453e+01
1.319588470458984375e+01 4.817443466186523438e+01 -3.168043899536132812e+01 1.426013588905334473e+00 -3.208452939987182617e+00 -1.090380287170410156e+01
1.322444152832031250e+01 4.810928344726562500e+01 -3.189428520202636719e+01 1.638671755790710449e+00 -3.306204795837402344e+00 -1.066295528411865234e+01
1.326221942901611328e+01 4.804070663452148438e+01 -3.209878540039062500e+01 2.027854919433593750e+00 -3.263487577438354492e+00 -1.044009780883789062e+01
1.332052993774414062e+01 4.796056365966796875e+01 -3.240299224853515625e+01 1.854081273078918457e+00 -2.355548143386840820e+00 -1.043861961364746094e+01
1.335476684570312500e+01 4.791399765014648438e+01 -3.260565948486328125e+01 1.686664223670959473e+00 -2.390383958816528320e+00 -1.032334232330322266e+01
1.338686084747314453e+01 4.786893844604492188e+01 -3.280234909057617188e+01 1.639452695846557617e+00 -2.232435226440429688e+00 -9.983884811401367188e+00
1.341532135009765625e+01 4.782472991943359375e+01 -3.300517654418945312e+01 1.098029375076293945e+00 -2.388934850692749023e+00 -1.041118240356445312e+01
1.343862533569335938e+01 4.777640151977539062e+01 -3.320973968505859375e+01 1.292179703712463379e+00 -2.266594886779785156e+00 -1.039244937896728516e+01
1.346267986297607422e+01 4.774203109741210938e+01 -3.341047286987304688e+01 1.071948170661926270e+00 -1.800027370452880859e+00 -1.016419696807861328e+01
1.348345375061035156e+01 4.770007324218750000e+01 -3.361064910888671875e+01 1.115519285202026367e+00 -2.328381061553955078e+00 -1.028230094909667969e+01
1.350586128234863281e+01 4.765155029296875000e+01 -3.380960845947265625e+01 1.340574741363525391e+00 -2.565767049789428711e+00 -1.011841487884521484e+01
1.353814411163330078e+01 4.760398483276367188e+01 -3.400549316406250000e+01 2.018522262573242188e+00 -2.074267625808715820e+00 -9.925001144409179688e+00
1.357578849792480469e+01 4.756875610351562500e+01 -3.419544601440429688e+01 1.675512075424194336e+00 -1.621668577194213867e+00 -9.690629959106445312e+00
1.360248947143554688e+01 4.753741455078125000e+01 -3.438337326049804688e+01 1.281551957130432129e+00 -1.792506933212280273e+00 -9.434071540832519531e+00
1.363628768920898438e+01 4.749915313720703125e+01 -3.456635284423828125e+01 2.079965591430664062e+00 -1.754192709922790527e+00 -9.450663566589355469e+00
1.367670440673828125e+01 4.747411727905273438e+01 -3.475006484985351562e+01 1.645937919616699219e+00 -9.967010617256164551e-01 -9.367806434631347656e+00
1.370281219482421875e+01 4.744922256469726562e+01 -3.493444824218750000e+01 1.431281685829162598e+00 -1.720240712165832520e+00 -9.450445175170898438e+00
1.373594665527343750e+01 4.741455841064453125e+01 -3.512010955810546875e+01 1.848415732383728027e+00 -1.465215921401977539e+00 -9.452903747558593750e+00
1.376917457580566406e+01 4.738825988769531250e+01 -3.530695343017578125e+01 1.524915456771850586e+00 -1.181448578834533691e+00 -9.422850608825683594e+00
1.379491615295410156e+01 4.736292648315429688e+01 -3.549246215820312500e+01 1.250795602798461914e+00 -1.354767560958862305e+00 -9.557905197143554688e+00
1.381486511230468750e+01 4.733116149902343750e+01 -3.567641067504882812e+01 1.067313313484191895e+00 -1.872037649154663086e+00 -9.302760124206542969e+00
1.383744335174560547e+01 4.728908920288085938e+01 -3.585928726196289062e+01 1.165181875228881836e+00 -2.499093055725097656e+00 -9.273442268371582031e+00
1.385620498657226562e+01 4.723014068603515625e+01 -3.603584289550781250e+01 1.018429875373840332e+00 -3.887676239013671875e+00 -8.533379554748535156e+00
1.388018417358398438e+01 4.714099502563476562e+01 -3.618663024902343750e+01 1.339613556861877441e+00 -4.922198772430419922e+00 -6.826861858367919922e+00
1.391451740264892578e+01 4.701485824584960938e+01 -3.634429168701171875e+01 7.499770522117614746e-01 -3.516872406005859375e+00 -4.348084449768066406e+00
1.392955589294433594e+01 4.695541763305664062e+01 -3.642280197143554688e+01 8.518512845039367676e-01 -2.415094852447509766e+00 -3.824250698089599609e+00
1.394892501831054688e+01 4.692624664306640625e+01 -3.649665832519531250e+01 1.238768458366394043e+00 -5.766250491142272949e-01 -3.775532245635986328e+00
1.397243118286132812e+01 4.693305587768554688e+01 -3.657442855834960938e+01 1.094247341156005859e+00 8.921512961387634277e-01 -4.244338035583496094e+00
1.399467563629150391e+01 4.696057891845703125e+01 -3.666924285888671875e+01 1.206917047500610352e+00 1.818810701370239258e+00 -5.249514102935791016e+00
1.401909255981445312e+01 4.700697326660156250e+01 -3.677550125122070312e+01 1.333415627479553223e+00 2.769772768020629883e+00 -5.836167812347412109e+00
1.404200649261474609e+01 4.706690979003906250e+01 -3.689721679687500000e+01 1.119828462600708008e+00 3.198480367660522461e+00 -6.649056434631347656e+00
1.407132816314697266e+01 4.713336944580078125e+01 -3.703652191162109375e+01 1.929899692535400391e+00 3.682738542556762695e+00 -7.514638900756835938e+00
1.411489295959472656e+01 4.721059799194335938e+01 -3.718779754638671875e+01 2.487888574600219727e+00 4.245828151702880859e+00 -8.078077316284179688e+00
1.416345596313476562e+01 4.730241394042968750e+01 -3.735446929931640625e+01 2.500859022140502930e+00 4.852417945861816406e+00 -8.712473869323730469e+00
1.421741962432861328e+01 4.739803695678710938e+01 -3.752781677246093750e+01 2.761580228805541992e+00 4.995539188385009766e+00 -9.130231857299804688e+00
1.426988506317138672e+01 4.750101470947265625e+01 -3.770624542236328125e+01 2.749356985092163086e+00 5.464935779571533203e+00 -9.214779853820800781e+00
1.432239532470703125e+01 4.760965728759765625e+01 -3.789597702026367188e+01 2.437006235122680664e+00 5.402271747589111328e+00 -9.898494720458984375e+00
1.437180900573730469e+01 4.770995330810546875e+01 -3.808849716186523438e+01 2.803236007690429688e+00 5.070744991302490234e+00 -1.000914955139160156e+01
1.442919635772705078e+01 4.781190490722656250e+01 -3.828590774536132812e+01 2.900920152664184570e+00 5.433984279632568359e+00 -1.012985610961914062e+01
1.448337364196777344e+01 4.791901779174804688e+01 -3.848621368408203125e+01 2.570372581481933594e+00 5.566021442413330078e+00 -1.033340263366699219e+01
1.453483676910400391e+01 4.802397537231445312e+01 -3.868566131591796875e+01 2.828840255737304688e+00 5.386198043823242188e+00 -1.020782756805419922e+01
1.459373474121093750e+01 4.813613510131835938e+01 -3.888705062866210938e+01 2.999572038650512695e+00 6.131214141845703125e+00 -1.045695590972900391e+01
1.464418315887451172e+01 4.825690841674804688e+01 -3.909373092651367188e+01 2.340178728103637695e+00 6.086883544921875000e+00 -1.057559776306152344e+01
1.468800926208496094e+01 4.837600326538085938e+01 -3.929853057861328125e+01 2.260174512863159180e+00 5.953740596771240234e+00 -1.059711360931396484e+01
1.473388290405273438e+01 4.848652267456054688e+01 -3.951157379150390625e+01 2.546218395233154297e+00 5.479271888732910156e+00 -1.107886791229248047e+01
1.481572341918945312e+01 4.864442825317382812e+01 -3.983533859252929688e+01 3.061815261840820312e+00 5.407222747802734375e+00 -1.114054107666015625e+01
1.487313652038574219e+01 4.874927139282226562e+01 -4.005064773559570312e+01 2.824086427688598633e+00 5.261099338531494141e+00 -1.094818401336669922e+01
1.492629814147949219e+01 4.885251235961914062e+01 -4.026727676391601562e+01 2.635301589965820312e+00 5.180956363677978516e+00 -1.115315818786621094e+01
1.498212718963623047e+01 4.895275115966796875e+01 -4.048589324951171875e+01 2.873091697692871094e+00 5.374941825866699219e+00 -1.132120132446289062e+01
1.502828598022460938e+01 4.906222534179687500e+01 -4.070894241333007812e+01 2.103500604629516602e+00 5.647139072418212891e+00 -1.141443443298339844e+01
1.506245231628417969e+01 4.916825103759765625e+01 -4.093252182006835938e+01 1.443174481391906738e+00 5.149664878845214844e+00 -1.149474239349365234e+01
1.508657646179199219e+01 4.925740432739257812e+01 -4.115894317626953125e+01 1.591812372207641602e+00 3.933382511138916016e+00 -1.160717296600341797e+01
1.512789058685302734e+01 4.933007812500000000e+01 -4.138570022583007812e+01 2.486674547195434570e+00 3.555775880813598633e+00 -1.156102752685546875e+01
1.517483425140380859e+01 4.940027618408203125e+01 -4.161732101440429688e+01 2.361702442169189453e+00 3.537550449371337891e+00 -1.181793785095214844e+01
1.522462844848632812e+01 4.947024917602539062e+01 -4.185091018676757812e+01 2.570657253265380859e+00 3.505050897598266602e+00 -1.218822956085205078e+01
1.527392005920410156e+01 4.953780364990234375e+01 -4.209137344360351562e+01 2.422698497772216797e+00 3.266945838928222656e+00 -1.230732822418212891e+01
1.532475662231445312e+01 4.959637451171875000e+01 -4.233408355712890625e+01 2.877052068710327148e+00 2.821705341339111328e+00 -1.240355587005615234e+01
1.538781738281250000e+01 4.965112686157226562e+01 -4.257626342773437500e+01 3.157872438430786133e+00 2.755773305892944336e+00 -1.238022613525390625e+01
1.544649028778076172e+01 4.970434570312500000e+01 -4.281402206420898438e+01 2.737616300582885742e+00 2.566967725753784180e+00 -1.214205074310302734e+01
1.549668407440185547e+01 4.975228118896484375e+01 -4.304962158203125000e+01 2.415016174316406250e+00 2.374583244323730469e+00 -1.192050170898437500e+01
1.554320049285888672e+01 4.979679489135742188e+01 -4.328483200073242188e+01 2.407026052474975586e+00 2.020972251892089844e+00 -1.194318866729736328e+01
1.558806228637695312e+01 4.982868194580078125e+01 -4.351531600952148438e+01 2.267738342285156250e+00 1.454248189926147461e+00 -1.179512691497802734e+01
1.563457584381103516e+01 4.985322952270507812e+01 -4.374409103393554688e+01 2.563867330551147461e+00 1.283254742622375488e+00 -1.161470890045166016e+01
1.568586063385009766e+01 4.988550949096679688e+01 -4.397109603881835938e+01 2.643964290618896484e+00 1.873283505439758301e+00 -1.147699356079101562e+01
1.573179531097412109e+01 4.992461395263671875e+01 -4.418682479858398438e+01 2.141192674636840820e+00 2.106883049011230469e+00 -1.079571247100830078e+01
1.576527690887451172e+01 4.996554565429687500e+01 -4.439363098144531250e+01 1.607403159141540527e+00 1.873610973358154297e+00 -1.046506309509277344e+01
1.581056118011474609e+01 5.001229858398437500e+01 -4.469557952880859375e+01 1.539011001586914062e+00 1.361276149749755859e+00 -1.006761741638183594e+01
1.584512710571289062e+01 5.004149246215820312e+01 -4.489442825317382812e+01 1.950901269912719727e+00 1.702849268913269043e+00 -1.019954967498779297e+01
1.588286495208740234e+01 5.007788085937500000e+01 -4.509016799926757812e+01 1.839563369750976562e+00 1.785758018493652344e+00 -1.026834392547607422e+01
1.591997146606445312e+01 5.010696792602539062e+01 -4.529037475585937500e+01 2.027508258819580078e+00 1.305995345115661621e+00 -1.011294460296630859e+01
1.596482276916503906e+01 5.013133239746093750e+01 -4.548628234863281250e+01 2.151543855667114258e+00 1.298228979110717773e+00 -9.868009567260742188e+00
1.600708198547363281e+01 5.015488052368164062e+01 -4.567317199707031250e+01 2.284984588623046875e+00 1.190539002418518066e+00 -9.552741050720214844e+00
1.605538749694824219e+01 5.018628311157226562e+01 -4.585940551757812500e+01 2.426181793212890625e+00 1.906349539756774902e+00 -9.568004608154296875e+00
1.609728813171386719e+01 5.022468185424804688e+01 -4.604542160034179688e+01 1.995366811752319336e+00 1.970989465713500977e+00 -9.248149871826171875e+00
1.613456344604492188e+01 5.026078033447265625e+01 -4.622447967529296875e+01 1.824694514274597168e+00 1.618919491767883301e+00 -9.071791648864746094e+00
1.616314125061035156e+01 5.028923797607421875e+01 -4.640387725830078125e+01 1.267073750495910645e+00 1.274752616882324219e+00 -9.058933258056640625e+00
1.619506645202636719e+01 5.031121444702148438e+01 -4.657706832885742188e+01 1.954433798789978027e+00 1.123771548271179199e+00 -8.807723045349121094e+00
1.623480796813964844e+01 5.033975982666015625e+01 -4.674473571777343750e+01 1.791465759277343750e+00 1.790359854698181152e+00 -8.531137466430664062e+00
1.626685523986816406e+01 5.037179183959960938e+01 -4.690872955322265625e+01 1.560070753097534180e+00 1.353673934936523438e+00 -8.096459388732910156e+00
1.630326080322265625e+01 5.039596557617187500e+01 -4.706775283813476562e+01 1.893263101577758789e+00 1.400173187255859375e+00 -8.326625823974609375e+00
1.633535957336425781e+01 5.042816543579101562e+01 -4.722928619384765625e+01 1.552004694938659668e+00 1.583655595779418945e+00 -8.130781173706054688e+00
1.637453842163085938e+01 5.045890045166015625e+01 -4.738860321044921875e+01 2.105359554290771484e+00 1.806503415107727051e+00 -7.890674591064453125e+00
1.641777038574218750e+01 5.049621582031250000e+01 -4.754590606689453125e+01 2.092792749404907227e+00 2.055156707763671875e+00 -8.129296302795410156e+00
1.645639038085937500e+01 5.053439712524414062e+01 -4.770326232910156250e+01 1.909508943557739258e+00 1.836534142494201660e+00 -7.997434139251708984e+00
1.649537277221679688e+01 5.057139205932617188e+01 -4.785852050781250000e+01 1.993526816368103027e+00 2.252791643142700195e+00 -8.009964942932128906e+00
1.652827835083007812e+01 5.061688995361328125e+01 -4.801338195800781250e+01 1.368486046791076660e+00 1.941285848617553711e+00 -7.924082279205322266e+00
1.657767486572265625e+01 5.067163085937500000e+01 -4.824926376342773438e+01 1.850903272628784180e+00 1.748066186904907227e+00 -7.829977035522460938e+00
1.661934280395507812e+01 5.070188903808593750e+01 -4.840680313110351562e+01 2.373405694961547852e+00 1.611145377159118652e+00 -8.342154502868652344e+00
1.666225433349609375e+01 5.073932266235351562e+01 -4.856646728515625000e+01 1.964157700538635254e+00 1.757253527641296387e+00 -8.298976898193359375e+00
1.669664955139160156e+01 5.076358795166015625e+01 -4.872813796997070312e+01 1.630486369132995605e+00 1.133735537528991699e+00 -8.202241897583007812e+00
1.672661590576171875e+01 5.078322219848632812e+01 -4.888633728027343750e+01 1.808221936225891113e+00 1.083456993103027344e+00 -8.251393318176269531e+00
1.676009178161621094e+01 5.080772399902343750e+01 -4.904580307006835938e+01 1.738099098205566406e+00 1.322353959083557129e+00 -8.125611305236816406e+00
1.679819869995117188e+01 5.083618927001953125e+01 -4.920516204833984375e+01 2.218652963638305664e+00 1.711467623710632324e+00 -8.159991264343261719e+00
1.683938217163085938e+01 5.087339401245117188e+01 -4.936739349365234375e+01 1.906127691268920898e+00 1.998214244842529297e+00 -8.446978569030761719e+00
1.687597846984863281e+01 5.091092681884765625e+01 -4.953323364257812500e+01 1.947191357612609863e+00 2.115913152694702148e+00 -8.462815284729003906e+00
1.691518020629882812e+01 5.096016693115234375e+01 -4.969914245605468750e+01 1.890799880027770996e+00 2.657045841217041016e+00 -8.526571273803710938e+00
1.694874763488769531e+01 5.100869750976562500e+01 -4.986862182617187500e+01 1.485718846321105957e+00 2.167249679565429688e+00 -8.655800819396972656e+00
1.697760581970214844e+01 5.104083633422851562e+01 -5.003825378417968750e+01 1.746044397354125977e+00 1.551574945449829102e+00 -8.441904067993164062e+00
1.701438903808593750e+01 5.107050704956054688e+01 -5.020526123046875000e+01 1.983814716339111328e+00 1.493131637573242188e+00 -8.878201484680175781e+00
1.706196212768554688e+01 5.110156250000000000e+01 -5.037842941284179688e+01 2.731832742691040039e+00 1.746880054473876953e+00 -8.792381286621093750e+00
1.711749839782714844e+01 5.113918304443359375e+01 -5.055158996582031250e+01 2.675974130630493164e+00 2.277001380920410156e+00 -8.904418945312500000e+00
1.715951347351074219e+01 5.118650817871093750e+01 -5.072966384887695312e+01 1.906702518463134766e+00 2.140505075454711914e+00 -9.196820259094238281e+00
1.719288825988769531e+01 5.122340393066406250e+01 -5.091117477416992188e+01 1.730476140975952148e+00 1.732146263122558594e+00 -9.477544784545898438e+00
1.722701454162597656e+01 5.125538253784179688e+01 -5.109821701049804688e+01 1.594648599624633789e+00 1.489965915679931641e+00 -9.664833068847656250e+00
1.726143646240234375e+01 5.127592086791992188e+01 -5.128424453735351562e+01 2.166064739227294922e+00 4.974319040775299072e-01 -9.438072204589843750e+00
1.730746269226074219e+01 5.128371810913085938e+01 -5.146977615356445312e+01 2.249740600585937500e+00 6.406549811363220215e-01 -9.780115127563476562e+00
1.735012245178222656e+01 5.129826354980468750e+01 -5.165870666503906250e+01 1.937960267066955566e+00 8.759153485298156738e-01 -9.581978797912597656e+00
1.741390419006347656e+01 5.132110595703125000e+01 -5.193743896484375000e+01 2.401622533798217773e+00 1.039333105087280273e+00 -9.533015251159667969e+00
1.746124458312988281e+01 5.134213256835937500e+01 -5.212105941772460938e+01 2.434312105178833008e+00 1.007064342498779297e+00 -9.177092552185058594e+00
1.750191688537597656e+01 5.136559295654296875e+01 -5.230104827880859375e+01 1.932851672172546387e+00 1.362875223159790039e+00 -9.410832405090332031e+00
1.753257369995117188e+01 5.139390945434570312e+01 -5.248065567016601562e+01 1.079676985740661621e+00 1.375415563583374023e+00 -9.033921241760253906e+00
1.753775405883789062e+01 5.141718673706054688e+01 -5.265845108032226562e+01 2.421810757368803024e-03 8.194665908813476562e-01 -9.172068595886230469e+00
1.753303337097167969e+01 5.141994094848632812e+01 -5.283506393432617188e+01 2.774924039840698242e-01 -3.487527370452880859e-01 -8.706223487854003906e+00
1.754669952392578125e+01 5.140492248535156250e+01 -5.300416946411132812e+01 1.394710302352905273e+00 -9.675427079200744629e-01 -8.627932548522949219e+00
1.758968544006347656e+01 5.139160156250000000e+01 -5.317268753051757812e+01 2.539456129074096680e+00 -2.698236107826232910e-01 -8.695078849792480469e+00
1.764269447326660156e+01 5.139254379272460938e+01 -5.334422302246093750e+01 2.583676099777221680e+00 3.212785720825195312e-01 -8.672827720642089844e+00
1.769251823425292969e+01 5.140652847290039062e+01 -5.351406860351562500e+01 2.467427492141723633e+00 1.065818905830383301e+00 -8.665743827819824219e+00
1.774269866943359375e+01 5.143880844116210938e+01 -5.368272018432617188e+01 2.298005819320678711e+00 1.912893295288085938e+00 -8.546473503112792969e+00
1.777745819091796875e+01 5.147543334960937500e+01 -5.384926223754882812e+01 1.370415091514587402e+00 1.423913121223449707e+00 -8.506988525390625000e+00
1.779477119445800781e+01 5.149829864501953125e+01 -5.401528930664062500e+01 6.535238027572631836e-01 1.164084792137145996e+00 -8.491263389587402344e+00
1.780444145202636719e+01 5.151577758789062500e+01 -5.418016052246093750e+01 7.952665090560913086e-01 4.861697256565093994e-01 -8.372105598449707031e+00
1.782892799377441406e+01 5.152147674560546875e+01 -5.434705352783203125e+01 1.538694143295288086e+00 3.838039934635162354e-01 -8.519056320190429688e+00
1.785886001586914062e+01 5.152753067016601562e+01 -5.451183319091796875e+01 1.723294615745544434e+00 3.037858605384826660e-01 -8.502033233642578125e+00
1.789677429199218750e+01 5.153622817993164062e+01 -5.467856216430664062e+01 1.951446890830993652e+00 5.770792365074157715e-01 -8.584790229797363281e+00
1.793251609802246094e+01 5.155165100097656250e+01 -5.484558486938476562e+01 1.862792611122131348e+00 7.265917062759399414e-01 -8.538372993469238281e+00
1.797749710083007812e+01 5.156308746337890625e+01 -5.501161956787109375e+01 2.450445175170898438e+00 7.749826908111572266e-01 -8.393723487854003906e+00
1.802394294738769531e+01 5.158624267578125000e+01 -5.517631530761718750e+01 2.005016088485717773e+00 1.584524393081665039e+00 -8.398568153381347656e+00
1.805406761169433594e+01 5.161777496337890625e+01 -5.534260559082031250e+01 1.531228899955749512e+00 1.252734422683715820e+00 -8.644679069519042969e+00
1.810081481933593750e+01 5.164465332031250000e+01 -5.558635330200195312e+01 1.641606926918029785e+00 7.196770310401916504e-01 -8.278762817382812500e+00
1.814086151123046875e+01 5.165473175048828125e+01 -5.574518585205078125e+01 2.461151838302612305e+00 7.616820931434631348e-01 -8.010480880737304688e+00
1.819401931762695312e+01 5.167980575561523438e+01 -5.590247344970703125e+01 2.572297096252441406e+00 1.588791131973266602e+00 -8.179580688476562500e+00
1.823892211914062500e+01 5.172054290771484375e+01 -5.606219100952148438e+01 1.784230947494506836e+00 2.460420370101928711e+00 -8.310949325561523438e+00
1.827051925659179688e+01 5.177028274536132812e+01 -5.622233963012695312e+01 1.495878100395202637e+00 2.478691577911376953e+00 -8.102202415466308594e+00
1.829592132568359375e+01 5.181723022460937500e+01 -5.638518905639648438e+01 1.006620764732360840e+00 2.008440732955932617e+00 -8.361690521240234375e+00
1.831042480468750000e+01 5.184760284423828125e+01 -5.655123901367187500e+01 8.874446749687194824e-01 9.482291936874389648e-01 -8.561221122741699219e+00
1.833628082275390625e+01 5.186317825317382812e+01 -5.671282958984375000e+01 1.764045119285583496e+00 9.639717340469360352e-01 -8.185179710388183594e+00
1.836740493774414062e+01 5.187709426879882812e+01 -5.686976623535156250e+01 1.509396195411682129e+00 2.290993183851242065e-01 -7.884700775146484375e+00
1.840134429931640625e+01 5.186969757080078125e+01 -5.702151489257812500e+01 2.333450078964233398e+00 -4.159774780273437500e-01 -7.645906448364257812e+00
1.845429229736328125e+01 5.186443710327148438e+01 -5.716710662841796875e+01 2.699492931365966797e+00 2.159571200609207153e-01 -7.289393901824951172e+00
1.850842666625976562e+01 5.187768936157226562e+01 -5.731149291992187500e+01 2.518853664398193359e+00 1.274969816207885742e+00 -7.470207691192626953e+00
1.855051422119140625e+01 5.191070175170898438e+01 -5.745674896240234375e+01 1.902329087257385254e+00 1.635557651519775391e+00 -7.523667812347412109e+00
1.858582115173339844e+01 5.194619369506835938e+01 -5.760531616210937500e+01 1.889830946922302246e+00 1.894018292427062988e+00 -7.633749485015869141e+00
1.861544609069824219e+01 5.198526000976562500e+01 -5.775717544555664062e+01 1.019426226615905762e+00 1.877778768539428711e+00 -7.643530845642089844e+00
1.862276077270507812e+01 5.200912857055664062e+01 -5.790859985351562500e+01 4.813509881496429443e-01 5.086895227432250977e-01 -7.700711250305175781e+00
1.863421821594238281e+01 5.201150512695312500e+01 -5.805441284179687500e+01 5.101744532585144043e-01 -1.303022354841232300e-02 -7.177034378051757812e+00
1.864925384521484375e+01 5.200848388671875000e+01 -5.819775772094726562e+01 1.566672563552856445e+00 -2.165920734405517578e-01 -7.422107696533203125e+00
1.869104385375976562e+01 5.200516510009765625e+01 -5.833862304687500000e+01 2.305727481842041016e+00 6.955762207508087158e-02 -7.208983898162841797e+00
1.874224662780761719e+01 5.201007461547851562e+01 -5.847664642333984375e+01 2.640226125717163086e+00 7.974591255187988281e-01 -7.107389926910400391e+00
1.879246520996093750e+01 5.203779983520507812e+01 -5.861423873901367188e+01 2.075676679611206055e+00 1.655781507492065430e+00 -7.123025417327880859e+00
1.884197235107421875e+01 5.208721542358398438e+01 -5.882362747192382812e+01 1.722898840904235840e+00 1.671974301338195801e+00 -7.281419754028320312e+00
1.887592124938964844e+01 5.212497329711914062e+01 -5.896778488159179688e+01 1.580216646194458008e+00 1.941951751708984375e+00 -7.234843254089355469e+00
1.891342926025390625e+01 5.215642166137695312e+01 -5.910939025878906250e+01 1.946296215057373047e+00 1.605278849601745605e+00 -7.235925197601318359e+00
1.894657897949218750e+01 5.219305801391601562e+01 -5.925133514404296875e+01 1.455034494400024414e+00 2.085088968276977539e+00 -7.332759857177734375e+00
1.897449684143066406e+01 5.222946548461914062e+01 -5.938936614990234375e+01 1.404134869575500488e+00 1.627041459083557129e+00 -6.992815494537353516e+00
1.900353813171386719e+01 5.225724029541015625e+01 -5.952592849731445312e+01 1.466246366500854492e+00 1.519814848899841309e+00 -6.710969448089599609e+00
1.903312683105468750e+01 5.228725051879882812e+01 -5.965405273437500000e+01 1.716864943504333496e+00 1.478034853935241699e+00 -6.715751171112060547e+00
1.907223510742187500e+01 5.232292556762695312e+01 -5.978186798095703125e+01 2.045733928680419922e+00 2.148750543594360352e+00 -6.385538101196289062e+00
1.911068534851074219e+01 5.237673568725585938e+01 -5.990760803222656250e+01 1.910193681716918945e+00 3.140455484390258789e+00 -6.737219333648681641e+00
1.913818740844726562e+01 5.244012451171875000e+01 -6.004129409790039062e+01 1.016729593276977539e+00 3.192642688751220703e+00 -6.977940082550048828e+00
1.915147399902343750e+01 5.250197982788085938e+01 -6.017445755004882812e+01 5.998767018318176270e-01 2.825854301452636719e+00 -6.899740219116210938e+00
1.915735626220703125e+01 5.255001449584960938e+01 -6.031138992309570312e+01 2.984511554241180420e-01 1.886349678039550781e+00 -6.891799926757812500e+00
1.917711257934570312e+01 5.257466125488281250e+01 -6.044435882568359375e+01 1.659753799438476562e+00 1.256239891052246094e+00 -6.859620094299316406e+00
1.921386718750000000e+01 5.260274505615234375e+01 -6.058090972900390625e+01 2.077915430068969727e+00 1.731919407844543457e+00 -7.206259250640869141e+00
1.926136016845703125e+01 5.263259887695312500e+01 -6.071886444091796875e+01 2.672205686569213867e+00 1.906780242919921875e+00 -7.067827701568603516e+00
1.931709289550781250e+01 5.267971420288085938e+01 -6.085737991333007812e+01 2.673631668090820312e+00 2.614925622940063477e+00 -7.132418632507324219e+00
1.936581230163574219e+01 5.272879791259765625e+01 -6.099478912353515625e+01 2.410101175308227539e+00 2.410555362701416016e+00 -6.894834995269775391e+00
1.940865516662597656e+01 5.277634048461914062e+01 -6.112760543823242188e+01 2.097129106521606445e+00 2.321864128112792969e+00 -6.895487308502197266e+00
1.944253349304199219e+01 5.282466125488281250e+01 -6.125794219970703125e+01 1.418022871017456055e+00 2.625023841857910156e+00 -6.687225818634033203e+00
1.946168899536132812e+01 5.287498474121093750e+01 -6.138833236694335938e+01 9.323899149894714355e-01 2.166079044342041016e+00 -6.362946033477783203e+00
1.948355293273925781e+01 5.291769790649414062e+01 -6.151516342163085938e+01 1.096983194351196289e+00 2.095904827117919922e+00 -6.463918685913085938e+00
1.951167106628417969e+01 5.297443389892578125e+01 -6.170920944213867188e+01 1.067179441452026367e+00 2.001043081283569336e+00 -6.621925354003906250e+00
1.952895927429199219e+01 5.301121139526367188e+01 -6.184004974365234375e+01 9.282981157302856445e-01 1.403035879135131836e+00 -6.636730670928955078e+00
1.955078697204589844e+01 5.303356170654296875e+01 -6.197058105468750000e+01 1.385739207267761230e+00 1.125779986381530762e+00 -6.745908737182617188e+00
1.957989501953125000e+01 5.306227493286132812e+01 -6.209955596923828125e+01 1.602716684341430664e+00 1.648617386817932129e+00 -6.520372867584228516e+00
1.961614036560058594e+01 5.308952331542968750e+01 -6.222523117065429688e+01 2.098944902420043945e+00 1.445979237556457520e+00 -6.459638595581054688e+00
1.966061973571777344e+01 5.312522506713867188e+01 -6.234724044799804688e+01 2.178739786148071289e+00 1.913675189018249512e+00 -6.225278377532958984e+00
1.969656944274902344e+01 5.316176986694335938e+01 -6.246986389160156250e+01 1.785461306571960449e+00 1.720792174339294434e+00 -5.903279304504394531e+00
1.973074150085449219e+01 5.319618606567382812e+01 -6.258699035644531250e+01 1.628074049949645996e+00 1.756855487823486328e+00 -5.868001461029052734e+00
1.976090431213378906e+01 5.323361206054687500e+01 -6.270094680786132812e+01 1.303914904594421387e+00 1.941571235656738281e+00 -5.950685024261474609e+00
1.978621482849121094e+01 5.326407623291015625e+01 -6.281532669067382812e+01 1.607039690017700195e+00 1.810777425765991211e+00 -6.054373264312744141e+00
1.981761360168457031e+01 5.330498123168945312e+01 -6.293195343017578125e+01 1.534083008766174316e+00 2.246143579483032227e+00 -6.094637870788574219e+00
1.984885025024414062e+01 5.334974670410156250e+01 -6.304893875122070312e+01 1.420468091964721680e+00 2.173275470733642578e+00 -6.009786128997802734e+00
1.987270736694335938e+01 5.339293289184570312e+01 -6.316777420043945312e+01 1.141741037368774414e+00 2.336904764175415039e+00 -6.190766811370849609e+00
1.988766479492187500e+01 5.343563079833984375e+01 -6.328892898559570312e+01 5.871587991714477539e-01 1.841969609260559082e+00 -6.129688262939453125e+00
1.990582847595214844e+01 5.346282577514648438e+01 -6.340995025634765625e+01 1.058066964149475098e+00 1.317545294761657715e+00 -6.296386718750000000e+00
1.992725372314453125e+01 5.348028945922851562e+01 -6.353131103515625000e+01 1.220619797706604004e+00 6.845535039901733398e-01 -6.134135723114013672e+00
1.996057510375976562e+01 5.349608993530273438e+01 -6.364668273925781250e+01 2.299362897872924805e+00 1.002875208854675293e+00 -5.786980628967285156e+00
2.000881576538085938e+01 5.352304077148437500e+01 -6.376177597045898438e+01 2.472145795822143555e+00 1.734896421432495117e+00 -5.957279682159423828e+00
2.006295585632324219e+01 5.355805969238281250e+01 -6.387524032592773438e+01 2.921748399734497070e+00 2.160910844802856445e+00 -5.819001674652099609e+00
2.011596870422363281e+01 5.361320877075195312e+01 -6.398687362670898438e+01 2.552544355392456055e+00 3.233412027359008789e+00 -5.608168125152587891e+00
2.015988159179687500e+01 5.367942810058593750e+01 -6.409799957275390625e+01 1.813807129859924316e+00 3.377963781356811523e+00 -5.680617809295654297e+00
2.019902992248535156e+01 5.377662277221679688e+01 -6.425781250000000000e+01 8.575156331062316895e-01 2.972021579742431641e+00 -5.366877079010009766e+00
2.020800018310546875e+01 5.383462142944335938e+01 -6.436136627197265625e+01 3.470863103866577148e-01 2.648945808410644531e+00 -5.102183341979980469e+00
2.022155952453613281e+01 5.387794113159179688e+01 -6.446175384521484375e+01 1.148545384407043457e+00 2.077265262603759766e+00 -5.270391464233398438e+00
2.024878311157226562e+01 5.392031478881835938e+01 -6.455769348144531250e+01 1.731574416160583496e+00 2.417873144149780273e+00 -4.940194129943847656e+00
2.028765106201171875e+01 5.397246170043945312e+01 -6.465349578857421875e+01 1.925770282745361328e+00 2.944827795028686523e+00 -4.879977703094482422e+00
2.033106613159179688e+01 5.403341674804687500e+01 -6.475226593017578125e+01 2.179381847381591797e+00 3.424378395080566406e+00 -5.018150329589843750e+00
2.036511993408203125e+01 5.411060714721679688e+01 -6.485546875000000000e+01 1.632994294166564941e+00 4.241652488708496094e+00 -5.638450145721435547e+00
2.038998603820800781e+01 5.419508743286132812e+01 -6.496028137207031250e+01 1.039241671562194824e+00 3.827761650085449219e+00 -5.328771114349365234e+00
2.041511726379394531e+01 5.426502227783203125e+01 -6.506755828857421875e+01 1.451718568801879883e+00 3.400786876678466797e+00 -5.588976383209228516e+00
2.043441009521484375e+01 5.432964324951171875e+01 -6.517795562744140625e+01 6.593884825706481934e-01 3.109695434570312500e+00 -5.773826599121093750e+00
2.045121574401855469e+01 5.438378906250000000e+01 -6.528942108154296875e+01 1.205241322517395020e+00 2.718570947647094727e+00 -5.593816757202148438e+00
2.048105430603027344e+01 5.443728256225585938e+01 -6.540023803710937500e+01 1.654308080673217773e+00 2.797600746154785156e+00 -5.693726539611816406e+00
2.051516532897949219e+01 5.449072647094726562e+01 -6.551347351074218750e+01 1.835627913475036621e+00 2.840529918670654297e+00 -5.630692481994628906e+00
2.055352401733398438e+01 5.455321121215820312e+01 -6.561930847167968750e+01 2.134044885635375977e+00 3.394975185394287109e+00 -5.566973209381103516e+00
2.059579849243164062e+01 5.462197113037109375e+01 -6.572963714599609375e+01 2.266059637069702148e+00 3.564612388610839844e+00 -5.761430740356445312e+00
2.064234924316406250e+01 5.468743133544921875e+01 -6.584783935546875000e+01 2.329999923706054688e+00 3.431849241256713867e+00 -6.002573966979980469e+00
2.068485832214355469e+01 5.475667572021484375e+01 -6.596608734130859375e+01 2.105525016784667969e+00 3.800642967224121094e+00 -6.233218669891357422e+00
2.072722434997558594e+01 5.483670425415039062e+01 -6.608748626708984375e+01 2.304368972778320312e+00 3.872235774993896484e+00 -6.398563861846923828e+00
2.077343177795410156e+01 5.491193389892578125e+01 -6.621096801757812500e+01 2.186214208602905273e+00 4.026407241821289062e+00 -6.091452121734619141e+00
2.081389617919921875e+01 5.499165344238281250e+01 -6.633328247070312500e+01 1.981383681297302246e+00 4.353198051452636719e+00 -6.689880371093750000e+00
2.086500930786132812e+01 5.512595367431640625e+01 -6.652456665039062500e+01 1.308916807174682617e+00 4.525115489959716797e+00 -6.508272171020507812e+00
2.088714981079101562e+01 5.520861434936523438e+01 -6.665073394775390625e+01 1.112480521202087402e+00 4.119840145111083984e+00 -6.550883293151855469e+00
2.090319824218750000e+01 5.528620529174804688e+01 -6.677870941162109375e+01 7.400223612785339355e-01 3.820986032485961914e+00 -6.422354221343994141e+00
2.092134094238281250e+01 5.535633468627929688e+01 -6.691029357910156250e+01 1.380179524421691895e+00 3.268621206283569336e+00 -6.885229587554931641e+00
2.095669174194335938e+01 5.541767120361328125e+01 -6.704318237304687500e+01 2.157539844512939453e+00 3.211024284362792969e+00 -6.784839630126953125e+00
2.100057792663574219e+01 5.548249435424804688e+01 -6.717517852783203125e+01 2.348769903182983398e+00 3.503585338592529297e+00 -6.621125221252441406e+00
2.105112838745117188e+01 5.554871368408203125e+01 -6.730772399902343750e+01 2.707110643386840820e+00 3.450011014938354492e+00 -6.739513397216796875e+00
2.110895919799804688e+01 5.561970520019531250e+01 -6.743784332275390625e+01 2.727995395660400391e+00 3.905472278594970703e+00 -6.748569011688232422e+00
2.115297889709472656e+01 5.569856262207031250e+01 -6.756904602050781250e+01 1.995394706726074219e+00 3.935651063919067383e+00 -6.871259689331054688e+00
2.118998336791992188e+01 5.577682495117187500e+01 -6.770436096191406250e+01 1.994161725044250488e+00 4.275005817413330078e+00 -6.941455364227294922e+00
2.122226142883300781e+01 5.586499404907226562e+01 -6.784015655517578125e+01 1.406396389007568359e+00 4.530884265899658203e+00 -7.057082176208496094e+00
2.124505043029785156e+01 5.595035552978515625e+01 -6.797726440429687500e+01 7.710148096084594727e-01 4.079684734344482422e+00 -7.094233989715576172e+00
2.125821876525878906e+01 5.602630996704101562e+01 -6.811769104003906250e+01 5.768665671348571777e-01 3.676688194274902344e+00 -7.348491668701171875e+00
2.127472496032714844e+01 5.608623886108398438e+01 -6.826214599609375000e+01 1.448632717132568359e+00 2.634186506271362305e+00 -7.394402027130126953e+00
2.131196022033691406e+01 5.613155746459960938e+01 -6.840711212158203125e+01 1.765961766242980957e+00 2.385046243667602539e+00 -7.674313545227050781e+00
2.134855461120605469e+01 5.617593765258789062e+01 -6.855608367919921875e+01 2.293350696563720703e+00 2.191190242767333984e+00 -7.532710552215576172e+00
2.140366172790527344e+01 5.621796035766601562e+01 -6.870277404785156250e+01 2.832271099090576172e+00 2.211197376251220703e+00 -7.600753784179687500e+00
2.145700645446777344e+01 5.626979827880859375e+01 -6.885385131835937500e+01 2.710110664367675781e+00 2.691461086273193359e+00 -7.640022754669189453e+00
2.151135063171386719e+01 5.632714843750000000e+01 -6.899819183349609375e+01 2.544090986251831055e+00 3.202624559402465820e+00 -7.408112525939941406e+00
2.155918121337890625e+01 5.638970947265625000e+01 -6.914621734619140625e+01 2.393406391143798828e+00 3.424656867980957031e+00 -7.686728954315185547e+00
2.160327339172363281e+01 5.646277999877929688e+01 -6.929368591308593750e+01 2.264855146408081055e+00 3.776826381683349609e+00 -7.581416606903076172e+00
2.165747451782226562e+01 5.657389831542968750e+01 -6.951922607421875000e+01 1.402389645576477051e+00 3.840948343276977539e+00 -7.715857028961181641e+00
2.168131637573242188e+01 5.664918518066406250e+01 -6.967208099365234375e+01 9.701103568077087402e-01 3.616404056549072266e+00 -7.805397510528564453e+00
2.169434356689453125e+01 5.671158599853515625e+01 -6.982389831542968750e+01 7.356660962104797363e-01 2.690715789794921875e+00 -7.835454940795898438e+00
2.171492767333984375e+01 5.675421905517578125e+01 -6.997461700439453125e+01 1.548456668853759766e+00 2.030954837799072266e+00 -7.701626777648925781e+00
2.175050163269042969e+01 5.679262161254882812e+01 -7.012067413330078125e+01 1.991431117057800293e+00 2.028378486633300781e+00 -7.510184288024902344e+00
2.178023910522460938e+01 5.682904052734375000e+01 -7.026342010498046875e+01 1.638850092887878418e+00 1.720547199249267578e+00 -7.424842357635498047e+00
2.182177352905273438e+01 5.686590194702148438e+01 -7.041069030761718750e+01 2.552750587463378906e+00 2.274461269378662109e+00 -7.724706172943115234e+00
2.187110137939453125e+01 5.691382980346679688e+01 -7.055628967285156250e+01 2.055969476699829102e+00 2.197325944900512695e+00 -7.419604301452636719e+00
2.191894149780273438e+01 5.695370864868164062e+01 -7.070043945312500000e+01 2.842942476272583008e+00 2.570865631103515625e+00 -7.539608001708984375e+00
2.197003746032714844e+01 5.702269363403320312e+01 -7.084860992431640625e+01 2.135491847991943359e+00 3.550040245056152344e+00 -7.615597248077392578e+00
2.201303672790527344e+01 5.708853149414062500e+01 -7.100357818603515625e+01 1.918729066848754883e+00 3.205137252807617188e+00 -7.968183040618896484e+00
2.204671669006347656e+01 5.715221405029296875e+01 -7.115677642822265625e+01 1.785458564758300781e+00 3.226155757904052734e+00 -7.964707851409912109e+00
2.207863807678222656e+01 5.721467971801757812e+01 -7.131063842773437500e+01 1.495512723922729492e+00 3.251461029052734375e+00 -7.718537330627441406e+00
2.210583877563476562e+01 5.727881622314453125e+01 -7.146488952636718750e+01 1.673031330108642578e+00 2.922355890274047852e+00 -7.969790458679199219e+00
2.214198875427246094e+01 5.733434677124023438e+01 -7.161811828613281250e+01 1.925615429878234863e+00 2.846713304519653320e+00 -7.821453094482421875e+00
2.217873191833496094e+01 5.738836669921875000e+01 -7.176539611816406250e+01 1.941171169281005859e+00 2.760133743286132812e+00 -7.478938102722167969e+00
2.221403884887695312e+01 5.744183731079101562e+01 -7.191409301757812500e+01 1.842118740081787109e+00 2.744976520538330078e+00 -7.578570365905761719e+00
2.225410079956054688e+01 5.750044250488281250e+01 -7.206301879882812500e+01 1.973126292228698730e+00 3.189656019210815430e+00 -7.557600021362304688e+00
2.228966331481933594e+01 5.756135559082031250e+01 -7.221076965332031250e+01 1.521407961845397949e+00 3.096918582916259766e+00 -7.577582359313964844e+00
2.232460975646972656e+01 5.762274169921875000e+01 -7.236026000976562500e+01 1.824944972991943359e+00 3.395530462265014648e+00 -7.650507450103759766e+00
2.235715484619140625e+01 5.769063949584960938e+01 -7.251175689697265625e+01 1.497556328773498535e+00 3.169332742691040039e+00 -7.609560012817382812e+00
2.241166305541992188e+01 5.777088546752929688e+01 -7.273634338378906250e+01 2.050487995147705078e+00 2.668426990509033203e+00 -7.608154296875000000e+00
2.245524787902832031e+01 5.782126235961914062e+01 -7.288748931884765625e+01 2.208577156066894531e+00 2.636746168136596680e+00 -7.730445861816406250e+00
2.249335861206054688e+01 5.787430953979492188e+01 -7.303577423095703125e+01 1.861520171165466309e+00 2.534477233886718750e+00 -7.623640537261962891e+00
2.253209686279296875e+01 5.792673110961914062e+01 -7.318469238281250000e+01 1.955900073051452637e+00 2.900272130966186523e+00 -7.634675979614257812e+00
2.256959724426269531e+01 5.798006820678710938e+01 -7.333170318603515625e+01 1.976867079734802246e+00 2.567210435867309570e+00 -7.440797328948974609e+00
2.261566925048828125e+01 5.804074859619140625e+01 -7.347632598876953125e+01 2.500616550445556641e+00 3.297408819198608398e+00 -7.595923423767089844e+00
2.265997886657714844e+01 5.810716629028320312e+01 -7.362210083007812500e+01 2.150876760482788086e+00 3.342448711395263672e+00 -7.548854351043701172e+00
2.270397377014160156e+01 5.817733764648437500e+01 -7.377050018310546875e+01 2.114728927612304688e+00 3.801740169525146484e+00 -7.615828990936279297e+00
2.274321746826171875e+01 5.824991607666015625e+01 -7.392430877685546875e+01 1.958105802536010742e+00 3.522420406341552734e+00 -8.020295143127441406e+00
2.278103256225585938e+01 5.831184768676757812e+01 -7.408169555664062500e+01 2.060533285140991211e+00 2.812243700027465820e+00 -8.007305145263671875e+00
2.282767105102539062e+01 5.836701583862304688e+01 -7.423600006103515625e+01 2.329623460769653320e+00 3.180956602096557617e+00 -8.037351608276367188e+00
