1.113578229456941848e+00 2.260137618160245943e+00 -6.783372956505409612e-02
1.119981377842178327e+00 2.296635362316293616e+00 -8.193497749773129279e-02
1.103849318990866024e+00 2.320289788606128223e+00 -4.419691912042749554e-02
1.144288524551100750e+00 2.363858956174243353e+00 -5.762122473573895454e-02
1.149568488890185813e+00 2.423828475368082103e+00 -3.140241977800248968e-02
1.147546578045309129e+00 2.448755250024008401e+00 -2.578734065142089527e-02
1.153485789691855778e+00 2.483310848088959411e+00 -1.319522040150133621e-02
1.169972560016428131e+00 2.531406738029686299e+00 -1.723652509102626892e-02
1.164152331476439928e+00 2.583416644142815244e+00 1.076270524535085510e-02
1.198559673858934804e+00 2.654276718195193840e+00 4.168784598312436779e-02
1.201093698301348489e+00 2.708317443402367797e+00 4.335260496365069688e-02
1.216279997029285243e+00 2.807646338538138497e+00 7.345254336096855574e-02
1.247650627722703520e+00 2.889923121549940799e+00 1.065526373586420938e-01
1.246736042819210022e+00 2.975015342134022855e+00 1.445546272360741513e-01
1.265162001634372757e+00 3.048161831614468298e+00 1.583925255290542511e-01
1.280910749961627904e+00 3.117214520027255631e+00 1.801147286141295545e-01
1.295878194833826713e+00 3.202619523478170027e+00 2.143193101968643710e-01
1.308598357185761341e+00 3.302585547227708140e+00 2.595128150226936325e-01
1.330530873969116179e+00 3.408549528877235613e+00 2.667416335071877698e-01
1.345293465807497091e+00 3.510938746754137529e+00 3.002912356579547914e-01
1.349902052360185456e+00 3.607786153303777610e+00 3.324170281235354629e-01
1.369353183168217525e+00 3.699886527301111450e+00 3.665947914848202149e-01
1.398117362149872811e+00 3.803447323228695609e+00 4.068510483953191037e-01
1.439577481687673410e+00 3.919526258000303631e+00 4.381797777152673379e-01
1.452753197230901572e+00 4.044859335436070680e+00 4.807957937252031466e-01
1.463798357384919813e+00 4.158670074835769448e+00 5.120091603061437402e-01
1.485075252512030985e+00 4.288195027125974335e+00 5.440774616069113945e-01
1.507824147970435957e+00 4.401478723661516490e+00 5.837858840237556413e-01
1.552279722984196253e+00 4.522708756420365184e+00 6.392257185426298838e-01
1.566723156426994779e+00 4.675279542861599857e+00 6.678583263718748109e-01
1.566661266456837787e+00 4.814340953166868609e+00 7.240955297068681906e-01
1.583532879842868502e+00 4.957316581359329177e+00 7.601158335498915397e-01
1.619045414371685254e+00 5.164897944287574205e+00 8.399878464808164802e-01
1.638434024767559505e+00 5.338654748192570132e+00 8.737934924558341532e-01
1.666939300310034788e+00 5.486332498138346558e+00 9.277493769207437735e-01
1.693694398158750891e+00 5.660498646384513499e+00 9.746297311920675277e-01
1.708339865629584509e+00 5.834189575782279036e+00 1.026602168044300267e+00
1.725398969061965548e+00 6.002686423166024632e+00 1.063163123252475639e+00
1.748315092065016785e+00 6.182198201230701962e+00 1.136952551385571164e+00
1.780392990513252505e+00 6.368459280097091835e+00 1.182060778874604035e+00
1.817841265696664044e+00 6.544135662695808264e+00 1.247912488755467786e+00
1.828102604838425238e+00 6.733102194801396045e+00 1.308331442485560103e+00
1.871137522558641963e+00 6.938457687586060629e+00 1.357858628405238077e+00
1.904279429979459426e+00 7.144312032390322642e+00 1.425811254506572645e+00
1.923532905193618969e+00 7.356366126153582208e+00 1.474572805123846253e+00
1.947529904421694935e+00 7.554861247852292294e+00 1.539171021569005982e+00
1.976796879195184653e+00 7.772803498282562451e+00 1.585845842464481015e+00
1.995600946357054983e+00 7.992967996681241694e+00 1.635121641997241415e+00
2.027832830326919744e+00 8.237450167763311626e+00 1.708636907794609971e+00
2.069495190330497891e+00 8.450637542499741528e+00 1.773476503737561716e+00
2.109941736873545803e+00 8.699178171905845858e+00 1.820822680890586298e+00
2.099588300963363796e+00 8.947089533362680314e+00 1.882833840635500078e+00
2.163207231864098024e+00 9.189542953797364078e+00 1.946537182722405168e+00
2.199385727024860238e+00 9.588804019397429101e+00 2.046202260254881278e+00
2.244499092689997699e+00 9.846591918262408427e+00 2.100220392811950720e+00
2.279042399075564607e+00 1.012743274319222841e+01 2.173617880406246261e+00
2.313725445478504117e+00 1.039665867587526016e+01 2.234791661175058231e+00
2.348243696669513714e+00 1.067759257573330167e+01 2.290349415408777123e+00
2.389749281206178910e+00 1.098455691725160221e+01 2.364737041521649541e+00
2.432931416492415178e+00 1.129392792524562594e+01 2.418216275793000580e+00
2.468519808808697036e+00 1.157707858620654839e+01 2.471341770348889355e+00
2.500955555989306411e+00 1.186951687678198297e+01 2.529999376816703727e+00
2.553032670909865853e+00 1.220672946089786315e+01 2.606540453441482885e+00
2.579414811621398851e+00 1.252880087741268866e+01 2.652574228309811932e+00
2.651882364716588558e+00 1.285439971789987013e+01 2.733310819604089392e+00
2.692100891285279740e+00 1.320451499472151013e+01 2.770744858856953652e+00
2.723143635039750876e+00 1.355138157328796211e+01 2.825999442070947332e+00
2.760562011877656818e+00 1.391612400629779422e+01 2.882364717923844744e+00
2.821189390641076766e+00 1.427074271749327394e+01 2.944293443033430435e+00
2.856806789418932180e+00 1.464836610406116435e+01 2.988290618531663778e+00
2.902027773394105115e+00 1.503106884758331319e+01 3.040911164000274614e+00
2.939699312662140684e+00 1.542026070978921126e+01 3.075925944890348429e+00
2.991343175891311379e+00 1.582446705671805098e+01 3.125398094454848508e+00
3.080501062959930980e+00 1.642797946474122739e+01 3.177601473987597736e+00
3.146770267346090666e+00 1.685180348867788780e+01 3.234026833155347003e+00
3.219205518139481192e+00 1.729258633685087787e+01 3.262989340932024973e+00
3.244048368987038966e+00 1.773902810911657113e+01 3.294300216109423030e+00
3.324303357429458927e+00 1.817255399777307190e+01 3.318287931284962244e+00
3.371398728397048128e+00 1.864433502470463111e+01 3.341956878872945680e+00
3.438594850441542228e+00 1.911995080458141771e+01 3.357573807246916786e+00
3.516724627788228918e+00 1.959082906826017023e+01 3.359533489715411658e+00
3.574417120018082539e+00 2.009565957289876081e+01 3.346447747092649472e+00
3.619780926233873597e+00 2.060566658228847459e+01 3.356750434560939578e+00
3.696711256290284631e+00 2.110515036619419860e+01 3.352598733256029195e+00
3.792408595469070942e+00 2.163831803364871575e+01 3.366786938494385595e+00
3.861196352076066152e+00 2.217958040752755977e+01 3.325404502394136319e+00
3.944939253283729297e+00 2.272944177716997416e+01 3.314600872617706973e+00
4.024635565594559594e+00 2.329784884374672771e+01 3.261442334618972705e+00
4.106066648637397343e+00 2.389031273717928627e+01 3.211649581479422810e+00
4.195870878620224786e+00 2.448069369325466837e+01 3.163889619546206067e+00
4.298161491111042842e+00 2.509402685672553091e+01 3.094409681176432336e+00
4.391468368368169450e+00 2.575133019158146297e+01 3.000038510321659135e+00
4.496800652214843375e+00 2.638360852278853486e+01 2.907084756577362761e+00
4.587993158279753736e+00 2.702047947485162283e+01 2.781858800035987400e+00
4.740221855791145522e+00 2.807120636996508622e+01 2.581860877943565225e+00
4.866550802974920487e+00 2.876350760958394659e+01 2.401717656469024131e+00
4.987298078131993329e+00 2.949288225376898254e+01 2.203443938675480940e+00
5.118834911558041156e+00 3.022721825895378700e+01 1.973547131002212351e+00
5.256678638385559488e+00 3.099235795911939562e+01 1.710777493977883257e+00
5.391606304178998776e+00 3.175270834132293274e+01 1.418755843167699204e+00
5.536269810570278338e+00 3.252467343398112121e+01 1.065771700141104228e+00
5.691859352418954465e+00 3.328957336534531208e+01 6.676589285711611588e-01
5.863484852013682413e+00 3.408354203476732636e+01 2.415238890738268529e-01
6.008940670841917964e+00 3.486216022527204217e+01 -2.506688624691659761e-01
6.196041033627603944e+00 3.562453235166473320e+01 -8.075106796652044006e-01
6.384605951064842522e+00 3.637633963946928617e+01 -1.419170906371102436e+00
6.551279783422634395e+00 3.708899729238114418e+01 -2.087980127025088617e+00
6.753786244191156918e+00 3.779018239026624570e+01 -2.795817135174016865e+00
6.922081214685944950e+00 3.843366539969203899e+01 -3.553081956345670367e+00
7.110748034931882344e+00 3.903165501594666864e+01 -4.339675121477054809e+00
7.293781096146301657e+00 3.959752854405735434e+01 -5.142691953682192008e+00
7.474082673112298458e+00 4.012076747895620343e+01 -6.001036841571682601e+00
7.648396874267880285e+00 4.058704355885127057e+01 -6.829788541718261108e+00
7.833602558426774998e+00 4.100363368509033535e+01 -7.682820174969505089e+00
7.985288523980655029e+00 4.137631566411407391e+01 -8.522153447434883233e+00
8.209901555261764017e+00 4.186351333019369036e+01 -9.732193097924030312e+00
8.361576195429021752e+00 4.214727688649610826e+01 -1.053483922640830883e+01
8.507199334488495523e+00 4.238731473150544105e+01 -1.129560140485379449e+01
8.644794900081363309e+00 4.258184996905215769e+01 -1.203713630755203923e+01
8.767447531891125578e+00 4.277628437020678120e+01 -1.274998113610532258e+01
8.889302805722746115e+00 4.293374883797289243e+01 -1.343045108680498601e+01
9.002022011172783778e+00 4.307913411635090739e+01 -1.409395827770081944e+01
9.120349937283677377e+00 4.321125481638325994e+01 -1.471201183962289960e+01
9.208023866252062817e+00 4.332460328728752330e+01 -1.530309653773562140e+01
9.310440027533232410e+00 4.341830164487033983e+01 -1.587554359465091558e+01
9.394402582868019991e+00 4.351466273974290999e+01 -1.643158425594144845e+01
9.488264053375532470e+00 4.361266308352247023e+01 -1.694881737460730164e+01
9.553877597988202908e+00 4.366431618634565837e+01 -1.745443267348014871e+01
9.655739645524798576e+00 4.370931668755876132e+01 -1.791374896303927500e+01
9.723112185635891080e+00 4.377456069255800486e+01 -1.837226236311019534e+01
9.801107830311192259e+00 4.380337184519299853e+01 -1.880385320497074986e+01
9.859769987797072588e+00 4.385155824765578103e+01 -1.921861731525369521e+01
9.922982468943304823e+00 4.385915471498439899e+01 -1.963016321117842367e+01
1.000070453754854682e+01 4.387569178377864887e+01 -2.001704950089510859e+01
1.007416161226139906e+01 4.389678551712056276e+01 -2.036249162355548847e+01
1.012917681280463533e+01 4.390280540172614820e+01 -2.071505890700193930e+01
1.019760605677495136e+01 4.390780458484214677e+01 -2.119991779691136102e+01
1.025148711450307282e+01 4.391700079945250934e+01 -2.150309950801728576e+01
1.030084266680584548e+01 4.392124406902895117e+01 -2.179554853373053902e+01
1.035915854945778847e+01 4.389684587717056274e+01 -2.206207874417304993e+01
1.039229579241250967e+01 4.391430868925821329e+01 -2.231729140553261459e+01
1.042668442077353852e+01 4.388945635082340857e+01 -2.257072223353433671e+01
1.047643822545762049e+01 4.387375779127010134e+01 -2.279368388106618326e+01
1.052068432517433294e+01 4.387051073784108723e+01 -2.303233135458422254e+01
1.057437939800506399e+01 4.386228088738902642e+01 -2.324768024270100497e+01
1.059868114433898256e+01 4.385326972165514547e+01 -2.343784876715076848e+01
1.062403044656526596e+01 4.386019226157715423e+01 -2.362101286126353727e+01
1.065289959950595922e+01 4.385440402795307335e+01 -2.380573225642864443e+01
1.068807813768810711e+01 4.384887479466485871e+01 -2.397487360500993603e+01
1.070758767093169439e+01 4.386937131443160354e+01 -2.413658997898408387e+01
1.074185195429624073e+01 4.388121813548430339e+01 -2.429147240442115319e+01
1.077399846072705714e+01 4.387786508461062596e+01 -2.444022362554657590e+01
1.082065474763800772e+01 4.389235957088668272e+01 -2.458174725087060608e+01
1.085200189088843636e+01 4.389844901590161186e+01 -2.473555556622870100e+01
1.086672310254114748e+01 4.391847723191063579e+01 -2.485097590985759197e+01
1.088977244609244721e+01 4.393718486318203986e+01 -2.497998748543098202e+01
1.090805278497280106e+01 4.393906040199800600e+01 -2.510254213546142310e+01
1.094882698385804254e+01 4.393870677510656009e+01 -2.529801247418234666e+01
1.097615543597518695e+01 4.394709223956227362e+01 -2.541449902473976863e+01
1.099566040168715553e+01 4.394140868447539106e+01 -2.553987697958083203e+01
1.103018308458321606e+01 4.394179370638986626e+01 -2.565048069875090775e+01
1.105104894667893234e+01 4.393722544509156336e+01 -2.578348765680465604e+01
1.107985193922575107e+01 4.392124226788403263e+01 -2.590036438635689109e+01
1.108573757248437097e+01 4.391267982157011573e+01 -2.602318329677529007e+01
1.112358679712423992e+01 4.390359424232796925e+01 -2.613797471387247384e+01
1.115046830785277443e+01 4.389943293926412338e+01 -2.625513939943471442e+01
1.116573288864169378e+01 4.386049231571941220e+01 -2.635650985345771957e+01
1.119825603756636312e+01 4.382133768782547634e+01 -2.646889033635621757e+01
1.121873211663986147e+01 4.380791305395988644e+01 -2.656470411828747302e+01
1.123054751417899411e+01 4.376372295413089120e+01 -2.667292152360674606e+01
1.124832960944864624e+01 4.373247151299189284e+01 -2.676756764350219342e+01
1.128144662463348524e+01 4.370954535532894170e+01 -2.686857787114479024e+01
1.128772465289019955e+01 4.366554561781231314e+01 -2.697353930188688054e+01
1.131413979868126418e+01 4.361812580427607600e+01 -2.705651022071963752e+01
1.134809251833514132e+01 4.358980030829318508e+01 -2.713673385683087247e+01
1.137413393694431285e+01 4.355705217608928592e+01 -2.721132076752586570e+01
1.137577288474289183e+01 4.350194412911802289e+01 -2.729211472325964039e+01
1.138137587770740922e+01 4.347082481255845465e+01 -2.736642713306899566e+01
1.139772738392509943e+01 4.338170746059487470e+01 -2.747664585431764905e+01
1.143037202243982975e+01 4.333097743299805416e+01 -2.751401076643215760e+01
1.144593488932471814e+01 4.327589529847657701e+01 -2.757323443534564689e+01
1.145478849814995215e+01 4.321510872166101791e+01 -2.762031523301082103e+01
1.147971608244769470e+01 4.316781835883248419e+01 -2.766261135050104869e+01
1.148591570187624633e+01 4.310631569676444030e+01 -2.770085057447527888e+01
1.149037075047295353e+01 4.305378477177619345e+01 -2.772038130494146912e+01
1.149745188977945709e+01 4.300596019908429923e+01 -2.774656034345748878e+01
1.147880736996149764e+01 4.294795768060459551e+01 -2.777060247884254807e+01
1.151108105293101680e+01 4.287504449818889185e+01 -2.776872545428665617e+01
1.151322116153288100e+01 4.282746828160709640e+01 -2.777711016225266505e+01
1.151776848913447715e+01 4.277882729656823102e+01 -2.777257088868882917e+01
1.154049637370948389e+01 4.273525753132354055e+01 -2.776222708884550983e+01
1.152236073917685211e+01 4.270058813418473420e+01 -2.772686576817499926e+01
1.149793215293214033e+01 4.265358233408872479e+01 -2.768705348161473268e+01
1.151168633922486073e+01 4.259965562876318046e+01 -2.764192526115211734e+01
1.153632851187549591e+01 4.256102394532145183e+01 -2.758378892754615208e+01
1.152302842144664474e+01 4.251801652002942689e+01 -2.749758415315261573e+01
1.151753589816648748e+01 4.252387793034600350e+01 -2.742029530916991220e+01
1.151782118186136294e+01 4.250679120753352436e+01 -2.729577599002928068e+01
1.152114964211093628e+01 4.252754483198977198e+01 -2.708748458342969911e+01
1.151604256573485863e+01 4.259811556990311487e+01 -2.693287675180068064e+01
1.150648920759420157e+01 4.268326308245541156e+01 -2.674486173293951197e+01
1.147635264414567047e+01 4.283981323539521924e+01 -2.651771689848414226e+01
1.150058337751675985e+01 4.303396636659502406e+01 -2.628458733105407674e+01
1.151265067478727211e+01 4.331736737379890201e+01 -2.607338375199698532e+01
1.152339452265292330e+01 4.368299817367147853e+01 -2.589668779464722803e+01
1.158390294806218179e+01 4.410842998748697141e+01 -2.575597983709694105e+01
1.163072416546234678e+01 4.452466847730691768e+01 -2.568650183871018911e+01
1.168131073379775486e+01 4.494546190738724079e+01 -2.564335716782921182e+01
1.177192262122277810e+01 4.536584015604729103e+01 -2.567054238592065118e+01
1.180488965756707920e+01 4.576629954059657024e+01 -2.571214728660263305e+01
1.189392605467019592e+01 4.611538288274371666e+01 -2.579979233365080304e+01
1.195662808732093119e+01 4.643684667831865198e+01 -2.592988701696755527e+01
1.202545073065865466e+01 4.672453833671036705e+01 -2.607174429717488451e+01
1.208415859373278423e+01 4.696806388632112572e+01 -2.623733033544636228e+01
1.215038569110816802e+01 4.716937066759321340e+01 -2.642264943581240999e+01
1.220371138521189813e+01 4.738010194317314472e+01 -2.659683318180722367e+01
1.226027285370789599e+01 4.753108021646349357e+01 -2.679653324767385314e+01
1.230228101126532003e+01 4.765056343941233763e+01 -2.699479484312704258e+01
1.235438139259299639e+01 4.777913971917318037e+01 -2.721409823554321505e+01
1.241601947715718524e+01 4.793442770119224861e+01 -2.751648331337168329e+01
1.245041822885683658e+01 4.802519281960722708e+01 -2.771910973875334605e+01
1.250725902012158919e+01 4.811200541931109598e+01 -2.794497734445756265e+01
1.255692745576378400e+01 4.819734009743047665e+01 -2.816943462786651864e+01
1.258469529038358559e+01 4.826032088717862933e+01 -2.841399579732743064e+01
1.260472135882275424e+01 4.830004980302395978e+01 -2.864874369296415324e+01
1.267500126213128020e+01 4.834419173055246688e+01 -2.888769264629861055e+01
1.270393871482995074e+01 4.837207862504615719e+01 -2.912594174240890865e+01
1.276285593097276205e+01 4.838132016041900840e+01 -2.936724366190805924e+01
1.280667049495842313e+01 4.839685008298970814e+01 -2.959941434316255027e+01
1.286391996142464045e+01 4.841047555660918533e+01 -2.984793600969350891e+01
1.290640917328215309e+01 4.839405399343036152e+01 -3.009165404983026448e+01
1.295355961130501754e+01 4.839457595377640331e+01 -3.034105869874073491e+01
1.300393220721221965e+01 4.837815600387715875e+01 -3.058027782231235747e+01
1.306289837719676505e+01 4.835687314021215855e+01 -3.080594170909612473e+01
1.309861860276795120e+01 4.832305097371624925e+01 -3.103766511366596248e+01
1.313160952010212590e+01 4.827630739098896839e+01 -3.125099592366671430e+01
1.317670012861843709e+01 4.823164372856349758e+01 -3.145938294091625309e+01
1.320054199388170879e+01 4.817063567568542481e+01 -3.168028844291287527e+01
1.323294215107684124e+01 4.810999535357234436e+01 -3.188401980452966455e+01
1.325803738914958707e+01 4.804035596744984105e+01 -3.208557399998046122e+01
1.333009374130686453e+01 4.794558268876347995e+01 -3.241022281867753918e+01
1.336414177021631744e+01 4.791476501507678876e+01 -3.260748924315142716e+01
1.338685020846476803e+01 4.786743944422585173e+01 -3.281253030002795157e+01
1.341712803711657997e+01 4.781705064275450923e+01 -3.300535186150523259e+01
1.344039674069080270e+01 4.778451508455517427e+01 -3.320762001623457849e+01
1.346575485885161427e+01 4.773151878301710127e+01 -3.341557421368733571e+01
1.347296559142542804e+01 4.767337910659118450e+01 -3.362638595080009907e+01
1.350315693751688428e+01 4.764544796872349508e+01 -3.380568586686021604e+01
1.354711976318940891e+01 4.759089718620143117e+01 -3.400437815090769078e+01
1.357072398840132976e+01 4.757314086853244817e+01 -3.420203000428205797e+01
1.359068702187262190e+01 4.754049697319047141e+01 -3.441088193717151711e+01
1.363412689095384245e+01 4.750704617255068030e+01 -3.456656710301170676e+01
1.367061192722729324e+01 4.748029760631322205e+01 -3.475253895071520560e+01
1.369034850422636929e+01 4.744460533041524286e+01 -3.493560780309964287e+01
1.373499592946972392e+01 4.741309794635122188e+01 -3.511902742982687897e+01
1.375797546208615074e+01 4.737870325318120024e+01 -3.529670626616022133e+01
1.378805299560486830e+01 4.736265786238644182e+01 -3.548971891962544589e+01
1.379093711137858591e+01 4.733569607837162607e+01 -3.567971614917133394e+01
1.382816701791568725e+01 4.728897887989315763e+01 -3.586515440585382919e+01
1.386578106449658065e+01 4.724401355772507571e+01 -3.603966386724277271e+01
1.387190072339625502e+01 4.712702964082806290e+01 -3.619331233305185691e+01
1.390488107198910939e+01 4.701378368731788981e+01 -3.635601899578828977e+01
1.391283367894724954e+01 4.696086101523048484e+01 -3.642080406503978196e+01
1.396011940535213114e+01 4.693158654774607186e+01 -3.650080663152135685e+01
1.397038905734886072e+01 4.694706106084007047e+01 -3.656612729363539671e+01
1.398022721136800151e+01 4.696442401142393663e+01 -3.667026938369523492e+01
1.401102199512448365e+01 4.700525406201105483e+01 -3.679597792584215199e+01
1.402872625278218699e+01 4.706419528622706849e+01 -3.691034004349830155e+01
1.407478807598645787e+01 4.713182545286621661e+01 -3.702601505320681952e+01
1.410447626683638056e+01 4.721287449857992158e+01 -3.718784248199537501e+01
1.415893118259094052e+01 4.729410677258235296e+01 -3.734751382126868435e+01
1.419379458354547197e+01 4.738488780931769639e+01 -3.753883818299525643e+01
1.425614666159026100e+01 4.750505568149525004e+01 -3.770223528134307145e+01
1.431764766341516726e+01 4.760788953305396376e+01 -3.789110750406041461e+01
1.437596446796557714e+01 4.771422289688631224e+01 -3.808371126865372958e+01
1.444570680906364402e+01 4.780864862766296852e+01 -3.827375520376754281e+01
1.448520658839444231e+01 4.791326812885694864e+01 -3.847419993473603483e+01
1.452347958950707429e+01 4.802429618618450746e+01 -3.867988127684960631e+01
1.458677651651417762e+01 4.813778257801497062e+01 -3.889167023141930457e+01
1.464164803187765429e+01 4.826419987913197929e+01 -3.909284389922250114e+01
1.468778619956219877e+01 4.836735900071573013e+01 -3.929911448281198005e+01
1.474088890720464740e+01 4.848521775644185539e+01 -3.950326707804112658e+01
1.481907088689654906e+01 4.864909279354138505e+01 -3.982605863603978236e+01
1.486274370476149187e+01 4.875813128053501089e+01 -4.005804965512656679e+01
1.491737391515357736e+01 4.884681382436716746e+01 -4.027561700344134010e+01
1.499431903472609839e+01 4.895602301305101633e+01 -4.049213879980185737e+01
1.503477679848005977e+01 4.906010644143982091e+01 -4.069993967504488097e+01
1.505557642463206314e+01 4.916424303620289038e+01 -4.093649081461072825e+01
1.509288359351635478e+01 4.924407326667832763e+01 -4.117512529645163966e+01
1.514895744061860050e+01 4.933144372583647197e+01 -4.138995024159934388e+01
1.516830327515408428e+01 4.939360810479804087e+01 -4.160047400904767301e+01
1.521720909864882998e+01 4.945357863346318794e+01 -4.185029707672888577e+01
1.526324683121784354e+01 4.954979565802019437e+01 -4.207370863529794747e+01
1.533599489899981627e+01 4.959838125328967351e+01 -4.233007856773759414e+01
1.538283973646408853e+01 4.965167051534799469e+01 -4.257268557730427716e+01
1.545372453836337101e+01 4.969741708552178494e+01 -4.279317026629311016e+01
1.549120533909196418e+01 4.975097686477732140e+01 -4.303826880476617589e+01
1.554974706755324476e+01 4.980072009290191914e+01 -4.327436323393529705e+01
1.560409591669857754e+01 4.982755688500595426e+01 -4.352592465017625756e+01
1.562018745229170413e+01 4.985962128011490080e+01 -4.375246563419165824e+01
1.568880151964904890e+01 4.989176691876349423e+01 -4.397230404089867761e+01
1.573251537621103679e+01 4.993112006911501766e+01 -4.419254467014645371e+01
1.574533905793096089e+01 4.995824870017768404e+01 -4.439452334384941423e+01
1.581255173022794480e+01 5.002473713135142219e+01 -4.470016604322852771e+01
1.584947735391934032e+01 5.003230669553739318e+01 -4.489672034337279172e+01
1.587576085939571691e+01 5.008124300482696611e+01 -4.509483257341879181e+01
1.592792733810311212e+01 5.010518871694934262e+01 -4.527378645084016995e+01
1.595382332867819208e+01 5.014319194889500153e+01 -4.547388645074955349e+01
1.598802153036404938e+01 5.015920050112515582e+01 -4.566890623847498176e+01
1.605746864147056741e+01 5.020792334121258449e+01 -4.586811437388805501e+01
1.609725143919837009e+01 5.022471653036968320e+01 -4.604332456462466894e+01
1.612868178735574887e+01 5.026226415866408104e+01 -4.621542265113212267e+01
1.616234712730808099e+01 5.029350563948496955e+01 -4.640811365448487180e+01
1.619150416323777719e+01 5.030420947460770265e+01 -4.658401590103323997e+01
1.622016911119747817e+01 5.034419072146248197e+01 -4.674632535598474448e+01
1.627395586695279661e+01 5.036550069626883896e+01 -4.690983224599423096e+01
1.631827714235787852e+01 5.039977623055945344e+01 -4.704851893401080787e+01
1.633044585701230744e+01 5.043940296485210695e+01 -4.723571301461703342e+01
1.638478701102345525e+01 5.046244806736924460e+01 -4.739838864413011521e+01
1.642907057004140725e+01 5.050482707499761403e+01 -4.753393875691367754e+01
1.646193102791027130e+01 5.052993748246121442e+01 -4.771265638906867679e+01
1.649538146475479294e+01 5.057785947039604224e+01 -4.785123080910931037e+01
1.653399339636839471e+01 5.061533761240028184e+01 -4.800958023120738716e+01
1.656807956029166817e+01 5.066599705834777012e+01 -4.824608939185831957e+01
1.661876552491233738e+01 5.067206858253331347e+01 -4.839705683414142356e+01
1.665144535126705350e+01 5.074167108674132720e+01 -4.856761294106654958e+01
1.668587462773957597e+01 5.075281484770130902e+01 -4.874099051493098500e+01
1.672920853228669813e+01 5.077583422625444598e+01 -4.887996329291007669e+01
1.676577361147906586e+01 5.078922978105919839e+01 -4.904492147961151005e+01
1.680404416143970892e+01 5.084111376488887402e+01 -4.919449753520187585e+01
1.686285478961303141e+01 5.088157843503530842e+01 -4.936011807393355610e+01
1.688165766982500671e+01 5.091060200616165332e+01 -4.952772509402711165e+01
1.690206830460855869e+01 5.094611805278216110e+01 -4.968946375875248123e+01
1.693633680739792169e+01 5.100431584968034571e+01 -4.986065421861698610e+01
1.697843890538507949e+01 5.102731132127552627e+01 -5.004102157059455891e+01
1.702081160771870572e+01 5.107393162926776853e+01 -5.021639608082506356e+01
1.706321196682184649e+01 5.110916644405364906e+01 -5.037743183977323724e+01
1.712190830269054587e+01 5.113644730620295320e+01 -5.054963961050232513e+01
1.715551037488024022e+01 5.119251371275753115e+01 -5.073644812400170423e+01
1.720334018259599773e+01 5.122131082653540091e+01 -5.091958134288738336e+01
1.721558714268142509e+01 5.124674538674108959e+01 -5.109473220953420025e+01
1.726258014726150591e+01 5.127331859027949434e+01 -5.128699007487212214e+01
1.730771356774886627e+01 5.128417006768749076e+01 -5.148568455636543462e+01
1.736269897203910162e+01 5.130466558976654312e+01 -5.166359586281855343e+01
1.740053342298794448e+01 5.131217826475852206e+01 -5.193550603867810622e+01
1.746717634230122584e+01 5.134071445548413237e+01 -5.210007862024842495e+01
1.749575172022289848e+01 5.136500253811913552e+01 -5.230544925763574327e+01
1.752180969917825948e+01 5.140992943678033811e+01 -5.247459107085320795e+01
1.753246889890308324e+01 5.142874237065674947e+01 -5.265788366770392059e+01
1.753014246850630187e+01 5.142476287402218560e+01 -5.282692540704760376e+01
1.753677492388142767e+01 5.140146156101174313e+01 -5.299796027683164823e+01
1.757649519035612329e+01 5.138385960332653468e+01 -5.316532838928130644e+01
1.763488347692108604e+01 5.139294935182805801e+01 -5.334282473702914018e+01
1.769672389393036838e+01 5.140299552118866444e+01 -5.350657241027897726e+01
1.773545139627426082e+01 5.142794075769821660e+01 -5.368083381627622686e+01
1.775780975301400844e+01 5.147242962335303673e+01 -5.383979012431054656e+01
1.778819552719071240e+01 5.151741143112585064e+01 -5.401972753666771609e+01
1.779285589017532843e+01 5.152384424852470346e+01 -5.417157305128589684e+01
1.782449899660928594e+01 5.150746323622356471e+01 -5.434566334406261490e+01
1.785660895752317501e+01 5.153423743927594813e+01 -5.450802719975222033e+01
1.788676879581061741e+01 5.152642048200977598e+01 -5.467872059871634605e+01
1.792502018298079491e+01 5.154299253165346784e+01 -5.485384301002825680e+01
1.795819941191886215e+01 5.156727028120963752e+01 -5.500771860843193650e+01
1.802779904170714786e+01 5.159029159040727563e+01 -5.517355412000778614e+01
1.804946205113613544e+01 5.162442674784659147e+01 -5.534398893050158108e+01
1.809325528207308764e+01 5.164643109868249837e+01 -5.559282151875373046e+01
1.813464760587335789e+01 5.165020034794327586e+01 -5.573116574083717012e+01
1.818945531781874081e+01 5.168412778799623908e+01 -5.589808503267308737e+01
1.823664166429107425e+01 5.171892416822518612e+01 -5.606772413414599043e+01
1.827267533944526434e+01 5.176378573631921398e+01 -5.621374402103418788e+01
1.828823530244148543e+01 5.183197193175898576e+01 -5.637447834031746652e+01
1.828735039271723295e+01 5.184430059740395791e+01 -5.655230454133791085e+01
1.834217621069571891e+01 5.186224001042015885e+01 -5.672396253221553764e+01
1.835313675914506604e+01 5.186124938940567830e+01 -5.687071517217882644e+01
1.841607330644082552e+01 5.184748324421914845e+01 -5.701915397064660596e+01
1.844837365422620223e+01 5.186443913206554868e+01 -5.716318368372786551e+01
1.851510152801699149e+01 5.187050093006731544e+01 -5.730248962940949298e+01
1.855355098057894025e+01 5.191681739241592908e+01 -5.745464564534736240e+01
1.858304777665136598e+01 5.193703238778564923e+01 -5.760293879193056199e+01
1.860197448392084496e+01 5.199082417819085578e+01 -5.774846790231563887e+01
1.862175002234792132e+01 5.200357191696045334e+01 -5.791104134393393821e+01
1.863651911410584461e+01 5.200716670641065775e+01 -5.805485796523333875e+01
1.865965777543191706e+01 5.200694800983496435e+01 -5.819681503395175071e+01
1.869472100352668420e+01 5.200298305237788554e+01 -5.834753666497422842e+01
1.873522867665024094e+01 5.201417414442327214e+01 -5.847571423791425360e+01
1.880985872556512462e+01 5.204509585150955076e+01 -5.861571546008225653e+01
1.882495328163330583e+01 5.207999862218559883e+01 -5.881695749006289020e+01
1.887394888257877312e+01 5.212848223279769400e+01 -5.896504764219726269e+01
1.892309323470345817e+01 5.215045702256177407e+01 -5.911929470453692659e+01
1.895060006614485815e+01 5.219183278089268896e+01 -5.925072907924146648e+01
1.898426853698508410e+01 5.221456258628487745e+01 -5.938305958132044537e+01
1.900380406163174740e+01 5.224016873178204179e+01 -5.950668150218501751e+01
1.902811709215400882e+01 5.229118963520912189e+01 -5.967120158530572382e+01
1.907067450472254322e+01 5.230567512238796724e+01 -5.976530521854187583e+01
1.912708621528565445e+01 5.236368866758626694e+01 -5.990494457318415300e+01
1.912460459702336735e+01 5.243498563576058302e+01 -6.004178806762367770e+01
1.915145125920989244e+01 5.250417006156352073e+01 -6.017746938438546067e+01
1.914776977414225456e+01 5.254818985604841686e+01 -6.031719730562402049e+01
1.916890171414242161e+01 5.258211827469981614e+01 -6.044926425573792983e+01
1.922300257575842863e+01 5.258356486707220512e+01 -6.058345204510398219e+01
1.925580677175102196e+01 5.263054876480541822e+01 -6.069940066582848459e+01
1.930686174703956581e+01 5.267623645914608232e+01 -6.087421506415442707e+01
1.935721893721958153e+01 5.273668637789167235e+01 -6.099402143998633363e+01
1.939108678822368148e+01 5.278206776013337986e+01 -6.111654589945150207e+01
1.942786922736769739e+01 5.282552811003284177e+01 -6.125620817716654187e+01
1.946587974677781929e+01 5.287242141635700676e+01 -6.137760001861150272e+01
1.949786613044741657e+01 5.290555924028218726e+01 -6.151293556291246745e+01
1.952334516357374383e+01 5.297669668773237106e+01 -6.172372235063359369e+01
1.952735275619867750e+01 5.301260417090621502e+01 -6.184946184184584439e+01
1.956708735400547283e+01 5.304295711746746633e+01 -6.197883797909319981e+01
1.960405135321840575e+01 5.306388029399271744e+01 -6.209281487814365619e+01
1.960531586794606795e+01 5.308860405936115967e+01 -6.222567817704074855e+01
1.966663840171978705e+01 5.310555585703394144e+01 -6.234271266177062643e+01
1.971827935699721834e+01 5.317177683765338969e+01 -6.246470018896859955e+01
1.972483490446301602e+01 5.318026851756702200e+01 -6.258425955137430918e+01
1.975505856519031767e+01 5.323580891466563259e+01 -6.270766436365910579e+01
1.977355734293226064e+01 5.327331049291716170e+01 -6.281811026938870413e+01
1.982356302402973824e+01 5.331125404630724773e+01 -6.295505009220342885e+01
1.983005399060684937e+01 5.334341041417351192e+01 -6.303633019344146504e+01
1.987581703809996014e+01 5.339398050396990669e+01 -6.317356942097912054e+01
1.989321789216604941e+01 5.342245727872334271e+01 -6.329419837272369165e+01
1.992366937203935251e+01 5.346658115868034855e+01 -6.340594528353041426e+01
1.992659675249986861e+01 5.349564040739223003e+01 -6.352895613272431774e+01
1.995351651424852335e+01 5.348328745733003586e+01 -6.364835526286061196e+01
1.999335336015498399e+01 5.351135669078042412e+01 -6.375151452783393324e+01
2.006517176796049284e+01 5.355260689779415628e+01 -6.387516264880044758e+01
2.012143693447023551e+01 5.361178686696125339e+01 -6.398425958308681771e+01
2.016108031369700981e+01 5.368125098990049082e+01 -6.410181353206445465e+01
2.019317022442374210e+01 5.378975053055890498e+01 -6.427091697927642144e+01
2.020348715707253362e+01 5.384282957500924027e+01 -6.437478299434464191e+01
2.022079160562180888e+01 5.386968822433787096e+01 -6.447069781574425917e+01
2.024556917152262514e+01 5.390903133577023709e+01 -6.455417763980794632e+01
2.028218098465204378e+01 5.395938050609118619e+01 -6.465351089209858060e+01
2.033010780114429750e+01 5.404047119872416260e+01 -6.475420679589130657e+01
2.038898679397212632e+01 5.412589915970546883e+01 -6.485172350755487969e+01
2.038982915544211494e+01 5.420187873262942446e+01 -6.494803096974617063e+01
2.040947266890724876e+01 5.425650020717946376e+01 -6.507489671293471645e+01
2.043236461918533564e+01 5.432598893063328660e+01 -6.518551939005422469e+01
2.044489443608777890e+01 5.437762549924591582e+01 -6.527454321012731953e+01
2.047229346588326493e+01 5.444314151347944630e+01 -6.539656261619991540e+01
2.051332957684414993e+01 5.448763104461563955e+01 -6.550542887484083110e+01
2.056010335871187067e+01 5.455940780677276081e+01 -6.562377849240047567e+01
2.058474262186583559e+01 5.463234127420173536e+01 -6.572507498913672919e+01
2.062302415147391699e+01 5.470231072671410999e+01 -6.585541527686099528e+01
2.067818200370677673e+01 5.475435567171042095e+01 -6.596657622280693545e+01
2.073724929177504706e+01 5.483578434326984308e+01 -6.608629274858287772e+01
2.075739642580987621e+01 5.489920867880778843e+01 -6.622137671688169291e+01
2.081428508337485184e+01 5.499789410847549220e+01 -6.632984742585065874e+01
2.086654302383293569e+01 5.512179307594590227e+01 -6.651818709169894817e+01
2.090091565136840757e+01 5.520480772686764226e+01 -6.664942292754147957e+01
2.089950480427305735e+01 5.527826908419896768e+01 -6.678138606772043318e+01
2.092568244845202230e+01 5.535752705023327991e+01 -6.689967261916955010e+01
2.096490164486479202e+01 5.542728264901936797e+01 -6.704587003501487175e+01
2.101038619602246982e+01 5.548241792712393305e+01 -6.717655278425975496e+01
2.104847468203882599e+01 5.555226871707706238e+01 -6.731082677710989515e+01
2.111608757290763450e+01 5.562785492117890840e+01 -6.742425349074547114e+01
2.115813086365413298e+01 5.568804705306269653e+01 -6.756973300961189466e+01
2.120026777510442884e+01 5.577583132602046589e+01 -6.770184071696810690e+01
2.121818538796652120e+01 5.587026203529581636e+01 -6.784315698031389275e+01
2.124065526840184859e+01 5.597070614812305678e+01 -6.797522841296283502e+01
2.126037219660669919e+01 5.603720451490784171e+01 -6.810062907564446277e+01
2.127651064829824534e+01 5.608022696757856096e+01 -6.826327726498485049e+01
2.131749504941208784e+01 5.612272646947269550e+01 -6.841086347188313255e+01
2.134320527150923041e+01 5.618310996138146862e+01 -6.855768631297064530e+01
2.140425806872169900e+01 5.621248555727020602e+01 -6.870605765598283199e+01
2.145167378862148766e+01 5.627634723336146294e+01 -6.885527691775851622e+01
2.151197915681672868e+01 5.632684666030120724e+01 -6.900948352557865917e+01
2.155703134859214387e+01 5.638416183370000567e+01 -6.913969037468820034e+01
2.160725495356016168e+01 5.644925432367089968e+01 -6.928247215108011403e+01
2.166318553998277707e+01 5.657627273784293465e+01 -6.952177142639779106e+01
2.167643301365670538e+01 5.665748035746073441e+01 -6.967329234544044425e+01
2.170726209276897478e+01 5.670144563159397677e+01 -6.981853875976344170e+01
2.172102756247886290e+01 5.675243580081189521e+01 -6.997307396616744768e+01
2.174715947288000351e+01 5.677943846666358496e+01 -7.013703332803997625e+01
2.177154049859350948e+01 5.682679926962072159e+01 -7.025335275815844227e+01
2.182830080232972136e+01 5.687024610634655630e+01 -7.041372847077288100e+01
2.186276399223200784e+01 5.691756549314016667e+01 -7.055068375641270961e+01
2.191345173242090283e+01 5.696360012484758784e+01 -7.070382546329517481e+01
2.197615498168525505e+01 5.702698967582360012e+01 -7.085270069331329523e+01
2.201156278154786605e+01 5.709400505643570511e+01 -7.101004451352369529e+01
2.205435920836944419e+01 5.715220470561354205e+01 -7.115478956586596837e+01
2.206990057891745138e+01 5.720689357257112562e+01 -7.130064423424489917e+01
2.210796730632743490e+01 5.725911544471492931e+01 -7.145730282728908378e+01
2.214737261608442154e+01 5.733234045297754022e+01 -7.161132169620243815e+01
2.217578549101327567e+01 5.738761957255152879e+01 -7.177419880519254036e+01
2.223301265566931662e+01 5.742778856505823626e+01 -7.191796611308751608e+01
2.225452921092949055e+01 5.750512210466344243e+01 -7.206508357414709565e+01
2.229166047131572270e+01 5.756566288894500616e+01 -7.219839268755252704e+01
2.231929681910063579e+01 5.763955904501905536e+01 -7.237113109720311854e+01
2.235639621538342681e+01 5.768912229206905806e+01 -7.251553231754482454e+01
2.241567365294002201e+01 5.777200656690606451e+01 -7.273360946967400764e+01
2.245204625509516205e+01 5.782085272314152746e+01 -7.289196017464094268e+01
2.248532357486293165e+01 5.788609014576376666e+01 -7.304425852163434740e+01
2.253270237386710662e+01 5.794484113964058736e+01 -7.318939500465889125e+01
2.256310337256443432e+01 5.799471540610836229e+01 -7.334127199016070620e+01
2.263519219907376012e+01 5.805603655752072711e+01 -7.347828812344826588e+01
2.265564158121316751e+01 5.811893771480768578e+01 -7.362852098089057051e+01
2.269209106748680682e+01 5.819110248207992697e+01 -7.376169438058819594e+01
2.273814718830365678e+01 5.825083345357782605e+01 -7.393287175327488114e+01
2.277639007358083845e+01 5.829710143944105738e+01 -7.408325915899122549e+01
2.281951965696459084e+01 5.837335885422469062e+01 -7.424015530539449514e+01
