1.103907942771911621e+00 2.260768413543701172e+00 -5.884840339422225952e-02
1.115478396415710449e+00 2.293176412582397461e+00 -7.090925425291061401e-02
1.121165990829467773e+00 2.328217029571533203e+00 -5.815662816166877747e-02
1.137162208557128906e+00 2.350075006484985352e+00 -4.706323891878128052e-02
1.160461664199829102e+00 2.415297031402587891e+00 -4.574408382177352905e-02
1.148881077766418457e+00 2.460896015167236328e+00 -3.225426748394966125e-02
1.160676956176757812e+00 2.487727165222167969e+00 -2.755663916468620300e-02
1.174891114234924316e+00 2.534967422485351562e+00 -3.441747743636369705e-03
1.180528163909912109e+00 2.592760562896728516e+00 4.536336753517389297e-03
1.200640201568603516e+00 2.652729272842407227e+00 2.906580455601215363e-02
1.215810298919677734e+00 2.717420816421508789e+00 5.419631674885749817e-02
1.225314140319824219e+00 2.808599948883056641e+00 8.876169472932815552e-02
1.238984584808349609e+00 2.881537675857543945e+00 1.088205650448799133e-01
1.249378919601440430e+00 2.979442596435546875e+00 1.291635185480117798e-01
1.276337265968322754e+00 3.043813943862915039e+00 1.617784500122070312e-01
1.294004201889038086e+00 3.121912956237792969e+00 1.897669732570648193e-01
1.302672028541564941e+00 3.223242998123168945e+00 2.295513600111007690e-01
1.308691740036010742e+00 3.287789583206176758e+00 2.422105669975280762e-01
1.332689762115478516e+00 3.402063369750976562e+00 2.696482837200164795e-01
1.353666067123413086e+00 3.509457826614379883e+00 2.934835255146026611e-01
1.359980225563049316e+00 3.604545354843139648e+00 3.274683058261871338e-01
1.384186506271362305e+00 3.700689792633056641e+00 3.685314357280731201e-01
1.398470401763916016e+00 3.818553447723388672e+00 4.046772420406341553e-01
1.427358746528625488e+00 3.910702228546142578e+00 4.256716370582580566e-01
1.452354311943054199e+00 4.048912048339843750e+00 4.801709055900573730e-01
1.472979068756103516e+00 4.165724754333496094e+00 5.112097859382629395e-01
1.501627445220947266e+00 4.276070594787597656e+00 5.411243438720703125e-01
1.503018498420715332e+00 4.404061794281005859e+00 5.916047096252441406e-01
1.545998454093933105e+00 4.516584873199462891e+00 6.338098645210266113e-01
1.558178186416625977e+00 4.684282302856445312e+00 6.741201281547546387e-01
1.565566897392272949e+00 4.811000823974609375e+00 7.267793416976928711e-01
1.591311097145080566e+00 4.967092990875244141e+00 7.576681971549987793e-01
1.622381329536437988e+00 5.183917045593261719e+00 8.346660733222961426e-01
1.646845340728759766e+00 5.324227333068847656e+00 8.732280731201171875e-01
1.670042634010314941e+00 5.483495235443115234e+00 9.144221544265747070e-01
1.684512734413146973e+00 5.658362388610839844e+00 9.733991622924804688e-01
1.716479063034057617e+00 5.827728271484375000e+00 1.036292791366577148e+00
1.725896954536437988e+00 6.008944988250732422e+00 1.072643041610717773e+00
1.757077336311340332e+00 6.169639587402343750e+00 1.132865071296691895e+00
1.798261284828186035e+00 6.366788387298583984e+00 1.196189284324645996e+00
1.802626371383666992e+00 6.545754909515380859e+00 1.237777113914489746e+00
1.819940924644470215e+00 6.735013484954833984e+00 1.305448651313781738e+00
1.860976219177246094e+00 6.919269561767578125e+00 1.364913105964660645e+00
1.885652422904968262e+00 7.152550220489501953e+00 1.420987486839294434e+00
1.937424302101135254e+00 7.339213848114013672e+00 1.482859015464782715e+00
1.939698100090026855e+00 7.573022365570068359e+00 1.523590087890625000e+00
1.978010654449462891e+00 7.766483783721923828e+00 1.595889568328857422e+00
2.011723279953002930e+00 7.998142242431640625e+00 1.641465544700622559e+00
2.032401084899902344e+00 8.224039077758789062e+00 1.715758085250854492e+00
2.057486534118652344e+00 8.455862045288085938e+00 1.774881720542907715e+00
2.092779636383056641e+00 8.712721824645996094e+00 1.843868136405944824e+00
2.124805688858032227e+00 8.947938919067382812e+00 1.878717660903930664e+00
2.160989761352539062e+00 9.190877914428710938e+00 1.948871135711669922e+00
2.222792148590087891e+00 9.575374603271484375e+00 2.040149211883544922e+00
2.246732711791992188e+00 9.849011421203613281e+00 2.104520559310913086e+00
2.284107208251953125e+00 1.012649250030517578e+01 2.173307895660400391e+00
2.312406301498413086e+00 1.040358543395996094e+01 2.225689649581909180e+00
2.345160245895385742e+00 1.068706035614013672e+01 2.307739019393920898e+00
2.383707046508789062e+00 1.098849201202392578e+01 2.368391275405883789e+00
2.415760755538940430e+00 1.127899456024169922e+01 2.410085439682006836e+00
2.466296911239624023e+00 1.157212162017822266e+01 2.481088161468505859e+00
2.516368865966796875e+00 1.189369869232177734e+01 2.534291505813598633e+00
2.548011302947998047e+00 1.220404434204101562e+01 2.606601238250732422e+00
2.580308437347412109e+00 1.251560688018798828e+01 2.661613225936889648e+00
2.643276929855346680e+00 1.285840225219726562e+01 2.731688022613525391e+00
2.694037199020385742e+00 1.320654201507568359e+01 2.795812845230102539e+00
2.736317396163940430e+00 1.356061458587646484e+01 2.833036899566650391e+00
2.770444154739379883e+00 1.390435981750488281e+01 2.896713972091674805e+00
2.811172485351562500e+00 1.426660728454589844e+01 2.930939197540283203e+00
2.867253303527832031e+00 1.465669250488281250e+01 2.992830514907836914e+00
2.899449586868286133e+00 1.503402900695800781e+01 3.041346311569213867e+00
2.930612087249755859e+00 1.540561294555664062e+01 3.079952955245971680e+00
2.991025924682617188e+00 1.580853748321533203e+01 3.126626253128051758e+00
3.067561626434326172e+00 1.643043327331542969e+01 3.187367200851440430e+00
3.159029960632324219e+00 1.684805107116699219e+01 3.221398830413818359e+00
3.204273462295532227e+00 1.728944587707519531e+01 3.254046201705932617e+00
3.243743181228637695e+00 1.773378372192382812e+01 3.285958766937255859e+00
3.308846950531005859e+00 1.818567085266113281e+01 3.324414968490600586e+00
3.384164094924926758e+00 1.864855384826660156e+01 3.337460756301879883e+00
3.432265281677246094e+00 1.912024307250976562e+01 3.346544504165649414e+00
3.500443458557128906e+00 1.960797500610351562e+01 3.360803127288818359e+00
3.565342664718627930e+00 2.008208847045898438e+01 3.367300271987915039e+00
3.623588085174560547e+00 2.059431266784667969e+01 3.363452672958374023e+00
3.701521635055541992e+00 2.110807609558105469e+01 3.369726181030273438e+00
3.811711549758911133e+00 2.164351272583007812e+01 3.344140529632568359e+00
3.876122713088989258e+00 2.218214225769042969e+01 3.341194629669189453e+00
3.959815740585327148e+00 2.273170852661132812e+01 3.294670820236206055e+00
4.028775215148925781e+00 2.330781173706054688e+01 3.262737751007080078e+00
4.104814052581787109e+00 2.388271331787109375e+01 3.228146553039550781e+00
4.203066349029541016e+00 2.448078155517578125e+01 3.173073530197143555e+00
4.296581268310546875e+00 2.510353851318359375e+01 3.100342988967895508e+00
4.383593559265136719e+00 2.573984909057617188e+01 3.000293254852294922e+00
4.482279300689697266e+00 2.637445259094238281e+01 2.898281574249267578e+00
4.590533256530761719e+00 2.704880142211914062e+01 2.795713424682617188e+00
4.753290653228759766e+00 2.806971359252929688e+01 2.575893878936767578e+00
4.857723712921142578e+00 2.876897430419921875e+01 2.399960041046142578e+00
4.999716281890869141e+00 2.947696495056152344e+01 2.188614845275878906e+00
5.113287925720214844e+00 3.021586418151855469e+01 1.966669082641601562e+00
5.256694793701171875e+00 3.098683166503906250e+01 1.711545586585998535e+00
5.388036251068115234e+00 3.174239540100097656e+01 1.408665657043457031e+00
5.525035381317138672e+00 3.250112152099609375e+01 1.054579973220825195e+00
5.699319839477539062e+00 3.329152679443359375e+01 6.700530648231506348e-01
5.854123592376708984e+00 3.408326339721679688e+01 2.383402138948440552e-01
6.006961345672607422e+00 3.486359024047851562e+01 -2.527693808078765869e-01
6.182112693786621094e+00 3.561860656738281250e+01 -8.030509352684020996e-01
6.391710281372070312e+00 3.636900711059570312e+01 -1.409702658653259277e+00
6.573283672332763672e+00 3.709970474243164062e+01 -2.096138954162597656e+00
6.746702671051025391e+00 3.778325271606445312e+01 -2.785013675689697266e+00
6.929091930389404297e+00 3.842427825927734375e+01 -3.544205904006958008e+00
7.106002330780029297e+00 3.905018615722656250e+01 -4.328536510467529297e+00
7.301876544952392578e+00 3.958351898193359375e+01 -5.154747962951660156e+00
7.485824584960937500e+00 4.012460708618164062e+01 -5.997982978820800781e+00
7.654753684997558594e+00 4.057098770141601562e+01 -6.833511352539062500e+00
7.829477310180664062e+00 4.099289321899414062e+01 -7.691337585449218750e+00
7.987711429595947266e+00 4.139306259155273438e+01 -8.521326065063476562e+00
8.219376564025878906e+00 4.185777664184570312e+01 -9.734848022460937500e+00
8.359620094299316406e+00 4.214577865600585938e+01 -1.053715991973876953e+01
8.498913764953613281e+00 4.237659835815429688e+01 -1.129898071289062500e+01
8.645046234130859375e+00 4.259484100341796875e+01 -1.204663562774658203e+01
8.773866653442382812e+00 4.277391815185546875e+01 -1.275517654418945312e+01
8.905396461486816406e+00 4.293918228149414062e+01 -1.344841003417968750e+01
9.016329765319824219e+00 4.306650924682617188e+01 -1.408661365509033203e+01
9.119231224060058594e+00 4.320486450195312500e+01 -1.470273494720458984e+01
9.216752052307128906e+00 4.329616165161132812e+01 -1.531520557403564453e+01
9.331082344055175781e+00 4.342416763305664062e+01 -1.586950206756591797e+01
9.411799430847167969e+00 4.350862121582031250e+01 -1.641850662231445312e+01
9.485818862915039062e+00 4.359549713134765625e+01 -1.694029426574707031e+01
9.590739250183105469e+00 4.367334365844726562e+01 -1.745000839233398438e+01
9.651678085327148438e+00 4.370107650756835938e+01 -1.792461967468261719e+01
9.723719596862792969e+00 4.377807617187500000e+01 -1.837152862548828125e+01
9.792873382568359375e+00 4.380421447753906250e+01 -1.880255889892578125e+01
9.871972084045410156e+00 4.383982086181640625e+01 -1.922792625427246094e+01
9.922969818115234375e+00 4.386763000488281250e+01 -1.963271713256835938e+01
1.000943851470947266e+01 4.388496398925781250e+01 -2.002253150939941406e+01
1.005074310302734375e+01 4.390947341918945312e+01 -2.036923980712890625e+01
1.012418746948242188e+01 4.390669631958007812e+01 -2.071251678466796875e+01
1.020000839233398438e+01 4.391130828857421875e+01 -2.119675254821777344e+01
1.026245880126953125e+01 4.391639328002929688e+01 -2.150694847106933594e+01
1.031883716583251953e+01 4.390144729614257812e+01 -2.178904533386230469e+01
1.037139987945556641e+01 4.391329956054687500e+01 -2.205979537963867188e+01
1.039688873291015625e+01 4.389914321899414062e+01 -2.233206558227539062e+01
1.044137287139892578e+01 4.389312744140625000e+01 -2.256902694702148438e+01
1.049997615814208984e+01 4.388691711425781250e+01 -2.281190109252929688e+01
1.052892875671386719e+01 4.387078475952148438e+01 -2.303364753723144531e+01
1.056536197662353516e+01 4.387697219848632812e+01 -2.325060462951660156e+01
1.059003639221191406e+01 4.386064910888671875e+01 -2.342469024658203125e+01
1.063189029693603516e+01 4.386960601806640625e+01 -2.362710571289062500e+01
1.064994621276855469e+01 4.385595703125000000e+01 -2.381950569152832031e+01
1.069249343872070312e+01 4.385660171508789062e+01 -2.397319030761718750e+01
1.072821426391601562e+01 4.387304687500000000e+01 -2.413542938232421875e+01
1.074149513244628906e+01 4.387053298950195312e+01 -2.428761863708496094e+01
1.076652336120605469e+01 4.389064407348632812e+01 -2.445031547546386719e+01
1.081426429748535156e+01 4.389778518676757812e+01 -2.458380508422851562e+01
1.084254932403564453e+01 4.389152526855468750e+01 -2.472301292419433594e+01
1.087605381011962891e+01 4.392753219604492188e+01 -2.486572074890136719e+01
1.087904548645019531e+01 4.393199157714843750e+01 -2.499146842956542969e+01
1.089728927612304688e+01 4.393724822998046875e+01 -2.509699249267578125e+01
1.095173931121826172e+01 4.393116378784179688e+01 -2.529892349243164062e+01
1.098625469207763672e+01 4.394461059570312500e+01 -2.541206550598144531e+01
1.098969459533691406e+01 4.394809722900390625e+01 -2.554866027832031250e+01
1.101866912841796875e+01 4.394267272949218750e+01 -2.567720985412597656e+01
1.105009555816650391e+01 4.395172882080078125e+01 -2.576886940002441406e+01
1.108758831024169922e+01 4.394055175781250000e+01 -2.590927886962890625e+01
1.110226345062255859e+01 4.392490768432617188e+01 -2.601350784301757812e+01
1.112949848175048828e+01 4.390993881225585938e+01 -2.613037109375000000e+01
1.114534759521484375e+01 4.388899230957031250e+01 -2.624622344970703125e+01
1.117218875885009766e+01 4.387144470214843750e+01 -2.636180496215820312e+01
1.120794010162353516e+01 4.384321212768554688e+01 -2.646912002563476562e+01
1.122204685211181641e+01 4.381738281250000000e+01 -2.655944061279296875e+01
1.124436759948730469e+01 4.377324295043945312e+01 -2.666824150085449219e+01
1.125032806396484375e+01 4.373985290527343750e+01 -2.677573204040527344e+01
1.128004455566406250e+01 4.371544647216796875e+01 -2.686688995361328125e+01
1.128876686096191406e+01 4.366091918945312500e+01 -2.696319007873535156e+01
1.131579303741455078e+01 4.361900711059570312e+01 -2.704200935363769531e+01
1.134092903137207031e+01 4.360532379150390625e+01 -2.713423156738281250e+01
1.135564517974853516e+01 4.355232238769531250e+01 -2.721051216125488281e+01
1.136604881286621094e+01 4.349453353881835938e+01 -2.727986335754394531e+01
1.138166046142578125e+01 4.345664596557617188e+01 -2.736498451232910156e+01
1.142487716674804688e+01 4.339954376220703125e+01 -2.745719146728515625e+01
1.142589378356933594e+01 4.332748413085937500e+01 -2.751139450073242188e+01
1.143894863128662109e+01 4.327881240844726562e+01 -2.757910919189453125e+01
1.146605396270751953e+01 4.321606445312500000e+01 -2.761623954772949219e+01
1.148950767517089844e+01 4.315719223022460938e+01 -2.766683197021484375e+01
1.148081207275390625e+01 4.310400772094726562e+01 -2.769298934936523438e+01
1.147516536712646484e+01 4.305871582031250000e+01 -2.771247100830078125e+01
1.149321365356445312e+01 4.300120162963867188e+01 -2.774748420715332031e+01
1.148888874053955078e+01 4.293329620361328125e+01 -2.778165245056152344e+01
1.148676586151123047e+01 4.288755035400390625e+01 -2.777170562744140625e+01
1.150473308563232422e+01 4.283721923828125000e+01 -2.777624893188476562e+01
1.152286052703857422e+01 4.279655456542968750e+01 -2.777010726928710938e+01
1.153798103332519531e+01 4.274622344970703125e+01 -2.775258827209472656e+01
1.150746822357177734e+01 4.270089340209960938e+01 -2.772830581665039062e+01
1.152272987365722656e+01 4.265636062622070312e+01 -2.768655014038085938e+01
1.153165531158447266e+01 4.260480880737304688e+01 -2.762486267089843750e+01
1.153500175476074219e+01 4.256158065795898438e+01 -2.759263229370117188e+01
1.151947879791259766e+01 4.252344131469726562e+01 -2.749953842163085938e+01
1.152006340026855469e+01 4.252631759643554688e+01 -2.740333938598632812e+01
1.152554607391357422e+01 4.251209640502929688e+01 -2.730871963500976562e+01
1.151368999481201172e+01 4.252229690551757812e+01 -2.709206581115722656e+01
1.150986671447753906e+01 4.259449005126953125e+01 -2.692669105529785156e+01
1.149717807769775391e+01 4.267730331420898438e+01 -2.673336791992187500e+01
1.147854614257812500e+01 4.281715774536132812e+01 -2.652152252197265625e+01
1.147992801666259766e+01 4.303875732421875000e+01 -2.628612136840820312e+01
1.150984191894531250e+01 4.332660675048828125e+01 -2.607474327087402344e+01
1.154759120941162109e+01 4.367539215087890625e+01 -2.589224624633789062e+01
1.159136676788330078e+01 4.411224746704101562e+01 -2.575088882446289062e+01
1.164410305023193359e+01 4.451756286621093750e+01 -2.566300773620605469e+01
1.169320297241210938e+01 4.497610855102539062e+01 -2.563603782653808594e+01
1.176216697692871094e+01 4.537223052978515625e+01 -2.567609977722167969e+01
1.182450485229492188e+01 4.576907348632812500e+01 -2.571673011779785156e+01
1.189369773864746094e+01 4.611600875854492188e+01 -2.581399345397949219e+01
1.196368503570556641e+01 4.643502044677734375e+01 -2.592866706848144531e+01
1.201870155334472656e+01 4.672809600830078125e+01 -2.609277153015136719e+01
1.207755756378173828e+01 4.697987365722656250e+01 -2.624646949768066406e+01
1.214992809295654297e+01 4.718077087402343750e+01 -2.643934822082519531e+01
1.220471286773681641e+01 4.735085296630859375e+01 -2.661743545532226562e+01
1.223865509033203125e+01 4.752774047851562500e+01 -2.679755783081054688e+01
1.229146575927734375e+01 4.767932510375976562e+01 -2.700589179992675781e+01
1.233834838867187500e+01 4.778821563720703125e+01 -2.721036529541015625e+01
1.242078113555908203e+01 4.792734146118164062e+01 -2.752929496765136719e+01
1.247082614898681641e+01 4.801778793334960938e+01 -2.773764991760253906e+01
1.249694156646728516e+01 4.810591888427734375e+01 -2.794406700134277344e+01
1.256863880157470703e+01 4.818305587768554688e+01 -2.817970275878906250e+01
1.259587287902832031e+01 4.826036071777343750e+01 -2.841238403320312500e+01
1.260518836975097656e+01 4.831917953491210938e+01 -2.865746498107910156e+01
1.267016792297363281e+01 4.834653091430664062e+01 -2.889289855957031250e+01
1.271611022949218750e+01 4.837078094482421875e+01 -2.912044906616210938e+01
1.274663734436035156e+01 4.838721084594726562e+01 -2.937337875366210938e+01
1.281359577178955078e+01 4.841517257690429688e+01 -2.960905456542968750e+01
1.285904693603515625e+01 4.842201232910156250e+01 -2.986325836181640625e+01
1.291644287109375000e+01 4.839664459228515625e+01 -3.008400344848632812e+01
1.296851825714111328e+01 4.839749526977539062e+01 -3.032931709289550781e+01
1.301818847656250000e+01 4.838038635253906250e+01 -3.055718612670898438e+01
1.305277156829833984e+01 4.835731124877929688e+01 -3.081551170349121094e+01
1.311008071899414062e+01 4.832579040527343750e+01 -3.102972793579101562e+01
1.313850688934326172e+01 4.828549957275390625e+01 -3.125833320617675781e+01
1.317489051818847656e+01 4.823199844360351562e+01 -3.147961044311523438e+01
1.321796607971191406e+01 4.816423034667968750e+01 -3.168345451354980469e+01
1.321808719635009766e+01 4.810832595825195312e+01 -3.189385414123535156e+01
1.325979518890380859e+01 4.802019882202148438e+01 -3.209317779541015625e+01
1.332909297943115234e+01 4.796750259399414062e+01 -3.240716171264648438e+01
1.336321735382080078e+01 4.791714477539062500e+01 -3.259048843383789062e+01
1.337536239624023438e+01 4.787750244140625000e+01 -3.281056213378906250e+01
1.340737628936767578e+01 4.780463790893554688e+01 -3.300236129760742188e+01
1.345852565765380859e+01 4.777780151367187500e+01 -3.321194839477539062e+01
1.346051502227783203e+01 4.774688720703125000e+01 -3.342221069335937500e+01
1.349093246459960938e+01 4.768376922607421875e+01 -3.361807250976562500e+01
1.349761962890625000e+01 4.763788604736328125e+01 -3.381235885620117188e+01
1.352945232391357422e+01 4.759825897216796875e+01 -3.400411605834960938e+01
1.358783531188964844e+01 4.757555007934570312e+01 -3.419096755981445312e+01
1.359787654876708984e+01 4.753754043579101562e+01 -3.437272644042968750e+01
1.363615608215332031e+01 4.747591018676757812e+01 -3.456270217895507812e+01
1.367785263061523438e+01 4.746916198730468750e+01 -3.475766754150390625e+01
1.369166946411132812e+01 4.744863510131835938e+01 -3.494168472290039062e+01
1.373936939239501953e+01 4.741068267822265625e+01 -3.510429382324218750e+01
1.377038288116455078e+01 4.738282775878906250e+01 -3.529742050170898438e+01
1.379761409759521484e+01 4.736624526977539062e+01 -3.548839569091796875e+01
1.380981731414794922e+01 4.734040832519531250e+01 -3.568510437011718750e+01
1.383260154724121094e+01 4.729085159301757812e+01 -3.585720825195312500e+01
1.384477806091308594e+01 4.722707748413085938e+01 -3.603685379028320312e+01
1.387913131713867188e+01 4.714366531372070312e+01 -3.618208312988281250e+01
1.390065765380859375e+01 4.701436233520507812e+01 -3.633637619018554688e+01
1.392143630981445312e+01 4.694755172729492188e+01 -3.641551971435546875e+01
1.394774723052978516e+01 4.693421173095703125e+01 -3.650070953369140625e+01
1.395728206634521484e+01 4.694369125366210938e+01 -3.657496261596679688e+01
1.397631359100341797e+01 4.694956970214843750e+01 -3.666870880126953125e+01
1.400491333007812500e+01 4.702039718627929688e+01 -3.676525497436523438e+01
1.402250194549560547e+01 4.707037353515625000e+01 -3.688628387451171875e+01
1.407065105438232422e+01 4.715114974975585938e+01 -3.703634262084960938e+01
1.411115837097167969e+01 4.722422027587890625e+01 -3.718717956542968750e+01
1.417465686798095703e+01 4.731674575805664062e+01 -3.736618041992187500e+01
1.419655418395996094e+01 4.739690780639648438e+01 -3.751884841918945312e+01
1.426858234405517578e+01 4.749517059326171875e+01 -3.771155166625976562e+01
1.430357170104980469e+01 4.761233901977539062e+01 -3.789670181274414062e+01
1.435841178894042969e+01 4.770781707763671875e+01 -3.808607101440429688e+01
1.441765880584716797e+01 4.781249618530273438e+01 -3.829262542724609375e+01
1.448451995849609375e+01 4.791009140014648438e+01 -3.846971130371093750e+01
1.453514099121093750e+01 4.803346633911132812e+01 -3.867656707763671875e+01
1.460784149169921875e+01 4.812481307983398438e+01 -3.889067077636718750e+01
1.464962959289550781e+01 4.826997375488281250e+01 -3.909452056884765625e+01
1.470810413360595703e+01 4.836868286132812500e+01 -3.928639221191406250e+01
1.472757148742675781e+01 4.848543548583984375e+01 -3.950950622558593750e+01
1.483227825164794922e+01 4.865348434448242188e+01 -3.983323287963867188e+01
1.487768077850341797e+01 4.875894927978515625e+01 -4.004412460327148438e+01
1.491983413696289062e+01 4.885910034179687500e+01 -4.026174545288085938e+01
1.499723243713378906e+01 4.896568298339843750e+01 -4.048092269897460938e+01
1.503380775451660156e+01 4.906721878051757812e+01 -4.072291946411132812e+01
1.505800247192382812e+01 4.916851806640625000e+01 -4.092576980590820312e+01
1.509602546691894531e+01 4.924977493286132812e+01 -4.116016387939453125e+01
1.513143253326416016e+01 4.932245254516601562e+01 -4.138421249389648438e+01
1.518263149261474609e+01 4.939124679565429688e+01 -4.161215591430664062e+01
1.523244380950927734e+01 4.947105407714843750e+01 -4.186173629760742188e+01
1.526958179473876953e+01 4.955352783203125000e+01 -4.208971786499023438e+01
1.533498287200927734e+01 4.959296035766601562e+01 -4.233060836791992188e+01
1.539382266998291016e+01 4.965403366088867188e+01 -4.257333374023437500e+01
1.544548988342285156e+01 4.971835327148437500e+01 -4.281286239624023438e+01
1.551142787933349609e+01 4.975029754638671875e+01 -4.304889297485351562e+01
1.553877162933349609e+01 4.980039215087890625e+01 -4.328173446655273438e+01
1.559401512145996094e+01 4.983386993408203125e+01 -4.351029205322265625e+01
1.562983417510986328e+01 4.984846115112304688e+01 -4.374512100219726562e+01
1.569151496887207031e+01 4.988039398193359375e+01 -4.396612548828125000e+01
1.574020290374755859e+01 4.992804718017578125e+01 -4.419331359863281250e+01
1.577013874053955078e+01 4.996606063842773438e+01 -4.439148712158203125e+01
1.580905055999755859e+01 5.001028823852539062e+01 -4.469915390014648438e+01
1.585978507995605469e+01 5.004526138305664062e+01 -4.489871215820312500e+01
1.587531566619873047e+01 5.008072280883789062e+01 -4.509745025634765625e+01
1.592905044555664062e+01 5.011341857910156250e+01 -4.529219436645507812e+01
1.597142982482910156e+01 5.014222717285156250e+01 -4.548217773437500000e+01
1.601238632202148438e+01 5.015844345092773438e+01 -4.566875839233398438e+01
1.606764793395996094e+01 5.017653656005859375e+01 -4.585859298706054688e+01
1.610077095031738281e+01 5.023325729370117188e+01 -4.604383468627929688e+01
1.613428115844726562e+01 5.025898742675781250e+01 -4.621785354614257812e+01
1.617024612426757812e+01 5.028524017333984375e+01 -4.641018676757812500e+01
1.618303489685058594e+01 5.030791854858398438e+01 -4.658079147338867188e+01
1.623571968078613281e+01 5.033116912841796875e+01 -4.674132919311523438e+01
1.625567817687988281e+01 5.037927246093750000e+01 -4.691020965576171875e+01
1.631630516052246094e+01 5.038668060302734375e+01 -4.707620239257812500e+01
1.633069419860839844e+01 5.042157363891601562e+01 -4.723406982421875000e+01
1.637228012084960938e+01 5.044738769531250000e+01 -4.739054870605468750e+01
1.641888999938964844e+01 5.049625396728515625e+01 -4.753725051879882812e+01
1.646769332885742188e+01 5.053036880493164062e+01 -4.771069335937500000e+01
1.650478744506835938e+01 5.056482315063476562e+01 -4.786305618286132812e+01
1.652303314208984375e+01 5.061495208740234375e+01 -4.800772857666015625e+01
1.657104682922363281e+01 5.067934799194335938e+01 -4.824164962768554688e+01
1.663427925109863281e+01 5.070779037475585938e+01 -4.841021347045898438e+01
1.666236495971679688e+01 5.073862838745117188e+01 -4.857666015625000000e+01
1.669816398620605469e+01 5.075932693481445312e+01 -4.872133636474609375e+01
1.672594070434570312e+01 5.076485443115234375e+01 -4.889401245117187500e+01
1.676095008850097656e+01 5.081787872314453125e+01 -4.903897476196289062e+01
1.679710388183593750e+01 5.082553863525390625e+01 -4.920672607421875000e+01
1.685068893432617188e+01 5.087960433959960938e+01 -4.937631607055664062e+01
1.686228752136230469e+01 5.090120697021484375e+01 -4.952215957641601562e+01
1.691284179687500000e+01 5.096060943603515625e+01 -4.970326614379882812e+01
1.695355415344238281e+01 5.101206970214843750e+01 -4.985942840576171875e+01
1.696863937377929688e+01 5.103232955932617188e+01 -5.004157638549804688e+01
1.700870132446289062e+01 5.106241226196289062e+01 -5.020260238647460938e+01
1.706000709533691406e+01 5.111242294311523438e+01 -5.038298034667968750e+01
1.711450958251953125e+01 5.113652038574218750e+01 -5.054859161376953125e+01
1.715149307250976562e+01 5.119594573974609375e+01 -5.073597717285156250e+01
1.720488739013671875e+01 5.122352600097656250e+01 -5.092036056518554688e+01
1.724149513244628906e+01 5.124508666992187500e+01 -5.110599136352539062e+01
1.725237846374511719e+01 5.126771163940429688e+01 -5.128914260864257812e+01
1.729974746704101562e+01 5.128694152832031250e+01 -5.146731948852539062e+01
1.735453224182128906e+01 5.130044555664062500e+01 -5.165874862670898438e+01
1.741437911987304688e+01 5.132024383544921875e+01 -5.193566513061523438e+01
1.747010040283203125e+01 5.134585571289062500e+01 -5.211940383911132812e+01
1.750510978698730469e+01 5.136325836181640625e+01 -5.229816436767578125e+01
1.752708625793457031e+01 5.138319396972656250e+01 -5.248229217529296875e+01
1.753287124633789062e+01 5.141518402099609375e+01 -5.266942977905273438e+01
1.752213096618652344e+01 5.141423416137695312e+01 -5.281787490844726562e+01
1.754156112670898438e+01 5.139013290405273438e+01 -5.300471115112304688e+01
1.759067344665527344e+01 5.139562225341796875e+01 -5.316970062255859375e+01
1.765097618103027344e+01 5.140019607543945312e+01 -5.334125900268554688e+01
1.769140052795410156e+01 5.140393829345703125e+01 -5.350972366333007812e+01
1.773871040344238281e+01 5.143770217895507812e+01 -5.367554855346679688e+01
1.776942253112792969e+01 5.147499465942382812e+01 -5.385741424560546875e+01
1.779106330871582031e+01 5.149341201782226562e+01 -5.401490402221679688e+01
1.779037475585937500e+01 5.150922012329101562e+01 -5.416727828979492188e+01
1.784429740905761719e+01 5.151811218261718750e+01 -5.433994293212890625e+01
1.785475730895996094e+01 5.152281188964843750e+01 -5.451250457763671875e+01
1.789231109619140625e+01 5.153635787963867188e+01 -5.467725372314453125e+01
1.792505836486816406e+01 5.156169128417968750e+01 -5.484799957275390625e+01
1.798190498352050781e+01 5.156684112548828125e+01 -5.500531005859375000e+01
1.802322006225585938e+01 5.158340454101562500e+01 -5.516884613037109375e+01
1.804582786560058594e+01 5.162516403198242188e+01 -5.534031295776367188e+01
1.809110260009765625e+01 5.164564895629882812e+01 -5.559065628051757812e+01
1.813952445983886719e+01 5.163823318481445312e+01 -5.574264907836914062e+01
1.818973731994628906e+01 5.168062210083007812e+01 -5.589332580566406250e+01
1.823357772827148438e+01 5.172524642944335938e+01 -5.605529403686523438e+01
1.828174209594726562e+01 5.176646804809570312e+01 -5.622050094604492188e+01
1.830460739135742188e+01 5.181557083129882812e+01 -5.638630294799804688e+01
1.831066131591796875e+01 5.185202407836914062e+01 -5.654605484008789062e+01
1.834370231628417969e+01 5.186365509033203125e+01 -5.670457077026367188e+01
1.836299133300781250e+01 5.187803268432617188e+01 -5.688123321533203125e+01
1.840458297729492188e+01 5.186121368408203125e+01 -5.703177642822265625e+01
1.846928787231445312e+01 5.184635925292968750e+01 -5.716838836669921875e+01
1.851137161254882812e+01 5.187431716918945312e+01 -5.730677795410156250e+01
1.855162429809570312e+01 5.191411972045898438e+01 -5.745554351806640625e+01
1.859355545043945312e+01 5.195151901245117188e+01 -5.760826110839843750e+01
1.861542510986328125e+01 5.198491287231445312e+01 -5.775967407226562500e+01
1.862733459472656250e+01 5.200158309936523438e+01 -5.790515136718750000e+01
1.862669754028320312e+01 5.201442337036132812e+01 -5.805691146850585938e+01
1.864153861999511719e+01 5.200808715820312500e+01 -5.819464111328125000e+01
1.869644546508789062e+01 5.200748062133789062e+01 -5.833110809326171875e+01
1.873186683654785156e+01 5.200157546997070312e+01 -5.847139358520507812e+01
1.878886604309082031e+01 5.203298950195312500e+01 -5.861261749267578125e+01
1.883739089965820312e+01 5.209566497802734375e+01 -5.881776809692382812e+01
1.887308311462402344e+01 5.213030624389648438e+01 -5.896640777587890625e+01
1.890877151489257812e+01 5.215938568115234375e+01 -5.911082458496093750e+01
1.896310806274414062e+01 5.219532775878906250e+01 -5.925001525878906250e+01
1.898236656188964844e+01 5.222081756591796875e+01 -5.938931274414062500e+01
1.900605583190917969e+01 5.225942230224609375e+01 -5.953492355346679688e+01
1.904239845275878906e+01 5.228967285156250000e+01 -5.965254974365234375e+01
1.908453369140625000e+01 5.232973480224609375e+01 -5.978059005737304688e+01
1.911088752746582031e+01 5.236541748046875000e+01 -5.991397476196289062e+01
1.913029861450195312e+01 5.244717788696289062e+01 -6.004618453979492188e+01
1.915095138549804688e+01 5.248853302001953125e+01 -6.017183685302734375e+01
1.914766311645507812e+01 5.255654144287109375e+01 -6.031436538696289062e+01
1.917014122009277344e+01 5.257058334350585938e+01 -6.043364715576171875e+01
1.921058845520019531e+01 5.260105895996093750e+01 -6.056849670410156250e+01
1.925500106811523438e+01 5.263454818725585938e+01 -6.071183395385742188e+01
1.932682228088378906e+01 5.268560409545898438e+01 -6.086543273925781250e+01
1.936889266967773438e+01 5.273971939086914062e+01 -6.099116134643554688e+01
1.940254402160644531e+01 5.278638458251953125e+01 -6.113455963134765625e+01
1.943490409851074219e+01 5.283021926879882812e+01 -6.124518585205078125e+01
1.945679092407226562e+01 5.287242507934570312e+01 -6.138748168945312500e+01
1.949354743957519531e+01 5.291059875488281250e+01 -6.151503372192382812e+01
1.950184822082519531e+01 5.298480224609375000e+01 -6.171610260009765625e+01
1.953119277954101562e+01 5.300842285156250000e+01 -6.183608245849609375e+01
1.956164550781250000e+01 5.302453231811523438e+01 -6.196448516845703125e+01
1.958599281311035156e+01 5.304805755615234375e+01 -6.208728027343750000e+01
1.962927055358886719e+01 5.308511734008789062e+01 -6.222603988647460938e+01
1.966666984558105469e+01 5.313062286376953125e+01 -6.234549713134765625e+01
1.970068168640136719e+01 5.316393661499023438e+01 -6.246782302856445312e+01
1.973139762878417969e+01 5.319137954711914062e+01 -6.257776641845703125e+01
1.976814079284667969e+01 5.323511123657226562e+01 -6.270267105102539062e+01
1.978271675109863281e+01 5.326392364501953125e+01 -6.280303192138671875e+01
1.981280899047851562e+01 5.329750823974609375e+01 -6.292794799804687500e+01
1.985535240173339844e+01 5.334599304199218750e+01 -6.305313491821289062e+01
1.988307952880859375e+01 5.338327789306640625e+01 -6.316965484619140625e+01
1.988049125671386719e+01 5.342734909057617188e+01 -6.328919982910156250e+01
1.989956855773925781e+01 5.346902847290039062e+01 -6.340301895141601562e+01
1.992474365234375000e+01 5.348352813720703125e+01 -6.352973937988281250e+01
1.995729637145996094e+01 5.349652481079101562e+01 -6.364209365844726562e+01
2.001365280151367188e+01 5.351575851440429688e+01 -6.377167510986328125e+01
2.005997657775878906e+01 5.355090713500976562e+01 -6.386729049682617188e+01
2.012494277954101562e+01 5.360469818115234375e+01 -6.398752212524414062e+01
2.015730285644531250e+01 5.368040466308593750e+01 -6.409889984130859375e+01
2.019324111938476562e+01 5.378884887695312500e+01 -6.425560760498046875e+01
2.020359992980957031e+01 5.383560180664062500e+01 -6.435282897949218750e+01
2.021213912963867188e+01 5.386993789672851562e+01 -6.445948791503906250e+01
2.024727439880371094e+01 5.390820312500000000e+01 -6.455779266357421875e+01
2.029189491271972656e+01 5.397016906738281250e+01 -6.464249420166015625e+01
2.033604240417480469e+01 5.404243850708007812e+01 -6.474967956542968750e+01
2.036890411376953125e+01 5.410066223144531250e+01 -6.486222839355468750e+01
2.038100051879882812e+01 5.418564224243164062e+01 -6.496610260009765625e+01
2.041888809204101562e+01 5.425292587280273438e+01 -6.507740783691406250e+01
2.043999290466308594e+01 5.431993103027343750e+01 -6.516541290283203125e+01
2.045303726196289062e+01 5.438069915771484375e+01 -6.529326629638671875e+01
2.048421669006347656e+01 5.443302917480468750e+01 -6.539389038085937500e+01
2.050971412658691406e+01 5.448555374145507812e+01 -6.550009918212890625e+01
2.055484580993652344e+01 5.456395721435546875e+01 -6.562023162841796875e+01
2.059263229370117188e+01 5.462494659423828125e+01 -6.573280334472656250e+01
2.064196014404296875e+01 5.470109558105468750e+01 -6.585382080078125000e+01
2.067929840087890625e+01 5.476586914062500000e+01 -6.596958160400390625e+01
2.071636772155761719e+01 5.481601715087890625e+01 -6.608554840087890625e+01
2.075747680664062500e+01 5.491397094726562500e+01 -6.621512603759765625e+01
2.080308151245117188e+01 5.498785018920898438e+01 -6.633341979980468750e+01
2.085766983032226562e+01 5.511566162109375000e+01 -6.652338409423828125e+01
2.088575935363769531e+01 5.521117401123046875e+01 -6.664173889160156250e+01
2.090133857727050781e+01 5.529526519775390625e+01 -6.678405761718750000e+01
2.090719413757324219e+01 5.537137222290039062e+01 -6.690962219238281250e+01
2.096208572387695312e+01 5.542538452148437500e+01 -6.704174041748046875e+01
2.100107002258300781e+01 5.547980117797851562e+01 -6.718399810791015625e+01
2.105366706848144531e+01 5.554960250854492188e+01 -6.730632781982421875e+01
2.110563087463378906e+01 5.562541198730468750e+01 -6.743640899658203125e+01
2.115786361694335938e+01 5.569449615478515625e+01 -6.755879974365234375e+01
2.118727684020996094e+01 5.576756286621093750e+01 -6.770527648925781250e+01
2.123444175720214844e+01 5.586218643188476562e+01 -6.783831787109375000e+01
2.124078750610351562e+01 5.596670532226562500e+01 -6.798331451416015625e+01
2.124716186523437500e+01 5.601989746093750000e+01 -6.812083435058593750e+01
2.128491783142089844e+01 5.607554626464843750e+01 -6.825275421142578125e+01
2.132845687866210938e+01 5.612894821166992188e+01 -6.840492248535156250e+01
2.134850883483886719e+01 5.616197586059570312e+01 -6.854687500000000000e+01
2.141475296020507812e+01 5.621133804321289062e+01 -6.869635772705078125e+01
2.144480514526367188e+01 5.627404022216796875e+01 -6.885330963134765625e+01
2.151660919189453125e+01 5.633399200439453125e+01 -6.900357818603515625e+01
2.155638885498046875e+01 5.639424133300781250e+01 -6.914704895019531250e+01
2.160040855407714844e+01 5.647211074829101562e+01 -6.929755401611328125e+01
2.166080093383789062e+01 5.657970046997070312e+01 -6.951834869384765625e+01
2.168892669677734375e+01 5.665556335449218750e+01 -6.967652130126953125e+01
2.170427894592285156e+01 5.671586227416992188e+01 -6.981660461425781250e+01
2.171483802795410156e+01 5.675115585327148438e+01 -6.997483062744140625e+01
2.174975013732910156e+01 5.679348373413085938e+01 -7.012424468994140625e+01
2.178399658203125000e+01 5.681748580932617188e+01 -7.025838470458984375e+01
2.181973457336425781e+01 5.685778427124023438e+01 -7.041040039062500000e+01
2.186512756347656250e+01 5.691956710815429688e+01 -7.055685424804687500e+01
2.192343711853027344e+01 5.694984817504882812e+01 -7.070899200439453125e+01
2.196471405029296875e+01 5.701341247558593750e+01 -7.084258270263671875e+01
2.201194000244140625e+01 5.709852218627929688e+01 -7.100428771972656250e+01
2.204770088195800781e+01 5.715897750854492188e+01 -7.116353607177734375e+01
2.208519172668457031e+01 5.722801589965820312e+01 -7.130081176757812500e+01
2.210791015625000000e+01 5.727709960937500000e+01 -7.147427368164062500e+01
2.213199615478515625e+01 5.732434844970703125e+01 -7.161454010009765625e+01
2.217663192749023438e+01 5.739801025390625000e+01 -7.176780700683593750e+01
2.221828651428222656e+01 5.744732666015625000e+01 -7.190089416503906250e+01
2.224878692626953125e+01 5.750720214843750000e+01 -7.205964660644531250e+01
2.229088020324707031e+01 5.756157684326171875e+01 -7.220478057861328125e+01
2.233472061157226562e+01 5.763024902343750000e+01 -7.236158752441406250e+01
2.236268043518066406e+01 5.768421554565429688e+01 -7.250908660888671875e+01
2.239737701416015625e+01 5.776412200927734375e+01 -7.272534942626953125e+01
2.245522689819335938e+01 5.781903839111328125e+01 -7.288845062255859375e+01
2.249220848083496094e+01 5.786696624755859375e+01 -7.303565979003906250e+01
2.253810691833496094e+01 5.793326187133789062e+01 -7.318228149414062500e+01
2.256101226806640625e+01 5.798358154296875000e+01 -7.333427429199218750e+01
2.261738586425781250e+01 5.805219650268554688e+01 -7.347566986083984375e+01
2.266310691833496094e+01 5.810312652587890625e+01 -7.362021636962890625e+01
2.269989395141601562e+01 5.818304824829101562e+01 -7.376036071777343750e+01
2.273834419250488281e+01 5.825593948364257812e+01 -7.392037200927734375e+01
2.278303718566894531e+01 5.830979156494140625e+01 -7.407872772216796875e+01
2.281813812255859375e+01 5.836526489257812500e+01 -7.423619079589843750e+01
