1.111739039421081543e+00 2.251001119613647461e+00 -5.971617624163627625e-02
1.121645212173461914e+00 2.305197000503540039e+00 -5.597280338406562805e-02
1.116963982582092285e+00 2.331180334091186523e+00 -5.266586691141128540e-02
1.134433984756469727e+00 2.356407880783081055e+00 -5.280247330665588379e-02
1.150107860565185547e+00 2.399638652801513672e+00 -4.311184585094451904e-02
1.141699552536010742e+00 2.441161632537841797e+00 -2.356350980699062347e-02
1.162295341491699219e+00 2.490661382675170898e+00 -2.414087578654289246e-02
1.172096252441406250e+00 2.540625572204589844e+00 -1.582168741151690483e-03
1.180100202560424805e+00 2.588739871978759766e+00 1.957163587212562561e-02
1.201265454292297363e+00 2.655958175659179688e+00 3.307795524597167969e-02
1.208652973175048828e+00 2.712690591812133789e+00 5.322765558958053589e-02
1.234463930130004883e+00 2.810166358947753906e+00 8.364600688219070435e-02
1.237260103225708008e+00 2.888223409652709961e+00 1.038931012153625488e-01
1.245417833328247070e+00 2.965359687805175781e+00 1.361685544252395630e-01
1.267897009849548340e+00 3.040845155715942383e+00 1.626775562763214111e-01
1.285884976387023926e+00 3.123959779739379883e+00 1.779960542917251587e-01
1.293455600738525391e+00 3.210443019866943359e+00 2.131587117910385132e-01
1.303383111953735352e+00 3.298048019409179688e+00 2.412724792957305908e-01
1.318381190299987793e+00 3.397707700729370117e+00 2.728565931320190430e-01
1.344250440597534180e+00 3.508266210556030273e+00 2.975562512874603271e-01
1.353287220001220703e+00 3.609737157821655273e+00 3.330346345901489258e-01
1.369094610214233398e+00 3.703386068344116211e+00 3.667055666446685791e-01
1.404929876327514648e+00 3.808057785034179688e+00 3.999762833118438721e-01
1.428340435028076172e+00 3.911265373229980469e+00 4.340692758560180664e-01
1.451195478439331055e+00 4.045354366302490234e+00 4.737818539142608643e-01
1.470506429672241211e+00 4.162608146667480469e+00 5.150507688522338867e-01
1.503016948699951172e+00 4.286359310150146484e+00 5.462956428527832031e-01
1.514256119728088379e+00 4.402100086212158203e+00 5.817489624023437500e-01
1.542005896568298340e+00 4.525578498840332031e+00 6.357587575912475586e-01
1.559009432792663574e+00 4.679484844207763672e+00 6.792182922363281250e-01
1.577468156814575195e+00 4.821697711944580078e+00 7.216917872428894043e-01
1.586493849754333496e+00 4.956160545349121094e+00 7.671923041343688965e-01
1.619714975357055664e+00 5.177968502044677734e+00 8.354806900024414062e-01
1.647461414337158203e+00 5.334014892578125000e+00 8.774663805961608887e-01
1.666899442672729492e+00 5.493065834045410156e+00 9.258389472961425781e-01
1.689852237701416016e+00 5.663226127624511719e+00 9.706664085388183594e-01
1.715660810470581055e+00 5.836024284362792969e+00 1.020568251609802246e+00
1.733766198158264160e+00 6.011753559112548828e+00 1.069112420082092285e+00
1.756646037101745605e+00 6.171292781829833984e+00 1.132911801338195801e+00
1.782530546188354492e+00 6.361355781555175781e+00 1.183639883995056152e+00
1.809993624687194824e+00 6.537026405334472656e+00 1.248900055885314941e+00
1.844738245010375977e+00 6.736129283905029297e+00 1.305675029754638672e+00
1.865050435066223145e+00 6.933824539184570312e+00 1.368030905723571777e+00
1.892597079277038574e+00 7.140851974487304688e+00 1.424141168594360352e+00
1.923905968666076660e+00 7.352015972137451172e+00 1.483866453170776367e+00
1.939364314079284668e+00 7.564377307891845703e+00 1.536870241165161133e+00
1.974165678024291992e+00 7.781556606292724609e+00 1.593400597572326660e+00
2.009271621704101562e+00 7.996696949005126953e+00 1.653824806213378906e+00
2.035085678100585938e+00 8.223689079284667969e+00 1.714098453521728516e+00
2.056067228317260742e+00 8.461322784423828125e+00 1.772679209709167480e+00
2.092406034469604492e+00 8.694522857666015625e+00 1.826845407485961914e+00
2.119928598403930664e+00 8.943066596984863281e+00 1.883340835571289062e+00
2.163141965866088867e+00 9.189105033874511719e+00 1.959559202194213867e+00
2.215880393981933594e+00 9.579644203186035156e+00 2.043273210525512695e+00
2.238635301589965820e+00 9.849263191223144531e+00 2.107507705688476562e+00
2.272494077682495117e+00 1.011661434173583984e+01 2.173566102981567383e+00
2.306473016738891602e+00 1.039977264404296875e+01 2.234447717666625977e+00
2.342848777770996094e+00 1.068385696411132812e+01 2.299709320068359375e+00
2.385088205337524414e+00 1.098908996582031250e+01 2.356164932250976562e+00
2.419403553009033203e+00 1.127887535095214844e+01 2.417438030242919922e+00
2.466329097747802734e+00 1.158015155792236328e+01 2.474562406539916992e+00
2.512719392776489258e+00 1.188388729095458984e+01 2.538292884826660156e+00
2.550717115402221680e+00 1.221007347106933594e+01 2.598183393478393555e+00
2.587724208831787109e+00 1.252801799774169922e+01 2.659324645996093750e+00
2.642287254333496094e+00 1.286055660247802734e+01 2.722521066665649414e+00
2.691763401031494141e+00 1.320186901092529297e+01 2.777227878570556641e+00
2.726639509201049805e+00 1.355532264709472656e+01 2.839200258255004883e+00
2.765088558197021484e+00 1.391444683074951172e+01 2.887044429779052734e+00
2.807024717330932617e+00 1.427555084228515625e+01 2.940864086151123047e+00
2.863673925399780273e+00 1.465339183807373047e+01 2.988798856735229492e+00
2.903488636016845703e+00 1.503844738006591797e+01 3.038349390029907227e+00
2.937542915344238281e+00 1.541997051239013672e+01 3.087531089782714844e+00
2.996196985244750977e+00 1.582036113739013672e+01 3.128686428070068359e+00
3.080283641815185547e+00 1.643288803100585938e+01 3.186168909072875977e+00
3.146866083145141602e+00 1.685970497131347656e+01 3.233926773071289062e+00
3.200708866119384766e+00 1.729065132141113281e+01 3.256356239318847656e+00
3.245374917984008789e+00 1.773622894287109375e+01 3.288594484329223633e+00
3.318773984909057617e+00 1.818493652343750000e+01 3.312138557434082031e+00
3.373949527740478516e+00 1.864776420593261719e+01 3.333772897720336914e+00
3.447293758392333984e+00 1.911307716369628906e+01 3.350809812545776367e+00
3.504777908325195312e+00 1.960057258605957031e+01 3.358997583389282227e+00
3.567894697189331055e+00 2.009398841857910156e+01 3.367931365966796875e+00
3.634347438812255859e+00 2.060028266906738281e+01 3.367940902709960938e+00
3.712156295776367188e+00 2.111353874206542969e+01 3.362011671066284180e+00
3.789741277694702148e+00 2.162883186340332031e+01 3.353982686996459961e+00
3.867572784423828125e+00 2.218296051025390625e+01 3.329087018966674805e+00
3.944984912872314453e+00 2.273905944824218750e+01 3.306589603424072266e+00
4.018835067749023438e+00 2.331271934509277344e+01 3.273593664169311523e+00
4.102758407592773438e+00 2.388926124572753906e+01 3.220465660095214844e+00
4.200735092163085938e+00 2.448372650146484375e+01 3.160655736923217773e+00
4.296037673950195312e+00 2.510727310180664062e+01 3.094791412353515625e+00
4.381323814392089844e+00 2.573914909362792969e+01 3.002037048339843750e+00
4.484353065490722656e+00 2.638322067260742188e+01 2.900971174240112305e+00
4.588329315185546875e+00 2.703420257568359375e+01 2.784754037857055664e+00
4.745965480804443359e+00 2.806933593750000000e+01 2.564951181411743164e+00
4.863118171691894531e+00 2.875395011901855469e+01 2.395321369171142578e+00
4.991246223449707031e+00 2.949643516540527344e+01 2.192168235778808594e+00
5.127071380615234375e+00 3.022468757629394531e+01 1.972452878952026367e+00
5.259360313415527344e+00 3.097936058044433594e+01 1.709313035011291504e+00
5.383603096008300781e+00 3.175289154052734375e+01 1.407987713813781738e+00
5.527762889862060547e+00 3.251644897460937500e+01 1.066437005996704102e+00
5.689998149871826172e+00 3.328646087646484375e+01 6.699755191802978516e-01
5.850368499755859375e+00 3.408456802368164062e+01 2.311343103647232056e-01
6.022068500518798828e+00 3.485571670532226562e+01 -2.552171945571899414e-01
6.201552391052246094e+00 3.560597610473632812e+01 -8.116530776023864746e-01
6.386763095855712891e+00 3.635660552978515625e+01 -1.423259973526000977e+00
6.577250480651855469e+00 3.709183502197265625e+01 -2.087561130523681641e+00
6.737817287445068359e+00 3.778841400146484375e+01 -2.794969558715820312e+00
6.933561801910400391e+00 3.842878723144531250e+01 -3.555351495742797852e+00
7.106312751770019531e+00 3.903695678710937500e+01 -4.336726665496826172e+00
7.296135902404785156e+00 3.959525680541992188e+01 -5.156721115112304688e+00
7.484829425811767578e+00 4.011821746826171875e+01 -6.000291347503662109e+00
7.654986858367919922e+00 4.057942199707031250e+01 -6.834081649780273438e+00
7.836408138275146484e+00 4.100248718261718750e+01 -7.686017036437988281e+00
7.989158153533935547e+00 4.139530944824218750e+01 -8.525187492370605469e+00
8.226063728332519531e+00 4.187023544311523438e+01 -9.744497299194335938e+00
8.366003990173339844e+00 4.214370727539062500e+01 -1.053739356994628906e+01
8.500837326049804688e+00 4.238358688354492188e+01 -1.130208778381347656e+01
8.650335311889648438e+00 4.258636856079101562e+01 -1.203868389129638672e+01
8.776841163635253906e+00 4.276202392578125000e+01 -1.275840091705322266e+01
8.895159721374511719e+00 4.293705749511718750e+01 -1.343768501281738281e+01
9.007771492004394531e+00 4.307421112060546875e+01 -1.409011077880859375e+01
9.109304428100585938e+00 4.320169067382812500e+01 -1.471269226074218750e+01
9.214526176452636719e+00 4.331995391845703125e+01 -1.529937171936035156e+01
9.309297561645507812e+00 4.341756820678710938e+01 -1.587349796295166016e+01
9.401689529418945312e+00 4.351904296875000000e+01 -1.642912483215332031e+01
9.487382888793945312e+00 4.360398101806640625e+01 -1.694662857055664062e+01
9.566297531127929688e+00 4.366084289550781250e+01 -1.744773292541503906e+01
9.648009300231933594e+00 4.370577621459960938e+01 -1.792272186279296875e+01
9.716064453125000000e+00 4.377442169189453125e+01 -1.838061141967773438e+01
9.797244071960449219e+00 4.381426620483398438e+01 -1.881692123413085938e+01
9.860931396484375000e+00 4.384848403930664062e+01 -1.923081779479980469e+01
9.922518730163574219e+00 4.386677551269531250e+01 -1.962584114074707031e+01
9.990777015686035156e+00 4.388452148437500000e+01 -2.000698471069335938e+01
1.007127952575683594e+01 4.389661026000976562e+01 -2.037169837951660156e+01
1.012733078002929688e+01 4.390463256835937500e+01 -2.071834754943847656e+01
1.020682907104492188e+01 4.390790557861328125e+01 -2.119756698608398438e+01
1.025394153594970703e+01 4.390572738647460938e+01 -2.150601768493652344e+01
1.031343555450439453e+01 4.391421127319335938e+01 -2.179067039489746094e+01
1.035567569732666016e+01 4.392129516601562500e+01 -2.206331443786621094e+01
1.039637947082519531e+01 4.390687179565429688e+01 -2.232432937622070312e+01
1.042905235290527344e+01 4.389358139038085938e+01 -2.257553672790527344e+01
1.048164176940917969e+01 4.388268280029296875e+01 -2.280650520324707031e+01
1.053831958770751953e+01 4.386643981933593750e+01 -2.302997398376464844e+01
1.056779956817626953e+01 4.387121200561523438e+01 -2.324251937866210938e+01
1.060067367553710938e+01 4.386460494995117188e+01 -2.343792343139648438e+01
1.063188838958740234e+01 4.385882949829101562e+01 -2.362915992736816406e+01
1.065677356719970703e+01 4.384986495971679688e+01 -2.380381393432617188e+01
1.069359302520751953e+01 4.385113906860351562e+01 -2.397718048095703125e+01
1.072022819519042969e+01 4.386639404296875000e+01 -2.414234161376953125e+01
1.073630809783935547e+01 4.387258529663085938e+01 -2.429014587402343750e+01
1.077127742767333984e+01 4.387379074096679688e+01 -2.443979644775390625e+01
1.080741214752197266e+01 4.389393234252929688e+01 -2.458858489990234375e+01
1.084184741973876953e+01 4.390563964843750000e+01 -2.471615409851074219e+01
1.087561607360839844e+01 4.392554092407226562e+01 -2.486115074157714844e+01
1.088340854644775391e+01 4.392983245849609375e+01 -2.498534393310546875e+01
1.090075111389160156e+01 4.394580841064453125e+01 -2.511501884460449219e+01
1.095242214202880859e+01 4.393643951416015625e+01 -2.529484176635742188e+01
1.098402881622314453e+01 4.395846939086914062e+01 -2.541407012939453125e+01
1.099740123748779297e+01 4.393817520141601562e+01 -2.553747367858886719e+01
1.102932929992675781e+01 4.394205856323242188e+01 -2.565598487854003906e+01
1.104984855651855469e+01 4.394335174560546875e+01 -2.578107070922851562e+01
1.107090473175048828e+01 4.393483352661132812e+01 -2.589832305908203125e+01
1.109921741485595703e+01 4.392452239990234375e+01 -2.602157020568847656e+01
1.112738227844238281e+01 4.390845870971679688e+01 -2.613116073608398438e+01
1.115436553955078125e+01 4.388641738891601562e+01 -2.624969482421875000e+01
1.117865276336669922e+01 4.386765289306640625e+01 -2.635862922668457031e+01
1.119760513305664062e+01 4.384285354614257812e+01 -2.646224021911621094e+01
1.121445083618164062e+01 4.381272506713867188e+01 -2.657214164733886719e+01
1.123838806152343750e+01 4.377836608886718750e+01 -2.667937850952148438e+01
1.125319480895996094e+01 4.375116348266601562e+01 -2.677223014831542969e+01
1.127833271026611328e+01 4.370469665527343750e+01 -2.686960029602050781e+01
1.128643798828125000e+01 4.367065048217773438e+01 -2.695982551574707031e+01
1.131431484222412109e+01 4.361812591552734375e+01 -2.704535293579101562e+01
1.134721374511718750e+01 4.358749389648437500e+01 -2.713619995117187500e+01
1.136676502227783203e+01 4.355310821533203125e+01 -2.721647071838378906e+01
1.137460422515869141e+01 4.350557708740234375e+01 -2.728596878051757812e+01
1.138189792633056641e+01 4.346133041381835938e+01 -2.735733985900878906e+01
1.140999603271484375e+01 4.338168716430664062e+01 -2.745987892150878906e+01
1.142627429962158203e+01 4.331684875488281250e+01 -2.752232742309570312e+01
1.144297885894775391e+01 4.327048873901367188e+01 -2.757143783569335938e+01
1.145190429687500000e+01 4.320670700073242188e+01 -2.762426948547363281e+01
1.147355270385742188e+01 4.315952301025390625e+01 -2.765881156921386719e+01
1.148676490783691406e+01 4.310437774658203125e+01 -2.768549346923828125e+01
1.149229621887207031e+01 4.307139587402343750e+01 -2.772192192077636719e+01
1.148663234710693359e+01 4.300347518920898438e+01 -2.773928451538085938e+01
1.149461936950683594e+01 4.293917846679687500e+01 -2.777104377746582031e+01
1.150646686553955078e+01 4.287742233276367188e+01 -2.777756309509277344e+01
1.150538825988769531e+01 4.283013916015625000e+01 -2.777276229858398438e+01
1.152614688873291016e+01 4.277603530883789062e+01 -2.776322174072265625e+01
1.153279685974121094e+01 4.274238967895507812e+01 -2.775545120239257812e+01
1.152480792999267578e+01 4.270745468139648438e+01 -2.772976493835449219e+01
1.151468944549560547e+01 4.265802001953125000e+01 -2.768895149230957031e+01
1.152211093902587891e+01 4.259520721435546875e+01 -2.763992881774902344e+01
1.151941680908203125e+01 4.256740188598632812e+01 -2.758135223388671875e+01
1.152090454101562500e+01 4.252764129638671875e+01 -2.750570678710937500e+01
1.152264499664306641e+01 4.251727676391601562e+01 -2.741083717346191406e+01
1.151580429077148438e+01 4.251258468627929688e+01 -2.729188919067382812e+01
1.151928806304931641e+01 4.253059005737304688e+01 -2.709035873413085938e+01
1.151198005676269531e+01 4.258594894409179688e+01 -2.692106056213378906e+01
1.150649452209472656e+01 4.268869781494140625e+01 -2.673260498046875000e+01
1.148263072967529297e+01 4.282896804809570312e+01 -2.651818847656250000e+01
1.149268341064453125e+01 4.304544830322265625e+01 -2.629558753967285156e+01
1.151097869873046875e+01 4.333023071289062500e+01 -2.608016204833984375e+01
1.154562950134277344e+01 4.368832015991210938e+01 -2.589468955993652344e+01
1.157578468322753906e+01 4.409267044067382812e+01 -2.575359344482421875e+01
1.163461685180664062e+01 4.453449249267578125e+01 -2.567406272888183594e+01
1.168969058990478516e+01 4.495587921142578125e+01 -2.564610290527343750e+01
1.175873470306396484e+01 4.536734771728515625e+01 -2.566649246215820312e+01
1.182582855224609375e+01 4.576332855224609375e+01 -2.572100830078125000e+01
1.189077949523925781e+01 4.612388992309570312e+01 -2.581785964965820312e+01
1.196206378936767578e+01 4.643898391723632812e+01 -2.593348312377929688e+01
1.203163337707519531e+01 4.672098541259765625e+01 -2.608520507812500000e+01
1.208420562744140625e+01 4.697663879394531250e+01 -2.624220657348632812e+01
1.214204978942871094e+01 4.717544937133789062e+01 -2.642218589782714844e+01
1.219870853424072266e+01 4.736260986328125000e+01 -2.660451698303222656e+01
1.225503826141357422e+01 4.752085113525390625e+01 -2.680470275878906250e+01
1.229741954803466797e+01 4.766727066040039062e+01 -2.699589347839355469e+01
1.234996318817138672e+01 4.778504180908203125e+01 -2.720200157165527344e+01
1.241065120697021484e+01 4.793328475952148438e+01 -2.751899147033691406e+01
1.246583175659179688e+01 4.802779006958007812e+01 -2.773058128356933594e+01
1.250860023498535156e+01 4.811032485961914062e+01 -2.795118141174316406e+01
1.255686855316162109e+01 4.818980789184570312e+01 -2.817996597290039062e+01
1.258559417724609375e+01 4.826383209228515625e+01 -2.840575408935546875e+01
1.261423015594482422e+01 4.830085372924804688e+01 -2.864754104614257812e+01
1.266430282592773438e+01 4.833967971801757812e+01 -2.888743972778320312e+01
1.270672798156738281e+01 4.837376785278320312e+01 -2.911900138854980469e+01
1.276714992523193359e+01 4.838545227050781250e+01 -2.937270927429199219e+01
1.280924701690673828e+01 4.840100479125976562e+01 -2.961577987670898438e+01
1.285700798034667969e+01 4.840247726440429688e+01 -2.985947799682617188e+01
1.290587711334228516e+01 4.840326690673828125e+01 -3.009651756286621094e+01
1.297114372253417969e+01 4.839747619628906250e+01 -3.033654403686523438e+01
1.301401233673095703e+01 4.839011383056640625e+01 -3.057157516479492188e+01
1.305983161926269531e+01 4.835388183593750000e+01 -3.080866622924804688e+01
1.310281181335449219e+01 4.832018661499023438e+01 -3.102975845336914062e+01
1.314442825317382812e+01 4.829138946533203125e+01 -3.125985336303710938e+01
1.316791629791259766e+01 4.823020553588867188e+01 -3.146934509277343750e+01
1.320231723785400391e+01 4.816905212402343750e+01 -3.167902565002441406e+01
1.323274040222167969e+01 4.811145782470703125e+01 -3.189468574523925781e+01
1.325990390777587891e+01 4.803073883056640625e+01 -3.209887695312500000e+01
1.332139110565185547e+01 4.795343780517578125e+01 -3.239684677124023438e+01
1.335894107818603516e+01 4.791462707519531250e+01 -3.259986877441406250e+01
1.338614082336425781e+01 4.786727905273437500e+01 -3.280360031127929688e+01
1.341679954528808594e+01 4.781175994873046875e+01 -3.300229263305664062e+01
1.344607543945312500e+01 4.777006149291992188e+01 -3.320855331420898438e+01
1.345938110351562500e+01 4.774282073974609375e+01 -3.341452407836914062e+01
1.348584461212158203e+01 4.769202804565429688e+01 -3.361442565917968750e+01
1.350034618377685547e+01 4.764588546752929688e+01 -3.381322097778320312e+01
1.353570079803466797e+01 4.759332275390625000e+01 -3.400437927246093750e+01
1.357408905029296875e+01 4.756322097778320312e+01 -3.418837738037109375e+01
1.359192085266113281e+01 4.753864288330078125e+01 -3.438447570800781250e+01
1.363966560363769531e+01 4.749452209472656250e+01 -3.456804656982421875e+01
1.366972351074218750e+01 4.747653961181640625e+01 -3.474743270874023438e+01
1.369698810577392578e+01 4.743945312500000000e+01 -3.493793869018554688e+01
1.373747253417968750e+01 4.740680694580078125e+01 -3.511092758178710938e+01
1.376706314086914062e+01 4.738743591308593750e+01 -3.530915069580078125e+01
1.379083824157714844e+01 4.737051773071289062e+01 -3.549024963378906250e+01
1.380922698974609375e+01 4.733467102050781250e+01 -3.567937850952148438e+01
1.383876991271972656e+01 4.728663253784179688e+01 -3.586149978637695312e+01
1.385097408294677734e+01 4.723419189453125000e+01 -3.603511047363281250e+01
1.387224483489990234e+01 4.714141464233398438e+01 -3.618632507324218750e+01
1.391582584381103516e+01 4.702273559570312500e+01 -3.634228897094726562e+01
1.393288135528564453e+01 4.695640182495117188e+01 -3.642224121093750000e+01
1.394572353363037109e+01 4.692532348632812500e+01 -3.649483108520507812e+01
1.396385383605957031e+01 4.693933105468750000e+01 -3.657595825195312500e+01
1.398824310302734375e+01 4.696450042724609375e+01 -3.667007827758789062e+01
1.401510810852050781e+01 4.700994873046875000e+01 -3.677529525756835938e+01
1.403746032714843750e+01 4.706786346435546875e+01 -3.689919662475585938e+01
1.407200717926025391e+01 4.714175796508789062e+01 -3.703855895996093750e+01
1.412205696105957031e+01 4.720856094360351562e+01 -3.718721771240234375e+01
1.416010665893554688e+01 4.730883026123046875e+01 -3.735706710815429688e+01
1.421780967712402344e+01 4.739633941650390625e+01 -3.752978515625000000e+01
1.426997852325439453e+01 4.750340652465820312e+01 -3.770434188842773438e+01
1.432441616058349609e+01 4.761602401733398438e+01 -3.790156555175781250e+01
1.437192630767822266e+01 4.770880126953125000e+01 -3.808681869506835938e+01
1.443325901031494141e+01 4.781781387329101562e+01 -3.828948593139648438e+01
1.448626518249511719e+01 4.792160797119140625e+01 -3.848357391357421875e+01
1.453873348236083984e+01 4.802587890625000000e+01 -3.868766021728515625e+01
1.460675811767578125e+01 4.813334274291992188e+01 -3.888776397705078125e+01
1.464595222473144531e+01 4.825250244140625000e+01 -3.909545516967773438e+01
1.468773174285888672e+01 4.838214111328125000e+01 -3.930323791503906250e+01
1.473719596862792969e+01 4.847690582275390625e+01 -3.951565933227539062e+01
1.481721782684326172e+01 4.864815521240234375e+01 -3.983254623413085938e+01
1.487288188934326172e+01 4.874753189086914062e+01 -4.005762100219726562e+01
1.492270851135253906e+01 4.884687042236328125e+01 -4.027132034301757812e+01
1.498610591888427734e+01 4.895131683349609375e+01 -4.048733901977539062e+01
1.502652549743652344e+01 4.906030654907226562e+01 -4.071083068847656250e+01
1.506090545654296875e+01 4.916120147705078125e+01 -4.092776489257812500e+01
1.508314609527587891e+01 4.925464630126953125e+01 -4.115904617309570312e+01
1.512601470947265625e+01 4.932661437988281250e+01 -4.138381576538085938e+01
1.517439651489257812e+01 4.940439605712890625e+01 -4.161502456665039062e+01
1.523407268524169922e+01 4.947307586669921875e+01 -4.185264587402343750e+01
1.527340030670166016e+01 4.955017089843750000e+01 -4.209278869628906250e+01
1.532193851470947266e+01 4.959916687011718750e+01 -4.233050918579101562e+01
1.538540077209472656e+01 4.964956283569335938e+01 -4.258473205566406250e+01
1.544324111938476562e+01 4.970961380004882812e+01 -4.281077194213867188e+01
1.550058078765869141e+01 4.975820159912109375e+01 -4.304811096191406250e+01
1.554024696350097656e+01 4.980288696289062500e+01 -4.328526687622070312e+01
1.558844566345214844e+01 4.982714080810546875e+01 -4.351891708374023438e+01
1.563452625274658203e+01 4.985306167602539062e+01 -4.375477981567382812e+01
1.569137763977050781e+01 4.988983917236328125e+01 -4.397440338134765625e+01
1.572871971130371094e+01 4.992989349365234375e+01 -4.418894958496093750e+01
1.575867843627929688e+01 4.996857070922851562e+01 -4.439490890502929688e+01
1.580730628967285156e+01 5.001182174682617188e+01 -4.469253921508789062e+01
1.585064029693603516e+01 5.003691482543945312e+01 -4.488654708862304688e+01
1.588254642486572266e+01 5.007812881469726562e+01 -4.508689880371093750e+01
1.592133140563964844e+01 5.011342239379882812e+01 -4.529015731811523438e+01
1.596117019653320312e+01 5.012919235229492188e+01 -4.548542022705078125e+01
1.600748252868652344e+01 5.015721130371093750e+01 -4.567179107666015625e+01
1.606529998779296875e+01 5.019023132324218750e+01 -4.586003494262695312e+01
1.609553337097167969e+01 5.022556304931640625e+01 -4.604150772094726562e+01
1.613425636291503906e+01 5.026336288452148438e+01 -4.621887207031250000e+01
1.615997314453125000e+01 5.029474639892578125e+01 -4.641038894653320312e+01
1.619466972351074219e+01 5.030821609497070312e+01 -4.657374954223632812e+01
1.623312950134277344e+01 5.033990097045898438e+01 -4.674024200439453125e+01
1.626069641113281250e+01 5.037220382690429688e+01 -4.690963745117187500e+01
1.630641746520996094e+01 5.039162826538085938e+01 -4.706644058227539062e+01
1.632802391052246094e+01 5.042917633056640625e+01 -4.723576354980468750e+01
1.638109207153320312e+01 5.045363616943359375e+01 -4.739155960083007812e+01
1.642088127136230469e+01 5.049439239501953125e+01 -4.754720306396484375e+01
1.645306205749511719e+01 5.053793716430664062e+01 -4.770363235473632812e+01
1.649486732482910156e+01 5.056819152832031250e+01 -4.785649490356445312e+01
1.652800178527832031e+01 5.062072753906250000e+01 -4.801640319824218750e+01
1.657305717468261719e+01 5.067440414428710938e+01 -4.824988937377929688e+01
1.662009429931640625e+01 5.070114517211914062e+01 -4.841036605834960938e+01
1.666896057128906250e+01 5.074372482299804688e+01 -4.856116867065429688e+01
1.670272636413574219e+01 5.075251007080078125e+01 -4.872806167602539062e+01
1.672554397583007812e+01 5.077404403686523438e+01 -4.888851928710937500e+01
1.675366973876953125e+01 5.081020355224609375e+01 -4.904742431640625000e+01
1.680096054077148438e+01 5.082966613769531250e+01 -4.920135879516601562e+01
1.684037399291992188e+01 5.087091827392578125e+01 -4.936619949340820312e+01
1.687690734863281250e+01 5.090914154052734375e+01 -4.953062057495117188e+01
1.692042541503906250e+01 5.096045303344726562e+01 -4.969755172729492188e+01
1.694985389709472656e+01 5.101840209960937500e+01 -4.986502838134765625e+01
1.697854423522949219e+01 5.103273391723632812e+01 -5.004092407226562500e+01
1.701826095581054688e+01 5.106612396240234375e+01 -5.020082855224609375e+01
1.706385993957519531e+01 5.110514068603515625e+01 -5.037959671020507812e+01
1.711510848999023438e+01 5.113438415527343750e+01 -5.055291748046875000e+01
1.715669059753417969e+01 5.118970108032226562e+01 -5.072389984130859375e+01
1.719811248779296875e+01 5.122101593017578125e+01 -5.091244888305664062e+01
1.723211860656738281e+01 5.126347732543945312e+01 -5.109275054931640625e+01
1.725217437744140625e+01 5.127270889282226562e+01 -5.129185485839843750e+01
1.731468391418457031e+01 5.128429412841796875e+01 -5.147314071655273438e+01
1.734732246398925781e+01 5.130237579345703125e+01 -5.165521240234375000e+01
1.741596031188964844e+01 5.132125854492187500e+01 -5.193677139282226562e+01
1.746916580200195312e+01 5.134199523925781250e+01 -5.212378311157226562e+01
1.749741363525390625e+01 5.137000274658203125e+01 -5.229724502563476562e+01
1.753065681457519531e+01 5.139419555664062500e+01 -5.247118377685546875e+01
1.753343582153320312e+01 5.141847229003906250e+01 -5.266033935546875000e+01
1.751778984069824219e+01 5.142395019531250000e+01 -5.283585357666015625e+01
1.753902816772460938e+01 5.139115142822265625e+01 -5.300365447998046875e+01
1.758692550659179688e+01 5.139533233642578125e+01 -5.317464828491210938e+01
1.764126205444335938e+01 5.139825057983398438e+01 -5.334594345092773438e+01
1.768981361389160156e+01 5.139723968505859375e+01 -5.351386260986328125e+01
1.774822807312011719e+01 5.144378662109375000e+01 -5.367821502685546875e+01
1.776991462707519531e+01 5.148310852050781250e+01 -5.385202407836914062e+01
1.779223823547363281e+01 5.149763488769531250e+01 -5.401865768432617188e+01
1.780256652832031250e+01 5.151905059814453125e+01 -5.418069839477539062e+01
1.783218002319335938e+01 5.151220703125000000e+01 -5.434514999389648438e+01
1.785774421691894531e+01 5.151798248291015625e+01 -5.451308441162109375e+01
1.789967346191406250e+01 5.153635406494140625e+01 -5.468236160278320312e+01
1.793254470825195312e+01 5.155552291870117188e+01 -5.484755706787109375e+01
1.798461723327636719e+01 5.156615066528320312e+01 -5.501307296752929688e+01
1.802533149719238281e+01 5.157952499389648438e+01 -5.517434692382812500e+01
1.805170440673828125e+01 5.161536026000976562e+01 -5.534695816040039062e+01
1.809737968444824219e+01 5.164920043945312500e+01 -5.558331298828125000e+01
1.814048767089843750e+01 5.164645385742187500e+01 -5.574213790893554688e+01
1.819974517822265625e+01 5.166910171508789062e+01 -5.590391921997070312e+01
1.824209213256835938e+01 5.171729278564453125e+01 -5.605655670166015625e+01
1.828125572204589844e+01 5.177412414550781250e+01 -5.621783828735351562e+01
1.829641723632812500e+01 5.182038497924804688e+01 -5.638323211669921875e+01
1.830409240722656250e+01 5.184553146362304688e+01 -5.655333709716796875e+01
1.834474754333496094e+01 5.185986709594726562e+01 -5.671311569213867188e+01
1.836301040649414062e+01 5.187480545043945312e+01 -5.686779785156250000e+01
1.840126991271972656e+01 5.186009216308593750e+01 -5.702463150024414062e+01
1.846434974670410156e+01 5.185723114013671875e+01 -5.716659545898437500e+01
1.851782989501953125e+01 5.187656402587890625e+01 -5.731557464599609375e+01
1.855470657348632812e+01 5.191231918334960938e+01 -5.745486450195312500e+01
1.858311653137207031e+01 5.194532775878906250e+01 -5.760243988037109375e+01
1.861939048767089844e+01 5.198836898803710938e+01 -5.775561523437500000e+01
1.861671638488769531e+01 5.201322555541992188e+01 -5.791431427001953125e+01
1.863834762573242188e+01 5.200612640380859375e+01 -5.805916213989257812e+01
1.864843750000000000e+01 5.201002883911132812e+01 -5.820002365112304688e+01
1.869050216674804688e+01 5.199836730957031250e+01 -5.834002685546875000e+01
1.874946594238281250e+01 5.200617980957031250e+01 -5.847929000854492188e+01
1.879435157775878906e+01 5.204008102416992188e+01 -5.861781692504882812e+01
1.884354209899902344e+01 5.208216094970703125e+01 -5.882135391235351562e+01
1.888022994995117188e+01 5.211689758300781250e+01 -5.897006225585937500e+01
1.891380310058593750e+01 5.215623474121093750e+01 -5.911048507690429688e+01
1.894495582580566406e+01 5.219809722900390625e+01 -5.924940490722656250e+01
1.897603607177734375e+01 5.222833251953125000e+01 -5.939186096191406250e+01
1.900217819213867188e+01 5.225389480590820312e+01 -5.952166748046875000e+01
1.903347015380859375e+01 5.228808212280273438e+01 -5.964912796020507812e+01
1.907901573181152344e+01 5.231459426879882812e+01 -5.978008651733398438e+01
1.911650657653808594e+01 5.237126159667968750e+01 -5.990427017211914062e+01
1.912808227539062500e+01 5.243287277221679688e+01 -6.004302215576171875e+01
1.913874435424804688e+01 5.250435256958007812e+01 -6.017611694335937500e+01
1.914495849609375000e+01 5.255523300170898438e+01 -6.030429458618164062e+01
1.917965126037597656e+01 5.256971740722656250e+01 -6.044231033325195312e+01
1.921788215637207031e+01 5.260342025756835938e+01 -6.058081817626953125e+01
1.925982284545898438e+01 5.263022994995117188e+01 -6.072023010253906250e+01
1.931990623474121094e+01 5.268469619750976562e+01 -6.085741806030273438e+01
1.936534309387207031e+01 5.273506927490234375e+01 -6.099200820922851562e+01
1.940629386901855469e+01 5.277882766723632812e+01 -6.112565612792968750e+01
1.943727111816406250e+01 5.282024383544921875e+01 -6.125386047363281250e+01
1.945461463928222656e+01 5.287350082397460938e+01 -6.138795089721679688e+01
1.948930549621582031e+01 5.291463470458984375e+01 -6.152246856689453125e+01
1.951456642150878906e+01 5.297256851196289062e+01 -6.171689987182617188e+01
1.952984619140625000e+01 5.300770187377929688e+01 -6.184247970581054688e+01
1.955369758605957031e+01 5.303859710693359375e+01 -6.197245025634765625e+01
1.958369445800781250e+01 5.306248092651367188e+01 -6.209614181518554688e+01
1.960842704772949219e+01 5.309108734130859375e+01 -6.222262191772460938e+01
1.966357040405273438e+01 5.311972808837890625e+01 -6.234103775024414062e+01
1.969689941406250000e+01 5.315339279174804688e+01 -6.246607208251953125e+01
1.972517967224121094e+01 5.319478988647460938e+01 -6.258462524414062500e+01
1.975395774841308594e+01 5.323217391967773438e+01 -6.270873641967773438e+01
1.978987503051757812e+01 5.325716781616210938e+01 -6.281157302856445312e+01
1.982680320739746094e+01 5.330068206787109375e+01 -6.292753601074218750e+01
1.984674263000488281e+01 5.335504913330078125e+01 -6.305251693725585938e+01
1.987392807006835938e+01 5.340146255493164062e+01 -6.316901779174804688e+01
1.988619232177734375e+01 5.344399642944335938e+01 -6.328992843627929688e+01
1.991221618652343750e+01 5.346270370483398438e+01 -6.340599060058593750e+01
1.992684173583984375e+01 5.347484588623046875e+01 -6.352654647827148438e+01
1.996277046203613281e+01 5.349113845825195312e+01 -6.364488983154296875e+01
2.000126266479492188e+01 5.351144790649414062e+01 -6.375917816162109375e+01
2.006167411804199219e+01 5.355077743530273438e+01 -6.388029861450195312e+01
2.012322807312011719e+01 5.361491394042968750e+01 -6.398401641845703125e+01
2.015909194946289062e+01 5.367766571044921875e+01 -6.409811401367187500e+01
2.020037269592285156e+01 5.377370071411132812e+01 -6.426230621337890625e+01
2.020747375488281250e+01 5.383572006225585938e+01 -6.436516571044921875e+01
2.021708869934082031e+01 5.387088012695312500e+01 -6.446176910400390625e+01
2.025532531738281250e+01 5.391489028930664062e+01 -6.455549621582031250e+01
2.029446029663085938e+01 5.396343612670898438e+01 -6.465597534179687500e+01
2.033416938781738281e+01 5.404088592529296875e+01 -6.475224304199218750e+01
2.036174201965332031e+01 5.411012649536132812e+01 -6.485316467285156250e+01
2.038570404052734375e+01 5.419312667846679688e+01 -6.496353912353515625e+01
2.040877914428710938e+01 5.426428985595703125e+01 -6.506435394287109375e+01
2.042579841613769531e+01 5.433131027221679688e+01 -6.517758941650390625e+01
2.044205093383789062e+01 5.437525939941406250e+01 -6.528633117675781250e+01
2.048056602478027344e+01 5.443785095214843750e+01 -6.539583587646484375e+01
2.051652717590332031e+01 5.449073410034179688e+01 -6.550922393798828125e+01
2.056447601318359375e+01 5.455409622192382812e+01 -6.561550140380859375e+01
2.058547401428222656e+01 5.462617874145507812e+01 -6.572811126708984375e+01
2.063404083251953125e+01 5.469577026367187500e+01 -6.585093688964843750e+01
2.067704963684082031e+01 5.475566101074218750e+01 -6.596957397460937500e+01
2.072131347656250000e+01 5.483626556396484375e+01 -6.608089447021484375e+01
2.077601051330566406e+01 5.491308593750000000e+01 -6.621727752685546875e+01
2.081695175170898438e+01 5.498512649536132812e+01 -6.634147644042968750e+01
2.086700630187988281e+01 5.512958526611328125e+01 -6.653147888183593750e+01
2.088179969787597656e+01 5.521170425415039062e+01 -6.665660858154296875e+01
2.091226959228515625e+01 5.528726577758789062e+01 -6.677984619140625000e+01
2.092536354064941406e+01 5.536186981201171875e+01 -6.691006469726562500e+01
2.094619178771972656e+01 5.541700744628906250e+01 -6.703958129882812500e+01
2.099264907836914062e+01 5.548375701904296875e+01 -6.716938018798828125e+01
2.105227661132812500e+01 5.555018615722656250e+01 -6.730841064453125000e+01
2.111662673950195312e+01 5.561952972412109375e+01 -6.743426513671875000e+01
2.115263557434082031e+01 5.570191955566406250e+01 -6.756618499755859375e+01
2.118720436096191406e+01 5.577806854248046875e+01 -6.770239257812500000e+01
2.122265052795410156e+01 5.587796783447265625e+01 -6.783652496337890625e+01
2.123264312744140625e+01 5.595068359375000000e+01 -6.797711944580078125e+01
2.125002479553222656e+01 5.602212142944335938e+01 -6.811959075927734375e+01
2.127575111389160156e+01 5.608142089843750000e+01 -6.826308441162109375e+01
2.131226348876953125e+01 5.612812042236328125e+01 -6.841432952880859375e+01
2.134552574157714844e+01 5.616899108886718750e+01 -6.855918121337890625e+01
2.140790748596191406e+01 5.621556854248046875e+01 -6.870576477050781250e+01
2.144667053222656250e+01 5.627059555053710938e+01 -6.885379791259765625e+01
2.151292037963867188e+01 5.633010864257812500e+01 -6.899887847900390625e+01
2.156270980834960938e+01 5.638562393188476562e+01 -6.914275360107421875e+01
2.160081863403320312e+01 5.645762252807617188e+01 -6.928485107421875000e+01
2.165847015380859375e+01 5.657883453369140625e+01 -6.951940155029296875e+01
2.167541313171386719e+01 5.665690612792968750e+01 -6.968025970458984375e+01
2.168596076965332031e+01 5.672416305541992188e+01 -6.982765197753906250e+01
2.171924400329589844e+01 5.675114059448242188e+01 -6.997628784179687500e+01
2.174857330322265625e+01 5.679360961914062500e+01 -7.011961364746093750e+01
2.177813148498535156e+01 5.682957077026367188e+01 -7.025963592529296875e+01
2.182551383972167969e+01 5.686806869506835938e+01 -7.040579223632812500e+01
2.186861610412597656e+01 5.692179870605468750e+01 -7.055580902099609375e+01
2.192126274108886719e+01 5.695084762573242188e+01 -7.070573425292968750e+01
2.196542549133300781e+01 5.702417373657226562e+01 -7.084490203857421875e+01
2.201342010498046875e+01 5.708644866943359375e+01 -7.100165557861328125e+01
2.204989814758300781e+01 5.714948272705078125e+01 -7.115500640869140625e+01
2.207818222045898438e+01 5.721513366699218750e+01 -7.131023406982421875e+01
2.210931777954101562e+01 5.727684783935546875e+01 -7.147013092041015625e+01
2.213902282714843750e+01 5.732914733886718750e+01 -7.161529541015625000e+01
2.217311859130859375e+01 5.739239120483398438e+01 -7.176474761962890625e+01
2.221487426757812500e+01 5.744259643554687500e+01 -7.191386413574218750e+01
2.225114250183105469e+01 5.749456024169921875e+01 -7.205615234375000000e+01
2.228881263732910156e+01 5.756610488891601562e+01 -7.221787261962890625e+01
2.232885742187500000e+01 5.762789535522460938e+01 -7.236459350585937500e+01
2.234707641601562500e+01 5.769645309448242188e+01 -7.251654815673828125e+01
2.241111183166503906e+01 5.776666259765625000e+01 -7.273062133789062500e+01
2.246472549438476562e+01 5.781838607788085938e+01 -7.288710021972656250e+01
2.248860549926757812e+01 5.787446212768554688e+01 -7.304347229003906250e+01
2.253689575195312500e+01 5.793039321899414062e+01 -7.318154144287109375e+01
2.256414604187011719e+01 5.796864318847656250e+01 -7.333909606933593750e+01
2.261537933349609375e+01 5.804495620727539062e+01 -7.347611999511718750e+01
2.266037559509277344e+01 5.810800170898437500e+01 -7.362187194824218750e+01
2.270881462097167969e+01 5.818248367309570312e+01 -7.377309417724609375e+01
2.274498176574707031e+01 5.824598312377929688e+01 -7.392477416992187500e+01
2.277499580383300781e+01 5.831449508666992188e+01 -7.408343505859375000e+01
2.282855987548828125e+01 5.837225723266601562e+01 -7.423011016845703125e+01
