1.904630064964294434e+00 3.543035984039306641e+00 -1.922241687774658203e+00
1.924441695213317871e+00 3.606693506240844727e+00 -1.941599607467651367e+00
1.945011138916015625e+00 3.653890848159790039e+00 -1.959015130996704102e+00
1.966219425201416016e+00 3.717843770980834961e+00 -1.970813393592834473e+00
1.984757423400878906e+00 3.769258260726928711e+00 -1.983358621597290039e+00
2.029111146926879883e+00 3.853543519973754883e+00 -1.997122049331665039e+00
2.039265155792236328e+00 3.905132293701171875e+00 -1.996305704116821289e+00
2.065792798995971680e+00 3.978408336639404297e+00 -2.008065223693847656e+00
2.066080331802368164e+00 4.037071228027343750e+00 -2.008929729461669922e+00
2.097110509872436523e+00 4.095016002655029297e+00 -2.011577844619750977e+00
2.129441022872924805e+00 4.193356037139892578e+00 -2.009600162506103516e+00
2.150733470916748047e+00 4.242288589477539062e+00 -2.011888027191162109e+00
2.182320833206176758e+00 4.327214241027832031e+00 -2.005744695663452148e+00
2.202257633209228516e+00 4.391210556030273438e+00 -2.006704092025756836e+00
2.226477622985839844e+00 4.488271236419677734e+00 -1.996721148490905762e+00
2.252475738525390625e+00 4.559596538543701172e+00 -1.999422907829284668e+00
2.280308723449707031e+00 4.672961711883544922e+00 -1.988544821739196777e+00
2.301024675369262695e+00 4.775018692016601562e+00 -1.978145360946655273e+00
2.312470197677612305e+00 4.863957405090332031e+00 -1.965448856353759766e+00
2.344835996627807617e+00 4.979454040527343750e+00 -1.951253175735473633e+00
2.368386030197143555e+00 5.067050933837890625e+00 -1.939277291297912598e+00
2.395383358001708984e+00 5.209543228149414062e+00 -1.916759014129638672e+00
2.400644302368164062e+00 5.303002357482910156e+00 -1.901739597320556641e+00
2.419533967971801758e+00 5.433361530303955078e+00 -1.883538842201232910e+00
2.442436456680297852e+00 5.526428222656250000e+00 -1.870079159736633301e+00
2.468020200729370117e+00 5.673582553863525391e+00 -1.843266010284423828e+00
2.510475158691406250e+00 5.840848922729492188e+00 -1.805419087409973145e+00
2.520574331283569336e+00 5.953196525573730469e+00 -1.795723795890808105e+00
2.553353071212768555e+00 6.117634773254394531e+00 -1.769897341728210449e+00
2.573971748352050781e+00 6.243234634399414062e+00 -1.742249488830566406e+00
2.598419666290283203e+00 6.412367343902587891e+00 -1.714165329933166504e+00
2.626224994659423828e+00 6.534708976745605469e+00 -1.695492863655090332e+00
2.653781414031982422e+00 6.725319862365722656e+00 -1.654853820800781250e+00
2.674715042114257812e+00 6.852561473846435547e+00 -1.633996725082397461e+00
2.705880165100097656e+00 7.048314571380615234e+00 -1.590828180313110352e+00
2.733672380447387695e+00 7.264213562011718750e+00 -1.545503616333007812e+00
2.756918430328369141e+00 7.401708602905273438e+00 -1.514613866806030273e+00
2.782091379165649414e+00 7.600797176361083984e+00 -1.474468111991882324e+00
2.813931703567504883e+00 7.747995376586914062e+00 -1.439167261123657227e+00
2.852982997894287109e+00 7.970859050750732422e+00 -1.392429590225219727e+00
2.885479688644409180e+00 8.124716758728027344e+00 -1.363547801971435547e+00
2.927499771118164062e+00 8.365162849426269531e+00 -1.309718251228332520e+00
2.947579860687255859e+00 8.623987197875976562e+00 -1.268701910972595215e+00
2.971910715103149414e+00 8.795064926147460938e+00 -1.232779622077941895e+00
3.017252683639526367e+00 9.045635223388671875e+00 -1.177628993988037109e+00
3.056858062744140625e+00 9.223862648010253906e+00 -1.137515425682067871e+00
3.096761703491210938e+00 9.489562034606933594e+00 -1.090639352798461914e+00
3.134086132049560547e+00 9.671328544616699219e+00 -1.057621955871582031e+00
3.169321537017822266e+00 9.966991424560546875e+00 -1.004574298858642578e+00
3.198347568511962891e+00 1.016196823120117188e+01 -9.730736017227172852e-01
3.234297752380371094e+00 1.045396804809570312e+01 -9.113025069236755371e-01
3.280063629150390625e+00 1.075545978546142578e+01 -8.563708662986755371e-01
3.310199260711669922e+00 1.096593475341796875e+01 -8.271475434303283691e-01
3.355072021484375000e+00 1.128635787963867188e+01 -7.662819623947143555e-01
3.385141849517822266e+00 1.150712871551513672e+01 -7.299320697784423828e-01
3.426034450531005859e+00 1.185337734222412109e+01 -6.707601547241210938e-01
3.468004226684570312e+00 1.208863639831542969e+01 -6.406709551811218262e-01
3.515813827514648438e+00 1.244077110290527344e+01 -5.972970128059387207e-01
3.552642345428466797e+00 1.267832660675048828e+01 -5.558271408081054688e-01
3.594168186187744141e+00 1.305040931701660156e+01 -5.068433880805969238e-01
3.650347709655761719e+00 1.342483043670654297e+01 -4.602378606796264648e-01
3.697863817214965820e+00 1.368927478790283203e+01 -4.287741482257843018e-01
3.733862161636352539e+00 1.407974910736083984e+01 -3.800372183322906494e-01
3.768128633499145508e+00 1.434247207641601562e+01 -3.544511497020721436e-01
3.841949462890625000e+00 1.475310516357421875e+01 -3.103984296321868896e-01
3.876718044281005859e+00 1.503328704833984375e+01 -2.768772244453430176e-01
3.959860801696777344e+00 1.546929740905761719e+01 -2.315966188907623291e-01
4.007982730865478516e+00 1.592474937438964844e+01 -1.911574900150299072e-01
4.043677330017089844e+00 1.622383117675781250e+01 -1.509757488965988159e-01
4.090322971343994141e+00 1.668041801452636719e+01 -1.141293048858642578e-01
4.145057678222656250e+00 1.699023056030273438e+01 -9.731689840555191040e-02
4.207282066345214844e+00 1.748567008972167969e+01 -6.576066464185714722e-02
4.248668670654296875e+00 1.781193161010742188e+01 -5.030110850930213928e-02
4.320230960845947266e+00 1.832332038879394531e+01 -2.539276890456676483e-02
4.370541095733642578e+00 1.866667938232421875e+01 -4.904209636151790619e-03
4.443047046661376953e+00 1.919453430175781250e+01 1.270663086324930191e-02
4.516386032104492188e+00 1.973119163513183594e+01 2.658393047749996185e-02
4.568999290466308594e+00 2.011013793945312500e+01 3.440041467547416687e-02
4.657851219177246094e+00 2.068595886230468750e+01 4.235491156578063965e-02
4.700070858001708984e+00 2.108037567138671875e+01 4.740373417735099792e-02
4.785198211669921875e+00 2.167217445373535156e+01 3.308347240090370178e-02
4.846133232116699219e+00 2.207065773010253906e+01 3.175981715321540833e-02
4.949915885925292969e+00 2.269218063354492188e+01 1.341572590172290802e-02
5.018820285797119141e+00 2.312390327453613281e+01 -1.245818799361586571e-03
5.120378017425537109e+00 2.378646278381347656e+01 -3.538924455642700195e-02
5.227766990661621094e+00 2.446721649169921875e+01 -8.720683306455612183e-02
5.274464607238769531e+00 2.492612838745117188e+01 -1.169091463088989258e-01
5.372217178344726562e+00 2.562895202636718750e+01 -1.878325790166854858e-01
5.442349433898925781e+00 2.611571311950683594e+01 -2.459620386362075806e-01
5.556530475616455078e+00 2.686497306823730469e+01 -3.413657546043395996e-01
5.641986846923828125e+00 2.737554550170898438e+01 -4.151166677474975586e-01
5.759638309478759766e+00 2.816134071350097656e+01 -5.458379387855529785e-01
5.896655559539794922e+00 2.897423553466796875e+01 -7.063178420066833496e-01
5.986382484436035156e+00 2.952291297912597656e+01 -8.332488536834716797e-01
6.135296821594238281e+00 3.037787437438964844e+01 -1.044779300689697266e+00
6.234799385070800781e+00 3.095894432067871094e+01 -1.208810210227966309e+00
6.388714790344238281e+00 3.186204910278320312e+01 -1.483562350273132324e+00
6.481000423431396484e+00 3.247548294067382812e+01 -1.695749163627624512e+00
6.658840656280517578e+00 3.339487075805664062e+01 -2.059997320175170898e+00
6.787470817565917969e+00 3.404062271118164062e+01 -2.329996109008789062e+00
6.956389904022216797e+00 3.501712417602539062e+01 -2.804316520690917969e+00
7.129223823547363281e+00 3.598025131225585938e+01 -3.341087341308593750e+00
7.261307239532470703e+00 3.662503051757812500e+01 -3.745523691177368164e+00
7.488340377807617188e+00 3.757285690307617188e+01 -4.426617622375488281e+00
7.651263236999511719e+00 3.820695877075195312e+01 -4.926542758941650391e+00
7.861515045166015625e+00 3.913541030883789062e+01 -5.752668380737304688e+00
8.019389152526855469e+00 3.971729278564453125e+01 -6.339691162109375000e+00
8.256477355957031250e+00 4.051770782470703125e+01 -7.279578208923339844e+00
8.423317909240722656e+00 4.104912567138671875e+01 -7.944823265075683594e+00
8.647364616394042969e+00 4.176621246337890625e+01 -8.972188949584960938e+00
8.877828598022460938e+00 4.242572402954101562e+01 -1.003481578826904297e+01
9.033838272094726562e+00 4.283576583862304688e+01 -1.074540710449218750e+01
9.247801780700683594e+00 4.337638092041015625e+01 -1.183108520507812500e+01
9.378896713256835938e+00 4.369584655761718750e+01 -1.254578113555908203e+01
9.588497161865234375e+00 4.412419128417968750e+01 -1.360755443572998047e+01
9.730660438537597656e+00 4.439756011962890625e+01 -1.431132507324218750e+01
9.927968025207519531e+00 4.475439071655273438e+01 -1.533324337005615234e+01
1.010351371765136719e+01 4.507272720336914062e+01 -1.633331489562988281e+01
1.021682453155517578e+01 4.525395584106445312e+01 -1.698254013061523438e+01
1.037679862976074219e+01 4.550321960449218750e+01 -1.791179656982421875e+01
1.048393154144287109e+01 4.565760040283203125e+01 -1.850584793090820312e+01
1.063885116577148438e+01 4.587317276000976562e+01 -1.937637138366699219e+01
1.072806549072265625e+01 4.598753356933593750e+01 -1.993414497375488281e+01
1.085775279998779297e+01 4.614187622070312500e+01 -2.074653053283691406e+01
1.092863178253173828e+01 4.622563552856445312e+01 -2.126709556579589844e+01
1.106196975708007812e+01 4.636330032348632812e+01 -2.201700973510742188e+01
1.117511367797851562e+01 4.647471618652343750e+01 -2.272403526306152344e+01
1.124645423889160156e+01 4.652707672119140625e+01 -2.318352508544921875e+01
1.137145519256591797e+01 4.662781143188476562e+01 -2.384585380554199219e+01
1.143972301483154297e+01 4.668613815307617188e+01 -2.427343750000000000e+01
1.153388023376464844e+01 4.674861907958984375e+01 -2.488909149169921875e+01
1.160582733154296875e+01 4.679289627075195312e+01 -2.527645492553710938e+01
1.170745658874511719e+01 4.683636856079101562e+01 -2.584871482849121094e+01
1.176022434234619141e+01 4.687673187255859375e+01 -2.622420120239257812e+01
1.184842872619628906e+01 4.691603469848632812e+01 -2.674925613403320312e+01
1.193258666992187500e+01 4.693446350097656250e+01 -2.725584030151367188e+01
1.199437522888183594e+01 4.694569396972656250e+01 -2.757175445556640625e+01
1.207697677612304688e+01 4.695699310302734375e+01 -2.803707504272460938e+01
1.212329769134521484e+01 4.696489715576171875e+01 -2.833616638183593750e+01
1.218646907806396484e+01 4.697875595092773438e+01 -2.875535392761230469e+01
1.223050785064697266e+01 4.697168731689453125e+01 -2.903224372863769531e+01
1.230239868164062500e+01 4.698359680175781250e+01 -2.942288589477539062e+01
1.235619163513183594e+01 4.698304748535156250e+01 -2.978135681152343750e+01
1.239830112457275391e+01 4.697074890136718750e+01 -3.001857757568359375e+01
1.245925331115722656e+01 4.697430801391601562e+01 -3.036557960510253906e+01
1.248734283447265625e+01 4.696487808227539062e+01 -3.058417320251464844e+01
1.253845310211181641e+01 4.696789932250976562e+01 -3.089497947692871094e+01
1.256731414794921875e+01 4.697161483764648438e+01 -3.109671592712402344e+01
1.263035297393798828e+01 4.698069381713867188e+01 -3.138288879394531250e+01
1.266030693054199219e+01 4.698451995849609375e+01 -3.156151771545410156e+01
1.272145175933837891e+01 4.698914718627929688e+01 -3.182645797729492188e+01
1.277911281585693359e+01 4.700726699829101562e+01 -3.208240890502929688e+01
1.281007003784179688e+01 4.702084732055664062e+01 -3.225027465820312500e+01
1.286126041412353516e+01 4.703484344482421875e+01 -3.249877166748046875e+01
1.289190196990966797e+01 4.704739379882812500e+01 -3.264387893676757812e+01
1.294047737121582031e+01 4.706324768066406250e+01 -3.287646102905273438e+01
1.297740459442138672e+01 4.708388137817382812e+01 -3.302355575561523438e+01
1.302139282226562500e+01 4.711767959594726562e+01 -3.323794937133789062e+01
1.303186511993408203e+01 4.713210296630859375e+01 -3.338140487670898438e+01
1.306213474273681641e+01 4.712083816528320312e+01 -3.360032272338867188e+01
1.309819126129150391e+01 4.714254760742187500e+01 -3.380039596557617188e+01
1.311760139465332031e+01 4.714677810668945312e+01 -3.393556976318359375e+01
1.316615962982177734e+01 4.716600418090820312e+01 -3.413512039184570312e+01
1.319504642486572266e+01 4.716708374023437500e+01 -3.426324844360351562e+01
1.322044277191162109e+01 4.717448043823242188e+01 -3.445687484741210938e+01
1.325062465667724609e+01 4.717042160034179688e+01 -3.458370971679687500e+01
1.329960441589355469e+01 4.718470382690429688e+01 -3.476181793212890625e+01
1.333285617828369141e+01 4.718436813354492188e+01 -3.494861602783203125e+01
1.335188388824462891e+01 4.718894577026367188e+01 -3.506735610961914062e+01
1.338396930694580078e+01 4.718307113647460938e+01 -3.523579406738281250e+01
1.341154861450195312e+01 4.716162490844726562e+01 -3.534700012207031250e+01
1.346121883392333984e+01 4.713961791992187500e+01 -3.551403427124023438e+01
1.349140548706054688e+01 4.713728713989257812e+01 -3.562207031250000000e+01
1.352918243408203125e+01 4.712010574340820312e+01 -3.578292846679687500e+01
1.355831718444824219e+01 4.710786437988281250e+01 -3.588492584228515625e+01
1.357806110382080078e+01 4.708900833129882812e+01 -3.602814102172851562e+01
1.358525180816650391e+01 4.706424331665039062e+01 -3.617303848266601562e+01
1.361131572723388672e+01 4.704686355590820312e+01 -3.626713943481445312e+01
1.364096355438232422e+01 4.700351715087890625e+01 -3.639031219482421875e+01
1.367193222045898438e+01 4.698076248168945312e+01 -3.646906280517578125e+01
1.368541622161865234e+01 4.694924545288085938e+01 -3.659138488769531250e+01
1.370200538635253906e+01 4.692806243896484375e+01 -3.665842819213867188e+01
1.372398948669433594e+01 4.688026046752929688e+01 -3.677839279174804688e+01
1.374254417419433594e+01 4.685337829589843750e+01 -3.684447479248046875e+01
1.377463817596435547e+01 4.679622650146484375e+01 -3.693478012084960938e+01
1.379607582092285156e+01 4.677746200561523438e+01 -3.702355194091796875e+01
1.380703449249267578e+01 4.674873352050781250e+01 -3.707709884643554688e+01
1.382259559631347656e+01 4.669086837768554688e+01 -3.714553451538085938e+01
1.382895946502685547e+01 4.666536331176757812e+01 -3.718047332763671875e+01
1.385491085052490234e+01 4.661860656738281250e+01 -3.723265838623046875e+01
1.387033367156982422e+01 4.659991073608398438e+01 -3.726460647583007812e+01
1.388696193695068359e+01 4.655714416503906250e+01 -3.729899597167968750e+01
1.390676879882812500e+01 4.652010726928710938e+01 -3.733737945556640625e+01
1.391801166534423828e+01 4.649134826660156250e+01 -3.734371948242187500e+01
1.393342113494873047e+01 4.647304534912109375e+01 -3.735478210449218750e+01
1.393161010742187500e+01 4.647021484375000000e+01 -3.735819244384765625e+01
1.394130134582519531e+01 4.644303894042968750e+01 -3.734814453125000000e+01
1.394516372680664062e+01 4.642982101440429688e+01 -3.732334136962890625e+01
1.394533252716064453e+01 4.641636276245117188e+01 -3.727769851684570312e+01
1.395511913299560547e+01 4.639568328857421875e+01 -3.724112319946289062e+01
1.396969509124755859e+01 4.641242980957031250e+01 -3.717588806152343750e+01
1.397680282592773438e+01 4.643725204467773438e+01 -3.707807922363281250e+01
1.397892189025878906e+01 4.645148086547851562e+01 -3.700143432617187500e+01
1.399366092681884766e+01 4.652371597290039062e+01 -3.687869262695312500e+01
1.400581741333007812e+01 4.659499359130859375e+01 -3.677317428588867188e+01
1.400742149353027344e+01 4.672667694091796875e+01 -3.660347366333007812e+01
1.401097202301025391e+01 4.685448074340820312e+01 -3.648102951049804688e+01
1.402866840362548828e+01 4.709154891967773438e+01 -3.627859497070312500e+01
1.405261993408203125e+01 4.730210494995117188e+01 -3.615990066528320312e+01
1.407680225372314453e+01 4.767494964599609375e+01 -3.598476028442382812e+01
1.412597656250000000e+01 4.810613250732421875e+01 -3.586465835571289062e+01
1.415760993957519531e+01 4.842131423950195312e+01 -3.580987167358398438e+01
1.422010993957519531e+01 4.890961456298828125e+01 -3.577605819702148438e+01
1.428179836273193359e+01 4.924618911743164062e+01 -3.579209899902343750e+01
1.436674785614013672e+01 4.973110198974609375e+01 -3.583550262451171875e+01
1.442233848571777344e+01 5.004623794555664062e+01 -3.590137481689453125e+01
1.452247047424316406e+01 5.049126052856445312e+01 -3.601947784423828125e+01
1.460875225067138672e+01 5.091829681396484375e+01 -3.617654037475585938e+01
1.464966392517089844e+01 5.118504714965820312e+01 -3.629672622680664062e+01
1.472648620605468750e+01 5.154862976074218750e+01 -3.649339294433593750e+01
1.478000926971435547e+01 5.177399444580078125e+01 -3.663784408569335938e+01
1.486003303527832031e+01 5.207472610473632812e+01 -3.687282562255859375e+01
1.492043209075927734e+01 5.226372146606445312e+01 -3.703172683715820312e+01
1.500116157531738281e+01 5.252710342407226562e+01 -3.728239822387695312e+01
1.504929637908935547e+01 5.269776916503906250e+01 -3.745714950561523438e+01
1.511594200134277344e+01 5.292914199829101562e+01 -3.772071075439453125e+01
1.518824291229248047e+01 5.311898803710937500e+01 -3.799987411499023438e+01
1.522155380249023438e+01 5.323349380493164062e+01 -3.819818878173828125e+01
1.529148769378662109e+01 5.339634704589843750e+01 -3.849591064453125000e+01
1.533841514587402344e+01 5.349556732177734375e+01 -3.870436096191406250e+01
1.541836929321289062e+01 5.362792968750000000e+01 -3.901097106933593750e+01
1.545472526550292969e+01 5.370330810546875000e+01 -3.922182083129882812e+01
1.552420234680175781e+01 5.381252670288085938e+01 -3.953346633911132812e+01
1.555968761444091797e+01 5.386785125732421875e+01 -3.973933029174804688e+01
1.560945892333984375e+01 5.394172668457031250e+01 -4.004633331298828125e+01
1.567387580871582031e+01 5.399790954589843750e+01 -4.035480499267578125e+01
1.573169422149658203e+01 5.401801681518554688e+01 -4.056403732299804688e+01
1.580363559722900391e+01 5.408515167236328125e+01 -4.087740325927734375e+01
1.585182189941406250e+01 5.410992050170898438e+01 -4.107896804809570312e+01
1.590762424468994141e+01 5.414878845214843750e+01 -4.137466049194335938e+01
1.591720581054687500e+01 5.416513061523437500e+01 -4.156633377075195312e+01
1.595129203796386719e+01 5.414277267456054688e+01 -4.186207962036132812e+01
1.600672912597656250e+01 5.411552047729492188e+01 -4.213732910156250000e+01
1.605764007568359375e+01 5.408913803100585938e+01 -4.232074356079101562e+01
1.614005470275878906e+01 5.407934188842773438e+01 -4.257548904418945312e+01
1.617118835449218750e+01 5.407499694824218750e+01 -4.275204467773437500e+01
1.620335388183593750e+01 5.405933761596679688e+01 -4.302202987670898438e+01
1.623375701904296875e+01 5.403813934326171875e+01 -4.318745803833007812e+01
1.627301216125488281e+01 5.399298477172851562e+01 -4.344061279296875000e+01
1.629919433593750000e+01 5.396339416503906250e+01 -4.360973739624023438e+01
1.634514808654785156e+01 5.393201828002929688e+01 -4.385475921630859375e+01
1.640231323242187500e+01 5.389820480346679688e+01 -4.410852050781250000e+01
1.643882560729980469e+01 5.386775588989257812e+01 -4.426471710205078125e+01
1.650078964233398438e+01 5.385531997680664062e+01 -4.451218414306640625e+01
1.653111076354980469e+01 5.384809494018554688e+01 -4.466654968261718750e+01
1.656303787231445312e+01 5.384267044067382812e+01 -4.491455841064453125e+01
1.656972694396972656e+01 5.381541442871093750e+01 -4.507087326049804688e+01
1.660083198547363281e+01 5.379104614257812500e+01 -4.530001068115234375e+01
1.662630081176757812e+01 5.374767684936523438e+01 -4.544865036010742188e+01
1.669168472290039062e+01 5.371522521972656250e+01 -4.567203521728515625e+01
1.675534629821777344e+01 5.367830276489257812e+01 -4.588407135009765625e+01
1.678769111633300781e+01 5.369005203247070312e+01 -4.602655410766601562e+01
1.684034729003906250e+01 5.369180297851562500e+01 -4.624702072143554688e+01
1.685788917541503906e+01 5.369642257690429688e+01 -4.638410949707031250e+01
1.689915657043457031e+01 5.369102478027343750e+01 -4.660417556762695312e+01
1.691348266601562500e+01 5.368913269042968750e+01 -4.674219894409179688e+01
1.695411872863769531e+01 5.366397476196289062e+01 -4.696391296386718750e+01
1.699626922607421875e+01 5.366132736206054688e+01 -4.718171691894531250e+01
1.702825546264648438e+01 5.364348220825195312e+01 -4.733596420288085938e+01
1.708424949645996094e+01 5.362572860717773438e+01 -4.755732345581054688e+01
1.709176445007324219e+01 5.360779571533203125e+01 -4.770923233032226562e+01
1.710463142395019531e+01 5.354932022094726562e+01 -4.792148971557617188e+01
1.711709403991699219e+01 5.350090026855468750e+01 -4.804613494873046875e+01
1.713150596618652344e+01 5.339966964721679688e+01 -4.820957946777343750e+01
1.715407562255859375e+01 5.332978057861328125e+01 -4.830566406250000000e+01
1.718910980224609375e+01 5.325162506103515625e+01 -4.840808868408203125e+01
1.724227714538574219e+01 5.322130584716796875e+01 -4.851432800292968750e+01
1.725605773925781250e+01 5.321247100830078125e+01 -4.859218597412109375e+01
1.728593444824218750e+01 5.322516250610351562e+01 -4.870305633544921875e+01
1.729404258728027344e+01 5.323883438110351562e+01 -4.877876281738281250e+01
1.732554626464843750e+01 5.326385116577148438e+01 -4.892012405395507812e+01
1.733925628662109375e+01 5.328789901733398438e+01 -4.902030563354492188e+01
1.738618659973144531e+01 5.332515716552734375e+01 -4.918045806884765625e+01
1.741647529602050781e+01 5.337240219116210938e+01 -4.929978561401367188e+01
1.747555923461914062e+01 5.344791793823242188e+01 -4.947570037841796875e+01
1.754137420654296875e+01 5.354132080078125000e+01 -4.967037200927734375e+01
1.757198715209960938e+01 5.362298202514648438e+01 -4.980865097045898438e+01
1.760758209228515625e+01 5.373193740844726562e+01 -5.002613067626953125e+01
1.763135910034179688e+01 5.378012466430664062e+01 -5.017801284790039062e+01
1.769026565551757812e+01 5.386502075195312500e+01 -5.040481185913085938e+01
1.774290657043457031e+01 5.391595077514648438e+01 -5.056784057617187500e+01
1.785073661804199219e+01 5.400422668457031250e+01 -5.081785583496093750e+01
1.792997741699218750e+01 5.413930511474609375e+01 -5.108918762207031250e+01
1.797150421142578125e+01 5.422667312622070312e+01 -5.125769042968750000e+01
1.800123977661132812e+01 5.433995056152343750e+01 -5.153511047363281250e+01
1.802167510986328125e+01 5.439988708496093750e+01 -5.172962951660156250e+01
1.808432960510253906e+01 5.446317672729492188e+01 -5.201056289672851562e+01
1.813462638854980469e+01 5.450697708129882812e+01 -5.220449447631835938e+01
1.821422386169433594e+01 5.459337997436523438e+01 -5.248204040527343750e+01
1.826196289062500000e+01 5.465503311157226562e+01 -5.267262268066406250e+01
1.832735824584960938e+01 5.474856948852539062e+01 -5.295542144775390625e+01
1.838656997680664062e+01 5.483906173706054688e+01 -5.323915100097656250e+01
1.841136169433593750e+01 5.490193557739257812e+01 -5.344245529174804688e+01
1.845840263366699219e+01 5.497027587890625000e+01 -5.374373245239257812e+01
1.850069999694824219e+01 5.500714111328125000e+01 -5.393768692016601562e+01
1.853281974792480469e+01 5.507623672485351562e+01 -5.424934005737304688e+01
1.856759834289550781e+01 5.511062622070312500e+01 -5.444866561889648438e+01
1.862870788574218750e+01 5.514486694335937500e+01 -5.475744628906250000e+01
1.867232322692871094e+01 5.517209625244140625e+01 -5.495974349975585938e+01
1.877530097961425781e+01 5.521691894531250000e+01 -5.527136611938476562e+01
1.886981201171875000e+01 5.528601455688476562e+01 -5.558767700195312500e+01
1.891182327270507812e+01 5.535365295410156250e+01 -5.579296112060546875e+01
1.896021461486816406e+01 5.542278289794921875e+01 -5.610506820678710938e+01
1.899712944030761719e+01 5.547220611572265625e+01 -5.630441665649414062e+01
1.902343940734863281e+01 5.552320098876953125e+01 -5.661293411254882812e+01
1.906286430358886719e+01 5.554552459716796875e+01 -5.681782150268554688e+01
1.913060569763183594e+01 5.560172653198242188e+01 -5.711831283569335938e+01
1.918280982971191406e+01 5.564925384521484375e+01 -5.741019821166992188e+01
1.921538352966308594e+01 5.569203948974609375e+01 -5.760471343994140625e+01
1.926247024536132812e+01 5.573291778564453125e+01 -5.789602279663085938e+01
1.930189514160156250e+01 5.575509262084960938e+01 -5.808447647094726562e+01
1.937685203552246094e+01 5.579930114746093750e+01 -5.835759353637695312e+01
1.942928123474121094e+01 5.584507369995117188e+01 -5.855271911621093750e+01
1.949142265319824219e+01 5.591403198242187500e+01 -5.883415222167968750e+01
1.953273200988769531e+01 5.596026611328125000e+01 -5.902286148071289062e+01
1.957335281372070312e+01 5.602046585083007812e+01 -5.931019592285156250e+01
1.962986183166503906e+01 5.605646514892578125e+01 -5.958920288085937500e+01
1.968281936645507812e+01 5.606251144409179688e+01 -5.977980804443359375e+01
1.975348091125488281e+01 5.610657119750976562e+01 -6.004967880249023438e+01
1.979851722717285156e+01 5.613820648193359375e+01 -6.022933578491210938e+01
1.985785865783691406e+01 5.619973754882812500e+01 -6.048643493652343750e+01
1.987122535705566406e+01 5.622478866577148438e+01 -6.065476226806640625e+01
1.987992286682128906e+01 5.624301147460937500e+01 -6.089030838012695312e+01
1.989681053161621094e+01 5.625682830810546875e+01 -6.104397964477539062e+01
1.993565559387207031e+01 5.625271987915039062e+01 -6.127442550659179688e+01
2.000008583068847656e+01 5.629620361328125000e+01 -6.149325180053710938e+01
2.002945137023925781e+01 5.632439041137695312e+01 -6.163301467895507812e+01
2.009257125854492188e+01 5.637132263183593750e+01 -6.184125518798828125e+01
2.012414550781250000e+01 5.640663528442382812e+01 -6.198328018188476562e+01
2.017378616333007812e+01 5.645463180541992188e+01 -6.217618560791015625e+01
2.020905876159667969e+01 5.649133682250976562e+01 -6.230291748046875000e+01
2.025146484375000000e+01 5.654084396362304688e+01 -6.250800704956054688e+01
2.029749107360839844e+01 5.659513854980468750e+01 -6.270253753662109375e+01
2.031135368347167969e+01 5.662751007080078125e+01 -6.282761001586914062e+01
2.034927177429199219e+01 5.666244888305664062e+01 -6.301372528076171875e+01
2.037386512756347656e+01 5.668962478637695312e+01 -6.313910293579101562e+01
2.041436958312988281e+01 5.670855712890625000e+01 -6.331959915161132812e+01
2.044677543640136719e+01 5.672623062133789062e+01 -6.344120025634765625e+01
2.052097320556640625e+01 5.676827621459960938e+01 -6.361976242065429688e+01
2.055252075195312500e+01 5.681399917602539062e+01 -6.373628234863281250e+01
2.060620689392089844e+01 5.686680603027343750e+01 -6.391993331909179688e+01
2.066711235046386719e+01 5.693020629882812500e+01 -6.410066223144531250e+01
2.070285034179687500e+01 5.698412704467773438e+01 -6.422604370117187500e+01
2.074803352355957031e+01 5.709329986572265625e+01 -6.440193939208984375e+01
2.075853157043457031e+01 5.715794754028320312e+01 -6.452012634277343750e+01
2.077743530273437500e+01 5.722718048095703125e+01 -6.471586608886718750e+01
2.078803634643554688e+01 5.727930831909179688e+01 -6.484355926513671875e+01
2.081740188598632812e+01 5.733736801147460938e+01 -6.503130340576171875e+01
2.085386276245117188e+01 5.735183715820312500e+01 -6.516710662841796875e+01
2.091600990295410156e+01 5.740309143066406250e+01 -6.536103820800781250e+01
2.099412345886230469e+01 5.745527648925781250e+01 -6.557155609130859375e+01
2.104274177551269531e+01 5.751701736450195312e+01 -6.569935607910156250e+01
2.111247444152832031e+01 5.760593795776367188e+01 -6.590608978271484375e+01
2.115139007568359375e+01 5.767263793945312500e+01 -6.604074096679687500e+01
2.118475723266601562e+01 5.775956344604492188e+01 -6.624474334716796875e+01
2.120141792297363281e+01 5.781599807739257812e+01 -6.637828063964843750e+01
2.124621200561523438e+01 5.787403106689453125e+01 -6.659890747070312500e+01
2.127657699584960938e+01 5.792789459228515625e+01 -6.681557464599609375e+01
2.129203987121582031e+01 5.795680999755859375e+01 -6.695307159423828125e+01
2.134695434570312500e+01 5.799555587768554688e+01 -6.717826843261718750e+01
2.137152862548828125e+01 5.801549911499023438e+01 -6.732592773437500000e+01
2.143319511413574219e+01 5.804648208618164062e+01 -6.756063842773437500e+01
2.147249031066894531e+01 5.807139587402343750e+01 -6.771004486083984375e+01
2.153067207336425781e+01 5.811293792724609375e+01 -6.793925476074218750e+01
2.157095718383789062e+01 5.813621139526367188e+01 -6.808374023437500000e+01
2.163538932800292969e+01 5.818091964721679688e+01 -6.830948638916015625e+01
2.167421722412109375e+01 5.821913528442382812e+01 -6.854499816894531250e+01
2.170371627807617188e+01 5.824356460571289062e+01 -6.870030212402343750e+01
2.174903297424316406e+01 5.829434585571289062e+01 -6.893406677246093750e+01
2.176288032531738281e+01 5.831264495849609375e+01 -6.907665252685546875e+01
2.179648017883300781e+01 5.833550262451171875e+01 -6.932032775878906250e+01
2.181058692932128906e+01 5.833688354492187500e+01 -6.947358703613281250e+01
2.185795211791992188e+01 5.834121322631835938e+01 -6.969776916503906250e+01
2.187691688537597656e+01 5.834975051879882812e+01 -6.985046386718750000e+01
2.192161369323730469e+01 5.834140396118164062e+01 -7.007574462890625000e+01
2.197328376770019531e+01 5.836098861694335938e+01 -7.031359100341796875e+01
2.200410652160644531e+01 5.836727905273437500e+01 -7.045686340332031250e+01
2.205493354797363281e+01 5.837114334106445312e+01 -7.067829132080078125e+01
2.209200286865234375e+01 5.838475799560546875e+01 -7.082354736328125000e+01
2.214802742004394531e+01 5.840183258056640625e+01 -7.104145050048828125e+01
2.219963645935058594e+01 5.841387557983398438e+01 -7.118035888671875000e+01
2.224528121948242188e+01 5.844295883178710938e+01 -7.139173889160156250e+01
2.229173851013183594e+01 5.847066879272460938e+01 -7.160818481445312500e+01
2.232697105407714844e+01 5.848897171020507812e+01 -7.174689483642578125e+01
2.237020492553710938e+01 5.852796554565429688e+01 -7.195559692382812500e+01
2.238113784790039062e+01 5.855963897705078125e+01 -7.209629058837890625e+01
2.242672348022460938e+01 5.856830596923828125e+01 -7.229653167724609375e+01
2.244174575805664062e+01 5.859134292602539062e+01 -7.244001007080078125e+01
2.247009277343750000e+01 5.860612869262695312e+01 -7.264642333984375000e+01
2.250756454467773438e+01 5.862528228759765625e+01 -7.277990722656250000e+01
2.254257392883300781e+01 5.864490509033203125e+01 -7.298409271240234375e+01
2.260164070129394531e+01 5.866664886474609375e+01 -7.317523193359375000e+01
2.261927413940429688e+01 5.868463134765625000e+01 -7.330680084228515625e+01
2.265523719787597656e+01 5.871179199218750000e+01 -7.348815917968750000e+01
2.267981529235839844e+01 5.872586441040039062e+01 -7.360350036621093750e+01
2.272323036193847656e+01 5.874166870117187500e+01 -7.378073120117187500e+01
2.275851821899414062e+01 5.874616622924804688e+01 -7.389419555664062500e+01
2.281687545776367188e+01 5.876456069946289062e+01 -7.407295989990234375e+01
2.286208534240722656e+01 5.879710769653320312e+01 -7.418704986572265625e+01
2.293298530578613281e+01 5.884941101074218750e+01 -7.436279296875000000e+01
2.298664665222167969e+01 5.891660308837890625e+01 -7.454405975341796875e+01
2.302826309204101562e+01 5.896233367919921875e+01 -7.466493225097656250e+01
2.307908439636230469e+01 5.905590438842773438e+01 -7.484921264648437500e+01
2.310177230834960938e+01 5.911040878295898438e+01 -7.496128082275390625e+01
2.312003707885742188e+01 5.919497680664062500e+01 -7.514083862304687500e+01
2.313219833374023438e+01 5.925149154663085938e+01 -7.525589752197265625e+01
2.313218498229980469e+01 5.929685974121093750e+01 -7.543402862548828125e+01
2.314769744873046875e+01 5.932464599609375000e+01 -7.560098266601562500e+01
2.316920471191406250e+01 5.932821273803710938e+01 -7.571971130371093750e+01
2.321612167358398438e+01 5.935903167724609375e+01 -7.587796020507812500e+01
2.326270675659179688e+01 5.935958862304687500e+01 -7.599664306640625000e+01
2.333520889282226562e+01 5.939768600463867188e+01 -7.617068481445312500e+01
2.338479423522949219e+01 5.943889999389648438e+01 -7.627893066406250000e+01
2.345544624328613281e+01 5.949702835083007812e+01 -7.645365142822265625e+01
2.351185607910156250e+01 5.955592727661132812e+01 -7.656509399414062500e+01
2.357410049438476562e+01 5.963595962524414062e+01 -7.674027252197265625e+01
2.361231613159179688e+01 5.974216079711914062e+01 -7.692079162597656250e+01
2.361298751831054688e+01 5.978374862670898438e+01 -7.703121185302734375e+01
2.362861061096191406e+01 5.984558486938476562e+01 -7.721170043945312500e+01
2.363456726074218750e+01 5.986802291870117188e+01 -7.732393646240234375e+01
2.363764762878417969e+01 5.989131927490234375e+01 -7.749082946777343750e+01
2.364806556701660156e+01 5.989554214477539062e+01 -7.759378814697265625e+01
2.369778633117675781e+01 5.989723205566406250e+01 -7.775576019287109375e+01
2.371321678161621094e+01 5.992283630371093750e+01 -7.785620117187500000e+01
2.377657508850097656e+01 5.994516372680664062e+01 -7.800800323486328125e+01
2.383210945129394531e+01 5.999725341796875000e+01 -7.817057800292968750e+01
2.388252449035644531e+01 6.003900146484375000e+01 -7.826692199707031250e+01
2.391705703735351562e+01 6.009981536865234375e+01 -7.843818664550781250e+01
2.395428466796875000e+01 6.013753128051757812e+01 -7.854718780517578125e+01
2.399670791625976562e+01 6.020639801025390625e+01 -7.871364593505859375e+01
2.402373886108398438e+01 6.024973678588867188e+01 -7.882933044433593750e+01
2.406845664978027344e+01 6.031375503540039062e+01 -7.899730682373046875e+01
2.410878753662109375e+01 6.036230468750000000e+01 -7.916799163818359375e+01
2.413566207885742188e+01 6.040122985839843750e+01 -7.927597808837890625e+01
2.417527770996093750e+01 6.046203231811523438e+01 -7.944900512695312500e+01
2.420078849792480469e+01 6.051265335083007812e+01 -7.956556701660156250e+01
2.423412895202636719e+01 6.057707595825195312e+01 -7.972248840332031250e+01
2.424617576599121094e+01 6.061250686645507812e+01 -7.982847595214843750e+01
2.428464317321777344e+01 6.067570114135742188e+01 -7.998271942138671875e+01
2.430052185058593750e+01 6.070697021484375000e+01 -8.009513092041015625e+01
2.433323478698730469e+01 6.075976562500000000e+01 -8.026153564453125000e+01
2.254257392883300781e+01 5.864490509033203125e+01 -7.298409271240234375e+01
