1.919080853462219238e+00 3.538961172103881836e+00 -1.922633767127990723e+00
1.923289179801940918e+00 3.606461763381958008e+00 -1.921371340751647949e+00
1.946949005126953125e+00 3.659446477890014648e+00 -1.954764604568481445e+00
1.983489990234375000e+00 3.721803665161132812e+00 -1.963327169418334961e+00
1.979538440704345703e+00 3.771247863769531250e+00 -1.976956248283386230e+00
2.030384778976440430e+00 3.839091062545776367e+00 -1.998958110809326172e+00
2.036384344100952148e+00 3.905762195587158203e+00 -1.993824601173400879e+00
2.081038713455200195e+00 3.983233928680419922e+00 -2.005777359008789062e+00
2.069406986236572266e+00 4.035036087036132812e+00 -2.026275873184204102e+00
2.092451572418212891e+00 4.090186119079589844e+00 -2.015928983688354492e+00
2.144353628158569336e+00 4.178380489349365234e+00 -2.011139869689941406e+00
2.146621942520141602e+00 4.250907421112060547e+00 -2.019219160079956055e+00
2.192638635635375977e+00 4.345277786254882812e+00 -2.003789901733398438e+00
2.207016944885253906e+00 4.390037059783935547e+00 -2.016238927841186523e+00
2.221442699432373047e+00 4.483713626861572266e+00 -1.987369656562805176e+00
2.240417003631591797e+00 4.565746784210205078e+00 -1.988706350326538086e+00
2.274455070495605469e+00 4.673508644104003906e+00 -1.992032766342163086e+00
2.296097517013549805e+00 4.791485309600830078e+00 -1.981264233589172363e+00
2.289721250534057617e+00 4.846943855285644531e+00 -1.954249024391174316e+00
2.356467247009277344e+00 4.979789733886718750e+00 -1.954828739166259766e+00
2.381853342056274414e+00 5.069213867187500000e+00 -1.946794986724853516e+00
2.399256706237792969e+00 5.199462413787841797e+00 -1.917863607406616211e+00
2.401757478713989258e+00 5.302879333496093750e+00 -1.906534910202026367e+00
2.414415836334228516e+00 5.444344997406005859e+00 -1.881081461906433105e+00
2.460836172103881836e+00 5.534047603607177734e+00 -1.868064045906066895e+00
2.467339992523193359e+00 5.670246124267578125e+00 -1.848364830017089844e+00
2.523627042770385742e+00 5.857418060302734375e+00 -1.810492753982543945e+00
2.530486583709716797e+00 5.958124160766601562e+00 -1.796406865119934082e+00
2.541225433349609375e+00 6.105714321136474609e+00 -1.783926725387573242e+00
2.571363449096679688e+00 6.241404533386230469e+00 -1.746119499206542969e+00
2.618464231491088867e+00 6.424450874328613281e+00 -1.710160255432128906e+00
2.623503923416137695e+00 6.538745880126953125e+00 -1.687070727348327637e+00
2.653187990188598633e+00 6.717574119567871094e+00 -1.659767866134643555e+00
2.674410820007324219e+00 6.859475135803222656e+00 -1.634307265281677246e+00
2.701728820800781250e+00 7.028250217437744141e+00 -1.589887380599975586e+00
2.736994028091430664e+00 7.247090816497802734e+00 -1.556648850440979004e+00
2.739143610000610352e+00 7.408020019531250000e+00 -1.525104880332946777e+00
2.793567180633544922e+00 7.592430591583251953e+00 -1.478695034980773926e+00
2.814218282699584961e+00 7.746506214141845703e+00 -1.441187262535095215e+00
2.830989837646484375e+00 7.965952873229980469e+00 -1.391428112983703613e+00
2.885859727859497070e+00 8.137444496154785156e+00 -1.362685322761535645e+00
2.906501770019531250e+00 8.356252670288085938e+00 -1.313071012496948242e+00
2.947829246520996094e+00 8.620068550109863281e+00 -1.270941257476806641e+00
2.966378211975097656e+00 8.801697731018066406e+00 -1.232425689697265625e+00
3.018262386322021484e+00 9.065668106079101562e+00 -1.162781476974487305e+00
3.063229560852050781e+00 9.221024513244628906e+00 -1.128287434577941895e+00
3.099598884582519531e+00 9.472753524780273438e+00 -1.088253140449523926e+00
3.150647640228271484e+00 9.675057411193847656e+00 -1.076469063758850098e+00
3.169316530227661133e+00 9.977152824401855469e+00 -1.017449378967285156e+00
3.203574895858764648e+00 1.015416336059570312e+01 -9.766837954521179199e-01
3.237528324127197266e+00 1.046337604522705078e+01 -9.174518585205078125e-01
3.278129816055297852e+00 1.076737308502197266e+01 -8.502178788185119629e-01
3.301815509796142578e+00 1.097482395172119141e+01 -8.303642868995666504e-01
3.364423274993896484e+00 1.126379108428955078e+01 -7.550682425498962402e-01
3.372968673706054688e+00 1.151773738861083984e+01 -7.364439964294433594e-01
3.438804626464843750e+00 1.184991550445556641e+01 -6.844670772552490234e-01
3.467111825942993164e+00 1.206711292266845703e+01 -6.298964619636535645e-01
3.504298448562622070e+00 1.243734550476074219e+01 -5.987082719802856445e-01
3.547008752822875977e+00 1.267788314819335938e+01 -5.350570082664489746e-01
3.623084783554077148e+00 1.305342769622802734e+01 -5.017240047454833984e-01
3.656208038330078125e+00 1.341331958770751953e+01 -4.731943309307098389e-01
3.693244695663452148e+00 1.367495632171630859e+01 -4.430049657821655273e-01
3.730910062789916992e+00 1.409158992767333984e+01 -3.690895438194274902e-01
3.772115230560302734e+00 1.435417556762695312e+01 -3.661485016345977783e-01
3.849104881286621094e+00 1.476687240600585938e+01 -2.932589948177337646e-01
3.880660295486450195e+00 1.505242156982421875e+01 -2.796657979488372803e-01
3.935369968414306641e+00 1.547116374969482422e+01 -2.334802746772766113e-01
3.986260890960693359e+00 1.592638301849365234e+01 -1.846828013658523560e-01
4.043961048126220703e+00 1.621412277221679688e+01 -1.643725484609603882e-01
4.113567352294921875e+00 1.667177963256835938e+01 -1.158373653888702393e-01
4.149806976318359375e+00 1.699796295166015625e+01 -1.044007837772369385e-01
4.201203346252441406e+00 1.747788238525390625e+01 -6.216774135828018188e-02
4.259443283081054688e+00 1.782658958435058594e+01 -5.645796656608581543e-02
4.322532176971435547e+00 1.831199264526367188e+01 -3.083365783095359802e-02
4.376354694366455078e+00 1.868090438842773438e+01 -1.257859985344111919e-03
4.460950851440429688e+00 1.920504379272460938e+01 2.735893614590167999e-02
4.503315925598144531e+00 1.973025131225585938e+01 1.122178975492715836e-02
4.568188667297363281e+00 2.009990882873535156e+01 1.930701360106468201e-02
4.648253440856933594e+00 2.069207382202148438e+01 4.629441723227500916e-02
4.699406623840332031e+00 2.107323074340820312e+01 4.295611009001731873e-02
4.781353950500488281e+00 2.167768669128417969e+01 3.472024574875831604e-02
4.837357521057128906e+00 2.206126403808593750e+01 4.239050671458244324e-02
4.942624092102050781e+00 2.267859458923339844e+01 1.214038347825407982e-03
5.002091884613037109e+00 2.310819816589355469e+01 7.015652023255825043e-03
5.117279052734375000e+00 2.378227233886718750e+01 -2.261050045490264893e-02
5.232342243194580078e+00 2.447826576232910156e+01 -9.758317470550537109e-02
5.286916732788085938e+00 2.494002723693847656e+01 -1.230006814002990723e-01
5.385498523712158203e+00 2.563631820678710938e+01 -1.900557428598403931e-01
5.459998130798339844e+00 2.613131904602050781e+01 -2.476814836263656616e-01
5.552463531494140625e+00 2.683980751037597656e+01 -3.345634341239929199e-01
5.622063636779785156e+00 2.736855697631835938e+01 -4.072585403919219971e-01
5.774694442749023438e+00 2.815968894958496094e+01 -5.535082221031188965e-01
5.894968509674072266e+00 2.897173500061035156e+01 -7.271550297737121582e-01
5.983601570129394531e+00 2.951197814941406250e+01 -8.380495309829711914e-01
6.137734413146972656e+00 3.036745452880859375e+01 -1.048615455627441406e+00
6.232032775878906250e+00 3.097057342529296875e+01 -1.201058030128479004e+00
6.392176151275634766e+00 3.186556053161621094e+01 -1.487485766410827637e+00
6.479043960571289062e+00 3.249121093750000000e+01 -1.696611404418945312e+00
6.648603916168212891e+00 3.339449691772460938e+01 -2.061368942260742188e+00
6.770074367523193359e+00 3.404811096191406250e+01 -2.328496217727661133e+00
6.954324722290039062e+00 3.501516723632812500e+01 -2.781931400299072266e+00
7.134543895721435547e+00 3.597490310668945312e+01 -3.336508512496948242e+00
7.274483203887939453e+00 3.664272308349609375e+01 -3.750930309295654297e+00
7.488802909851074219e+00 3.758274459838867188e+01 -4.429674625396728516e+00
7.642310619354248047e+00 3.821429443359375000e+01 -4.935174465179443359e+00
7.861963748931884766e+00 3.911898803710937500e+01 -5.738306045532226562e+00
8.011940002441406250e+00 3.970991134643554688e+01 -6.353854179382324219e+00
8.271852493286132812e+00 4.053230667114257812e+01 -7.284187793731689453e+00
8.417162895202636719e+00 4.102574157714843750e+01 -7.940806388854980469e+00
8.636633872985839844e+00 4.176730728149414062e+01 -8.965853691101074219e+00
8.860091209411621094e+00 4.241891860961914062e+01 -1.003965854644775391e+01
9.048612594604492188e+00 4.283573150634765625e+01 -1.074576473236083984e+01
9.251961708068847656e+00 4.338707733154296875e+01 -1.181988525390625000e+01
9.385178565979003906e+00 4.369242477416992188e+01 -1.254465007781982422e+01
9.602477073669433594e+00 4.413058471679687500e+01 -1.360838985443115234e+01
9.720438957214355469e+00 4.437995147705078125e+01 -1.432196235656738281e+01
9.936004638671875000e+00 4.475477218627929688e+01 -1.533184814453125000e+01
1.010403442382812500e+01 4.506698608398437500e+01 -1.633457756042480469e+01
1.021459484100341797e+01 4.524813079833984375e+01 -1.698045730590820312e+01
1.038536167144775391e+01 4.551007461547851562e+01 -1.790765953063964844e+01
1.050009155273437500e+01 4.564425659179687500e+01 -1.850536346435546875e+01
1.065253162384033203e+01 4.585987854003906250e+01 -1.937100410461425781e+01
1.074560165405273438e+01 4.599847030639648438e+01 -1.991917800903320312e+01
1.085558319091796875e+01 4.614457321166992188e+01 -2.074612808227539062e+01
1.092607116699218750e+01 4.625624847412109375e+01 -2.126527404785156250e+01
1.105543708801269531e+01 4.636997985839843750e+01 -2.202055549621582031e+01
1.114966392517089844e+01 4.646058273315429688e+01 -2.273006439208984375e+01
1.123993015289306641e+01 4.652393341064453125e+01 -2.317470741271972656e+01
1.135896492004394531e+01 4.661380004882812500e+01 -2.384630203247070312e+01
1.144442462921142578e+01 4.668059158325195312e+01 -2.425772857666015625e+01
1.153519058227539062e+01 4.675039672851562500e+01 -2.488318061828613281e+01
1.158787059783935547e+01 4.679681777954101562e+01 -2.529479980468750000e+01
1.171786880493164062e+01 4.684093475341796875e+01 -2.583783912658691406e+01
1.174817657470703125e+01 4.686549758911132812e+01 -2.622456169128417969e+01
1.186246871948242188e+01 4.690806198120117188e+01 -2.674540138244628906e+01
1.192779445648193359e+01 4.693420028686523438e+01 -2.725670242309570312e+01
1.198976612091064453e+01 4.694935989379882812e+01 -2.757996940612792969e+01
1.209097766876220703e+01 4.696239089965820312e+01 -2.803162765502929688e+01
1.211615276336669922e+01 4.696767044067382812e+01 -2.834350204467773438e+01
1.219962501525878906e+01 4.696323776245117188e+01 -2.874960899353027344e+01
1.222663593292236328e+01 4.698542404174804688e+01 -2.902306175231933594e+01
1.230794715881347656e+01 4.698755264282226562e+01 -2.941745376586914062e+01
1.234693336486816406e+01 4.698712539672851562e+01 -2.976876258850097656e+01
1.239329051971435547e+01 4.698198699951171875e+01 -3.001330566406250000e+01
1.245196151733398438e+01 4.697991561889648438e+01 -3.038188552856445312e+01
1.247306632995605469e+01 4.696295166015625000e+01 -3.059804916381835938e+01
1.252363109588623047e+01 4.696334075927734375e+01 -3.089391136169433594e+01
1.259482479095458984e+01 4.696649932861328125e+01 -3.110406875610351562e+01
1.262203407287597656e+01 4.697267532348632812e+01 -3.139325141906738281e+01
1.265509891510009766e+01 4.697882080078125000e+01 -3.157199668884277344e+01
1.272798919677734375e+01 4.696728134155273438e+01 -3.182915496826171875e+01
1.278797912597656250e+01 4.700973129272460938e+01 -3.208616256713867188e+01
1.279418182373046875e+01 4.704162597656250000e+01 -3.225912857055664062e+01
1.285721397399902344e+01 4.704586791992187500e+01 -3.249668884277343750e+01
1.286348152160644531e+01 4.703787231445312500e+01 -3.265420150756835938e+01
1.294152736663818359e+01 4.707634353637695312e+01 -3.287140655517578125e+01
1.299959278106689453e+01 4.707230758666992188e+01 -3.303108596801757812e+01
1.301732921600341797e+01 4.712154769897460938e+01 -3.323704528808593750e+01
1.301891136169433594e+01 4.714155197143554688e+01 -3.337744140625000000e+01
1.306468486785888672e+01 4.710888671875000000e+01 -3.360283279418945312e+01
1.310788154602050781e+01 4.715269851684570312e+01 -3.380248641967773438e+01
1.313803958892822266e+01 4.714813613891601562e+01 -3.394076538085937500e+01
1.317541217803955078e+01 4.717988204956054688e+01 -3.413705062866210938e+01
1.320522689819335938e+01 4.716714096069335938e+01 -3.424445343017578125e+01
1.322817897796630859e+01 4.718709182739257812e+01 -3.444155502319335938e+01
1.324882984161376953e+01 4.717014312744140625e+01 -3.458398818969726562e+01
1.329331302642822266e+01 4.719636535644531250e+01 -3.478416061401367188e+01
1.332272434234619141e+01 4.719253540039062500e+01 -3.494294738769531250e+01
1.335918045043945312e+01 4.719245529174804688e+01 -3.507555007934570312e+01
1.338302898406982422e+01 4.717049407958984375e+01 -3.524015045166015625e+01
1.341996002197265625e+01 4.715711975097656250e+01 -3.533455276489257812e+01
1.345628929138183594e+01 4.712788391113281250e+01 -3.549665451049804688e+01
1.349704933166503906e+01 4.713306427001953125e+01 -3.563406753540039062e+01
1.354319953918457031e+01 4.710627365112304688e+01 -3.577640914916992188e+01
1.355340099334716797e+01 4.711466217041015625e+01 -3.586967849731445312e+01
1.358522796630859375e+01 4.710642242431640625e+01 -3.603871154785156250e+01
1.359400939941406250e+01 4.708155822753906250e+01 -3.617416381835937500e+01
1.361717891693115234e+01 4.702875900268554688e+01 -3.626990890502929688e+01
1.365677833557128906e+01 4.700008392333984375e+01 -3.638593673706054688e+01
1.366772079467773438e+01 4.700159454345703125e+01 -3.648371887207031250e+01
1.370330238342285156e+01 4.695976638793945312e+01 -3.659055709838867188e+01
1.369407749176025391e+01 4.693089675903320312e+01 -3.666994857788085938e+01
1.372572994232177734e+01 4.688788604736328125e+01 -3.677005004882812500e+01
1.374054813385009766e+01 4.685731506347656250e+01 -3.683607101440429688e+01
1.376365947723388672e+01 4.680437850952148438e+01 -3.693650817871093750e+01
1.379154491424560547e+01 4.678744125366210938e+01 -3.702217483520507812e+01
1.381663322448730469e+01 4.674073410034179688e+01 -3.706969451904296875e+01
1.383192539215087891e+01 4.670168685913085938e+01 -3.715218734741210938e+01
1.382102870941162109e+01 4.665021133422851562e+01 -3.719316864013671875e+01
1.385856342315673828e+01 4.660102081298828125e+01 -3.723293304443359375e+01
1.387754249572753906e+01 4.660889434814453125e+01 -3.727148818969726562e+01
1.388158893585205078e+01 4.655995941162109375e+01 -3.730630493164062500e+01
1.390545463562011719e+01 4.650691604614257812e+01 -3.734431457519531250e+01
1.392791271209716797e+01 4.650386810302734375e+01 -3.734437942504882812e+01
1.393850326538085938e+01 4.647458648681640625e+01 -3.734563827514648438e+01
1.393269634246826172e+01 4.646332168579101562e+01 -3.734870147705078125e+01
1.392962551116943359e+01 4.645776748657226562e+01 -3.734320831298828125e+01
1.393773460388183594e+01 4.642324066162109375e+01 -3.732463455200195312e+01
1.394581985473632812e+01 4.642976760864257812e+01 -3.727842330932617188e+01
1.395156574249267578e+01 4.640376281738281250e+01 -3.725723266601562500e+01
1.394351673126220703e+01 4.638835525512695312e+01 -3.717580795288085938e+01
1.398463344573974609e+01 4.643896484375000000e+01 -3.707737731933593750e+01
1.397902202606201172e+01 4.644230270385742188e+01 -3.699781417846679688e+01
1.401127815246582031e+01 4.652099227905273438e+01 -3.688678359985351562e+01
1.399515438079833984e+01 4.660375976562500000e+01 -3.678594589233398438e+01
1.402300739288330078e+01 4.674218750000000000e+01 -3.660734558105468750e+01
1.401127243041992188e+01 4.684759140014648438e+01 -3.647592163085937500e+01
1.403677463531494141e+01 4.709009552001953125e+01 -3.628900146484375000e+01
1.405374717712402344e+01 4.730616378784179688e+01 -3.615293121337890625e+01
1.406483173370361328e+01 4.766755294799804688e+01 -3.598923873901367188e+01
1.413428783416748047e+01 4.809948730468750000e+01 -3.586911773681640625e+01
1.416290092468261719e+01 4.841447448730468750e+01 -3.581556701660156250e+01
1.422665691375732422e+01 4.891015243530273438e+01 -3.577673339843750000e+01
1.429705810546875000e+01 4.923905563354492188e+01 -3.579660415649414062e+01
1.437201023101806641e+01 4.971236801147460938e+01 -3.582668304443359375e+01
1.440435123443603516e+01 5.005196380615234375e+01 -3.588890838623046875e+01
1.450873184204101562e+01 5.050625228881835938e+01 -3.603256988525390625e+01
1.460648918151855469e+01 5.092013168334960938e+01 -3.619070434570312500e+01
1.464606666564941406e+01 5.118932723999023438e+01 -3.629916763305664062e+01
1.472927379608154297e+01 5.155340194702148438e+01 -3.648244857788085938e+01
1.476453208923339844e+01 5.177674865722656250e+01 -3.662158203125000000e+01
1.484951210021972656e+01 5.207569885253906250e+01 -3.685978317260742188e+01
1.491950988769531250e+01 5.227401733398437500e+01 -3.702844238281250000e+01
1.499865722656250000e+01 5.254763031005859375e+01 -3.729131698608398438e+01
1.504603195190429688e+01 5.270808029174804688e+01 -3.745396423339843750e+01
1.512333965301513672e+01 5.293201828002929688e+01 -3.772227096557617188e+01
1.517978668212890625e+01 5.313101959228515625e+01 -3.800245666503906250e+01
1.521846103668212891e+01 5.324522018432617188e+01 -3.818739318847656250e+01
1.528578186035156250e+01 5.339385604858398438e+01 -3.850518035888671875e+01
1.534181690216064453e+01 5.349928665161132812e+01 -3.869810104370117188e+01
1.542180061340332031e+01 5.361077880859375000e+01 -3.900280761718750000e+01
1.543925762176513672e+01 5.370415496826171875e+01 -3.922159576416015625e+01
1.551027297973632812e+01 5.382493209838867188e+01 -3.953134918212890625e+01
1.555648422241210938e+01 5.385456085205078125e+01 -3.975614547729492188e+01
1.560410022735595703e+01 5.393719100952148438e+01 -4.005072784423828125e+01
1.569220542907714844e+01 5.398703765869140625e+01 -4.034663391113281250e+01
1.571597576141357422e+01 5.402667999267578125e+01 -4.055200576782226562e+01
1.579499530792236328e+01 5.408045959472656250e+01 -4.086272811889648438e+01
1.585539531707763672e+01 5.410220336914062500e+01 -4.105408859252929688e+01
1.589024066925048828e+01 5.414655685424804688e+01 -4.138095092773437500e+01
1.592784976959228516e+01 5.417845153808593750e+01 -4.156810760498046875e+01
1.595405387878417969e+01 5.413603210449218750e+01 -4.187786865234375000e+01
1.600426864624023438e+01 5.409903717041015625e+01 -4.213150787353515625e+01
1.606268882751464844e+01 5.408402633666992188e+01 -4.230318832397460938e+01
1.612807464599609375e+01 5.407212066650390625e+01 -4.259249877929687500e+01
1.617668724060058594e+01 5.410012817382812500e+01 -4.275698852539062500e+01
1.619850540161132812e+01 5.405924224853515625e+01 -4.302171325683593750e+01
1.624101448059082031e+01 5.403085708618164062e+01 -4.318051147460937500e+01
1.628337669372558594e+01 5.399950027465820312e+01 -4.343162918090820312e+01
1.631385421752929688e+01 5.397586441040039062e+01 -4.360009384155273438e+01
1.634333038330078125e+01 5.393649673461914062e+01 -4.386316299438476562e+01
1.640746116638183594e+01 5.390114974975585938e+01 -4.410711288452148438e+01
1.644071197509765625e+01 5.388423919677734375e+01 -4.426387405395507812e+01
1.650315666198730469e+01 5.385283660888671875e+01 -4.452182769775390625e+01
1.652003669738769531e+01 5.383232498168945312e+01 -4.467638015747070312e+01
1.655971336364746094e+01 5.382581329345703125e+01 -4.490745162963867188e+01
1.657870864868164062e+01 5.380749893188476562e+01 -4.506225204467773438e+01
1.659702110290527344e+01 5.378020095825195312e+01 -4.529519653320312500e+01
1.662860679626464844e+01 5.374539947509765625e+01 -4.544311141967773438e+01
1.668049621582031250e+01 5.371089935302734375e+01 -4.566931152343750000e+01
1.674703407287597656e+01 5.370281219482421875e+01 -4.589065933227539062e+01
1.678470611572265625e+01 5.367009735107421875e+01 -4.601624298095703125e+01
1.683838272094726562e+01 5.369509124755859375e+01 -4.622713088989257812e+01
1.683791542053222656e+01 5.370832443237304688e+01 -4.640196609497070312e+01
1.690517616271972656e+01 5.370208358764648438e+01 -4.658627700805664062e+01
1.689778327941894531e+01 5.367494201660156250e+01 -4.674594116210937500e+01
1.694921493530273438e+01 5.365303421020507812e+01 -4.697164916992187500e+01
1.700117683410644531e+01 5.365974807739257812e+01 -4.718426513671875000e+01
1.703417968750000000e+01 5.363792800903320312e+01 -4.733903121948242188e+01
1.709501838684082031e+01 5.363232040405273438e+01 -4.756088638305664062e+01
1.708461570739746094e+01 5.361912536621093750e+01 -4.771902847290039062e+01
1.711373519897460938e+01 5.354923629760742188e+01 -4.791737747192382812e+01
1.712533569335937500e+01 5.348696136474609375e+01 -4.805132675170898438e+01
1.714046287536621094e+01 5.340997695922851562e+01 -4.821189880371093750e+01
1.714937210083007812e+01 5.333753967285156250e+01 -4.827923583984375000e+01
1.720610046386718750e+01 5.325336837768554688e+01 -4.841623687744140625e+01
1.724589729309082031e+01 5.321168136596679688e+01 -4.851645278930664062e+01
1.724234008789062500e+01 5.319754409790039062e+01 -4.858885192871093750e+01
1.728322219848632812e+01 5.324106216430664062e+01 -4.870020675659179688e+01
1.729336929321289062e+01 5.324942398071289062e+01 -4.876622009277343750e+01
1.729969024658203125e+01 5.325540161132812500e+01 -4.890483093261718750e+01
1.732874679565429688e+01 5.329358673095703125e+01 -4.900718307495117188e+01
1.740632438659667969e+01 5.331940460205078125e+01 -4.919236373901367188e+01
1.741551399230957031e+01 5.335438156127929688e+01 -4.929846954345703125e+01
1.745840072631835938e+01 5.345362472534179688e+01 -4.947656250000000000e+01
1.752940559387207031e+01 5.355539321899414062e+01 -4.967261123657226562e+01
1.758246040344238281e+01 5.363216781616210938e+01 -4.979851531982421875e+01
1.761676406860351562e+01 5.374157333374023438e+01 -5.002864456176757812e+01
1.762835502624511719e+01 5.380139160156250000e+01 -5.017287063598632812e+01
1.768935012817382812e+01 5.385411834716796875e+01 -5.041656494140625000e+01
1.773514747619628906e+01 5.390522766113281250e+01 -5.057688140869140625e+01
1.782605171203613281e+01 5.401205062866210938e+01 -5.082411956787109375e+01
1.791406440734863281e+01 5.413520050048828125e+01 -5.108932495117187500e+01
1.794585800170898438e+01 5.422949981689453125e+01 -5.124927139282226562e+01
1.800763893127441406e+01 5.434585952758789062e+01 -5.153363037109375000e+01
1.802257919311523438e+01 5.441987609863281250e+01 -5.172626876831054688e+01
1.807773971557617188e+01 5.445772933959960938e+01 -5.199900436401367188e+01
1.813765525817871094e+01 5.450728225708007812e+01 -5.220219039916992188e+01
1.821794891357421875e+01 5.459071350097656250e+01 -5.248749542236328125e+01
1.825177764892578125e+01 5.465102386474609375e+01 -5.268081283569335938e+01
1.832150459289550781e+01 5.475407028198242188e+01 -5.295030212402343750e+01
1.837527275085449219e+01 5.483228302001953125e+01 -5.324590301513671875e+01
1.841524505615234375e+01 5.490132522583007812e+01 -5.345333480834960938e+01
1.846886444091796875e+01 5.498077774047851562e+01 -5.373198318481445312e+01
1.849143218994140625e+01 5.500586700439453125e+01 -5.394451141357421875e+01
1.852582359313964844e+01 5.507070922851562500e+01 -5.424850845336914062e+01
1.855811882019042969e+01 5.511098861694335938e+01 -5.445342636108398438e+01
1.862480163574218750e+01 5.515767669677734375e+01 -5.474594879150390625e+01
1.868388557434082031e+01 5.516594696044921875e+01 -5.498076629638671875e+01
1.876808547973632812e+01 5.520107650756835938e+01 -5.526470184326171875e+01
1.885919570922851562e+01 5.530167007446289062e+01 -5.559033203125000000e+01
1.890975189208984375e+01 5.537126922607421875e+01 -5.580245590209960938e+01
1.895137405395507812e+01 5.543550491333007812e+01 -5.610640716552734375e+01
1.900378799438476562e+01 5.545733261108398438e+01 -5.630675506591796875e+01
1.903639602661132812e+01 5.550381851196289062e+01 -5.663172149658203125e+01
1.907214927673339844e+01 5.555918121337890625e+01 -5.680659866333007812e+01
1.912475204467773438e+01 5.560877990722656250e+01 -5.712381744384765625e+01
1.918439674377441406e+01 5.566384887695312500e+01 -5.740944290161132812e+01
1.923098182678222656e+01 5.569300460815429688e+01 -5.760651016235351562e+01
1.926613235473632812e+01 5.573257827758789062e+01 -5.790559005737304688e+01
1.932139396667480469e+01 5.574741363525390625e+01 -5.809920501708984375e+01
1.936644363403320312e+01 5.579889678955078125e+01 -5.836435317993164062e+01
1.943745040893554688e+01 5.584532165527343750e+01 -5.856644058227539062e+01
1.949017333984375000e+01 5.593195724487304688e+01 -5.883401489257812500e+01
1.951516723632812500e+01 5.595858764648437500e+01 -5.903405761718750000e+01
1.956265068054199219e+01 5.600890731811523438e+01 -5.929821014404296875e+01
1.964071273803710938e+01 5.605411529541015625e+01 -5.959950256347656250e+01
1.967385864257812500e+01 5.607698822021484375e+01 -5.976856613159179688e+01
1.973489570617675781e+01 5.610998916625976562e+01 -6.005044555664062500e+01
1.980083847045898438e+01 5.614108276367187500e+01 -6.022257614135742188e+01
1.985744094848632812e+01 5.621492004394531250e+01 -6.047821426391601562e+01
1.988191413879394531e+01 5.620014572143554688e+01 -6.064469528198242188e+01
1.986011314392089844e+01 5.624845504760742188e+01 -6.087784576416015625e+01
1.990055656433105469e+01 5.624295043945312500e+01 -6.104969024658203125e+01
1.992640876770019531e+01 5.624168777465820312e+01 -6.128738021850585938e+01
1.999343681335449219e+01 5.628715896606445312e+01 -6.148687362670898438e+01
2.003320693969726562e+01 5.631495666503906250e+01 -6.162255096435546875e+01
2.008158493041992188e+01 5.636557769775390625e+01 -6.185386657714843750e+01
2.012906837463378906e+01 5.641762161254882812e+01 -6.198344802856445312e+01
2.017526054382324219e+01 5.646282577514648438e+01 -6.217968750000000000e+01
2.020349884033203125e+01 5.646609115600585938e+01 -6.230515289306640625e+01
2.025627326965332031e+01 5.653968811035156250e+01 -6.250077819824218750e+01
2.029720115661621094e+01 5.661276626586914062e+01 -6.270478820800781250e+01
2.030832862854003906e+01 5.661994171142578125e+01 -6.282987594604492188e+01
2.036437416076660156e+01 5.666371154785156250e+01 -6.302626419067382812e+01
2.038701629638671875e+01 5.669235610961914062e+01 -6.314839172363281250e+01
2.041777992248535156e+01 5.671904754638671875e+01 -6.333820343017578125e+01
2.046803092956542969e+01 5.672121429443359375e+01 -6.344013977050781250e+01
2.052769088745117188e+01 5.678381729125976562e+01 -6.360622024536132812e+01
2.054560089111328125e+01 5.682538604736328125e+01 -6.374678802490234375e+01
2.060810470581054688e+01 5.686747360229492188e+01 -6.391084671020507812e+01
2.067214584350585938e+01 5.692273330688476562e+01 -6.411373901367187500e+01
2.069798660278320312e+01 5.699652862548828125e+01 -6.420731353759765625e+01
2.076198387145996094e+01 5.709041213989257812e+01 -6.439410400390625000e+01
2.077430915832519531e+01 5.717617034912109375e+01 -6.451134490966796875e+01
2.076901817321777344e+01 5.724403381347656250e+01 -6.470520782470703125e+01
2.077086448669433594e+01 5.728973007202148438e+01 -6.485778808593750000e+01
2.081372261047363281e+01 5.732533264160156250e+01 -6.502201843261718750e+01
2.084998512268066406e+01 5.734503555297851562e+01 -6.517451477050781250e+01
2.092442321777343750e+01 5.739815139770507812e+01 -6.534674072265625000e+01
2.099674606323242188e+01 5.745080566406250000e+01 -6.558455657958984375e+01
2.103693389892578125e+01 5.750244140625000000e+01 -6.569277954101562500e+01
2.111639976501464844e+01 5.761139297485351562e+01 -6.588642120361328125e+01
2.115335845947265625e+01 5.766217803955078125e+01 -6.604566192626953125e+01
2.117798614501953125e+01 5.775056838989257812e+01 -6.625149536132812500e+01
2.118261909484863281e+01 5.780019378662109375e+01 -6.639144134521484375e+01
2.124454116821289062e+01 5.787635803222656250e+01 -6.658811187744140625e+01
2.126069831848144531e+01 5.792992401123046875e+01 -6.682703399658203125e+01
2.128442001342773438e+01 5.797094345092773438e+01 -6.696839904785156250e+01
2.132804107666015625e+01 5.799829101562500000e+01 -6.716154479980468750e+01
2.136971092224121094e+01 5.800127792358398438e+01 -6.732165527343750000e+01
2.142752265930175781e+01 5.804026794433593750e+01 -6.755929565429687500e+01
2.148657798767089844e+01 5.805328369140625000e+01 -6.770771789550781250e+01
2.153964233398437500e+01 5.810564804077148438e+01 -6.792893218994140625e+01
2.155565834045410156e+01 5.812126159667968750e+01 -6.808836364746093750e+01
2.162551116943359375e+01 5.817855834960937500e+01 -6.829831695556640625e+01
2.168880462646484375e+01 5.821868133544921875e+01 -6.855242919921875000e+01
2.171582221984863281e+01 5.823587036132812500e+01 -6.868699645996093750e+01
2.176836395263671875e+01 5.829640960693359375e+01 -6.891860198974609375e+01
2.175427818298339844e+01 5.833365249633789062e+01 -6.908387756347656250e+01
2.178244781494140625e+01 5.832809829711914062e+01 -6.931410217285156250e+01
2.181768035888671875e+01 5.832702255249023438e+01 -6.947577667236328125e+01
2.185593223571777344e+01 5.834109497070312500e+01 -6.969283294677734375e+01
2.188182449340820312e+01 5.834001159667968750e+01 -6.984320068359375000e+01
2.192204856872558594e+01 5.836036682128906250e+01 -7.009091949462890625e+01
2.197155380249023438e+01 5.835317230224609375e+01 -7.029658508300781250e+01
2.199658966064453125e+01 5.834950637817382812e+01 -7.045958709716796875e+01
2.205953216552734375e+01 5.836909103393554688e+01 -7.067733764648437500e+01
2.211319541931152344e+01 5.839549255371093750e+01 -7.082054138183593750e+01
2.215309524536132812e+01 5.839648056030273438e+01 -7.102166748046875000e+01
2.220481681823730469e+01 5.841916275024414062e+01 -7.118051147460937500e+01
2.224296951293945312e+01 5.844430923461914062e+01 -7.137405395507812500e+01
2.229445075988769531e+01 5.844980621337890625e+01 -7.160426330566406250e+01
2.232739067077636719e+01 5.847080230712890625e+01 -7.174799346923828125e+01
2.237461853027343750e+01 5.853956222534179688e+01 -7.194998931884765625e+01
2.238399124145507812e+01 5.854565429687500000e+01 -7.208805084228515625e+01
2.244073104858398438e+01 5.858546829223632812e+01 -7.229486083984375000e+01
2.243943595886230469e+01 5.858884429931640625e+01 -7.245400238037109375e+01
2.246456718444824219e+01 5.861690521240234375e+01 -7.265458679199218750e+01
2.250974845886230469e+01 5.863436889648437500e+01 -7.278972625732421875e+01
2.254589843750000000e+01 5.861798858642578125e+01 -7.298340606689453125e+01
2.260038185119628906e+01 5.868109130859375000e+01 -7.318224334716796875e+01
2.261615562438964844e+01 5.868386840820312500e+01 -7.329889678955078125e+01
2.265321540832519531e+01 5.869694137573242188e+01 -7.349035644531250000e+01
2.269108390808105469e+01 5.873957443237304688e+01 -7.358258819580078125e+01
2.271625709533691406e+01 5.873223114013671875e+01 -7.377126312255859375e+01
2.275688743591308594e+01 5.875070190429687500e+01 -7.390448760986328125e+01
2.281332206726074219e+01 5.876385116577148438e+01 -7.409481048583984375e+01
2.285477066040039062e+01 5.880264663696289062e+01 -7.419233703613281250e+01
2.293599891662597656e+01 5.884285736083984375e+01 -7.436298370361328125e+01
2.297022438049316406e+01 5.891437530517578125e+01 -7.455303955078125000e+01
2.302373695373535156e+01 5.896329498291015625e+01 -7.466703796386718750e+01
2.307367324829101562e+01 5.906848526000976562e+01 -7.485453033447265625e+01
2.307850265502929688e+01 5.911864852905273438e+01 -7.496177673339843750e+01
2.310487937927246094e+01 5.920193481445312500e+01 -7.515569305419921875e+01
2.313740158081054688e+01 5.925027847290039062e+01 -7.526264953613281250e+01
2.311855125427246094e+01 5.928900909423828125e+01 -7.543397521972656250e+01
2.313290596008300781e+01 5.932688522338867188e+01 -7.560807800292968750e+01
2.317622756958007812e+01 5.932521438598632812e+01 -7.571711730957031250e+01
2.321117210388183594e+01 5.936109542846679688e+01 -7.587129974365234375e+01
2.325296020507812500e+01 5.936751556396484375e+01 -7.601413726806640625e+01
2.331425666809082031e+01 5.941316604614257812e+01 -7.616140747070312500e+01
2.340210533142089844e+01 5.944113159179687500e+01 -7.626824951171875000e+01
2.346035957336425781e+01 5.950382614135742188e+01 -7.644695281982421875e+01
2.351500892639160156e+01 5.954381942749023438e+01 -7.655451965332031250e+01
2.356053733825683594e+01 5.961974334716796875e+01 -7.673643493652343750e+01
2.359432792663574219e+01 5.973337173461914062e+01 -7.690595245361328125e+01
2.362056922912597656e+01 5.978511047363281250e+01 -7.703536224365234375e+01
2.361514663696289062e+01 5.984424591064453125e+01 -7.721005249023437500e+01
2.363201904296875000e+01 5.987520217895507812e+01 -7.731405639648437500e+01
2.364483833312988281e+01 5.988894271850585938e+01 -7.748996734619140625e+01
2.366320037841796875e+01 5.989561843872070312e+01 -7.758594512939453125e+01
2.371047401428222656e+01 5.988891220092773438e+01 -7.775614166259765625e+01
2.370799255371093750e+01 5.993312072753906250e+01 -7.786695098876953125e+01
2.375706291198730469e+01 5.994552993774414062e+01 -7.799907684326171875e+01
2.383626747131347656e+01 5.999293899536132812e+01 -7.817648315429687500e+01
2.389848518371582031e+01 6.004679107666015625e+01 -7.826317596435546875e+01
2.392703056335449219e+01 6.009796524047851562e+01 -7.843156433105468750e+01
2.395192337036132812e+01 6.016394042968750000e+01 -7.856047821044921875e+01
2.400132179260253906e+01 6.021368026733398438e+01 -7.870923614501953125e+01
2.400821876525878906e+01 6.024634170532226562e+01 -7.883329772949218750e+01
2.408130645751953125e+01 6.031252670288085938e+01 -7.901483917236328125e+01
2.408887672424316406e+01 6.036349487304687500e+01 -7.916628265380859375e+01
2.414229583740234375e+01 6.040779113769531250e+01 -7.926634216308593750e+01
2.418550872802734375e+01 6.046795272827148438e+01 -7.943945312500000000e+01
2.421555519104003906e+01 6.048870086669921875e+01 -7.954438781738281250e+01
2.423970794677734375e+01 6.059489059448242188e+01 -7.972663116455078125e+01
2.424396705627441406e+01 6.061949920654296875e+01 -7.983646392822265625e+01
2.428865051269531250e+01 6.067515945434570312e+01 -7.998178100585937500e+01
2.431818389892578125e+01 6.069951248168945312e+01 -8.009747314453125000e+01
2.434038352966308594e+01 6.074761199951171875e+01 -8.027288818359375000e+01
2.254680252075195312e+01 5.865202713012695312e+01 -7.300411224365234375e+01
