1.893706466635911578e+00 3.533105865551657843e+00 -1.931905148670378436e+00
1.929561091792393546e+00 3.614748947418945146e+00 -1.942889418184764017e+00
1.947307682631260528e+00 3.655656709660319859e+00 -1.954767180212632072e+00
1.981834729322391908e+00 3.736309407683526373e+00 -1.975801110888699919e+00
1.990772447455626759e+00 3.764422420482984144e+00 -1.977886779361681446e+00
2.027364082886933705e+00 3.841807640686829117e+00 -1.995700927747340536e+00
2.039824381312683954e+00 3.891562538524376169e+00 -2.013406256495186231e+00
2.059866375026056406e+00 3.987159974818372365e+00 -2.003224905657325028e+00
2.061454206312883120e+00 4.041012281769264192e+00 -2.018318172160445290e+00
2.104021886665272234e+00 4.095345482872096099e+00 -2.011090054803718274e+00
2.125313907416508830e+00 4.179427079529802747e+00 -2.012570134332064331e+00
2.153491324006190588e+00 4.251691118322510121e+00 -2.029680692856379753e+00
2.182076004618725307e+00 4.327602208041159138e+00 -2.008338581970858794e+00
2.193152663767759414e+00 4.389800997008620698e+00 -2.002789734234350583e+00
2.229436725316694012e+00 4.476700068206033833e+00 -2.004579315382070348e+00
2.252887741304398617e+00 4.565713756636817777e+00 -1.997755976980381654e+00
2.278312011713547136e+00 4.672377207616446704e+00 -1.996111111104717617e+00
2.291162885103317226e+00 4.763410625673861531e+00 -1.968019175578101798e+00
2.311236300062127658e+00 4.845572946491788713e+00 -1.964417385272543282e+00
2.345121964120704394e+00 4.980958511453447812e+00 -1.953648692918343199e+00
2.360058595361223421e+00 5.072383817427564168e+00 -1.938539873317915108e+00
2.389859202022159845e+00 5.210301440440861853e+00 -1.918837980242356300e+00
2.410856736287108060e+00 5.306973254463065004e+00 -1.904131237629434370e+00
2.417872549865608178e+00 5.424786408539089777e+00 -1.888439068089610151e+00
2.436669602004477131e+00 5.523240948459329225e+00 -1.869556567114401879e+00
2.471328320981293736e+00 5.668964486290462901e+00 -1.839483100199861720e+00
2.515871265410420499e+00 5.833097416357293952e+00 -1.798491550024461150e+00
2.522547669862305497e+00 5.954065701727613735e+00 -1.794120637783629624e+00
2.552194692533545251e+00 6.122113423793659415e+00 -1.760585710497819978e+00
2.572699208978875163e+00 6.236681408063813770e+00 -1.743656347827268860e+00
2.595035616008236179e+00 6.422212521871678348e+00 -1.715694065907680921e+00
2.629218739106342628e+00 6.541959786604129690e+00 -1.682090247985855935e+00
2.651668239189496568e+00 6.728448997080175076e+00 -1.650130420378678853e+00
2.681792790931867287e+00 6.855641082099520389e+00 -1.640251604547003028e+00
2.701856912279549938e+00 7.045468549423303806e+00 -1.597732316595964042e+00
2.734745137392341707e+00 7.262275953234293091e+00 -1.551105457246869435e+00
2.745672106694364789e+00 7.404707721538710707e+00 -1.507404544169725691e+00
2.783718005381231375e+00 7.596703193114151098e+00 -1.482020768409672673e+00
2.815441933468851854e+00 7.745006789768917876e+00 -1.439388627434422752e+00
2.853460708649750099e+00 7.968809776143503498e+00 -1.392734146891529523e+00
2.878258652906254600e+00 8.125476185592589218e+00 -1.373522263019618217e+00
2.921161346088156474e+00 8.360971214522630035e+00 -1.320633022410297119e+00
2.940553874358683650e+00 8.630499123902360736e+00 -1.269493067412330145e+00
2.985386463529188017e+00 8.786394916530371191e+00 -1.236159468720167354e+00
3.010141922355460409e+00 9.035701827742258274e+00 -1.166517215580178624e+00
3.058793910676414374e+00 9.224757684441744487e+00 -1.143547510227463704e+00
3.094046925561130479e+00 9.481685804270512108e+00 -1.087857462957544374e+00
3.128887665580068145e+00 9.683282798877659303e+00 -1.059073803838797234e+00
3.159882698101560194e+00 9.964649677968226982e+00 -9.959616594241768039e-01
3.194935063699566591e+00 1.016322814900158100e+01 -9.804482015628089853e-01
3.251284313765880007e+00 1.045066106613993639e+01 -9.076976793100347551e-01
3.283668984502883248e+00 1.076824426256709621e+01 -8.521618868210336650e-01
3.311169603512785553e+00 1.097486665697643637e+01 -8.208736612464921922e-01
3.358917000773744110e+00 1.128225681158534854e+01 -7.654003192292493374e-01
3.382356191500680787e+00 1.150370880567532339e+01 -7.234374227751866337e-01
3.425205622098607350e+00 1.185395208988155602e+01 -6.758785286991054742e-01
3.466151267748975862e+00 1.207278177574999845e+01 -6.467831533027595947e-01
3.490661163586533444e+00 1.245662953173406251e+01 -5.770797548836337221e-01
3.547662724695155756e+00 1.267813420014158865e+01 -5.430752731812491518e-01
3.608432047102308360e+00 1.304986240122395458e+01 -5.087367507150895030e-01
3.661671791818610355e+00 1.343402613244316690e+01 -4.630787117998876878e-01
3.689495340778129240e+00 1.368507907772569254e+01 -4.271219284783597803e-01
3.736077067478745128e+00 1.408882915557948401e+01 -3.831035375399690079e-01
3.776904374338542425e+00 1.435527788048654330e+01 -3.709546890850906053e-01
3.838897798327914668e+00 1.477128893247836849e+01 -2.920498211110011955e-01
3.884802477690720846e+00 1.502888210121693291e+01 -2.795633818413247318e-01
3.944303305135623106e+00 1.546871655672854118e+01 -2.457634801225425381e-01
3.999447780169809175e+00 1.591917838923939854e+01 -1.886763233421106800e-01
4.037578253758177027e+00 1.623616440152903451e+01 -1.458323945310975034e-01
4.105557291873641823e+00 1.667545427716250117e+01 -1.163532104030033237e-01
4.157069138987298906e+00 1.698010124369143625e+01 -1.011455686768989032e-01
4.197377633344465231e+00 1.747947092871917008e+01 -7.662984481042989238e-02
4.243249486871217613e+00 1.781440518908247839e+01 -5.324406308712523184e-02
4.318304455258395791e+00 1.831170755699128705e+01 -3.266093375368100959e-02
4.364218876911095002e+00 1.867166472782754383e+01 -1.494234633031917003e-02
4.446297610421800606e+00 1.919921767924638800e+01 1.934666997041097070e-02
4.519680246762463049e+00 1.974460121200234397e+01 2.397153874521264216e-02
4.572598456563338409e+00 2.010215269413051686e+01 3.557491483157215056e-02
4.652573401423461874e+00 2.068323120192899012e+01 3.673460108315407258e-02
4.707881006900161758e+00 2.108564254291119511e+01 3.008132060596342000e-02
4.772398062181107292e+00 2.167949087223949434e+01 2.799231223709822136e-02
4.845470909126303738e+00 2.207546686741762798e+01 1.737040895273394073e-02
4.947062851432118435e+00 2.269830328740767911e+01 1.847578456162246585e-02
5.018584121423685929e+00 2.312404577137533224e+01 -2.854485147515580835e-03
5.117821332204615103e+00 2.378703031977678961e+01 -3.309011436328421901e-02
5.214539354202376131e+00 2.447186377905662624e+01 -7.393824386359566792e-02
5.273813967262074520e+00 2.492821164815783419e+01 -1.243895884501090565e-01
5.369618567784947949e+00 2.563480629302066305e+01 -1.813000030824491737e-01
5.435626779102222805e+00 2.611556050666913009e+01 -2.446128191362497428e-01
5.561587552739633900e+00 2.685031789542545511e+01 -3.298046718821698864e-01
5.634370887355640178e+00 2.737162547114201772e+01 -4.170178872819089722e-01
5.768897351372632265e+00 2.816022599954735384e+01 -5.473001966242035943e-01
5.887495625159167467e+00 2.897661331309979360e+01 -7.007216373291937916e-01
5.992268605074904997e+00 2.952953487509593344e+01 -8.281568415400779593e-01
6.146686286848097147e+00 3.037363983451809446e+01 -1.066260040912315965e+00
6.215600540671398555e+00 3.095914645185757053e+01 -1.206166333322685080e+00
6.394970300216443526e+00 3.185712909709702600e+01 -1.471603825123795506e+00
6.482574727064346121e+00 3.248311148105101154e+01 -1.686390873680008617e+00
6.648686622049472028e+00 3.339478570946198488e+01 -2.055551643077602630e+00
6.778149287566850312e+00 3.403720799197888880e+01 -2.331892779087174628e+00
6.969131871039435211e+00 3.503121774979685910e+01 -2.791454477534985212e+00
7.132902536043411068e+00 3.598589941903003364e+01 -3.344151773287182383e+00
7.258915976250954749e+00 3.662861070380382245e+01 -3.755018831197955542e+00
7.498986442594422819e+00 3.757772144954559224e+01 -4.433613934855910266e+00
7.635251206550321079e+00 3.820996295878145332e+01 -4.931431276404572905e+00
7.864789843215589826e+00 3.913365750347520589e+01 -5.749886500340770645e+00
8.037859808463126754e+00 3.970312250732478532e+01 -6.332073881955422756e+00
8.259545205183155048e+00 4.051787110359818200e+01 -7.287374838302342894e+00
8.420335970045776719e+00 4.104452226124590908e+01 -7.949039149078642730e+00
8.656532095666454651e+00 4.177020990477832640e+01 -8.977260290026006118e+00
8.867919249200266307e+00 4.243344030696601266e+01 -1.002798601755561059e+01
9.028242127333207634e+00 4.282903808952691804e+01 -1.074945183220311407e+01
9.236845534297573934e+00 4.338371412746935363e+01 -1.181145122504760714e+01
9.378908812673339312e+00 4.369955369125622724e+01 -1.253885128657462111e+01
9.587496413014777730e+00 4.412429328557367825e+01 -1.360675243951547841e+01
9.744916208742882446e+00 4.439360793956421247e+01 -1.430008926642761224e+01
9.912699978509293075e+00 4.475317221723210537e+01 -1.533830894667662648e+01
1.009369605947653170e+01 4.506902235140599799e+01 -1.632037497288064642e+01
1.021596300009241709e+01 4.526786756511040011e+01 -1.698293465553451753e+01
1.038592959297407603e+01 4.549462861860936869e+01 -1.789672548090821635e+01
1.049454382409854070e+01 4.564191384315972044e+01 -1.849745129526496967e+01
1.063056441683455944e+01 4.586940532093403533e+01 -1.937410027547405278e+01
1.071492975308194673e+01 4.599461792923446524e+01 -1.992284963340218695e+01
1.086169214013031059e+01 4.614443670533970021e+01 -2.073756598275097573e+01
1.093166781390733355e+01 4.624638832491391582e+01 -2.126305812658477024e+01
1.105979251198903945e+01 4.635140081594071404e+01 -2.201750317516048838e+01
1.117283781628170658e+01 4.647612645699690148e+01 -2.273644641165028446e+01
1.124701742540604776e+01 4.652597601222878154e+01 -2.318260528414448629e+01
1.136243153944424478e+01 4.662306705382085426e+01 -2.384717350751283504e+01
1.144250127076637824e+01 4.667122073460326703e+01 -2.425938093022129394e+01
1.153114880196979541e+01 4.676716247148001315e+01 -2.488622870997620140e+01
1.160175658027148948e+01 4.680659024299489346e+01 -2.527997178394619482e+01
1.172060499099529274e+01 4.685219203835883661e+01 -2.584553254002965161e+01
1.175943852521291610e+01 4.687062098939689747e+01 -2.621468805499523214e+01
1.184680498619443334e+01 4.691576970405798619e+01 -2.674501191740760575e+01
1.192537660719642112e+01 4.694597100522572219e+01 -2.724850789890048475e+01
1.198768554234063188e+01 4.694627187482559805e+01 -2.757328613377982052e+01
1.206598715550419065e+01 4.697138466479655960e+01 -2.803944167083009376e+01
1.213482211318649462e+01 4.698326574056868310e+01 -2.833655871208094368e+01
1.219850770863750000e+01 4.697424101942941377e+01 -2.875613797651575609e+01
1.222290699686113591e+01 4.697861504828097878e+01 -2.903068085546797050e+01
1.230156169032143865e+01 4.698446056489235900e+01 -2.941787320033487774e+01
1.235153504572164351e+01 4.697954732732929983e+01 -2.978377724242127655e+01
1.238898425913838075e+01 4.695814796109819866e+01 -3.001899956910736478e+01
1.244864977816780538e+01 4.696616107182526179e+01 -3.036794697245677455e+01
1.248835749568755382e+01 4.697245552606119645e+01 -3.057734315680487569e+01
1.256083220454086735e+01 4.695835493593497034e+01 -3.088511023841992298e+01
1.259379856023550381e+01 4.697110042905823946e+01 -3.109393383884576423e+01
1.262647836447116134e+01 4.697963295258246319e+01 -3.138281507707912965e+01
1.266312658551247594e+01 4.697725069122400043e+01 -3.155616688652388646e+01
1.271115900522253384e+01 4.698827972124076524e+01 -3.183342039394770140e+01
1.277418277991352902e+01 4.699694876830063350e+01 -3.208682211237739779e+01
1.280546549038994364e+01 4.702781106151624613e+01 -3.225269466713862698e+01
1.284628524404377714e+01 4.703006573341510688e+01 -3.249788076890590816e+01
1.288824515581333685e+01 4.704367354865865991e+01 -3.264640465182608153e+01
1.293863117864237111e+01 4.706560265069666826e+01 -3.288285944193051336e+01
1.299415050843030528e+01 4.709003388607463592e+01 -3.303480788916739641e+01
1.303049734943764548e+01 4.710357219237754833e+01 -3.323320418864074099e+01
1.303567354671605472e+01 4.712891282231188228e+01 -3.338494296741883005e+01
1.305771265394975167e+01 4.713259049047510274e+01 -3.359936721139040117e+01
1.309511776594881560e+01 4.714174706748854504e+01 -3.379803131684334971e+01
1.313622749421730695e+01 4.715514744239062850e+01 -3.394650987640495288e+01
1.316982052618091892e+01 4.716662573884451604e+01 -3.413535410712689355e+01
1.318413400056184237e+01 4.717090178002714396e+01 -3.426833023503532161e+01
1.322600933388154587e+01 4.717300450483759278e+01 -3.446254251549143532e+01
1.324240107859834836e+01 4.718003509548577767e+01 -3.458858173622399335e+01
1.329341300201031650e+01 4.717952246680844297e+01 -3.478362065291864269e+01
1.333884888602866781e+01 4.718468179235192395e+01 -3.494148959312651215e+01
1.336303423290915404e+01 4.719886239578570297e+01 -3.506455296363350271e+01
1.338585010669172348e+01 4.717887992254047447e+01 -3.524015823477962783e+01
1.340022257599075495e+01 4.716215770955787434e+01 -3.534287822557449488e+01
1.346464463021510483e+01 4.714207155825568663e+01 -3.550114000568762407e+01
1.348641128852191784e+01 4.711958941493516306e+01 -3.562690833703088344e+01
1.352612527579855417e+01 4.712207092507777872e+01 -3.577988599320615037e+01
1.354664151612865908e+01 4.710437059199372811e+01 -3.587038692249826255e+01
1.356511946826514325e+01 4.710042553254443476e+01 -3.602613909893197786e+01
1.359392811725394523e+01 4.706839679614709837e+01 -3.618642971335471969e+01
1.362202425043721199e+01 4.703485905004143319e+01 -3.626677718961991559e+01
1.363373659293832851e+01 4.701137567363959135e+01 -3.639280087252529228e+01
1.367484612397290178e+01 4.697827697377836387e+01 -3.645800505577155093e+01
1.367343571495738530e+01 4.692813106746631036e+01 -3.657702521553868991e+01
1.369796711837240188e+01 4.691499614491341674e+01 -3.665821124347051807e+01
1.373122261910095077e+01 4.686663005611151078e+01 -3.677542590708223003e+01
1.373093336248009955e+01 4.684979890932042679e+01 -3.682930904498169866e+01
1.376439685104610611e+01 4.680418553419293914e+01 -3.691948370223533260e+01
1.378441258006874470e+01 4.677732275399949913e+01 -3.702556932065965611e+01
1.379897935476536830e+01 4.674122178509490055e+01 -3.707936194581456135e+01
1.381208962911801841e+01 4.669275113992250681e+01 -3.714841385065316359e+01
1.381789238353848148e+01 4.667342831980464268e+01 -3.718674913755987177e+01
1.385169946530931462e+01 4.661494444360211276e+01 -3.722225415003237714e+01
1.385955982503158346e+01 4.659703504473707625e+01 -3.726041913074663370e+01
1.388945276140083962e+01 4.657271866800763149e+01 -3.730108290787384107e+01
1.388615328587180642e+01 4.653513539298719337e+01 -3.733497795503999583e+01
1.392427264396838815e+01 4.650431384268595281e+01 -3.735167690861974421e+01
1.392961501160110771e+01 4.646837648827800393e+01 -3.735891087660747445e+01
1.394218476674576301e+01 4.646996400447623898e+01 -3.735964260403203951e+01
1.394592530466204927e+01 4.643977376665889523e+01 -3.734610430699446937e+01
1.395563195915470267e+01 4.642988382683162740e+01 -3.731596215114801396e+01
1.396298389363091452e+01 4.643775463753174648e+01 -3.728965567113655766e+01
1.397194730903558479e+01 4.641492222163034143e+01 -3.724735676635894066e+01
1.396023492651657527e+01 4.641856799232593289e+01 -3.716472760579409851e+01
1.397770044774318521e+01 4.642005459213265794e+01 -3.707272661850533524e+01
1.398601761559046786e+01 4.645892485870508182e+01 -3.699043076110700667e+01
1.400254480470043106e+01 4.651844034233207736e+01 -3.687107435637588537e+01
1.399690340607663153e+01 4.659738040923983959e+01 -3.675922852851309131e+01
1.400590485955736852e+01 4.673713871671744613e+01 -3.660299469385901006e+01
1.400059154605788159e+01 4.684531821450863021e+01 -3.646884203775491073e+01
1.403500723104834869e+01 4.709739858994466033e+01 -3.628491759703835839e+01
1.405519781177953398e+01 4.728954929806527474e+01 -3.614730118236747813e+01
1.406821538164567897e+01 4.767032956579214442e+01 -3.599386042300454136e+01
1.411641346648135276e+01 4.809403941685449979e+01 -3.586251789251229383e+01
1.415756775099677256e+01 4.841333595783837751e+01 -3.580600479513100964e+01
1.421934537216682415e+01 4.891091640750379099e+01 -3.578770373913982894e+01
1.428085085217972861e+01 4.925108979886828564e+01 -3.578076240493455629e+01
1.435238929158993670e+01 4.972727847413898417e+01 -3.583715155529507257e+01
1.443369392973110088e+01 5.005298165779107933e+01 -3.589894379416334402e+01
1.450385469805124927e+01 5.049598222052837571e+01 -3.602768102215544133e+01
1.460246459764210059e+01 5.092104317012680781e+01 -3.617604999314134062e+01
1.466097185150657545e+01 5.119158176411198014e+01 -3.628930894418463282e+01
1.471787864637292742e+01 5.154382693621010958e+01 -3.649729941743468942e+01
1.477451984735281520e+01 5.176497999132728012e+01 -3.665078603152499426e+01
1.486192879066556927e+01 5.208599383815542438e+01 -3.687417736715677563e+01
1.492270740046664201e+01 5.225851411223924003e+01 -3.703080182540872300e+01
1.500372948053135680e+01 5.253127925817561561e+01 -3.727506456007036917e+01
1.503583080018266571e+01 5.270189056246296389e+01 -3.746362888742020658e+01
1.510758213360676017e+01 5.292857115950916125e+01 -3.772625332619666949e+01
1.518862135180579109e+01 5.311413875608632651e+01 -3.800479028401191073e+01
1.522299420913149959e+01 5.324169294964941912e+01 -3.819856151830759217e+01
1.531525740540918790e+01 5.340848388539220082e+01 -3.849887393186735096e+01
1.533828171923514816e+01 5.350140599753290616e+01 -3.871016320887237327e+01
1.540876015881112160e+01 5.362608783369336152e+01 -3.900615945856893774e+01
1.545124093507256546e+01 5.370434883019096617e+01 -3.922410804663075368e+01
1.551255322399120118e+01 5.381774805326109856e+01 -3.953108019771303105e+01
1.553954143256239995e+01 5.386498838382492949e+01 -3.972219761294888229e+01
1.561780935963572325e+01 5.393985900980774773e+01 -4.003446115496119262e+01
1.567631438153710199e+01 5.400278256471364102e+01 -4.033891208359668212e+01
1.572902707482808893e+01 5.402988763981582565e+01 -4.056496922962185181e+01
1.580923194147824518e+01 5.406791238489137896e+01 -4.085989471339998147e+01
1.584982719063196122e+01 5.408587963541359755e+01 -4.107359604808748088e+01
1.589446667935359869e+01 5.415624871746252467e+01 -4.138125238650366100e+01
1.591697795960358341e+01 5.415764787543987069e+01 -4.157088900601139159e+01
1.594100236944471760e+01 5.413551009150912563e+01 -4.184721348018277354e+01
1.599044758098805907e+01 5.410771017693515716e+01 -4.214930081483744573e+01
1.606385010464548202e+01 5.408835374117138173e+01 -4.232171018857679456e+01
1.613351479018291457e+01 5.408093409015467756e+01 -4.258632628448935264e+01
1.615563602001929411e+01 5.406999517576792158e+01 -4.275336648572864107e+01
1.622199336282500326e+01 5.404539219394009564e+01 -4.301768319582863853e+01
1.624295739046293363e+01 5.403068274395334925e+01 -4.319313150516476441e+01
1.625753347947558325e+01 5.399739813869204852e+01 -4.344016412958849571e+01
1.630802124020321386e+01 5.396105407718550140e+01 -4.360909000398224578e+01
1.635468876195870891e+01 5.393291873171228445e+01 -4.386672274268423166e+01
1.640678162387401784e+01 5.390145678512834593e+01 -4.410548775129759491e+01
1.643999566278852598e+01 5.386556519339252702e+01 -4.427921775280949390e+01
1.649968986510729962e+01 5.384958547201934209e+01 -4.451642182856129182e+01
1.653106842986279190e+01 5.383968910985035450e+01 -4.466939844085820255e+01
1.655661661738245982e+01 5.384019563382087625e+01 -4.490561889000684914e+01
1.656369227356394447e+01 5.381827138219367868e+01 -4.503711673542728278e+01
1.658588997986032254e+01 5.380346189741624130e+01 -4.529942335482540017e+01
1.662784390974009341e+01 5.376385946306710650e+01 -4.544137174199803297e+01
1.669901184157010476e+01 5.370820860884712289e+01 -4.566701408189096156e+01
1.676263544825635421e+01 5.369362689624969676e+01 -4.589427729376599530e+01
1.678645008659162485e+01 5.369497602264242175e+01 -4.603091138891740997e+01
1.683893266445258874e+01 5.369114128869041735e+01 -4.625239261761343812e+01
1.687641347480640519e+01 5.369155209997252598e+01 -4.639373786480417294e+01
1.690870983760001778e+01 5.368845220561841813e+01 -4.660170435051497151e+01
1.693006574513552565e+01 5.367957468390592624e+01 -4.674711831519578453e+01
1.695304146838608617e+01 5.366545523906874138e+01 -4.695915671751205878e+01
1.699373445433344543e+01 5.366480706378520438e+01 -4.718842564265406736e+01
1.702640157013069455e+01 5.363464159054110780e+01 -4.734041968321020022e+01
1.708854882636418537e+01 5.362903345527513466e+01 -4.757317187281137905e+01
1.709560565039968694e+01 5.360736325831484805e+01 -4.769683071475078151e+01
1.711751488507675845e+01 5.353784180825590511e+01 -4.791975665723471423e+01
1.711749942758469700e+01 5.349715682349906842e+01 -4.805095381763987916e+01
1.715067702614944523e+01 5.340800537808082993e+01 -4.820976211112748189e+01
1.716443981501535632e+01 5.332888216445396523e+01 -4.829869031836695825e+01
1.720135850561450752e+01 5.324837366932109006e+01 -4.841066261698607320e+01
1.724563354607099441e+01 5.322920027474721394e+01 -4.851542875362442686e+01
1.727016528880907131e+01 5.320755004940654942e+01 -4.858454804758252976e+01
1.728023127502330425e+01 5.322299059178372005e+01 -4.869434005533791066e+01
1.729810490063371020e+01 5.324684685832485798e+01 -4.878123314682918732e+01
1.731369077672935575e+01 5.326983398430997596e+01 -4.893505313898327813e+01
1.734382102423582594e+01 5.328519221985219900e+01 -4.902097927208944839e+01
1.739003807402031754e+01 5.332750393215586371e+01 -4.917763337577323313e+01
1.742806084620205453e+01 5.336572147453617276e+01 -4.929550746115360482e+01
1.746690989438679154e+01 5.346472113987850605e+01 -4.947231436672906568e+01
1.753824590868283195e+01 5.355027595642992821e+01 -4.966572975373102139e+01
1.757632699615372474e+01 5.361627499121589580e+01 -4.982487578915385740e+01
1.761982243636405343e+01 5.371641799770617354e+01 -5.003094545307909158e+01
1.763426759930497667e+01 5.378132676927977229e+01 -5.016922323624149982e+01
1.768523349403252354e+01 5.385822592873412873e+01 -5.040658983828886619e+01
1.774169865299303694e+01 5.392244967561424573e+01 -5.055779317098544112e+01
1.783672600220550208e+01 5.399910739601596532e+01 -5.083193399088150954e+01
1.792695070068992891e+01 5.414187628933496654e+01 -5.109196993553882749e+01
1.795064687721236396e+01 5.422510627481520373e+01 -5.125255348016085577e+01
1.800456052770646309e+01 5.434707841224675917e+01 -5.154636035266048566e+01
1.801819208341239431e+01 5.440411874550100180e+01 -5.174453575099878577e+01
1.808881618862419671e+01 5.445046897260643703e+01 -5.199479147545902435e+01
1.813329865452433154e+01 5.452028947645417389e+01 -5.220527754499438799e+01
1.821003214044144869e+01 5.458104346541266949e+01 -5.248109576730073655e+01
1.825246317899971871e+01 5.465212613212494119e+01 -5.266773785300184585e+01
1.830720322779611919e+01 5.475381709066653002e+01 -5.294575500439333382e+01
1.837856758306435268e+01 5.483313191578692880e+01 -5.322668294444359560e+01
1.843391805973710262e+01 5.490465589250690215e+01 -5.343617226710308898e+01
1.846525929923589260e+01 5.497932421198966324e+01 -5.375043458658979034e+01
1.848268036242566836e+01 5.500327810714795618e+01 -5.392786838075627287e+01
1.854885036435696932e+01 5.508465954039341028e+01 -5.426020559050595438e+01
1.857933602713542243e+01 5.512340237699740442e+01 -5.446472031628557176e+01
1.862096718534988327e+01 5.514410124760917853e+01 -5.476752090652551175e+01
1.867610402331163755e+01 5.517636040371107953e+01 -5.496990437782242367e+01
1.878264231490812008e+01 5.520959570473826261e+01 -5.527067846189380873e+01
1.886340611218417607e+01 5.530416872969966846e+01 -5.558851530070788272e+01
1.891026778061219460e+01 5.535298476706820026e+01 -5.577931573937708265e+01
1.896660031396134016e+01 5.540370637655063746e+01 -5.609511919765490262e+01
1.899638335051296423e+01 5.546741330145793825e+01 -5.630803803741645197e+01
1.903325989504532245e+01 5.552043475105578807e+01 -5.662815475988648473e+01
1.907084212163657355e+01 5.554981751939275370e+01 -5.682121811668295663e+01
1.912121482043685461e+01 5.561647549682855640e+01 -5.712065521845797633e+01
1.919000945386400403e+01 5.565172007474382809e+01 -5.742057256295624512e+01
1.922461237161653713e+01 5.568365174575294674e+01 -5.760403532685381833e+01
1.927251107988877976e+01 5.572191817451248852e+01 -5.789881230139766899e+01
1.930190535799797047e+01 5.574355548817563744e+01 -5.808930532782851941e+01
1.937572505546022228e+01 5.579769949834216902e+01 -5.837098199238189977e+01
1.943500048102306010e+01 5.583956751118593331e+01 -5.854722917525418069e+01
1.948914305269213543e+01 5.592380207165725636e+01 -5.882712153889851692e+01
1.953261190730085417e+01 5.597096494859952287e+01 -5.902848990934712248e+01
1.958337669229014821e+01 5.601441376546738127e+01 -5.929972230018821477e+01
1.962969627406904749e+01 5.606154102456988397e+01 -5.958870577437311766e+01
1.968365747933446386e+01 5.608308185188562334e+01 -5.977438425955998014e+01
1.975829767890514788e+01 5.611791836386554877e+01 -6.005404471702930636e+01
1.979658489297050394e+01 5.614320462080389262e+01 -6.022013753177179751e+01
1.985809705389150892e+01 5.618559208067427591e+01 -6.049457183991241038e+01
1.986735690666465004e+01 5.622627969180286556e+01 -6.067059565491564399e+01
1.988173175338701881e+01 5.625209126083908018e+01 -6.087669576695877538e+01
1.989073921971120740e+01 5.626044447647567637e+01 -6.105374108626732266e+01
1.993338190603411775e+01 5.625346474682297071e+01 -6.127365941083177603e+01
1.999637124358066131e+01 5.631346643152453169e+01 -6.146929654296896928e+01
2.003529311661272772e+01 5.633601546706371721e+01 -6.163995504946431936e+01
2.009114161487396899e+01 5.636691178123335533e+01 -6.184061625129476170e+01
2.012277537515195291e+01 5.640945309839069921e+01 -6.196559784307801522e+01
2.016441837449082541e+01 5.646387529370454672e+01 -6.216472663229664164e+01
2.020679184324649214e+01 5.650332062601408012e+01 -6.232171440377008054e+01
2.024718385473681082e+01 5.654718874253443772e+01 -6.250191373423592012e+01
2.028490881374829513e+01 5.658186268491224524e+01 -6.269339596556562810e+01
2.032570483417543628e+01 5.662245428174320239e+01 -6.282383666881487017e+01
2.035428580360404993e+01 5.666716848559715203e+01 -6.301380561882382381e+01
2.037256380327231398e+01 5.669671325189296596e+01 -6.314382160846326997e+01
2.040843511359057061e+01 5.671467415030592463e+01 -6.331757987224453643e+01
2.045796755443797466e+01 5.670700709649967308e+01 -6.344556137783384031e+01
2.050788772746541255e+01 5.678326373828413409e+01 -6.362198063108390755e+01
2.055866530118668933e+01 5.681356585334322062e+01 -6.373916541575308514e+01
2.062349527230190915e+01 5.686637940884778430e+01 -6.392620128829720727e+01
2.065870682806194480e+01 5.693945090913840801e+01 -6.409112868412411501e+01
2.069450421307548282e+01 5.698346829694372673e+01 -6.420918603414584425e+01
2.074295560963820861e+01 5.708853650804795876e+01 -6.439767285120082363e+01
2.075975315738363847e+01 5.716871791030234107e+01 -6.451637989359751657e+01
2.077253042364331392e+01 5.722891975881225335e+01 -6.471277274302600802e+01
2.079833271940692896e+01 5.728536323491666593e+01 -6.483894516040622591e+01
2.080973274206317569e+01 5.734475164341976239e+01 -6.502758237091377680e+01
2.086156362029561606e+01 5.736429528507179754e+01 -6.516439238742518114e+01
2.091805149486340554e+01 5.739599098879747174e+01 -6.536965411162131545e+01
2.099980641954038063e+01 5.746554667101298719e+01 -6.556768384015957452e+01
2.103549300096002739e+01 5.750270663085277789e+01 -6.568430980399439534e+01
2.110577150404195734e+01 5.760553239325516017e+01 -6.590539014634703108e+01
2.114096608591708559e+01 5.766382897159920873e+01 -6.603393434228942738e+01
2.117707795863307396e+01 5.775251057510043751e+01 -6.625033444788527959e+01
2.119678909689175228e+01 5.780599580092888345e+01 -6.637498482933295918e+01
2.125014863041466739e+01 5.787123724462977492e+01 -6.659397082124296219e+01
2.127342546704372239e+01 5.793310027045524180e+01 -6.680854748438673596e+01
2.130568124881810377e+01 5.795435990346776833e+01 -6.696217433383172590e+01
2.133433770106684335e+01 5.801244272299543780e+01 -6.718094488600493719e+01
2.137522567225954617e+01 5.801243314164810272e+01 -6.733816715680659115e+01
2.143742278085986541e+01 5.804068220849399040e+01 -6.757146204573975012e+01
2.148373977621499620e+01 5.806530727280735960e+01 -6.770945883318186986e+01
2.153018368773260605e+01 5.811814089490079027e+01 -6.793350429506901378e+01
2.156279113320474039e+01 5.812662956540698644e+01 -6.809176320519010517e+01
2.163830863948259520e+01 5.817462793330368953e+01 -6.831281217306752751e+01
2.168591884466677300e+01 5.823516107604182679e+01 -6.853740656740073689e+01
2.170552101701555969e+01 5.824204682582956849e+01 -6.868431465638444422e+01
2.175470130539853386e+01 5.829766133262457117e+01 -6.891993580087584803e+01
2.176987514309016802e+01 5.832099400881688211e+01 -6.908225589689259039e+01
2.179428859413499353e+01 5.834343500852046560e+01 -6.931676615615829462e+01
2.180394341511716760e+01 5.833468387476710149e+01 -6.945964311581852257e+01
2.185966156374549385e+01 5.834460988411792215e+01 -6.968370167155734407e+01
2.187497138018326837e+01 5.835327920479124941e+01 -6.983751030105155166e+01
2.192304209632794709e+01 5.833906646604167889e+01 -7.009015966487811511e+01
2.197784208735465583e+01 5.836244105344933786e+01 -7.030881314357634437e+01
2.201536536909592101e+01 5.838658074011554788e+01 -7.045749387590558399e+01
2.206168425440561265e+01 5.838547696637066053e+01 -7.067170249758235911e+01
2.209794788727377579e+01 5.839633965763810863e+01 -7.083264658406393721e+01
2.215428341172273363e+01 5.839312583816862912e+01 -7.104423853999699645e+01
2.220547554431286486e+01 5.840976809759191468e+01 -7.117890775759484256e+01
2.223758938524928652e+01 5.843237489572793208e+01 -7.139263563967564608e+01
2.228368203368608746e+01 5.848374939379888815e+01 -7.160275384890842076e+01
2.232563634380065309e+01 5.849616338473525445e+01 -7.175959105059256160e+01
2.236395586525976853e+01 5.853596754831132642e+01 -7.195152933078215085e+01
2.239412349450331163e+01 5.854326013690330655e+01 -7.209520526682312891e+01
2.245199564198883735e+01 5.856548644535364190e+01 -7.231478536668927859e+01
2.246100707048066880e+01 5.859667799380043363e+01 -7.245025090618804597e+01
2.246805107874060425e+01 5.862092235674449370e+01 -7.264726257550000810e+01
2.249924210083575105e+01 5.862292048698648017e+01 -7.277425925018295061e+01
2.256398571963771715e+01 5.865846351321629726e+01 -7.300076930140332365e+01
2.259527491604444194e+01 5.867776017238443842e+01 -7.316938328479899667e+01
2.262021419945939726e+01 5.867749502866261224e+01 -7.330177762091467741e+01
2.264561152623708296e+01 5.869965249122638795e+01 -7.347841221220110697e+01
2.267395007981937383e+01 5.872445124798740324e+01 -7.361413978901880739e+01
2.271571507202460438e+01 5.873295572234208350e+01 -7.377238379533980606e+01
2.277105155860668262e+01 5.874161665599773841e+01 -7.390424717311771019e+01
2.281632523188445916e+01 5.878249251764403738e+01 -7.406817486702118458e+01
2.285969074715300664e+01 5.879089422679498966e+01 -7.418187347384089492e+01
2.293707943047373021e+01 5.885749605202583012e+01 -7.436906687371154590e+01
2.300332180842373830e+01 5.890735648825534554e+01 -7.452982277363976493e+01
2.303139156196899862e+01 5.896793009276077413e+01 -7.466300385010235630e+01
2.307339240382973600e+01 5.901991811882408001e+01 -7.483307506962800915e+01
2.308993923105328605e+01 5.910799336220480882e+01 -7.496539223476706582e+01
2.312164806401579753e+01 5.920940666218088211e+01 -7.515213996968796550e+01
2.313567447687530887e+01 5.923315578364906742e+01 -7.526456390222440973e+01
2.313638427205885861e+01 5.931897293222478851e+01 -7.544360598844076549e+01
2.314126848435360984e+01 5.933618806479240249e+01 -7.559076170905277081e+01
2.316439457429018844e+01 5.931584331383535158e+01 -7.571751639958500846e+01
2.320343542908983281e+01 5.935985647698325351e+01 -7.587382871335137224e+01
2.326355224041049397e+01 5.937085754194897902e+01 -7.600141556883212957e+01
2.333613659518393391e+01 5.938486405780108157e+01 -7.615606183159258080e+01
2.337633827863011149e+01 5.944094771396269294e+01 -7.627769612474506289e+01
2.346599801507450778e+01 5.949695462649029309e+01 -7.644162726729061319e+01
2.351301608300938639e+01 5.954524323475782666e+01 -7.656839573785414643e+01
2.357701157823348481e+01 5.963406890245708780e+01 -7.674250913347788128e+01
2.360206346374915043e+01 5.973925853779294215e+01 -7.691469428889227800e+01
2.362951166549940041e+01 5.978175603628569235e+01 -7.702925765995388474e+01
2.362709467231433536e+01 5.984867399685043665e+01 -7.721543128174508297e+01
2.363351673862233326e+01 5.986133963324312646e+01 -7.730478496867353044e+01
2.364304359916114251e+01 5.987548590103933321e+01 -7.748862884382872096e+01
2.364525938397360960e+01 5.990136280740651387e+01 -7.758299975449250496e+01
2.369864725764123392e+01 5.991440269208665370e+01 -7.775255139362538159e+01
2.372161689551890262e+01 5.990755657036179826e+01 -7.785260518375530125e+01
2.377549542848645459e+01 5.995106598238490392e+01 -7.799979764092695689e+01
2.382527775971330186e+01 6.000126909391575936e+01 -7.817664935475113452e+01
2.388996894330491827e+01 6.003242358253522326e+01 -7.827307441805730548e+01
2.392709412069514485e+01 6.009799338939632918e+01 -7.844572486548405266e+01
2.396002077161992361e+01 6.014660195960811961e+01 -7.854955009183404968e+01
2.398869747732975100e+01 6.020943246599855314e+01 -7.872117805546564284e+01
2.403907401819295941e+01 6.023576177853816205e+01 -7.884053289350909210e+01
2.404558694455403867e+01 6.031603638471257511e+01 -7.899243225713887284e+01
2.410982133256131377e+01 6.034028558158782118e+01 -7.916766797375404963e+01
2.413076034802154979e+01 6.039976192083132389e+01 -7.927050932846242404e+01
2.418316388957523344e+01 6.046874535528571926e+01 -7.943711646955453887e+01
2.421027943888937983e+01 6.051001342350840417e+01 -7.955353905381190316e+01
2.424427012764921585e+01 6.057737099757147803e+01 -7.971099679124860415e+01
2.425045482478780201e+01 6.062628696440301468e+01 -7.983062737195851355e+01
2.426898318268579757e+01 6.067560508502967309e+01 -7.997875642506447491e+01
2.429102472856934014e+01 6.071673649646277937e+01 -8.009048891192269082e+01
2.434233516955212195e+01 6.074019957394619240e+01 -8.027267830405563132e+01
2.256398571963771360e+01 5.865846351321629726e+01 -7.300076930140332365e+01
