1.121649384498596191e+00 2.250982761383056641e+00 -6.599459052085876465e-02
1.122114658355712891e+00 2.304926633834838867e+00 -6.062018871307373047e-02
1.114536762237548828e+00 2.322166442871093750e+00 -6.672528386116027832e-02
1.132474303245544434e+00 2.371649742126464844e+00 -5.638558045029640198e-02
1.147994279861450195e+00 2.384028434753417969e+00 -5.559443309903144836e-02
1.136115312576293945e+00 2.442045688629150391e+00 -1.454150583595037460e-02
1.168911218643188477e+00 2.478750228881835938e+00 -8.269445039331912994e-03
1.177552819252014160e+00 2.557223320007324219e+00 1.968719065189361572e-03
1.163463592529296875e+00 2.587718486785888672e+00 4.370032344013452530e-03
1.216397881507873535e+00 2.659212589263916016e+00 4.651710391044616699e-02
1.214766979217529297e+00 2.709847211837768555e+00 5.369935557246208191e-02
1.244490742683410645e+00 2.803882360458374023e+00 8.706017583608627319e-02
1.249443650245666504e+00 2.887261390686035156e+00 1.171060502529144287e-01
1.252773642539978027e+00 2.977159023284912109e+00 1.392413377761840820e-01
1.268225669860839844e+00 3.043540716171264648e+00 1.753504574298858643e-01
1.280812978744506836e+00 3.126890182495117188e+00 1.740635782480239868e-01
1.308191418647766113e+00 3.224261045455932617e+00 2.351831644773483276e-01
1.326817274093627930e+00 3.302503108978271484e+00 2.434011995792388916e-01
1.336637616157531738e+00 3.384931802749633789e+00 2.739293873310089111e-01
1.338951826095581055e+00 3.508025884628295898e+00 3.145198523998260498e-01
1.359699130058288574e+00 3.617352724075317383e+00 3.264375627040863037e-01
1.364989280700683594e+00 3.695949554443359375e+00 3.611424565315246582e-01
1.410372614860534668e+00 3.822098970413208008e+00 4.055639505386352539e-01
1.428043842315673828e+00 3.920593976974487305e+00 4.437798857688903809e-01
1.452180266380310059e+00 4.059725761413574219e+00 4.692507386207580566e-01
1.469101071357727051e+00 4.157463550567626953e+00 5.212486386299133301e-01
1.490755915641784668e+00 4.268250465393066406e+00 5.453252196311950684e-01
1.501869559288024902e+00 4.382750511169433594e+00 5.961043238639831543e-01
1.521584868431091309e+00 4.527144908905029297e+00 6.225389838218688965e-01
1.563182353973388672e+00 4.669808387756347656e+00 6.721034646034240723e-01
1.579142093658447266e+00 4.814270973205566406e+00 7.358478903770446777e-01
1.584623217582702637e+00 4.955437183380126953e+00 7.548870444297790527e-01
1.610458374023437500e+00 5.183174610137939453e+00 8.406413197517395020e-01
1.640574336051940918e+00 5.344057559967041016e+00 8.775190711021423340e-01
1.670048952102661133e+00 5.486040592193603516e+00 9.353923201560974121e-01
1.704601526260375977e+00 5.672444820404052734e+00 9.731398820877075195e-01
1.722987294197082520e+00 5.844011306762695312e+00 1.016256570816040039e+00
1.723974347114562988e+00 6.004228591918945312e+00 1.062441468238830566e+00
1.774630069732666016e+00 6.179727077484130859e+00 1.132419586181640625e+00
1.777981281280517578e+00 6.365186214447021484e+00 1.194143414497375488e+00
1.810221672058105469e+00 6.542202472686767578e+00 1.241957902908325195e+00
1.842801690101623535e+00 6.740120410919189453e+00 1.312664747238159180e+00
1.858614921569824219e+00 6.930356979370117188e+00 1.363082051277160645e+00
1.900118350982666016e+00 7.127545356750488281e+00 1.405811429023742676e+00
1.940109968185424805e+00 7.352740764617919922e+00 1.478126764297485352e+00
1.933146238327026367e+00 7.576597213745117188e+00 1.546783685684204102e+00
1.955353260040283203e+00 7.788813591003417969e+00 1.582674026489257812e+00
1.985870003700256348e+00 7.991767406463623047e+00 1.652709007263183594e+00
2.035509109497070312e+00 8.218385696411132812e+00 1.712886214256286621e+00
2.059822559356689453e+00 8.445247650146484375e+00 1.788695931434631348e+00
2.106457233428955078e+00 8.709475517272949219e+00 1.833351492881774902e+00
2.106846094131469727e+00 8.946182250976562500e+00 1.878823995590209961e+00
2.154872179031372070e+00 9.189364433288574219e+00 1.963786840438842773e+00
2.209147691726684570e+00 9.581733703613281250e+00 2.045393228530883789e+00
2.245941877365112305e+00 9.843848228454589844e+00 2.125413656234741211e+00
2.280205488204956055e+00 1.011775207519531250e+01 2.179105997085571289e+00
2.306405544281005859e+00 1.038877201080322266e+01 2.222725152969360352e+00
2.357691526412963867e+00 1.068287944793701172e+01 2.290385961532592773e+00
2.374140024185180664e+00 1.099004745483398438e+01 2.344895839691162109e+00
2.430590629577636719e+00 1.129052066802978516e+01 2.422329187393188477e+00
2.472321748733520508e+00 1.156532669067382812e+01 2.477250814437866211e+00
2.520637035369873047e+00 1.188025379180908203e+01 2.544930696487426758e+00
2.544325828552246094e+00 1.222230339050292969e+01 2.600706577301025391e+00
2.587096691131591797e+00 1.252311229705810547e+01 2.641365766525268555e+00
2.623406887054443359e+00 1.285458755493164062e+01 2.727591037750244141e+00
2.697776556015014648e+00 1.319233417510986328e+01 2.762211322784423828e+00
2.721460819244384766e+00 1.355372524261474609e+01 2.837965250015258789e+00
2.768838167190551758e+00 1.390849304199218750e+01 2.894585609436035156e+00
2.802941560745239258e+00 1.427520751953125000e+01 2.949668645858764648e+00
2.861605882644653320e+00 1.466472530364990234e+01 2.984972715377807617e+00
2.902221679687500000e+00 1.503740310668945312e+01 3.043140411376953125e+00
2.954990148544311523e+00 1.541952323913574219e+01 3.080901622772216797e+00
2.995311975479125977e+00 1.581214904785156250e+01 3.138081312179565430e+00
3.093368530273437500e+00 1.642896842956542969e+01 3.186267852783203125e+00
3.151008129119873047e+00 1.684807968139648438e+01 3.228420495986938477e+00
3.202283859252929688e+00 1.729725646972656250e+01 3.257479667663574219e+00
3.232403993606567383e+00 1.772511863708496094e+01 3.283407211303710938e+00
3.305470228195190430e+00 1.817854690551757812e+01 3.308682441711425781e+00
3.370084047317504883e+00 1.863768959045410156e+01 3.331017732620239258e+00
3.455198049545288086e+00 1.912594604492187500e+01 3.357509851455688477e+00
3.526099681854248047e+00 1.959877777099609375e+01 3.369102716445922852e+00
3.557817935943603516e+00 2.010536193847656250e+01 3.362422227859497070e+00
3.637329816818237305e+00 2.059864616394042969e+01 3.379419565200805664e+00
3.721459865570068359e+00 2.111116600036621094e+01 3.378480672836303711e+00
3.784626007080078125e+00 2.163424491882324219e+01 3.358716487884521484e+00
3.878360033035278320e+00 2.217571640014648438e+01 3.326039791107177734e+00
3.929781198501586914e+00 2.275814819335937500e+01 3.291207790374755859e+00
4.013821125030517578e+00 2.329988861083984375e+01 3.261198759078979492e+00
4.098564624786376953e+00 2.388492202758789062e+01 3.212207794189453125e+00
4.194250106811523438e+00 2.450138854980468750e+01 3.170076847076416016e+00
4.300730228424072266e+00 2.511496734619140625e+01 3.098217725753784180e+00
4.372972965240478516e+00 2.574281501770019531e+01 3.004691839218139648e+00
4.491966724395751953e+00 2.638291549682617188e+01 2.901717424392700195e+00
4.571161270141601562e+00 2.703824806213378906e+01 2.783534765243530273e+00
4.752585411071777344e+00 2.806965446472167969e+01 2.559988975524902344e+00
4.879076004028320312e+00 2.875645065307617188e+01 2.397384643554687500e+00
5.010235786437988281e+00 2.949030876159667969e+01 2.197368144989013672e+00
5.127061843872070312e+00 3.023503684997558594e+01 1.986183643341064453e+00
5.256081581115722656e+00 3.098361968994140625e+01 1.704712033271789551e+00
5.366161346435546875e+00 3.175003814697265625e+01 1.412400960922241211e+00
5.529405593872070312e+00 3.251243209838867188e+01 1.073216199874877930e+00
5.694542884826660156e+00 3.329600906372070312e+01 6.713201403617858887e-01
5.871594429016113281e+00 3.407855987548828125e+01 2.252353280782699585e-01
6.028752326965332031e+00 3.486058044433593750e+01 -2.562479376792907715e-01
6.185002326965332031e+00 3.561221313476562500e+01 -8.041326999664306641e-01
6.383207321166992188e+00 3.636883926391601562e+01 -1.410903334617614746e+00
6.580003261566162109e+00 3.708257293701171875e+01 -2.096956491470336914e+00
6.753618240356445312e+00 3.778157043457031250e+01 -2.802900791168212891e+00
6.931860446929931641e+00 3.843535614013671875e+01 -3.551107883453369141e+00
7.092256069183349609e+00 3.903897857666015625e+01 -4.348195075988769531e+00
7.301196098327636719e+00 3.957473373413085938e+01 -5.155889034271240234e+00
7.489500999450683594e+00 4.011392593383789062e+01 -5.993616580963134766e+00
7.671113014221191406e+00 4.059190368652343750e+01 -6.829680442810058594e+00
7.842290401458740234e+00 4.100241851806640625e+01 -7.704648971557617188e+00
8.000020980834960938e+00 4.139472198486328125e+01 -8.516688346862792969e+00
8.223636627197265625e+00 4.187308883666992188e+01 -9.741149902343750000e+00
8.370736122131347656e+00 4.214073562622070312e+01 -1.052829742431640625e+01
8.498281478881835938e+00 4.236631393432617188e+01 -1.129304313659667969e+01
8.655489921569824219e+00 4.260653686523437500e+01 -1.205205917358398438e+01
8.793820381164550781e+00 4.276887512207031250e+01 -1.274722385406494141e+01
8.909839630126953125e+00 4.293380355834960938e+01 -1.345133399963378906e+01
9.014613151550292969e+00 4.307273101806640625e+01 -1.407957267761230469e+01
9.111236572265625000e+00 4.321278381347656250e+01 -1.469012069702148438e+01
9.194781303405761719e+00 4.331617355346679688e+01 -1.529657459259033203e+01
9.310676574707031250e+00 4.341860961914062500e+01 -1.588580131530761719e+01
9.407884597778320312e+00 4.351981735229492188e+01 -1.642020225524902344e+01
9.491094589233398438e+00 4.361112213134765625e+01 -1.693190574645996094e+01
9.569153785705566406e+00 4.365280151367187500e+01 -1.744565773010253906e+01
9.641151428222656250e+00 4.370697784423828125e+01 -1.791286277770996094e+01
9.711727142333984375e+00 4.377593994140625000e+01 -1.838053894042968750e+01
9.796022415161132812e+00 4.380532073974609375e+01 -1.882571029663085938e+01
9.864572525024414062e+00 4.386090469360351562e+01 -1.921997070312500000e+01
9.922483444213867188e+00 4.386341857910156250e+01 -1.964249610900878906e+01
9.986621856689453125e+00 4.386516952514648438e+01 -2.002294158935546875e+01
1.005771255493164062e+01 4.390597915649414062e+01 -2.037443733215332031e+01
1.013295841217041016e+01 4.391553497314453125e+01 -2.071251106262207031e+01
1.020413303375244141e+01 4.390588760375976562e+01 -2.118052482604980469e+01
1.025663375854492188e+01 4.393657302856445312e+01 -2.150997924804687500e+01
1.031539630889892578e+01 4.390922927856445312e+01 -2.179133987426757812e+01
1.035175323486328125e+01 4.392518234252929688e+01 -2.206819343566894531e+01
1.040900993347167969e+01 4.390641784667968750e+01 -2.230644798278808594e+01
1.043933963775634766e+01 4.389494705200195312e+01 -2.256894493103027344e+01
1.048650741577148438e+01 4.387315368652343750e+01 -2.281560516357421875e+01
1.055385684967041016e+01 4.387729263305664062e+01 -2.303064155578613281e+01
1.058160495758056641e+01 4.385359191894531250e+01 -2.322738456726074219e+01
1.060059547424316406e+01 4.385784530639648438e+01 -2.343896293640136719e+01
1.063863945007324219e+01 4.386318206787109375e+01 -2.364150810241699219e+01
1.064564228057861328e+01 4.384195327758789062e+01 -2.381292152404785156e+01
1.070576000213623047e+01 4.385231399536132812e+01 -2.398385238647460938e+01
1.071807575225830078e+01 4.386809921264648438e+01 -2.413241958618164062e+01
1.075622177124023438e+01 4.386517333984375000e+01 -2.428052711486816406e+01
1.078326702117919922e+01 4.386326599121093750e+01 -2.442886543273925781e+01
1.081032848358154297e+01 4.388396453857421875e+01 -2.459439277648925781e+01
1.084182071685791016e+01 4.391630172729492188e+01 -2.471538925170898438e+01
1.087287044525146484e+01 4.394046783447265625e+01 -2.486425209045410156e+01
1.087906742095947266e+01 4.393999099731445312e+01 -2.497364234924316406e+01
1.088345050811767578e+01 4.393699264526367188e+01 -2.511576271057128906e+01
1.093429470062255859e+01 4.393330764770507812e+01 -2.528524971008300781e+01
1.097712898254394531e+01 4.394440841674804688e+01 -2.541843986511230469e+01
1.100032901763916016e+01 4.394509124755859375e+01 -2.553114509582519531e+01
1.103442955017089844e+01 4.395251083374023438e+01 -2.567634773254394531e+01
1.103574657440185547e+01 4.393633270263671875e+01 -2.577860260009765625e+01
1.106816291809082031e+01 4.394648361206054688e+01 -2.590538978576660156e+01
1.109256458282470703e+01 4.392006301879882812e+01 -2.600816917419433594e+01
1.113331031799316406e+01 4.390245056152343750e+01 -2.613691711425781250e+01
1.115561866760253906e+01 4.390660095214843750e+01 -2.626202774047851562e+01
1.118132209777832031e+01 4.386346817016601562e+01 -2.634342765808105469e+01
1.120498752593994141e+01 4.384047698974609375e+01 -2.645700073242187500e+01
1.120098876953125000e+01 4.379881286621093750e+01 -2.658693122863769531e+01
1.122307014465332031e+01 4.376588439941406250e+01 -2.666789436340332031e+01
1.125573062896728516e+01 4.374272918701171875e+01 -2.678195762634277344e+01
1.128546619415283203e+01 4.372161865234375000e+01 -2.686687469482421875e+01
1.128151988983154297e+01 4.366157913208007812e+01 -2.696859741210937500e+01
1.130236721038818359e+01 4.362379455566406250e+01 -2.704853057861328125e+01
1.134624099731445312e+01 4.357416534423828125e+01 -2.714038848876953125e+01
1.136019134521484375e+01 4.356429290771484375e+01 -2.722023773193359375e+01
1.137376594543457031e+01 4.349877166748046875e+01 -2.730220794677734375e+01
1.136648559570312500e+01 4.346607589721679688e+01 -2.734996604919433594e+01
1.140020179748535156e+01 4.336812210083007812e+01 -2.744844627380371094e+01
1.142631626129150391e+01 4.332690048217773438e+01 -2.751120567321777344e+01
1.144326400756835938e+01 4.325081634521484375e+01 -2.756918907165527344e+01
1.146861743927001953e+01 4.321247863769531250e+01 -2.763262939453125000e+01
1.146745491027832031e+01 4.315414810180664062e+01 -2.764160346984863281e+01
1.147206687927246094e+01 4.309804534912109375e+01 -2.767939376831054688e+01
1.151418495178222656e+01 4.306379699707031250e+01 -2.772055816650390625e+01
1.148406982421875000e+01 4.300602340698242188e+01 -2.774740982055664062e+01
1.147007846832275391e+01 4.294767761230468750e+01 -2.776685714721679688e+01
1.153115177154541016e+01 4.287680816650390625e+01 -2.775802040100097656e+01
1.151212596893310547e+01 4.282773208618164062e+01 -2.776944351196289062e+01
1.152351856231689453e+01 4.279233932495117188e+01 -2.777776145935058594e+01
1.152737522125244141e+01 4.273883056640625000e+01 -2.774885940551757812e+01
1.151618385314941406e+01 4.269855499267578125e+01 -2.772739219665527344e+01
1.151475429534912109e+01 4.264680480957031250e+01 -2.768916702270507812e+01
1.152744960784912109e+01 4.259863281250000000e+01 -2.765236854553222656e+01
1.151366329193115234e+01 4.257298278808593750e+01 -2.758181381225585938e+01
1.152369785308837891e+01 4.251664733886718750e+01 -2.751714706420898438e+01
1.152234458923339844e+01 4.251711273193359375e+01 -2.739162063598632812e+01
1.150510120391845703e+01 4.251713943481445312e+01 -2.730677223205566406e+01
1.150140285491943359e+01 4.253658294677734375e+01 -2.708600234985351562e+01
1.149954891204833984e+01 4.259600067138671875e+01 -2.692585372924804688e+01
1.150393199920654297e+01 4.269515991210937500e+01 -2.673629188537597656e+01
1.148079967498779297e+01 4.281790924072265625e+01 -2.652754592895507812e+01
1.150155353546142578e+01 4.306875228881835938e+01 -2.629116439819335938e+01
1.152035713195800781e+01 4.333888626098632812e+01 -2.609035301208496094e+01
1.152687358856201172e+01 4.366754531860351562e+01 -2.589974212646484375e+01
1.156582355499267578e+01 4.408281707763671875e+01 -2.575251007080078125e+01
1.162394618988037109e+01 4.452649307250976562e+01 -2.566606712341308594e+01
1.168544673919677734e+01 4.494060897827148438e+01 -2.564338302612304688e+01
1.175388145446777344e+01 4.537222290039062500e+01 -2.566862487792968750e+01
1.182298183441162109e+01 4.576249313354492188e+01 -2.571448707580566406e+01
1.188374996185302734e+01 4.611233139038085938e+01 -2.583078956604003906e+01
1.195437622070312500e+01 4.644125366210937500e+01 -2.592497444152832031e+01
1.201865959167480469e+01 4.673006820678710938e+01 -2.608776283264160156e+01
1.208053207397460938e+01 4.697155761718750000e+01 -2.623761940002441406e+01
1.214596652984619141e+01 4.718840789794921875e+01 -2.642756652832031250e+01
1.220765876770019531e+01 4.735494613647460938e+01 -2.662021255493164062e+01
1.224531078338623047e+01 4.753997421264648438e+01 -2.679038810729980469e+01
1.229719257354736328e+01 4.765443801879882812e+01 -2.699699974060058594e+01
1.233823108673095703e+01 4.777880477905273438e+01 -2.721412658691406250e+01
1.242079162597656250e+01 4.791944503784179688e+01 -2.751628112792968750e+01
1.247339248657226562e+01 4.802880859375000000e+01 -2.773200035095214844e+01
1.250087165832519531e+01 4.811110687255859375e+01 -2.795241165161132812e+01
1.254899597167968750e+01 4.818381118774414062e+01 -2.819038009643554688e+01
1.259210968017578125e+01 4.826877975463867188e+01 -2.841075897216796875e+01
1.261113071441650391e+01 4.828856277465820312e+01 -2.864416503906250000e+01
1.266782474517822266e+01 4.833541488647460938e+01 -2.886574935913085938e+01
1.270159530639648438e+01 4.837738418579101562e+01 -2.912884902954101562e+01
1.275188064575195312e+01 4.838077163696289062e+01 -2.937148857116699219e+01
1.280360221862792969e+01 4.840622711181640625e+01 -2.962412071228027344e+01
1.287562656402587891e+01 4.839673614501953125e+01 -2.985206604003906250e+01
1.290308856964111328e+01 4.841765975952148438e+01 -3.010367965698242188e+01
1.295963096618652344e+01 4.840084838867187500e+01 -3.032882881164550781e+01
1.301578712463378906e+01 4.839839935302734375e+01 -3.057134628295898438e+01
1.305390453338623047e+01 4.835488891601562500e+01 -3.080506896972656250e+01
1.309636592864990234e+01 4.832410430908203125e+01 -3.103228378295898438e+01
1.313966941833496094e+01 4.827661132812500000e+01 -3.125756645202636719e+01
1.315908336639404297e+01 4.825454711914062500e+01 -3.148168373107910156e+01
1.321779251098632812e+01 4.818714904785156250e+01 -3.168115043640136719e+01
1.323459243774414062e+01 4.811611557006835938e+01 -3.189097213745117188e+01
1.328074169158935547e+01 4.804909515380859375e+01 -3.209711074829101562e+01
1.331407928466796875e+01 4.793441772460937500e+01 -3.241458892822265625e+01
1.334682750701904297e+01 4.790320587158203125e+01 -3.259959793090820312e+01
1.337621307373046875e+01 4.787429046630859375e+01 -3.281357574462890625e+01
1.339998626708984375e+01 4.782854080200195312e+01 -3.301758575439453125e+01
1.345064353942871094e+01 4.775436782836914062e+01 -3.320511245727539062e+01
1.347501468658447266e+01 4.774170303344726562e+01 -3.340070724487304688e+01
1.348619556427001953e+01 4.769295120239257812e+01 -3.358645629882812500e+01
1.352416610717773438e+01 4.764533615112304688e+01 -3.380833816528320312e+01
1.353917407989501953e+01 4.759966659545898438e+01 -3.398748397827148438e+01
1.355182743072509766e+01 4.755939102172851562e+01 -3.419850540161132812e+01
1.357658767700195312e+01 4.753339004516601562e+01 -3.436626052856445312e+01
1.362178707122802734e+01 4.748777389526367188e+01 -3.456230545043945312e+01
1.367046070098876953e+01 4.746984100341796875e+01 -3.474663543701171875e+01
1.370142269134521484e+01 4.744404602050781250e+01 -3.493246841430664062e+01
1.373351287841796875e+01 4.740213394165039062e+01 -3.512084960937500000e+01
1.375521945953369141e+01 4.740004348754882812e+01 -3.530149459838867188e+01
1.378391838073730469e+01 4.737258148193359375e+01 -3.550671768188476562e+01
1.379347133636474609e+01 4.732080841064453125e+01 -3.568344116210937500e+01
1.384931087493896484e+01 4.728844833374023438e+01 -3.585572814941406250e+01
1.386106777191162109e+01 4.723978042602539062e+01 -3.602824401855468750e+01
1.387256717681884766e+01 4.714149856567382812e+01 -3.617741012573242188e+01
1.392239952087402344e+01 4.702341461181640625e+01 -3.634880828857421875e+01
1.391510200500488281e+01 4.694963073730468750e+01 -3.641440963745117188e+01
1.394478607177734375e+01 4.693291091918945312e+01 -3.649399185180664062e+01
1.395030117034912109e+01 4.693745040893554688e+01 -3.658682632446289062e+01
1.398375606536865234e+01 4.696183395385742188e+01 -3.665962219238281250e+01
1.399863433837890625e+01 4.699455642700195312e+01 -3.677908325195312500e+01
1.402306938171386719e+01 4.707066726684570312e+01 -3.688867568969726562e+01
1.407223701477050781e+01 4.713895034790039062e+01 -3.704742431640625000e+01
1.410665798187255859e+01 4.721025848388671875e+01 -3.718835067749023438e+01
1.415078639984130859e+01 4.730190277099609375e+01 -3.733740234375000000e+01
1.424325752258300781e+01 4.741151046752929688e+01 -3.754347610473632812e+01
1.426581382751464844e+01 4.749502944946289062e+01 -3.771408843994140625e+01
1.433017444610595703e+01 4.759922409057617188e+01 -3.789310073852539062e+01
1.437382125854492188e+01 4.769966888427734375e+01 -3.808076858520507812e+01
1.442544841766357422e+01 4.780952072143554688e+01 -3.829289245605468750e+01
1.448785781860351562e+01 4.790561676025390625e+01 -3.848205947875976562e+01
1.452579975128173828e+01 4.801453018188476562e+01 -3.869070816040039062e+01
1.459917163848876953e+01 4.812698364257812500e+01 -3.888314056396484375e+01
1.465134143829345703e+01 4.826589202880859375e+01 -3.909553909301757812e+01
1.468850994110107422e+01 4.836693191528320312e+01 -3.930227279663085938e+01
1.473138618469238281e+01 4.847051239013671875e+01 -3.951064300537109375e+01
1.482484340667724609e+01 4.864307022094726562e+01 -3.982588195800781250e+01
1.487769126892089844e+01 4.874139022827148438e+01 -4.004931259155273438e+01
1.492817878723144531e+01 4.883724212646484375e+01 -4.025469970703125000e+01
1.497614002227783203e+01 4.894659805297851562e+01 -4.048454666137695312e+01
1.501855850219726562e+01 4.907825851440429688e+01 -4.070010757446289062e+01
1.503569221496582031e+01 4.916795349121093750e+01 -4.093148040771484375e+01
1.507759857177734375e+01 4.925325775146484375e+01 -4.117331314086914062e+01
1.513955593109130859e+01 4.932168960571289062e+01 -4.139811325073242188e+01
1.518034267425537109e+01 4.939886856079101562e+01 -4.161436843872070312e+01
1.522195720672607422e+01 4.950181961059570312e+01 -4.184285736083984375e+01
1.525926876068115234e+01 4.952753829956054688e+01 -4.208543014526367188e+01
1.532698154449462891e+01 4.958993530273437500e+01 -4.234669876098632812e+01
1.538905334472656250e+01 4.965206909179687500e+01 -4.257015228271484375e+01
1.544954490661621094e+01 4.972335815429687500e+01 -4.280310821533203125e+01
1.549942970275878906e+01 4.974184417724609375e+01 -4.304887390136718750e+01
1.555715274810791016e+01 4.979658889770507812e+01 -4.327903747558593750e+01
1.560991573333740234e+01 4.981408309936523438e+01 -4.351263427734375000e+01
1.562993431091308594e+01 4.986184310913085938e+01 -4.373356628417968750e+01
1.566927433013916016e+01 4.989094543457031250e+01 -4.396946716308593750e+01
1.575313186645507812e+01 4.992242431640625000e+01 -4.417243957519531250e+01
1.576612758636474609e+01 4.995581817626953125e+01 -4.439721298217773438e+01
1.580784893035888672e+01 5.001315307617187500e+01 -4.470125961303710938e+01
1.583255863189697266e+01 5.002389526367187500e+01 -4.490106964111328125e+01
1.587397384643554688e+01 5.008388137817382812e+01 -4.509329605102539062e+01
1.590832614898681641e+01 5.010388565063476562e+01 -4.528667068481445312e+01
1.596141147613525391e+01 5.013514328002929688e+01 -4.549212646484375000e+01
1.599996852874755859e+01 5.014552307128906250e+01 -4.567757034301757812e+01
1.603851699829101562e+01 5.018443298339843750e+01 -4.586312866210937500e+01
1.610191726684570312e+01 5.023345565795898438e+01 -4.603942108154296875e+01
1.614655876159667969e+01 5.026298522949218750e+01 -4.620928573608398438e+01
1.615666580200195312e+01 5.027775573730468750e+01 -4.641094207763671875e+01
1.618262100219726562e+01 5.030462265014648438e+01 -4.658920669555664062e+01
1.624375152587890625e+01 5.035108184814453125e+01 -4.674025726318359375e+01
1.626729202270507812e+01 5.037283325195312500e+01 -4.691410827636718750e+01
1.629711151123046875e+01 5.037724304199218750e+01 -4.706119537353515625e+01
1.633854103088378906e+01 5.041619110107421875e+01 -4.721978759765625000e+01
1.638654708862304688e+01 5.046247100830078125e+01 -4.740057754516601562e+01
1.642056846618652344e+01 5.047632217407226562e+01 -4.753960800170898438e+01
1.645411300659179688e+01 5.053909683227539062e+01 -4.768279647827148438e+01
1.647863769531250000e+01 5.056925964355468750e+01 -4.785705566406250000e+01
1.650387382507324219e+01 5.062619400024414062e+01 -4.801948165893554688e+01
1.657468986511230469e+01 5.067887878417968750e+01 -4.825228881835937500e+01
1.662594985961914062e+01 5.068222045898437500e+01 -4.840396881103515625e+01
1.665706253051757812e+01 5.075577163696289062e+01 -4.857286834716796875e+01
1.669382286071777344e+01 5.075885009765625000e+01 -4.872165298461914062e+01
1.674186134338378906e+01 5.081628417968750000e+01 -4.888983917236328125e+01
1.676677703857421875e+01 5.081255340576171875e+01 -4.905008697509765625e+01
1.680704307556152344e+01 5.085332870483398438e+01 -4.919987106323242188e+01
1.685452270507812500e+01 5.087157440185546875e+01 -4.937081146240234375e+01
1.686498641967773438e+01 5.088798522949218750e+01 -4.952903366088867188e+01
1.692936515808105469e+01 5.096932983398437500e+01 -4.970497894287109375e+01
1.694251632690429688e+01 5.100203704833984375e+01 -4.988321685791015625e+01
1.698147010803222656e+01 5.102284622192382812e+01 -5.003959274291992188e+01
1.700817871093750000e+01 5.105698394775390625e+01 -5.022068786621093750e+01
1.705521202087402344e+01 5.111656188964843750e+01 -5.037770080566406250e+01
1.711983680725097656e+01 5.112410736083984375e+01 -5.057072448730468750e+01
1.715969276428222656e+01 5.118478775024414062e+01 -5.071814346313476562e+01
1.721286773681640625e+01 5.122362136840820312e+01 -5.090196990966796875e+01
1.723819732666015625e+01 5.125177383422851562e+01 -5.108522033691406250e+01
1.726850509643554688e+01 5.127927780151367188e+01 -5.128753280639648438e+01
1.729301071166992188e+01 5.128728485107421875e+01 -5.148280334472656250e+01
1.735140228271484375e+01 5.131182479858398438e+01 -5.166912841796875000e+01
1.741473007202148438e+01 5.132694625854492188e+01 -5.194299316406250000e+01
1.745116806030273438e+01 5.134786605834960938e+01 -5.210846328735351562e+01
1.750758743286132812e+01 5.136766815185546875e+01 -5.230005264282226562e+01
1.753524017333984375e+01 5.142424392700195312e+01 -5.247960281372070312e+01
1.753890609741210938e+01 5.140061950683593750e+01 -5.266995239257812500e+01
1.750958633422851562e+01 5.143113708496093750e+01 -5.283662033081054688e+01
1.753125572204589844e+01 5.140087890625000000e+01 -5.299674606323242188e+01
1.757908821105957031e+01 5.138286590576171875e+01 -5.316256332397460938e+01
1.763257408142089844e+01 5.138848495483398438e+01 -5.335453796386718750e+01
1.768957710266113281e+01 5.139786911010742188e+01 -5.352046203613281250e+01
1.775445747375488281e+01 5.143519973754882812e+01 -5.369197463989257812e+01
1.776768684387207031e+01 5.146453094482421875e+01 -5.386129760742187500e+01
1.776966285705566406e+01 5.149633407592773438e+01 -5.401795578002929688e+01
1.781107902526855469e+01 5.152379989624023438e+01 -5.419242858886718750e+01
1.782174873352050781e+01 5.153294372558593750e+01 -5.434509658813476562e+01
1.784232902526855469e+01 5.151210403442382812e+01 -5.450786590576171875e+01
1.789581298828125000e+01 5.153552246093750000e+01 -5.468011474609375000e+01
1.793216705322265625e+01 5.155637359619140625e+01 -5.485388565063476562e+01
1.798018455505371094e+01 5.154999923706054688e+01 -5.499917221069335938e+01
1.803440666198730469e+01 5.157743072509765625e+01 -5.516223526000976562e+01
1.804687309265136719e+01 5.160437774658203125e+01 -5.532822418212890625e+01
1.807819366455078125e+01 5.163069152832031250e+01 -5.558558273315429688e+01
1.815170097351074219e+01 5.162989044189453125e+01 -5.573525238037109375e+01
1.820224952697753906e+01 5.168845367431640625e+01 -5.592310333251953125e+01
1.824177551269531250e+01 5.170392990112304688e+01 -5.604668426513671875e+01
1.827567100524902344e+01 5.175949096679687500e+01 -5.622394561767578125e+01
1.829645919799804688e+01 5.181851196289062500e+01 -5.639170455932617188e+01
1.831530189514160156e+01 5.185794448852539062e+01 -5.654055023193359375e+01
1.834451866149902344e+01 5.185974884033203125e+01 -5.672313690185546875e+01
1.836193084716796875e+01 5.189149093627929688e+01 -5.687021255493164062e+01
1.840660476684570312e+01 5.186754226684570312e+01 -5.702368927001953125e+01
1.844074630737304688e+01 5.188278579711914062e+01 -5.717138290405273438e+01
1.851879119873046875e+01 5.187749862670898438e+01 -5.733095932006835938e+01
1.855831527709960938e+01 5.192441558837890625e+01 -5.744163894653320312e+01
1.859760475158691406e+01 5.194771194458007812e+01 -5.760666656494140625e+01
1.862273216247558594e+01 5.200361251831054688e+01 -5.775448989868164062e+01
1.863169479370117188e+01 5.201599502563476562e+01 -5.789671325683593750e+01
1.865054321289062500e+01 5.200501251220703125e+01 -5.806419372558593750e+01
1.865624618530273438e+01 5.199870681762695312e+01 -5.820516967773437500e+01
1.868665885925292969e+01 5.200877761840820312e+01 -5.833728790283203125e+01
1.874536323547363281e+01 5.200702667236328125e+01 -5.846689987182617188e+01
1.881644058227539062e+01 5.203591156005859375e+01 -5.860915374755859375e+01
1.884972572326660156e+01 5.210029983520507812e+01 -5.882125091552734375e+01
1.887392807006835938e+01 5.210942840576171875e+01 -5.897647094726562500e+01
1.892390060424804688e+01 5.215356063842773438e+01 -5.910964584350585938e+01
1.893207550048828125e+01 5.221126174926757812e+01 -5.927544403076171875e+01
1.897141647338867188e+01 5.221860885620117188e+01 -5.938743972778320312e+01
1.897810935974121094e+01 5.225169372558593750e+01 -5.953255844116210938e+01
1.903647041320800781e+01 5.227686691284179688e+01 -5.965586853027343750e+01
1.909491348266601562e+01 5.232757186889648438e+01 -5.978917694091796875e+01
1.911293601989746094e+01 5.236665725708007812e+01 -5.990559005737304688e+01
1.912859916687011719e+01 5.243296432495117188e+01 -6.005334472656250000e+01
1.913898086547851562e+01 5.252084732055664062e+01 -6.016373825073242188e+01
1.913033676147460938e+01 5.255088043212890625e+01 -6.030291748046875000e+01
1.916776466369628906e+01 5.256480789184570312e+01 -6.044958496093750000e+01
1.923689079284667969e+01 5.259983062744140625e+01 -6.058009338378906250e+01
1.927615356445312500e+01 5.266548156738281250e+01 -6.071855545043945312e+01
1.932323265075683594e+01 5.268666076660156250e+01 -6.086264419555664062e+01
1.938550758361816406e+01 5.272544097900390625e+01 -6.098632431030273438e+01
1.939870071411132812e+01 5.278030014038085938e+01 -6.111678314208984375e+01
1.945030212402343750e+01 5.284366226196289062e+01 -6.126617050170898438e+01
1.947426605224609375e+01 5.286768341064453125e+01 -6.138864898681640625e+01
1.948180198669433594e+01 5.290354156494140625e+01 -6.151176071166992188e+01
1.950732803344726562e+01 5.296160125732421875e+01 -6.171270370483398438e+01
1.953706741333007812e+01 5.302332687377929688e+01 -6.183086776733398438e+01
1.954722404479980469e+01 5.302817535400390625e+01 -6.198718643188476562e+01
1.957806968688964844e+01 5.307229614257812500e+01 -6.209562301635742188e+01
1.961658859252929688e+01 5.308562469482421875e+01 -6.221471023559570312e+01
1.966683006286621094e+01 5.312816238403320312e+01 -6.234959030151367188e+01
1.969721031188964844e+01 5.316682052612304688e+01 -6.246173477172851562e+01
1.971927261352539062e+01 5.318551254272460938e+01 -6.260046005249023438e+01
1.976292800903320312e+01 5.324100494384765625e+01 -6.268339538574218750e+01
1.979627418518066406e+01 5.325234222412109375e+01 -6.280231857299804688e+01
1.981433296203613281e+01 5.329943466186523438e+01 -6.295096588134765625e+01
1.983605957031250000e+01 5.333455276489257812e+01 -6.304751205444335938e+01
1.986166572570800781e+01 5.338436126708984375e+01 -6.317687225341796875e+01
1.987332153320312500e+01 5.343437194824218750e+01 -6.329490280151367188e+01
1.992815589904785156e+01 5.346776199340820312e+01 -6.342553329467773438e+01
1.993093872070312500e+01 5.347763442993164062e+01 -6.352000427246093750e+01
1.994640350341796875e+01 5.347996139526367188e+01 -6.364512634277343750e+01
2.000881195068359375e+01 5.352153015136718750e+01 -6.375155639648437500e+01
2.006661987304687500e+01 5.354979705810546875e+01 -6.387136459350585938e+01
2.012734413146972656e+01 5.358069992065429688e+01 -6.398521804809570312e+01
2.015590095520019531e+01 5.367799758911132812e+01 -6.408689117431640625e+01
2.018450355529785156e+01 5.377428054809570312e+01 -6.425522613525390625e+01
2.023319244384765625e+01 5.383204269409179688e+01 -6.435666656494140625e+01
2.022808456420898438e+01 5.387895584106445312e+01 -6.444843292236328125e+01
2.025889015197753906e+01 5.391858673095703125e+01 -6.455730438232421875e+01
2.028483963012695312e+01 5.395734024047851562e+01 -6.465493011474609375e+01
2.033470916748046875e+01 5.402610015869140625e+01 -6.476354980468750000e+01
2.038002204895019531e+01 5.411207199096679688e+01 -6.486070251464843750e+01
2.039727592468261719e+01 5.418843078613281250e+01 -6.496700286865234375e+01
2.041026306152343750e+01 5.425218200683593750e+01 -6.506582641601562500e+01
2.044081306457519531e+01 5.430450820922851562e+01 -6.518029785156250000e+01
2.043913841247558594e+01 5.436342620849609375e+01 -6.528304290771484375e+01
2.048901557922363281e+01 5.442310714721679688e+01 -6.540180206298828125e+01
2.052122306823730469e+01 5.446945190429687500e+01 -6.551197052001953125e+01
2.055904579162597656e+01 5.454931259155273438e+01 -6.563017272949218750e+01
2.059133338928222656e+01 5.463864898681640625e+01 -6.573052215576171875e+01
2.063823509216308594e+01 5.468331527709960938e+01 -6.586186981201171875e+01
2.068737983703613281e+01 5.475550842285156250e+01 -6.595355224609375000e+01
2.071389770507812500e+01 5.484214782714843750e+01 -6.606147003173828125e+01
2.076810646057128906e+01 5.492390441894531250e+01 -6.621326446533203125e+01
2.082094573974609375e+01 5.497486114501953125e+01 -6.632750701904296875e+01
2.085882377624511719e+01 5.513217163085937500e+01 -6.651519775390625000e+01
2.089083290100097656e+01 5.520952224731445312e+01 -6.664126586914062500e+01
2.090546417236328125e+01 5.528892135620117188e+01 -6.676489257812500000e+01
2.091142845153808594e+01 5.537122726440429688e+01 -6.691606903076171875e+01
2.095797920227050781e+01 5.541694641113281250e+01 -6.704053497314453125e+01
2.101210212707519531e+01 5.548655700683593750e+01 -6.715541076660156250e+01
2.104740715026855469e+01 5.554618835449218750e+01 -6.731131744384765625e+01
2.111809539794921875e+01 5.560863113403320312e+01 -6.743402099609375000e+01
2.115776634216308594e+01 5.568324661254882812e+01 -6.756399536132812500e+01
2.120904541015625000e+01 5.577141952514648438e+01 -6.769858551025390625e+01
2.122716903686523438e+01 5.586995697021484375e+01 -6.784276580810546875e+01
2.122984313964843750e+01 5.594628906250000000e+01 -6.797130584716796875e+01
2.125342178344726562e+01 5.604751205444335938e+01 -6.811283111572265625e+01
2.126820945739746094e+01 5.608771514892578125e+01 -6.827031707763671875e+01
2.133163261413574219e+01 5.612990570068359375e+01 -6.841106414794921875e+01
2.135285377502441406e+01 5.617362594604492188e+01 -6.857463073730468750e+01
2.139896965026855469e+01 5.623218536376953125e+01 -6.869483947753906250e+01
2.147253799438476562e+01 5.627520751953125000e+01 -6.886360168457031250e+01
2.152356338500976562e+01 5.632417297363281250e+01 -6.900205993652343750e+01
2.155404663085937500e+01 5.641496658325195312e+01 -6.915206146240234375e+01
2.159918594360351562e+01 5.646758270263671875e+01 -6.928025054931640625e+01
2.163110923767089844e+01 5.656391525268554688e+01 -6.951760864257812500e+01
2.168539810180664062e+01 5.664645767211914062e+01 -6.967621612548828125e+01
2.170437431335449219e+01 5.669926071166992188e+01 -6.981389617919921875e+01
2.172631454467773438e+01 5.675602722167968750e+01 -6.998275756835937500e+01
2.173786354064941406e+01 5.679109954833984375e+01 -7.011196136474609375e+01
2.177943420410156250e+01 5.683235931396484375e+01 -7.026456451416015625e+01
2.183349800109863281e+01 5.687196731567382812e+01 -7.041124725341796875e+01
2.186490249633789062e+01 5.693990325927734375e+01 -7.056501770019531250e+01
2.191562271118164062e+01 5.694821929931640625e+01 -7.069293212890625000e+01
2.196690368652343750e+01 5.702729797363281250e+01 -7.085604095458984375e+01
2.202787399291992188e+01 5.709629058837890625e+01 -7.100702667236328125e+01
2.204945564270019531e+01 5.715839004516601562e+01 -7.116600799560546875e+01
2.207819366455078125e+01 5.720667266845703125e+01 -7.130520629882812500e+01
2.210315513610839844e+01 5.729647445678710938e+01 -7.146384429931640625e+01
2.214893913269042969e+01 5.731752014160156250e+01 -7.161740875244140625e+01
2.219625473022460938e+01 5.737765121459960938e+01 -7.176553344726562500e+01
2.223607826232910156e+01 5.744962692260742188e+01 -7.190627288818359375e+01
2.224474143981933594e+01 5.749411773681640625e+01 -7.206909179687500000e+01
2.229716300964355469e+01 5.757123184204101562e+01 -7.221216583251953125e+01
2.231838226318359375e+01 5.763576126098632812e+01 -7.237117004394531250e+01
2.235877227783203125e+01 5.770690155029296875e+01 -7.251812744140625000e+01
2.240259552001953125e+01 5.776655578613281250e+01 -7.271678161621093750e+01
2.243587112426757812e+01 5.782174301147460938e+01 -7.287510681152343750e+01
2.250372314453125000e+01 5.788018035888671875e+01 -7.302269744873046875e+01
2.251576423645019531e+01 5.791629028320312500e+01 -7.318032073974609375e+01
2.255206108093261719e+01 5.798226547241210938e+01 -7.334377288818359375e+01
2.260476493835449219e+01 5.803287124633789062e+01 -7.348105621337890625e+01
2.265040206909179688e+01 5.811808776855468750e+01 -7.361193847656250000e+01
2.270207023620605469e+01 5.817273330688476562e+01 -7.376676177978515625e+01
2.273232460021972656e+01 5.824329376220703125e+01 -7.393649291992187500e+01
2.278733062744140625e+01 5.832574844360351562e+01 -7.408218383789062500e+01
2.282728195190429688e+01 5.837251663208007812e+01 -7.425041198730468750e+01
