2.254470062255859375e+01 5.863404083251953125e+01 -7.298464202880859375e+01 1.686035871505737305e+00 1.099497199058532715e+00 -8.420484542846679688e+00
2.259561538696289062e+01 5.867330551147460938e+01 -7.317682647705078125e+01 1.713842391967773438e+00 9.644278287887573242e-01 -8.451694488525390625e+00
2.261607933044433594e+01 5.868505096435546875e+01 -7.329727935791015625e+01 1.623081564903259277e+00 1.085027575492858887e+00 -8.314065933227539062e+00
2.265618133544921875e+01 5.870211410522460938e+01 -7.348596954345703125e+01 1.962240815162658691e+00 1.178794026374816895e+00 -8.238530158996582031e+00
2.268936538696289062e+01 5.873258590698242188e+01 -7.359211730957031250e+01 1.897423386573791504e+00 1.326171278953552246e+00 -8.058458328247070312e+00
2.272052383422851562e+01 5.873531341552734375e+01 -7.377628326416015625e+01 1.865301132202148438e+00 1.252832531929016113e+00 -8.094005584716796875e+00
2.276066780090332031e+01 5.874961471557617188e+01 -7.390589141845703125e+01 1.908761262893676758e+00 1.478948235511779785e+00 -8.058767318725585938e+00
2.281843948364257812e+01 5.877133560180664062e+01 -7.408665466308593750e+01 2.229167938232421875e+00 1.735939264297485352e+00 -7.602488517761230469e+00
2.285848236083984375e+01 5.880316162109375000e+01 -7.419120025634765625e+01 2.354757070541381836e+00 1.944005131721496582e+00 -7.542149543762207031e+00
2.293413543701171875e+01 5.884724044799804688e+01 -7.436322021484375000e+01 2.412242650985717773e+00 2.253281116485595703e+00 -7.682313442230224609e+00
2.298244857788085938e+01 5.891468811035156250e+01 -7.455174255371093750e+01 2.202243089675903320e+00 2.478145122528076172e+00 -7.669079303741455078e+00
2.302739524841308594e+01 5.896419525146484375e+01 -7.466747283935546875e+01 2.025815248489379883e+00 2.566127300262451172e+00 -7.588340282440185547e+00
2.307519912719726562e+01 5.905646514892578125e+01 -7.484647369384765625e+01 2.031599998474121094e+00 2.740252494812011719e+00 -7.584682941436767578e+00
2.308648681640625000e+01 5.910866165161132812e+01 -7.496189117431640625e+01 1.822009921073913574e+00 2.888780117034912109e+00 -7.561325550079345703e+00
2.311150360107421875e+01 5.919084930419921875e+01 -7.514791870117187500e+01 1.354997754096984863e+00 2.854278087615966797e+00 -7.395626068115234375e+00
2.313568496704101562e+01 5.923643875122070312e+01 -7.525848388671875000e+01 1.238025188446044922e+00 2.681874990463256836e+00 -7.457200050354003906e+00
2.313049125671386719e+01 5.928784179687500000e+01 -7.543472290039062500e+01 1.357842445373535156e+00 2.467587232589721680e+00 -7.461729526519775391e+00
2.314850234985351562e+01 5.932480621337890625e+01 -7.560462188720703125e+01 1.327610015869140625e+00 2.039296627044677734e+00 -7.427965641021728516e+00
2.317869758605957031e+01 5.933348083496093750e+01 -7.571736907958984375e+01 1.555000662803649902e+00 1.978974938392639160e+00 -7.408641338348388672e+00
2.321573829650878906e+01 5.936501312255859375e+01 -7.587793731689453125e+01 1.646925449371337891e+00 1.776148080825805664e+00 -7.518243789672851562e+00
2.325238609313964844e+01 5.937482452392578125e+01 -7.600706481933593750e+01 2.148900985717773438e+00 1.942067742347717285e+00 -7.334855556488037109e+00
2.331896018981933594e+01 5.941661071777343750e+01 -7.616709136962890625e+01 2.436629772186279297e+00 2.064625740051269531e+00 -7.445012092590332031e+00
2.339419746398925781e+01 5.944613647460937500e+01 -7.627505493164062500e+01 2.611668109893798828e+00 2.166830778121948242e+00 -7.400750637054443359e+00
2.345850372314453125e+01 5.950556945800781250e+01 -7.644958496093750000e+01 2.300501108169555664e+00 2.634096145629882812e+00 -7.518726825714111328e+00
2.350744628906250000e+01 5.954990386962890625e+01 -7.656001281738281250e+01 2.252607583999633789e+00 2.637314558029174805e+00 -7.536224365234375000e+00
2.355553817749023438e+01 5.962772750854492188e+01 -7.673954772949218750e+01 2.195286750793457031e+00 2.951363563537597656e+00 -7.452998638153076172e+00
2.359765434265136719e+01 5.972807312011718750e+01 -7.691163635253906250e+01 1.902545332908630371e+00 2.884023904800415039e+00 -7.455535888671875000e+00
2.362038612365722656e+01 5.978277206420898438e+01 -7.703421020507812500e+01 1.577582359313964844e+00 2.708046436309814453e+00 -7.456585884094238281e+00
2.362337303161621094e+01 5.983567810058593750e+01 -7.720941925048828125e+01 1.263857841491699219e+00 2.172949075698852539e+00 -7.443242549896240234e+00
2.363393974304199219e+01 5.986537170410156250e+01 -7.731862640380859375e+01 1.137327671051025391e+00 1.954383850097656250e+00 -7.247802734375000000e+00
2.364544486999511719e+01 5.988789749145507812e+01 -7.748778533935546875e+01 1.180430650711059570e+00 1.721702814102172852e+00 -7.080732345581054688e+00
2.366515541076660156e+01 5.989989852905273438e+01 -7.758850860595703125e+01 1.413703560829162598e+00 1.547685384750366211e+00 -7.049379825592041016e+00
2.370761871337890625e+01 5.990110778808593750e+01 -7.775287628173828125e+01 1.794229984283447266e+00 1.489783763885498047e+00 -7.101022243499755859e+00
2.371849441528320312e+01 5.993494796752929688e+01 -7.785850524902343750e+01 1.879233121871948242e+00 1.634595990180969238e+00 -6.943527221679687500e+00
2.376757240295410156e+01 5.995844650268554688e+01 -7.800176239013671875e+01 1.791297674179077148e+00 1.743699431419372559e+00 -6.920838832855224609e+00
2.383293342590332031e+01 6.000022506713867188e+01 -7.817232513427734375e+01 1.919064998626708984e+00 1.962339043617248535e+00 -6.941384792327880859e+00
2.388406562805175781e+01 6.004307937622070312e+01 -7.826914215087890625e+01 2.159564733505249023e+00 2.147501707077026367e+00 -6.883330345153808594e+00
2.392688941955566406e+01 6.009891891479492188e+01 -7.843420410156250000e+01 1.939204335212707520e+00 2.347729444503784180e+00 -6.952264308929443359e+00
2.395564079284667969e+01 6.015364837646484375e+01 -7.855532073974609375e+01 1.766925096511840820e+00 2.541405439376831055e+00 -6.833331584930419922e+00
2.399730110168457031e+01 6.021136093139648438e+01 -7.870881652832031250e+01 1.795269131660461426e+00 2.574950933456420898e+00 -7.013728618621826172e+00
2.401296043395996094e+01 6.024444580078125000e+01 -7.882911682128906250e+01 1.828180909156799316e+00 2.497474431991577148e+00 -7.120234012603759766e+00
2.407242012023925781e+01 6.030803298950195312e+01 -7.900672149658203125e+01 1.831880807876586914e+00 2.437545299530029297e+00 -7.005917072296142578e+00
2.409627723693847656e+01 6.036072921752929688e+01 -7.916466522216796875e+01 1.980253100395202637e+00 2.556566476821899414e+00 -7.099987983703613281e+00
2.413828086853027344e+01 6.040451431274414062e+01 -7.927160644531250000e+01 1.974032878875732422e+00 2.737897872924804688e+00 -7.062112808227539062e+00
2.418015289306640625e+01 6.046821975708007812e+01 -7.943895721435546875e+01 1.754151225090026855e+00 2.826910018920898438e+00 -6.885611534118652344e+00
2.420994949340820312e+01 6.049716949462890625e+01 -7.954558563232421875e+01 1.734087109565734863e+00 2.883258342742919922e+00 -6.982650756835937500e+00
2.423651885986328125e+01 6.058510971069335938e+01 -7.971905517578125000e+01 1.452598571777343750e+00 2.743618488311767578e+00 -7.159871101379394531e+00
2.424466705322265625e+01 6.061525344848632812e+01 -7.982949829101562500e+01 1.523052811622619629e+00 2.751402378082275391e+00 -7.109400272369384766e+00
2.428465270996093750e+01 6.067646026611328125e+01 -7.998476409912109375e+01 1.651861667633056641e+00 2.735026121139526367e+00 -6.953247070312500000e+00
2.431267738342285156e+01 6.070365142822265625e+01 -8.009997558593750000e+01 1.508641362190246582e+00 2.648889541625976562e+00 -6.803487777709960938e+00
2.434039688110351562e+01 6.075620651245117188e+01 -8.026878356933593750e+01 1.489611625671386719e+00 2.393489360809326172e+00 -6.752475261688232422e+00
3.276942253112792969e+00 1.076358604431152344e+01 -8.521023392677307129e-01 1.817038655281066895e+00 1.317070770263671875e+01 2.239268779754638672e+00
3.300179243087768555e+00 1.097497272491455078e+01 -8.268885612487792969e-01 1.852952361106872559e+00 1.342827224731445312e+01 2.331028461456298828e+00
3.359828472137451172e+00 1.127756023406982422e+01 -7.586355805397033691e-01 2.000502109527587891e+00 1.392092990875244141e+01 2.462874174118041992e+00
3.377510309219360352e+00 1.151698780059814453e+01 -7.303205132484436035e-01 1.947201728820800781e+00 1.406902980804443359e+01 2.468432426452636719e+00
3.434621095657348633e+00 1.184907245635986328e+01 -6.795396208763122559e-01 2.007685184478759766e+00 1.443340301513671875e+01 2.303499937057495117e+00
3.466475963592529297e+00 1.207416152954101562e+01 -6.345469355583190918e-01 2.142436027526855469e+00 1.489856433868408203e+01 2.190830945968627930e+00
3.511617660522460938e+00 1.243881511688232422e+01 -5.948879718780517578e-01 2.075421810150146484e+00 1.537623500823974609e+01 2.188635587692260742e+00
3.549270153045654297e+00 1.268204402923583984e+01 -5.436624884605407715e-01 1.962397694587707520e+00 1.544675731658935547e+01 2.121265649795532227e+00
3.607852697372436523e+00 1.305233001708984375e+01 -5.038517713546752930e-01 2.165909051895141602e+00 1.581972980499267578e+01 2.145207643508911133e+00
3.650420665740966797e+00 1.341997718811035156e+01 -4.650912284851074219e-01 2.358627319335937500e+00 1.631127548217773438e+01 2.277149677276611328e+00
3.688369512557983398e+00 1.368260669708251953e+01 -4.326464235782623291e-01 2.355641603469848633e+00 1.668513488769531250e+01 2.006201505661010742e+00
3.739408731460571289e+00 1.408533859252929688e+01 -3.752978146076202393e-01 2.471506834030151367e+00 1.711513519287109375e+01 2.108760595321655273e+00
3.777394294738769531e+00 1.434954833984375000e+01 -3.593463897705078125e-01 2.426080465316772461e+00 1.744653511047363281e+01 2.127845287322998047e+00
3.847884178161621094e+00 1.476491737365722656e+01 -2.986821830272674561e-01 2.554021596908569336e+00 1.806166267395019531e+01 2.070647001266479492e+00
3.882086277008056641e+00 1.504935836791992188e+01 -2.764430046081542969e-01 2.481704473495483398e+00 1.834926033020019531e+01 2.087350845336914062e+00
3.940271615982055664e+00 1.547416114807128906e+01 -2.315114736557006836e-01 2.294912815093994141e+00 1.871005821228027344e+01 1.901634931564331055e+00
3.993049860000610352e+00 1.592335987091064453e+01 -1.876663267612457275e-01 2.471646070480346680e+00 1.914136505126953125e+01 1.769370436668395996e+00
4.041094779968261719e+00 1.621721458435058594e+01 -1.631988734006881714e-01 2.494385957717895508e+00 1.941480827331542969e+01 1.639968276023864746e+00
4.103074073791503906e+00 1.667722511291503906e+01 -1.200046837329864502e-01 2.865896701812744141e+00 2.005144882202148438e+01 1.727995276451110840e+00
4.145958900451660156e+00 1.699989509582519531e+01 -1.024182289838790894e-01 2.928860664367675781e+00 2.034459495544433594e+01 1.642101287841796875e+00
4.206317901611328125e+00 1.747980308532714844e+01 -6.258762627840042114e-02 2.866677284240722656e+00 2.081443214416503906e+01 1.487103104591369629e+00
4.258126258850097656e+00 1.781663894653320312e+01 -5.125667527318000793e-02 2.860801935195922852e+00 2.131430435180664062e+01 1.282805562019348145e+00
4.318775653839111328e+00 1.831573867797851562e+01 -2.585045807063579559e-02 2.996039390563964844e+00 2.190875244140625000e+01 1.183588504791259766e+00
4.370171546936035156e+00 1.867458343505859375e+01 -1.840416342020034790e-03 3.280084609985351562e+00 2.226045227050781250e+01 9.851956367492675781e-01
4.453165531158447266e+00 1.919930648803710938e+01 2.373893558979034424e-02 3.330674409866333008e+00 2.291704559326171875e+01 8.057156205177307129e-01
4.511357307434082031e+00 1.973216247558593750e+01 2.080105058848857880e-02 3.263356924057006836e+00 2.358300590515136719e+01 3.661409616470336914e-01
4.568576335906982422e+00 2.010239410400390625e+01 2.228789217770099640e-02 3.250319957733154297e+00 2.409163475036621094e+01 3.389726579189300537e-01
4.645740985870361328e+00 2.068782615661621094e+01 4.192956909537315369e-02 3.574024915695190430e+00 2.468118476867675781e+01 2.476801723241806030e-01
4.702035427093505859e+00 2.107215499877929688e+01 4.229519143700599670e-02 3.523960351943969727e+00 2.503973388671875000e+01 2.360918186604976654e-02
4.784263610839843750e+00 2.167002487182617188e+01 3.805286437273025513e-02 3.742458581924438477e+00 2.592124176025390625e+01 -2.538741230964660645e-01
4.843599796295166016e+00 2.206844902038574219e+01 3.871699422597885132e-02 3.841246604919433594e+00 2.655836486816406250e+01 -4.339478015899658203e-01
4.946233749389648438e+00 2.268810844421386719e+01 9.943422861397266388e-03 3.903040647506713867e+00 2.710840225219726562e+01 -9.262560606002807617e-01
5.005817413330078125e+00 2.311428070068359375e+01 1.991848461329936981e-03 3.895041942596435547e+00 2.761908149719238281e+01 -1.170567035675048828e+00
5.109911918640136719e+00 2.378022003173828125e+01 -2.612203732132911682e-02 3.837213039398193359e+00 2.848671722412109375e+01 -1.464876174926757812e+00
5.217206001281738281e+00 2.446900749206542969e+01 -8.957985788583755493e-02 4.302834033966064453e+00 2.945083999633789062e+01 -1.995081543922424316e+00
5.279619216918945312e+00 2.492974281311035156e+01 -1.193474307656288147e-01 4.503452301025390625e+00 3.001432609558105469e+01 -2.356098890304565430e+00
5.383107185363769531e+00 2.563666152954101562e+01 -1.860481202602386475e-01 4.718035221099853516e+00 3.097007942199707031e+01 -3.116932392120361328e+00
5.456482887268066406e+00 2.612621116638183594e+01 -2.423253655433654785e-01 4.947080135345458984e+00 3.148065567016601562e+01 -3.609809637069702148e+00
5.557758808135986328e+00 2.685261917114257812e+01 -3.337063491344451904e-01 4.772894382476806641e+00 3.238589096069335938e+01 -4.416833877563476562e+00
5.629652023315429688e+00 2.737204933166503906e+01 -4.063242673873901367e-01 4.939309120178222656e+00 3.301858520507812500e+01 -5.172505855560302734e+00
5.767416000366210938e+00 2.816154479980468750e+01 -5.513181090354919434e-01 5.257777690887451172e+00 3.413711547851562500e+01 -6.101492404937744141e+00
5.890344619750976562e+00 2.897158813476562500e+01 -7.178512811660766602e-01 5.568158149719238281e+00 3.506297302246093750e+01 -7.240915775299072266e+00
5.980737209320068359e+00 2.951712036132812500e+01 -8.345952033996582031e-01 5.738642215728759766e+00 3.590336990356445312e+01 -8.141134262084960938e+00
6.129179954528808594e+00 3.037385368347167969e+01 -1.046193599700927734e+00 6.237592220306396484e+00 3.716243362426757812e+01 -9.377267837524414062e+00
6.229840278625488281e+00 3.097015953063964844e+01 -1.199409365653991699e+00 6.336904048919677734e+00 3.782038497924804688e+01 -1.061050510406494141e+01
6.383442401885986328e+00 3.186468505859375000e+01 -1.485122561454772949e+00 6.703925132751464844e+00 3.874046707153320312e+01 -1.248194694519042969e+01
6.484144687652587891e+00 3.248275375366210938e+01 -1.695106506347656250e+00 7.053451061248779297e+00 3.931752014160156250e+01 -1.379044342041015625e+01
6.654756546020507812e+00 3.340095520019531250e+01 -2.061946868896484375e+00 7.382886409759521484e+00 4.019766998291015625e+01 -1.619982719421386719e+01
6.774680137634277344e+00 3.404706573486328125e+01 -2.330752134323120117e+00 7.635545730590820312e+00 4.076260375976562500e+01 -1.803248977661132812e+01
6.952569007873535156e+00 3.501700210571289062e+01 -2.789706230163574219e+00 7.953531742095947266e+00 4.139864730834960938e+01 -2.097268295288085938e+01
7.137312412261962891e+00 3.597784805297851562e+01 -3.333023786544799805e+00 8.720077514648437500e+00 4.146427536010742188e+01 -2.403446197509765625e+01
7.278506278991699219e+00 3.663838958740234375e+01 -3.742189645767211914e+00 8.947412490844726562e+00 4.136536788940429688e+01 -2.659174919128417969e+01
7.489029884338378906e+00 3.758573150634765625e+01 -4.427155494689941406e+00 9.306924819946289062e+00 4.064672088623046875e+01 -3.015575599670410156e+01
7.645069122314453125e+00 3.821517944335937500e+01 -4.929950714111328125e+00 9.557229995727539062e+00 3.967966079711914062e+01 -3.248690414428710938e+01
7.865917682647705078e+00 3.911962890625000000e+01 -5.737799167633056641e+00 9.736294746398925781e+00 3.818299484252929688e+01 -3.576406860351562500e+01
8.016357421875000000e+00 3.970838928222656250e+01 -6.343345165252685547e+00 9.587596893310546875e+00 3.680377197265625000e+01 -3.776336669921875000e+01
8.263862609863281250e+00 4.053475570678710938e+01 -7.278576850891113281e+00 9.827070236206054688e+00 3.398218917846679688e+01 -4.035428237915039062e+01
8.416823387145996094e+00 4.103736877441406250e+01 -7.937289237976074219e+00 9.833572387695312500e+00 3.214184570312500000e+01 -4.161149215698242188e+01
8.642937660217285156e+00 4.177170181274414062e+01 -8.962314605712890625e+00 9.621921539306640625e+00 2.931592178344726562e+01 -4.303620147705078125e+01
8.870196342468261719e+00 4.242217254638671875e+01 -1.003118896484375000e+01 9.534826278686523438e+00 2.650708770751953125e+01 -4.405137634277343750e+01
9.041893005371093750e+00 4.283040237426757812e+01 -1.074199390411376953e+01 9.314446449279785156e+00 2.475968551635742188e+01 -4.435318374633789062e+01
9.250494956970214844e+00 4.337767410278320312e+01 -1.181682300567626953e+01 8.887132644653320312e+00 2.230599784851074219e+01 -4.440304565429687500e+01
9.386419296264648438e+00 4.369559860229492188e+01 -1.254231834411621094e+01 8.750504493713378906e+00 2.076341247558593750e+01 -4.419880294799804688e+01
9.600937843322753906e+00 4.413610839843750000e+01 -1.360107707977294922e+01 8.456086158752441406e+00 1.840780448913574219e+01 -4.353327941894531250e+01
9.724205970764160156e+00 4.438996505737304688e+01 -1.430820655822753906e+01 8.189478874206542969e+00 1.686933135986328125e+01 -4.324959564208984375e+01
9.930495262145996094e+00 4.475816345214843750e+01 -1.533019542694091797e+01 7.828972339630126953e+00 1.501217174530029297e+01 -4.230905914306640625e+01
1.010452651977539062e+01 4.506805038452148438e+01 -1.632874679565429688e+01 7.385402202606201172e+00 1.323638153076171875e+01 -4.130941009521484375e+01
1.021728801727294922e+01 4.525144195556640625e+01 -1.697546005249023438e+01 7.278640270233154297e+00 1.223200607299804688e+01 -4.043342208862304688e+01
1.038656520843505859e+01 4.551016616821289062e+01 -1.790265655517578125e+01 7.019773483276367188e+00 1.079398345947265625e+01 -3.917067718505859375e+01
1.049697399139404297e+01 4.565442276000976562e+01 -1.850308418273925781e+01 6.672352313995361328e+00 9.714847564697265625e+00 -3.820552444458007812e+01
1.064206695556640625e+01 4.585879135131835938e+01 -1.937534332275390625e+01 6.253221035003662109e+00 8.396877288818359375e+00 -3.684085845947265625e+01
1.073519229888916016e+01 4.598831558227539062e+01 -1.992626571655273438e+01 6.097951412200927734e+00 7.809162616729736328e+00 -3.579204177856445312e+01
1.085658931732177734e+01 4.614654922485351562e+01 -2.074742126464843750e+01 5.690983772277832031e+00 6.913953304290771484e+00 -3.447488021850585938e+01
1.093393230438232422e+01 4.625046157836914062e+01 -2.126641654968261719e+01 5.625125408172607422e+00 6.242057800292968750e+00 -3.350035095214843750e+01
1.106096935272216797e+01 4.636831665039062500e+01 -2.201737403869628906e+01 5.328206062316894531e+00 5.460680961608886719e+00 -3.201167297363281250e+01
1.116363811492919922e+01 4.646935653686523438e+01 -2.272860145568847656e+01 5.045231819152832031e+00 4.683494567871093750e+00 -3.070584487915039062e+01
1.124784755706787109e+01 4.653067016601562500e+01 -2.317920494079589844e+01 4.938988208770751953e+00 4.170613288879394531e+00 -2.984499740600585938e+01
1.136456966400146484e+01 4.662128829956054688e+01 -2.384685516357421875e+01 4.724642276763916016e+00 3.742224216461181641e+00 -2.860981559753417969e+01
1.144369792938232422e+01 4.668064117431640625e+01 -2.426600456237792969e+01 4.515473842620849609e+00 3.411206007003784180e+00 -2.773917579650878906e+01
1.153283691406250000e+01 4.675138092041015625e+01 -2.488780212402343750e+01 4.116312503814697266e+00 2.917360782623291016e+00 -2.657789421081542969e+01
1.159274673461914062e+01 4.679612350463867188e+01 -2.529039955139160156e+01 4.116329193115234375e+00 2.284300088882446289e+00 -2.575218772888183594e+01
1.170789813995361328e+01 4.684060668945312500e+01 -2.584894371032714844e+01 4.232302665710449219e+00 1.951326966285705566e+00 -2.443939018249511719e+01
1.175742626190185547e+01 4.686423110961914062e+01 -2.622371292114257812e+01 4.035887718200683594e+00 1.700732111930847168e+00 -2.365438842773437500e+01
1.186083221435546875e+01 4.690463638305664062e+01 -2.674966049194335938e+01 3.690892696380615234e+00 1.316681623458862305e+00 -2.268711090087890625e+01
1.193026161193847656e+01 4.693478393554687500e+01 -2.725597572326660156e+01 3.477795124053955078e+00 1.008896350860595703e+00 -2.154690551757812500e+01
1.198823738098144531e+01 4.694992828369140625e+01 -2.757956123352050781e+01 3.305663824081420898e+00 7.560929656028747559e-01 -2.093645095825195312e+01
1.207896709442138672e+01 4.696480941772460938e+01 -2.803512382507324219e+01 3.366964578628540039e+00 4.214138686656951904e-01 -1.966290855407714844e+01
1.211647987365722656e+01 4.696603775024414062e+01 -2.833576774597167969e+01 3.309077739715576172e+00 1.768309921026229858e-01 -1.912062835693359375e+01
1.219700527191162109e+01 4.696617507934570312e+01 -2.875261116027832031e+01 3.045258998870849609e+00 1.259102970361709595e-01 -1.823817253112792969e+01
1.223029899597167969e+01 4.697999572753906250e+01 -2.902518272399902344e+01 2.883476018905639648e+00 -3.082082420587539673e-02 -1.762670516967773438e+01
1.230738544464111328e+01 4.698255157470703125e+01 -2.941953277587890625e+01 2.877825021743774414e+00 -1.210059821605682373e-01 -1.695711326599121094e+01
1.235304832458496094e+01 4.698117828369140625e+01 -2.978088760375976562e+01 2.595239877700805664e+00 -3.190199434757232666e-01 -1.608101272583007812e+01
1.239377880096435547e+01 4.697912216186523438e+01 -3.002202606201171875e+01 2.588120698928833008e+00 -2.557702660560607910e-01 -1.538622951507568359e+01
1.245483398437500000e+01 4.697561645507812500e+01 -3.037477493286132812e+01 2.674772024154663086e+00 -1.921319216489791870e-01 -1.460042285919189453e+01
1.248225784301757812e+01 4.696781539916992188e+01 -3.059043121337890625e+01 2.475957870483398438e+00 -2.156889438629150391e-01 -1.407079792022705078e+01
1.253411674499511719e+01 4.696695709228515625e+01 -3.089484786987304688e+01 2.319896459579467773e+00 -4.047192931175231934e-01 -1.339271354675292969e+01
1.258686542510986328e+01 4.696755218505859375e+01 -3.109941482543945312e+01 2.264391899108886719e+00 -2.624518275260925293e-01 -1.304824161529541016e+01
1.262732028961181641e+01 4.697486877441406250e+01 -3.138964462280273438e+01 2.247074365615844727e+00 -8.539554476737976074e-02 -1.258648490905761719e+01
1.265748500823974609e+01 4.697789764404296875e+01 -3.157211112976074219e+01 2.224621295928955078e+00 -3.931380808353424072e-02 -1.221187973022460938e+01
1.272301864624023438e+01 4.697793579101562500e+01 -3.183654403686523438e+01 2.283957719802856445e+00 -1.506872773170471191e-01 -1.158833789825439453e+01
1.278345108032226562e+01 4.700621414184570312e+01 -3.209192276000976562e+01 2.122584581375122070e+00 -1.078467294573783875e-01 -1.105390930175781250e+01
1.279740428924560547e+01 4.702711105346679688e+01 -3.225808334350585938e+01 1.950139284133911133e+00 -9.920735843479633331e-03 -1.074810600280761719e+01
1.285444641113281250e+01 4.703711318969726562e+01 -3.249623107910156250e+01 2.114422321319580078e+00 3.039579093456268311e-01 -1.033165931701660156e+01
1.287482929229736328e+01 4.703853988647460938e+01 -3.265125274658203125e+01 2.127692699432373047e+00 2.488376796245574951e-01 -1.018421554565429688e+01
1.293944263458251953e+01 4.707074356079101562e+01 -3.287405776977539062e+01 1.928634524345397949e+00 3.766908347606658936e-01 -9.789037704467773438e+00
1.298433780670166016e+01 4.707614517211914062e+01 -3.302626037597656250e+01 1.903962135314941406e+00 3.867076039314270020e-01 -9.689051628112792969e+00
1.301387119293212891e+01 4.711174774169921875e+01 -3.324012374877929688e+01 1.823397517204284668e+00 3.085292875766754150e-01 -9.548687934875488281e+00
1.302614593505859375e+01 4.713140106201171875e+01 -3.338235473632812500e+01 1.674895167350769043e+00 3.640324175357818604e-01 -9.308583259582519531e+00
1.306560420989990234e+01 4.711592483520507812e+01 -3.360074615478515625e+01 1.793577432632446289e+00 2.027126848697662354e-01 -8.995161056518554688e+00
1.310512638092041016e+01 4.714797592163085938e+01 -3.380332946777343750e+01 1.890895605087280273e+00 1.418177932500839233e-01 -8.787276268005371094e+00
1.313499736785888672e+01 4.714815139770507812e+01 -3.393864822387695312e+01 1.719026803970336914e+00 -4.486972838640213013e-02 -8.768720626831054688e+00
1.317400455474853516e+01 4.716704559326171875e+01 -3.413448333740234375e+01 1.588049411773681641e+00 5.299821496009826660e-02 -8.597450256347656250e+00
1.320103740692138672e+01 4.716777801513671875e+01 -3.425190734863281250e+01 1.636166453361511230e+00 8.635538071393966675e-02 -8.517591476440429688e+00
1.322845554351806641e+01 4.717937850952148438e+01 -3.444849014282226562e+01 1.530058383941650391e+00 -1.162409707903862000e-01 -8.299059867858886719e+00
1.324939727783203125e+01 4.717097854614257812e+01 -3.458516693115234375e+01 1.501422166824340820e+00 -3.728443756699562073e-02 -8.182682991027832031e+00
1.329479217529296875e+01 4.718788909912109375e+01 -3.478008270263671875e+01 1.516959905624389648e+00 -2.107144147157669067e-01 -7.843702316284179688e+00
1.332663917541503906e+01 4.718496322631835938e+01 -3.494248580932617188e+01 1.588200926780700684e+00 -2.592928707599639893e-01 -7.696450233459472656e+00
1.336028575897216797e+01 4.718719482421875000e+01 -3.506924057006835938e+01 1.534431099891662598e+00 -3.472303748130798340e-01 -7.453484535217285156e+00
1.338898754119873047e+01 4.717110824584960938e+01 -3.523691940307617188e+01 1.413011074066162109e+00 -7.328133583068847656e-01 -7.426912307739257812e+00
1.342212200164794922e+01 4.715720748901367188e+01 -3.533983230590820312e+01 1.369237780570983887e+00 -7.440631389617919922e-01 -7.319613456726074219e+00
1.345307826995849609e+01 4.713800048828125000e+01 -3.550518798828125000e+01 1.453838586807250977e+00 -5.627619624137878418e-01 -6.941535949707031250e+00
1.349059486389160156e+01 4.713484954833984375e+01 -3.562722778320312500e+01 1.481546044349670410e+00 -6.565287113189697266e-01 -6.755884647369384766e+00
1.353126907348632812e+01 4.711231231689453125e+01 -3.577692031860351562e+01 1.348866462707519531e+00 -8.841396570205688477e-01 -6.548080444335937500e+00
1.354737567901611328e+01 4.711002731323242188e+01 -3.587174606323242188e+01 1.534450769424438477e+00 -8.804496526718139648e-01 -6.414380550384521484e+00
1.358300113677978516e+01 4.709983825683593750e+01 -3.603203201293945312e+01 1.428947091102600098e+00 -1.213906526565551758e+00 -6.253211021423339844e+00
1.359684467315673828e+01 4.707228851318359375e+01 -3.616940689086914062e+01 1.175147175788879395e+00 -1.264753341674804688e+00 -6.184809207916259766e+00
1.361648178100585938e+01 4.702966308593750000e+01 -3.626653671264648438e+01 1.142881631851196289e+00 -1.373184680938720703e+00 -6.005045413970947266e+00
1.365138626098632812e+01 4.699882507324218750e+01 -3.638708114624023438e+01 1.141688346862792969e+00 -1.482387781143188477e+00 -5.742923736572265625e+00
1.366195297241210938e+01 4.698970031738281250e+01 -3.648109054565429688e+01 1.182513594627380371e+00 -1.306695342063903809e+00 -5.487089633941650391e+00
1.369574928283691406e+01 4.695669555664062500e+01 -3.659181976318359375e+01 9.794027209281921387e-01 -1.423844218254089355e+00 -4.992299079895019531e+00
1.369694232940673828e+01 4.692935943603515625e+01 -3.666877365112304688e+01 9.119752049446105957e-01 -1.552257180213928223e+00 -4.812526702880859375e+00
1.372661781311035156e+01 4.688421249389648438e+01 -3.677059173583984375e+01 1.016968846321105957e+00 -1.535835623741149902e+00 -4.443920612335205078e+00
1.373932933807373047e+01 4.685606384277343750e+01 -3.683477401733398438e+01 9.991592168807983398e-01 -1.636135101318359375e+00 -4.399502277374267578e+00
1.376264476776123047e+01 4.680705261230468750e+01 -3.693617630004882812e+01 1.069474458694458008e+00 -1.683695554733276367e+00 -4.203550338745117188e+00
1.378912925720214844e+01 4.678138732910156250e+01 -3.702231216430664062e+01 9.269115328788757324e-01 -1.729610919952392578e+00 -3.564310789108276367e+00
1.380838584899902344e+01 4.674190139770507812e+01 -3.707056427001953125e+01 7.892225384712219238e-01 -1.764154076576232910e+00 -3.340777635574340820e+00
1.382326602935791016e+01 4.669971847534179688e+01 -3.714694595336914062e+01 1.003312349319458008e+00 -1.640853047370910645e+00 -3.118384122848510742e+00
1.382589244842529297e+01 4.666137313842773438e+01 -3.718782424926757812e+01 9.807117581367492676e-01 -1.638982772827148438e+00 -3.017114400863647461e+00
1.385736179351806641e+01 4.661228561401367188e+01 -3.723536300659179688e+01 9.376040697097778320e-01 -1.647190332412719727e+00 -2.670867443084716797e+00
1.387324142456054688e+01 4.660332489013671875e+01 -3.727492904663085938e+01 7.535986900329589844e-01 -1.513321161270141602e+00 -2.224202871322631836e+00
1.388265037536621094e+01 4.655966186523437500e+01 -3.731192016601562500e+01 4.367902576923370361e-01 -1.296613216400146484e+00 -1.464334011077880859e+00
1.390195083618164062e+01 4.651746368408203125e+01 -3.733973693847656250e+01 7.810026407241821289e-01 -1.327542066574096680e+00 -1.155511975288391113e+00
1.392222881317138672e+01 4.650675964355468750e+01 -3.734419631958007812e+01 6.807600855827331543e-01 -1.224120974540710449e+00 -7.893389463424682617e-01
1.393405246734619141e+01 4.647757720947265625e+01 -3.734967041015625000e+01 6.617404222488403320e-01 -1.108798027038574219e+00 -4.008052647113800049e-01
1.393527412414550781e+01 4.646315383911132812e+01 -3.735430908203125000e+01 6.652727127075195312e-01 -1.035998225212097168e+00 -3.301236033439636230e-02
1.393780899047851562e+01 4.645096588134765625e+01 -3.734368515014648438e+01 4.632779955863952637e-01 -7.531108856201171875e-01 7.163698673248291016e-01
1.394355869293212891e+01 4.643054199218750000e+01 -3.732180023193359375e+01 4.481901228427886963e-01 -4.860646128654479980e-01 1.088321089744567871e+00
1.394714450836181641e+01 4.642828369140625000e+01 -3.727976989746093750e+01 3.975955247879028320e-01 -2.310768365859985352e-01 1.725503921508789062e+00
1.395487499237060547e+01 4.640991210937500000e+01 -3.725326538085937500e+01 3.276983201503753662e-01 1.520349457859992981e-02 2.443175315856933594e+00
1.395104980468750000e+01 4.640013122558593750e+01 -3.717376327514648438e+01 3.584005236625671387e-01 5.752862691879272461e-01 3.240102767944335938e+00
1.397855567932128906e+01 4.643754196166992188e+01 -3.707867050170898438e+01 1.964686065912246704e-01 1.284984111785888672e+00 4.013302803039550781e+00
1.397986984252929688e+01 4.645037460327148438e+01 -3.700569152832031250e+01 2.654306292533874512e-01 2.110307693481445312e+00 4.822897911071777344e+00
1.400292778015136719e+01 4.652415084838867188e+01 -3.688065719604492188e+01 3.247378468513488770e-01 3.543282985687255859e+00 5.957991123199462891e+00
1.399495983123779297e+01 4.660129928588867188e+01 -3.678106689453125000e+01 4.086413979530334473e-01 4.492285728454589844e+00 6.503606796264648438e+00
1.401731681823730469e+01 4.673576736450195312e+01 -3.660780334472656250e+01 4.464078843593597412e-01 6.713986873626708984e+00 7.551323413848876953e+00
1.401401710510253906e+01 4.684729385375976562e+01 -3.647738265991210938e+01 4.419519603252410889e-01 8.517765998840332031e+00 7.982900142669677734e+00
1.403160953521728516e+01 4.709204101562500000e+01 -3.628630065917968750e+01 8.242622017860412598e-01 1.144761562347412109e+01 7.864591598510742188e+00
1.404823780059814453e+01 4.730337905883789062e+01 -3.615633010864257812e+01 1.181150197982788086e+00 1.356984329223632812e+01 7.325625419616699219e+00
1.406998825073242188e+01 4.767088317871093750e+01 -3.599335098266601562e+01 1.601290822029113770e+00 1.605052566528320312e+01 5.559801578521728516e+00
1.412649536132812500e+01 4.809601593017578125e+01 -3.586935043334960938e+01 2.036531209945678711e+00 1.757495307922363281e+01 3.739842653274536133e+00
1.416209983825683594e+01 4.840921020507812500e+01 -3.581380844116210938e+01 2.413846492767333984e+00 1.824288368225097656e+01 2.247802734375000000e+00
1.422522544860839844e+01 4.890102005004882812e+01 -3.577304458618164062e+01 2.731967210769653320e+00 1.876219940185546875e+01 1.243347302079200745e-01
1.428599166870117188e+01 4.923328018188476562e+01 -3.579017257690429688e+01 2.918500661849975586e+00 1.876426506042480469e+01 -1.213752031326293945e+00
1.436502647399902344e+01 4.971070098876953125e+01 -3.583304214477539062e+01 3.260669946670532227e+00 1.843768310546875000e+01 -2.823716640472412109e+00
1.440716743469238281e+01 5.003974533081054688e+01 -3.589679336547851562e+01 3.409831047058105469e+00 1.810890769958496094e+01 -3.656473159790039062e+00
1.450677204132080078e+01 5.049693679809570312e+01 -3.602647781372070312e+01 3.622109174728393555e+00 1.774787330627441406e+01 -4.975023746490478516e+00
1.460036945343017578e+01 5.091567230224609375e+01 -3.618030166625976562e+01 3.774089574813842773e+00 1.698160934448242188e+01 -6.165412902832031250e+00
1.464936733245849609e+01 5.118910980224609375e+01 -3.629228591918945312e+01 3.548416376113891602e+00 1.632102012634277344e+01 -7.036274433135986328e+00
1.473197746276855469e+01 5.155707550048828125e+01 -3.648303985595703125e+01 3.403469085693359375e+00 1.516553115844726562e+01 -8.127480506896972656e+00
1.477424144744873047e+01 5.177730941772460938e+01 -3.662425994873046875e+01 3.496103525161743164e+00 1.436749744415283203e+01 -8.654366493225097656e+00
1.485551261901855469e+01 5.208145904541015625e+01 -3.686351776123046875e+01 3.479270458221435547e+00 1.345974159240722656e+01 -9.556664466857910156e+00
1.492019176483154297e+01 5.227542877197265625e+01 -3.702582550048828125e+01 3.485170125961303711e+00 1.279029273986816406e+01 -9.959399223327636719e+00
1.499727058410644531e+01 5.254600524902343750e+01 -3.728391647338867188e+01 3.427053689956665039e+00 1.179793167114257812e+01 -1.060455989837646484e+01
1.504617309570312500e+01 5.270841217041015625e+01 -3.745371246337890625e+01 3.387625932693481445e+00 1.111026477813720703e+01 -1.092444324493408203e+01
1.511611938476562500e+01 5.293484497070312500e+01 -3.772216796875000000e+01 3.314295291900634766e+00 1.000661563873291016e+01 -1.128139972686767578e+01
1.518231773376464844e+01 5.313388442993164062e+01 -3.800048065185546875e+01 3.204859256744384766e+00 9.138178825378417969e+00 -1.168967151641845703e+01
1.522351169586181641e+01 5.325003051757812500e+01 -3.819047927856445312e+01 3.118474721908569336e+00 8.437799453735351562e+00 -1.202454185485839844e+01
1.528963661193847656e+01 5.339953994750976562e+01 -3.850166320800781250e+01 3.029829978942871094e+00 7.569665431976318359e+00 -1.239939212799072266e+01
1.534124565124511719e+01 5.349834823608398438e+01 -3.869763565063476562e+01 3.137302398681640625e+00 6.958450317382812500e+00 -1.260115432739257812e+01
1.541644382476806641e+01 5.361771774291992188e+01 -3.900149917602539062e+01 2.888035058975219727e+00 6.372353553771972656e+00 -1.300102329254150391e+01
1.544830226898193359e+01 5.370741271972656250e+01 -3.921991348266601562e+01 2.762939453125000000e+00 5.793273925781250000e+00 -1.320944595336914062e+01
1.551426219940185547e+01 5.382368087768554688e+01 -3.953184127807617188e+01 2.765503883361816406e+00 5.012951850891113281e+00 -1.309375762939453125e+01
1.555819702148437500e+01 5.386508941650390625e+01 -3.974451065063476562e+01 2.819515466690063477e+00 4.288910865783691406e+00 -1.311989784240722656e+01
1.561217212677001953e+01 5.394223403930664062e+01 -4.005267715454101562e+01 2.914641857147216797e+00 3.538594961166381836e+00 -1.346299648284912109e+01
1.569298839569091797e+01 5.399671554565429688e+01 -4.035483551025390625e+01 2.969135999679565430e+00 2.852708578109741211e+00 -1.324807262420654297e+01
1.572467231750488281e+01 5.402909851074218750e+01 -4.055836105346679688e+01 2.873048067092895508e+00 2.473071575164794922e+00 -1.317441749572753906e+01
1.579748439788818359e+01 5.407976913452148438e+01 -4.086680603027343750e+01 2.711240530014038086e+00 1.883524775505065918e+00 -1.317796516418457031e+01
1.584766292572021484e+01 5.409939956665039062e+01 -4.106460952758789062e+01 2.468719959259033203e+00 1.637200832366943359e+00 -1.315829563140869141e+01
1.589284420013427734e+01 5.413687515258789062e+01 -4.138184356689453125e+01 2.471123218536376953e+00 1.141185760498046875e+00 -1.289432907104492188e+01
1.592926597595214844e+01 5.415874862670898438e+01 -4.157386779785156250e+01 2.193721055984497070e+00 9.673172235488891602e-01 -1.263803291320800781e+01
1.595954608917236328e+01 5.413510513305664062e+01 -4.186993408203125000e+01 2.116223573684692383e+00 2.734651565551757812e-01 -1.251583862304687500e+01
1.601156044006347656e+01 5.410584640502929688e+01 -4.213800048828125000e+01 2.151066064834594727e+00 -5.564539693295955658e-03 -1.254204368591308594e+01
1.606229782104492188e+01 5.409353256225585938e+01 -4.231417083740234375e+01 2.327956914901733398e+00 -3.290800154209136963e-01 -1.232085418701171875e+01
1.612598991394042969e+01 5.407444763183593750e+01 -4.259385681152343750e+01 2.500519990921020508e+00 -5.726582407951354980e-01 -1.199796485900878906e+01
1.617110633850097656e+01 5.408151245117187500e+01 -4.276385879516601562e+01 2.348151445388793945e+00 -5.397373437881469727e-01 -1.150737667083740234e+01
1.620171165466308594e+01 5.405008316040039062e+01 -4.302056884765625000e+01 1.854223132133483887e+00 -6.316735148429870605e-01 -1.123851585388183594e+01
1.623477554321289062e+01 5.402665328979492188e+01 -4.318423461914062500e+01 1.925592184066772461e+00 -7.228147983551025391e-01 -1.141852283477783203e+01
1.628245544433593750e+01 5.399447631835937500e+01 -4.344116973876953125e+01 2.046365737915039062e+00 -8.088230490684509277e-01 -1.122117710113525391e+01
1.631493759155273438e+01 5.396975708007812500e+01 -4.360644531250000000e+01 1.949934482574462891e+00 -1.032813072204589844e+00 -1.102781200408935547e+01
1.634896469116210938e+01 5.393481445312500000e+01 -4.386290740966796875e+01 1.897012114524841309e+00 -1.227428793907165527e+00 -1.124231433868408203e+01
1.640563011169433594e+01 5.389544677734375000e+01 -4.411042785644531250e+01 1.764609456062316895e+00 -1.042470216751098633e+00 -1.122314739227294922e+01
1.643737983703613281e+01 5.388185882568359375e+01 -4.426855087280273438e+01 1.852385878562927246e+00 -9.865508079528808594e-01 -1.111201477050781250e+01
1.649432373046875000e+01 5.385338211059570312e+01 -4.452108001708984375e+01 1.964384675025939941e+00 -8.638610839843750000e-01 -1.080547142028808594e+01
1.651694679260253906e+01 5.383676147460937500e+01 -4.467691040039062500e+01 2.126575469970703125e+00 -9.035634398460388184e-01 -1.057768726348876953e+01
1.655915069580078125e+01 5.382337570190429688e+01 -4.491239166259765625e+01 2.033587932586669922e+00 -1.032623529434204102e+00 -1.020510005950927734e+01
1.658221626281738281e+01 5.380515289306640625e+01 -4.506640243530273438e+01 1.741758584976196289e+00 -1.066928148269653320e+00 -1.005878162384033203e+01
1.660729217529296875e+01 5.377894210815429688e+01 -4.529991149902343750e+01 1.766495347023010254e+00 -1.052869677543640137e+00 -9.841096878051757812e+00
1.663610649108886719e+01 5.374875640869140625e+01 -4.544746780395507812e+01 1.600477218627929688e+00 -1.036002516746520996e+00 -9.669354438781738281e+00
1.668412971496582031e+01 5.371481323242187500e+01 -4.566820907592773438e+01 1.826132655143737793e+00 -9.940257668495178223e-01 -9.627083778381347656e+00
1.674519729614257812e+01 5.369962692260742188e+01 -4.589067077636718750e+01 2.030722379684448242e+00 -7.913540005683898926e-01 -9.430524826049804688e+00
1.678167152404785156e+01 5.367891693115234375e+01 -4.602267074584960938e+01 1.980315923690795898e+00 -5.630360245704650879e-01 -9.450867652893066406e+00
1.683353424072265625e+01 5.369408798217773438e+01 -4.623666381835937500e+01 1.804638624191284180e+00 -3.760410845279693604e-01 -9.381139755249023438e+00
1.684549713134765625e+01 5.369761657714843750e+01 -4.639808273315429688e+01 1.859767794609069824e+00 -4.533143639564514160e-01 -9.127794265747070312e+00
1.690318489074707031e+01 5.369397735595703125e+01 -4.659549713134765625e+01 1.932633519172668457e+00 -5.416550040245056152e-01 -9.155052185058593750e+00
1.691126823425292969e+01 5.367826461791992188e+01 -4.674412536621093750e+01 1.868770003318786621e+00 -5.668863654136657715e-01 -9.295069694519042969e+00
1.695567703247070312e+01 5.366420364379882812e+01 -4.696879577636718750e+01 1.772850036621093750e+00 -6.936720013618469238e-01 -9.426939010620117188e+00
1.700370979309082031e+01 5.365677642822265625e+01 -4.718586730957031250e+01 1.759667873382568359e+00 -8.114815950393676758e-01 -9.312251091003417969e+00
1.703097915649414062e+01 5.363991928100585938e+01 -4.733978652954101562e+01 1.774951577186584473e+00 -8.973636627197265625e-01 -9.491365432739257812e+00
1.708670806884765625e+01 5.362452316284179688e+01 -4.756150054931640625e+01 1.661704182624816895e+00 -1.477127432823181152e+00 -9.184315681457519531e+00
1.708677101135253906e+01 5.360752868652343750e+01 -4.771321105957031250e+01 1.318334817886352539e+00 -1.897740602493286133e+00 -9.062353134155273438e+00
1.711386680603027344e+01 5.354301452636718750e+01 -4.791970443725585938e+01 1.252536535263061523e+00 -2.641438484191894531e+00 -8.353909492492675781e+00
1.712672615051269531e+01 5.348512268066406250e+01 -4.804767990112304688e+01 1.175910353660583496e+00 -2.846992015838623047e+00 -7.425364971160888672e+00
1.714507865905761719e+01 5.340494918823242188e+01 -4.820814895629882812e+01 1.093742132186889648e+00 -2.603034019470214844e+00 -6.217871189117431641e+00
1.715572929382324219e+01 5.334086227416992188e+01 -4.828417587280273438e+01 1.134485840797424316e+00 -2.254083156585693359e+00 -5.730852603912353516e+00
1.719891357421875000e+01 5.326415634155273438e+01 -4.841202926635742188e+01 1.416431784629821777e+00 -1.356012105941772461e+00 -5.545040130615234375e+00
1.723871421813964844e+01 5.322123336791992188e+01 -4.851895523071289062e+01 1.665548920631408691e+00 -3.416077792644500732e-01 -5.603095054626464844e+00
1.724560737609863281e+01 5.320924758911132812e+01 -4.859111022949218750e+01 1.647296905517578125e+00 -5.650906637310981750e-02 -5.703017711639404297e+00
1.728335571289062500e+01 5.323345184326171875e+01 -4.870041275024414062e+01 1.489407181739807129e+00 3.847079873085021973e-01 -5.765331745147705078e+00
1.729701614379882812e+01 5.323920059204101562e+01 -4.877646636962890625e+01 1.616313576698303223e+00 6.591055393218994141e-01 -5.945541381835937500e+00
1.731231117248535156e+01 5.325743103027343750e+01 -4.891417694091796875e+01 1.611734867095947266e+00 1.224203228950500488e+00 -6.209865570068359375e+00
1.733799171447753906e+01 5.329178237915039062e+01 -4.901275253295898438e+01 1.625008344650268555e+00 1.576299309730529785e+00 -6.329551219940185547e+00
1.739704895019531250e+01 5.333077621459960938e+01 -4.918747711181640625e+01 1.866713404655456543e+00 2.122872829437255859e+00 -6.561691284179687500e+00
1.741559791564941406e+01 5.336663818359375000e+01 -4.929463958740234375e+01 2.126464128494262695e+00 2.227811813354492188e+00 -6.820739746093750000e+00
1.746343612670898438e+01 5.345366668701171875e+01 -4.947527694702148438e+01 2.140321016311645508e+00 2.770945787429809570e+00 -7.576360225677490234e+00
1.753099441528320312e+01 5.354731369018554688e+01 -4.967535400390625000e+01 2.171386241912841797e+00 3.347034215927124023e+00 -8.010270118713378906e+00
1.757884025573730469e+01 5.361811065673828125e+01 -4.980237197875976562e+01 2.077179908752441406e+00 3.727924346923828125e+00 -8.333503723144531250e+00
1.761619377136230469e+01 5.372980117797851562e+01 -5.002874755859375000e+01 2.052475929260253906e+00 3.771191596984863281e+00 -8.712277412414550781e+00
1.763779830932617188e+01 5.378778457641601562e+01 -5.016920471191406250e+01 1.948133230209350586e+00 3.660799741744995117e+00 -8.861605644226074219e+00
1.769083404541015625e+01 5.385435485839843750e+01 -5.041094589233398438e+01 2.204656600952148438e+00 3.631965398788452148e+00 -9.529737472534179688e+00
1.773769569396972656e+01 5.390632247924804688e+01 -5.056979370117187500e+01 2.685654163360595703e+00 3.825144052505493164e+00 -9.795119285583496094e+00
1.782289505004882812e+01 5.401060867309570312e+01 -5.081890487670898438e+01 2.738677501678466797e+00 4.353016376495361328e+00 -1.038536071777343750e+01
1.790870285034179688e+01 5.413636779785156250e+01 -5.108302307128906250e+01 2.642221212387084961e+00 4.464675426483154297e+00 -1.097200965881347656e+01
1.794383430480957031e+01 5.422126388549804688e+01 -5.125544738769531250e+01 2.634896039962768555e+00 4.276409626007080078e+00 -1.117743492126464844e+01
1.800829505920410156e+01 5.433314514160156250e+01 -5.153277969360351562e+01 2.272838830947875977e+00 4.346372604370117188e+00 -1.138559722900390625e+01
1.802797508239746094e+01 5.440419006347656250e+01 -5.172434234619140625e+01 2.183756589889526367e+00 4.175660610198974609e+00 -1.143213462829589844e+01
1.808071517944335938e+01 5.446382141113281250e+01 -5.199895477294921875e+01 2.495499610900878906e+00 3.743246793746948242e+00 -1.168892002105712891e+01
1.813366127014160156e+01 5.451623916625976562e+01 -5.219664382934570312e+01 2.570154666900634766e+00 3.535091400146484375e+00 -1.184343719482421875e+01
1.820718383789062500e+01 5.459352111816406250e+01 -5.248546218872070312e+01 2.623211860656738281e+00 3.449506282806396484e+00 -1.193886566162109375e+01
1.824667167663574219e+01 5.465101242065429688e+01 -5.267716979980468750e+01 2.689187288284301758e+00 3.608630180358886719e+00 -1.180141544342041016e+01
1.831631278991699219e+01 5.474921798706054688e+01 -5.295410156250000000e+01 2.679151058197021484e+00 3.774627447128295898e+00 -1.199954032897949219e+01
1.837511444091796875e+01 5.483072280883789062e+01 -5.324843215942382812e+01 2.502006530761718750e+00 3.615572214126586914e+00 -1.220989131927490234e+01
1.841150856018066406e+01 5.489440536499023438e+01 -5.344691085815429688e+01 2.333392143249511719e+00 3.562427520751953125e+00 -1.223896884918212891e+01
1.846444511413574219e+01 5.497605895996093750e+01 -5.373497009277343750e+01 2.264861106872558594e+00 3.362929582595825195e+00 -1.257746887207031250e+01
1.848821640014648438e+01 5.500762176513671875e+01 -5.394166946411132812e+01 2.279461383819580078e+00 3.465309858322143555e+00 -1.254871559143066406e+01
1.852813529968261719e+01 5.507378005981445312e+01 -5.424285507202148438e+01 2.354440450668334961e+00 3.413105726242065430e+00 -1.272746944427490234e+01
1.856306457519531250e+01 5.511438369750976562e+01 -5.444902420043945312e+01 2.430135965347290039e+00 3.079872131347656250e+00 -1.293490409851074219e+01
1.862884712219238281e+01 5.516040802001953125e+01 -5.474957656860351562e+01 2.663169860839843750e+00 2.730143547058105469e+00 -1.296752262115478516e+01
1.868385314941406250e+01 5.517544937133789062e+01 -5.497233963012695312e+01 2.759316444396972656e+00 2.616612911224365234e+00 -1.307894992828369141e+01
1.876373100280761719e+01 5.521782684326171875e+01 -5.527151489257812500e+01 3.058247804641723633e+00 2.628390312194824219e+00 -1.279998207092285156e+01
1.885453796386718750e+01 5.530194854736328125e+01 -5.558304214477539062e+01 3.320646047592163086e+00 2.628762722015380859e+00 -1.295029735565185547e+01
1.890685653686523438e+01 5.536097717285156250e+01 -5.579409408569335938e+01 3.072865962982177734e+00 2.675584793090820312e+00 -1.291340923309326172e+01
1.895314407348632812e+01 5.542875671386718750e+01 -5.610021972656250000e+01 2.685846805572509766e+00 2.930984973907470703e+00 -1.299530696868896484e+01
1.900147628784179688e+01 5.545907211303710938e+01 -5.630567932128906250e+01 2.661994457244873047e+00 2.741239547729492188e+00 -1.302148437500000000e+01
1.904468917846679688e+01 5.551264953613281250e+01 -5.662415313720703125e+01 2.579681396484375000e+00 2.360036849975585938e+00 -1.288164997100830078e+01
1.907786178588867188e+01 5.555641937255859375e+01 -5.681182098388671875e+01 2.248084783554077148e+00 2.392064571380615234e+00 -1.282914257049560547e+01
1.912509536743164062e+01 5.560795211791992188e+01 -5.712138748168945312e+01 2.289696455001831055e+00 2.363129854202270508e+00 -1.251976490020751953e+01
1.918350410461425781e+01 5.565699768066406250e+01 -5.741373825073242188e+01 2.264207363128662109e+00 2.206178188323974609e+00 -1.243455600738525391e+01
1.922465705871582031e+01 5.569063949584960938e+01 -5.760866165161132812e+01 2.471340179443359375e+00 2.290568113327026367e+00 -1.231317138671875000e+01
1.927206611633300781e+01 5.573218536376953125e+01 -5.790330123901367188e+01 2.509205102920532227e+00 2.077192783355712891e+00 -1.202489852905273438e+01
1.931624412536621094e+01 5.574906539916992188e+01 -5.809496688842773438e+01 2.484540224075317383e+00 2.188189029693603516e+00 -1.193637561798095703e+01
1.936833381652832031e+01 5.580126571655273438e+01 -5.836491012573242188e+01 2.646308422088623047e+00 2.428594589233398438e+00 -1.200757789611816406e+01
1.942651939392089844e+01 5.584275436401367188e+01 -5.856300735473632812e+01 2.845920801162719727e+00 2.499508857727050781e+00 -1.197315979003906250e+01
1.948781394958496094e+01 5.592301940917968750e+01 -5.883755111694335938e+01 2.658249139785766602e+00 2.369383335113525391e+00 -1.220505905151367188e+01
1.951857376098632812e+01 5.595516204833984375e+01 -5.903160476684570312e+01 2.628511905670166016e+00 2.305524826049804688e+00 -1.196624183654785156e+01
1.957137107849121094e+01 5.601184463500976562e+01 -5.930437850952148438e+01 2.433024644851684570e+00 1.879493713378906250e+00 -1.207802104949951172e+01
1.963741874694824219e+01 5.605364608764648438e+01 -5.960039901733398438e+01 2.344833612442016602e+00 1.544736742973327637e+00 -1.196618366241455078e+01
1.967240333557128906e+01 5.608112335205078125e+01 -5.977527236938476562e+01 2.422641992568969727e+00 1.475434303283691406e+00 -1.147963142395019531e+01
1.973829460144042969e+01 5.611392974853515625e+01 -6.005189895629882812e+01 2.550392389297485352e+00 1.506398558616638184e+00 -1.115501213073730469e+01
1.979438209533691406e+01 5.614497756958007812e+01 -6.022735214233398438e+01 2.350591659545898438e+00 1.635288953781127930e+00 -1.083617877960205078e+01
1.984723854064941406e+01 5.620348358154296875e+01 -6.048116683959960938e+01 1.998308062553405762e+00 1.794606924057006836e+00 -1.060554695129394531e+01
1.987016487121582031e+01 5.620708847045898438e+01 -6.064937973022460938e+01 2.036473035812377930e+00 1.587810993194580078e+00 -1.046071338653564453e+01
1.987125396728515625e+01 5.624768829345703125e+01 -6.088504028320312500e+01 1.991861224174499512e+00 1.306594014167785645e+00 -1.017033004760742188e+01
1.990530395507812500e+01 5.625221633911132812e+01 -6.104838562011718750e+01 2.117107391357421875e+00 1.204969286918640137e+00 -9.856009483337402344e+00
1.993629074096679688e+01 5.625619888305664062e+01 -6.128054809570312500e+01 2.064569711685180664e+00 1.048046231269836426e+00 -9.591459274291992188e+00
1.999356079101562500e+01 5.629211425781250000e+01 -6.148775482177734375e+01 2.171950817108154297e+00 1.287524580955505371e+00 -9.473230361938476562e+00
2.003310966491699219e+01 5.631921386718750000e+01 -6.163027191162109375e+01 2.133900165557861328e+00 1.411377549171447754e+00 -9.266712188720703125e+00
2.008394622802734375e+01 5.636568069458007812e+01 -6.184883499145507812e+01 2.085505008697509766e+00 1.461912155151367188e+00 -8.862004280090332031e+00
2.012842369079589844e+01 5.640986633300781250e+01 -6.197983932495117188e+01 1.888382554054260254e+00 1.686453104019165039e+00 -8.856774330139160156e+00
2.017347908020019531e+01 5.645926666259765625e+01 -6.217961883544921875e+01 1.884870409965515137e+00 1.877378344535827637e+00 -8.657711029052734375e+00
2.020693016052246094e+01 5.647769546508789062e+01 -6.231063842773437500e+01 1.773623466491699219e+00 1.941445350646972656e+00 -8.639636039733886719e+00
2.024972534179687500e+01 5.654052352905273438e+01 -6.250266265869140625e+01 1.770464062690734863e+00 1.952419281005859375e+00 -8.363737106323242188e+00
2.029429054260253906e+01 5.660323715209960938e+01 -6.270283508300781250e+01 1.806254625320434570e+00 2.191108465194702148e+00 -8.394166946411132812e+00
2.031300163269042969e+01 5.662167358398437500e+01 -6.282786941528320312e+01 1.689931154251098633e+00 2.025515079498291016e+00 -8.266864776611328125e+00
2.035935783386230469e+01 5.666457748413085938e+01 -6.301968002319335938e+01 1.582163691520690918e+00 1.753085851669311523e+00 -8.189201354980468750e+00
2.038248825073242188e+01 5.668594741821289062e+01 -6.314623641967773438e+01 1.670423388481140137e+00 1.586682081222534180e+00 -8.023686408996582031e+00
2.041792869567871094e+01 5.671395874023437500e+01 -6.332857894897460938e+01 1.981555938720703125e+00 1.916045427322387695e+00 -7.991735935211181641e+00
2.046089935302734375e+01 5.672940826416015625e+01 -6.343851470947265625e+01 2.073197364807128906e+00 1.851384282112121582e+00 -7.855597019195556641e+00
2.051789474487304688e+01 5.678305435180664062e+01 -6.361480712890625000e+01 2.132741212844848633e+00 1.877158164978027344e+00 -7.850152015686035156e+00
2.054590225219726562e+01 5.681653213500976562e+01 -6.374880599975585938e+01 2.228913307189941406e+00 2.078221321105957031e+00 -7.636850833892822266e+00
2.060814857482910156e+01 5.686706542968750000e+01 -6.390892028808593750e+01 2.366819620132446289e+00 2.650264501571655273e+00 -7.610797882080078125e+00
2.067002296447753906e+01 5.693355941772460938e+01 -6.410688018798828125e+01 2.161786794662475586e+00 2.753166198730468750e+00 -7.881635189056396484e+00
2.069835090637207031e+01 5.699575424194335938e+01 -6.421352386474609375e+01 2.069914102554321289e+00 2.827324151992797852e+00 -7.669640541076660156e+00
2.075223541259765625e+01 5.708137130737304688e+01 -6.439579010009765625e+01 1.932585716247558594e+00 2.989848613739013672e+00 -7.960144042968750000e+00
2.076766395568847656e+01 5.715648651123046875e+01 -6.451804351806640625e+01 1.888998270034790039e+00 3.065157890319824219e+00 -8.022294998168945312e+00
2.077908897399902344e+01 5.723154449462890625e+01 -6.470830535888671875e+01 1.623733282089233398e+00 3.002383708953857422e+00 -8.178647041320800781e+00
2.078588485717773438e+01 5.728128433227539062e+01 -6.484992218017578125e+01 1.437855839729309082e+00 2.722365140914916992e+00 -8.293856620788574219e+00
2.082384681701660156e+01 5.732836914062500000e+01 -6.502623748779296875e+01 1.821137547492980957e+00 2.491017818450927734e+00 -8.320013999938964844e+00
2.085722351074218750e+01 5.735596084594726562e+01 -6.517024230957031250e+01 1.963935256004333496e+00 2.401498079299926758e+00 -8.335001945495605469e+00
2.092189979553222656e+01 5.740814208984375000e+01 -6.535459899902343750e+01 2.222863912582397461e+00 2.448388814926147461e+00 -8.314945220947265625e+00
2.099283409118652344e+01 5.746562576293945312e+01 -6.557152557373046875e+01 2.466877460479736328e+00 2.418305873870849609e+00 -8.336633682250976562e+00
2.103537368774414062e+01 5.751052093505859375e+01 -6.569254302978515625e+01 2.394877433776855469e+00 2.603343248367309570e+00 -8.573100090026855469e+00
2.111129379272460938e+01 5.760554885864257812e+01 -6.589354705810546875e+01 2.323351621627807617e+00 2.920367002487182617e+00 -8.631318092346191406e+00
2.114762306213378906e+01 5.765881729125976562e+01 -6.603841400146484375e+01 2.245239734649658203e+00 2.967567205429077148e+00 -8.581497192382812500e+00
2.118355369567871094e+01 5.774356460571289062e+01 -6.624803924560546875e+01 2.088264465332031250e+00 2.816786289215087891e+00 -8.887188911437988281e+00
2.119944763183593750e+01 5.779544830322265625e+01 -6.638879394531250000e+01 1.773272037506103516e+00 2.671141386032104492e+00 -8.886959075927734375e+00
2.124674987792968750e+01 5.786558151245117188e+01 -6.659066772460937500e+01 1.703013181686401367e+00 2.645676136016845703e+00 -9.081686019897460938e+00
2.126909446716308594e+01 5.792703628540039062e+01 -6.681483459472656250e+01 1.716708183288574219e+00 2.215538024902343750e+00 -9.355419158935546875e+00
2.129245376586914062e+01 5.796156692504882812e+01 -6.695930480957031250e+01 1.850654244422912598e+00 1.997449278831481934e+00 -9.505722045898437500e+00
2.133880043029785156e+01 5.799979782104492188e+01 -6.716949462890625000e+01 1.988192319869995117e+00 1.994004607200622559e+00 -9.631202697753906250e+00
2.137592506408691406e+01 5.800892639160156250e+01 -6.732495117187500000e+01 1.948609709739685059e+00 1.760801196098327637e+00 -9.601682662963867188e+00
2.143229866027832031e+01 5.804619979858398438e+01 -6.755855560302734375e+01 2.165373086929321289e+00 1.842440843582153320e+00 -9.514322280883789062e+00
2.148231697082519531e+01 5.806414031982421875e+01 -6.770605468750000000e+01 2.157789468765258789e+00 1.656006097793579102e+00 -9.733257293701171875e+00
2.153752708435058594e+01 5.810575866699218750e+01 -6.793303680419921875e+01 2.272655010223388672e+00 1.655725717544555664e+00 -9.793539047241210938e+00
2.156430244445800781e+01 5.812743377685546875e+01 -6.808980560302734375e+01 2.311204910278320312e+00 1.696391820907592773e+00 -9.639633178710937500e+00
2.162921905517578125e+01 5.818204879760742188e+01 -6.830460357666015625e+01 2.050294160842895508e+00 1.462359070777893066e+00 -9.583091735839843750e+00
2.168423652648925781e+01 5.822260284423828125e+01 -6.855133819580078125e+01 1.968013405799865723e+00 1.294721603393554688e+00 -9.495427131652832031e+00
2.171461486816406250e+01 5.824077224731445312e+01 -6.869017028808593750e+01 1.851417183876037598e+00 1.349029660224914551e+00 -9.608687400817871094e+00
2.175814056396484375e+01 5.828737640380859375e+01 -6.892282867431640625e+01 1.765681982040405273e+00 1.184530258178710938e+00 -9.909417152404785156e+00
2.175996017456054688e+01 5.831817626953125000e+01 -6.908646392822265625e+01 1.723073244094848633e+00 1.064307689666748047e+00 -9.791952133178710938e+00
2.179244804382324219e+01 5.832434844970703125e+01 -6.931410217285156250e+01 1.641854882240295410e+00 9.503673911094665527e-01 -9.410491943359375000e+00
2.181687927246093750e+01 5.832887268066406250e+01 -6.947037506103515625e+01 1.592705368995666504e+00 9.569508433341979980e-01 -9.590122222900390625e+00
2.185203552246093750e+01 5.834651184082031250e+01 -6.969387054443359375e+01 1.941673517227172852e+00 6.129015088081359863e-01 -9.704078674316406250e+00
2.188182640075683594e+01 5.834507369995117188e+01 -6.984786224365234375e+01 1.983786225318908691e+00 3.403743207454681396e-01 -9.617702484130859375e+00
2.192406654357910156e+01 5.835989379882812500e+01 -7.008792877197265625e+01 1.983056187629699707e+00 4.386898279190063477e-01 -9.779717445373535156e+00
2.197567749023437500e+01 5.835558700561523438e+01 -7.030062103271484375e+01 2.030160188674926758e+00 2.948361337184906006e-01 -9.545439720153808594e+00
2.200624847412109375e+01 5.835587692260742188e+01 -7.045830535888671875e+01 1.942355632781982422e+00 2.957378327846527100e-01 -9.416363716125488281e+00
2.206043243408203125e+01 5.837671661376953125e+01 -7.067720031738281250e+01 2.027084350585937500e+00 5.104098916053771973e-01 -9.382794380187988281e+00
2.210934829711914062e+01 5.839394760131835938e+01 -7.082270050048828125e+01 2.071523427963256836e+00 4.939247965812683105e-01 -9.499451637268066406e+00
2.215608215332031250e+01 5.840270233154296875e+01 -7.103459930419921875e+01 2.054321050643920898e+00 7.561446428298950195e-01 -9.482974052429199219e+00
2.220103263854980469e+01 5.842284393310546875e+01 -7.118722534179687500e+01 1.956954717636108398e+00 7.669491767883300781e-01 -9.327347755432128906e+00
2.224099922180175781e+01 5.844748687744140625e+01 -7.138729858398437500e+01 1.962044835090637207e+00 8.397064805030822754e-01 -9.277245521545410156e+00
2.229037666320800781e+01 5.846224212646484375e+01 -7.160781097412109375e+01 2.144157171249389648e+00 8.594033718109130859e-01 -9.160479545593261719e+00
2.232377243041992188e+01 5.848016357421875000e+01 -7.175070190429687500e+01 2.224194526672363281e+00 9.090616106986999512e-01 -9.034218788146972656e+00
2.237137031555175781e+01 5.853233337402343750e+01 -7.195597076416015625e+01 1.826707005500793457e+00 1.032010912895202637e+00 -9.168555259704589844e+00
2.238786697387695312e+01 5.854424285888671875e+01 -7.209540557861328125e+01 1.723581790924072266e+00 1.103303432464599609e+00 -9.044030189514160156e+00
2.243365287780761719e+01 5.857901000976562500e+01 -7.230070495605468750e+01 1.479203343391418457e+00 1.338144421577453613e+00 -8.892544746398925781e+00
2.244373130798339844e+01 5.859056854248046875e+01 -7.245111846923828125e+01 1.414201378822326660e+00 1.134712338447570801e+00 -8.941546440124511719e+00
2.247394752502441406e+01 5.861130523681640625e+01 -7.265329742431640625e+01 1.586151242256164551e+00 1.124379992485046387e+00 -8.628503799438476562e+00
2.251327514648437500e+01 5.863125610351562500e+01 -7.278768920898437500e+01 1.547221422195434570e+00 1.221003770828247070e+00 -8.653712272644042969e+00
2.254509353637695312e+01 5.865260314941406250e+01 -7.299563598632812500e+01 1.678011059761047363e+00 1.093463301658630371e+00 -8.424706459045410156e+00
