1.085601210594177246e+00 2.262486934661865234e+00 -6.494979560375213623e-02 6.794701814651489258e-01 2.566137790679931641e+00 4.567583650350570679e-02
1.101876258850097656e+00 2.298402547836303711e+00 -6.245122104883193970e-02 7.400664091110229492e-01 2.574687242507934570e+00 1.913811266422271729e-01
1.115840077400207520e+00 2.338248014450073242e+00 -5.792826786637306213e-02 7.121828198432922363e-01 2.745380640029907227e+00 2.917335927486419678e-01
1.128405213356018066e+00 2.374457597732543945e+00 -5.061831325292587280e-02 7.092869877815246582e-01 2.777181625366210938e+00 4.181917011737823486e-01
1.141807079315185547e+00 2.422518491744995117e+00 -4.124241322278976440e-02 6.413463354110717773e-01 2.794749975204467773e+00 5.404018163681030273e-01
1.147631645202636719e+00 2.465449094772338867e+00 -3.000406175851821899e-02 8.614507913589477539e-01 2.851741552352905273e+00 6.570439934730529785e-01
1.160836577415466309e+00 2.506459236145019531e+00 -1.638517156243324280e-02 1.020123362541198730e+00 2.983620882034301758e+00 7.304027676582336426e-01
1.174733042716979980e+00 2.554281949996948242e+00 -1.688578631728887558e-03 1.242878913879394531e+00 3.091558218002319336e+00 7.717969417572021484e-01
1.187695860862731934e+00 2.608393907546997070e+00 1.491152774542570114e-02 1.295809745788574219e+00 3.122921228408813477e+00 8.888500332832336426e-01
1.204429626464843750e+00 2.663391828536987305e+00 3.254242986440658569e-02 1.370464920997619629e+00 3.213185071945190430e+00 9.757966399192810059e-01
1.221274018287658691e+00 2.722741603851318359e+00 5.199139937758445740e-02 1.427508473396301270e+00 3.396037578582763672e+00 1.014420986175537109e+00
1.241194486618041992e+00 2.816793680191040039e+00 8.279582113027572632e-02 1.373332023620605469e+00 3.452515840530395508e+00 1.084409117698669434e+00
1.255861282348632812e+00 2.886195421218872070e+00 1.049814596772193909e-01 1.402053356170654297e+00 3.596945285797119141e+00 1.194481372833251953e+00
1.269767761230468750e+00 2.967229604721069336e+00 1.298905014991760254e-01 1.180724620819091797e+00 3.750715017318725586e+00 1.339115023612976074e+00
1.288618206977844238e+00 3.039735078811645508e+00 1.564569622278213501e-01 1.179943203926086426e+00 3.975631475448608398e+00 1.351527452468872070e+00
1.301300048828125000e+00 3.118458032608032227e+00 1.840949058532714844e-01 1.036052703857421875e+00 4.041476726531982422e+00 1.495229721069335938e+00
1.308978319168090820e+00 3.207002639770507812e+00 2.133328765630722046e-01 9.559492468833923340e-01 4.215432167053222656e+00 1.486668944358825684e+00
1.318885684013366699e+00 3.289836168289184570e+00 2.419568449258804321e-01 1.133414387702941895e+00 4.436408519744873047e+00 1.454193234443664551e+00
1.332113862037658691e+00 3.391094446182250977e+00 2.711261808872222900e-01 8.393082618713378906e-01 4.564729690551757812e+00 1.519740104675292969e+00
1.344944715499877930e+00 3.488121509552001953e+00 3.014061450958251953e-01 8.961197733879089355e-01 4.581771373748779297e+00 1.587049365043640137e+00
1.360222935676574707e+00 3.584016561508178711e+00 3.332196176052093506e-01 1.193899989128112793e+00 4.861413478851318359e+00 1.671498537063598633e+00
1.380548596382141113e+00 3.688441991806030273e+00 3.660768866539001465e-01 1.073250889778137207e+00 5.186946392059326172e+00 1.689741253852844238e+00
1.395491480827331543e+00 3.800247907638549805e+00 3.995199501514434814e-01 1.000838994979858398e+00 5.105031967163085938e+00 1.754119992256164551e+00
1.418243527412414551e+00 3.904341459274291992e+00 4.333705008029937744e-01 1.229627251625061035e+00 5.396499156951904297e+00 1.763085722923278809e+00
1.440993547439575195e+00 4.026564121246337891e+00 4.694441556930541992e-01 1.035939335823059082e+00 5.591304779052734375e+00 1.920355796813964844e+00
1.464168906211853027e+00 4.146214485168457031e+00 5.082009434700012207e-01 9.812141656875610352e-01 5.930534839630126953e+00 2.016670227050781250e+00
1.487457036972045898e+00 4.269105434417724609e+00 5.478650927543640137e-01 9.149792790412902832e-01 6.307116508483886719e+00 2.007060289382934570e+00
1.497509598731994629e+00 4.401125431060791016e+00 5.879500508308410645e-01 6.524567008018493652e-01 6.295549869537353516e+00 2.114318132400512695e+00
1.520258545875549316e+00 4.527431488037109375e+00 6.298725605010986328e-01 7.712637782096862793e-01 6.630634307861328125e+00 2.204645872116088867e+00
1.535686850547790527e+00 4.672822475433349609e+00 6.736732125282287598e-01 6.466353535652160645e-01 6.782396793365478516e+00 2.275007247924804688e+00
1.552318215370178223e+00 4.809637546539306641e+00 7.182905077934265137e-01 8.491182923316955566e-01 7.008500099182128906e+00 2.335793495178222656e+00
1.576517224311828613e+00 4.961457729339599609e+00 7.649148106575012207e-01 6.852145195007324219e-01 7.410528182983398438e+00 2.367896556854248047e+00
1.609947800636291504e+00 5.190108299255371094e+00 8.338220715522766113e-01 6.728608608245849609e-01 7.863365650177001953e+00 2.363903999328613281e+00
1.631788969039916992e+00 5.344136238098144531e+00 8.791891336441040039e-01 7.390191555023193359e-01 8.050554275512695312e+00 2.320166587829589844e+00
1.653751969337463379e+00 5.504693031311035156e+00 9.249246120452880859e-01 8.914995193481445312e-01 8.187370300292968750e+00 2.357911586761474609e+00
1.676321387290954590e+00 5.673061370849609375e+00 9.714532494544982910e-01 8.226032853126525879e-01 8.406753540039062500e+00 2.421208143234252930e+00
1.703447341918945312e+00 5.841429710388183594e+00 1.020451784133911133e+00 8.618726730346679688e-01 8.736623764038085938e+00 2.589985609054565430e+00
1.725688576698303223e+00 6.016326904296875000e+00 1.073228001594543457e+00 9.525390267372131348e-01 8.994372367858886719e+00 2.795873165130615234e+00
1.756836891174316406e+00 6.188547134399414062e+00 1.129214048385620117e+00 1.162841081619262695e+00 9.403036117553710938e+00 2.957472562789916992e+00
1.791342616081237793e+00 6.378170013427734375e+00 1.188219070434570312e+00 1.032475948333740234e+00 9.847418785095214844e+00 3.010703086853027344e+00
1.813881635665893555e+00 6.564358711242675781e+00 1.247613549232482910e+00 1.075327634811401367e+00 9.944307327270507812e+00 3.036914348602294922e+00
1.837211489677429199e+00 6.755718708038330078e+00 1.306547999382019043e+00 1.064083695411682129e+00 1.004603672027587891e+01 3.002985239028930664e+00
1.867521405220031738e+00 6.945730686187744141e+00 1.364558577537536621e+00 1.300229310989379883e+00 1.034266185760498047e+01 2.977067232131958008e+00
1.895439624786376953e+00 7.155005455017089844e+00 1.422466158866882324e+00 1.113774061203002930e+00 1.066169643402099609e+01 2.946613311767578125e+00
1.932897090911865234e+00 7.354550838470458984e+00 1.480697393417358398e+00 1.429553747177124023e+00 1.118171215057373047e+01 2.977068424224853516e+00
1.955534100532531738e+00 7.572162628173828125e+00 1.537935972213745117e+00 1.305660128593444824e+00 1.126241493225097656e+01 2.918959856033325195e+00
1.987619400024414062e+00 7.780442714691162109e+00 1.594941735267639160e+00 1.540145158767700195e+00 1.160706996917724609e+01 2.970388650894165039e+00
2.018079042434692383e+00 8.002723693847656250e+00 1.653637170791625977e+00 1.546319365501403809e+00 1.189071273803710938e+01 3.065066814422607422e+00
2.046148300170898438e+00 8.227746009826660156e+00 1.713600993156433105e+00 1.626161575317382812e+00 1.202774810791015625e+01 3.052394151687622070e+00
2.074579954147338867e+00 8.459331512451171875e+00 1.773355245590209961e+00 1.609203457832336426e+00 1.225710105895996094e+01 3.056279182434082031e+00
2.104418277740478516e+00 8.700761795043945312e+00 1.832783818244934082e+00 1.559318423271179199e+00 1.255047035217285156e+01 3.002019882202148438e+00
2.136740684509277344e+00 8.938556671142578125e+00 1.891763091087341309e+00 1.792846441268920898e+00 1.292470264434814453e+01 3.032999992370605469e+00
2.170806884765625000e+00 9.185452461242675781e+00 1.951051235198974609e+00 1.847112298011779785e+00 1.322665023803710938e+01 3.114780664443969727e+00
2.220972299575805664e+00 9.571301460266113281e+00 2.044318914413452148e+00 1.968922972679138184e+00 1.380867099761962891e+01 3.238420248031616211e+00
2.249963283538818359e+00 9.840148925781250000e+00 2.107771158218383789e+00 1.937475323677062988e+00 1.406273651123046875e+01 3.243112564086914062e+00
2.283182382583618164e+00 1.011422061920166016e+01 2.171316146850585938e+00 1.946568846702575684e+00 1.435985851287841797e+01 3.201109170913696289e+00
2.315533161163330078e+00 1.039292621612548828e+01 2.233491420745849609e+00 2.057369232177734375e+00 1.461406135559082031e+01 3.204971313476562500e+00
2.347579002380371094e+00 1.067785739898681641e+01 2.295578479766845703e+00 2.030247688293457031e+00 1.480914878845214844e+01 3.160756826400756836e+00
2.383306264877319336e+00 1.097193813323974609e+01 2.356684684753417969e+00 2.151557207107543945e+00 1.497279930114746094e+01 3.112933874130249023e+00
2.419871330261230469e+00 1.126519393920898438e+01 2.416946887969970703e+00 2.327753067016601562e+00 1.529504871368408203e+01 3.058668613433837891e+00
2.464314460754394531e+00 1.156632900238037109e+01 2.476876258850097656e+00 2.390243530273437500e+00 1.578600215911865234e+01 3.081241607666015625e+00
2.506792545318603516e+00 1.188133716583251953e+01 2.537670850753784180e+00 2.200602769851684570e+00 1.604973220825195312e+01 3.125159025192260742e+00
2.543712139129638672e+00 1.219530582427978516e+01 2.599093198776245117e+00 2.469243049621582031e+00 1.629985618591308594e+01 3.162178754806518555e+00
2.584731340408325195e+00 1.251824569702148438e+01 2.660824775695800781e+00 2.544417858123779297e+00 1.682867050170898438e+01 3.140926837921142578e+00
2.632812976837158203e+00 1.285730934143066406e+01 2.719840526580810547e+00 2.383805274963378906e+00 1.732780456542968750e+01 2.931675672531127930e+00
2.674875736236572266e+00 1.320291709899902344e+01 2.776901960372924805e+00 2.358198642730712891e+00 1.761632537841796875e+01 2.933098077774047852e+00
2.718991279602050781e+00 1.355342102050781250e+01 2.833329677581787109e+00 2.476935148239135742e+00 1.799594879150390625e+01 2.859210014343261719e+00
2.762139081954956055e+00 1.390728187561035156e+01 2.887852430343627930e+00 2.538394689559936523e+00 1.840657043457031250e+01 2.718416213989257812e+00
2.806563377380371094e+00 1.427365684509277344e+01 2.939145803451538086e+00 2.535773038864135742e+00 1.877501487731933594e+01 2.579875707626342773e+00
2.855705738067626953e+00 1.465257263183593750e+01 2.989320516586303711e+00 2.449354887008666992e+00 1.914295768737792969e+01 2.562008142471313477e+00
2.899477481842041016e+00 1.503261375427246094e+01 3.037563562393188477e+00 2.515083789825439453e+00 1.953329277038574219e+01 2.422087430953979492e+00
2.942243337631225586e+00 1.541826057434082031e+01 3.084847927093505859e+00 2.677734851837158203e+00 1.984338378906250000e+01 2.434722900390625000e+00
2.995662927627563477e+00 1.581908512115478516e+01 3.131102561950683594e+00 2.648276567459106445e+00 2.035231208801269531e+01 2.295651197433471680e+00
3.072286367416381836e+00 1.643637466430664062e+01 3.193440198898315430e+00 2.707269668579101562e+00 2.099235916137695312e+01 1.943461179733276367e+00
3.137199878692626953e+00 1.685561752319335938e+01 3.228816270828247070e+00 2.756980419158935547e+00 2.177750396728515625e+01 1.710916638374328613e+00
3.190851926803588867e+00 1.728768539428710938e+01 3.260362148284912109e+00 2.985858201980590820e+00 2.217702674865722656e+01 1.518883705139160156e+00
3.247824668884277344e+00 1.773015403747558594e+01 3.288500308990478516e+00 3.112256288528442383e+00 2.277300071716308594e+01 1.386800169944763184e+00
3.312624216079711914e+00 1.818512725830078125e+01 3.313434362411499023e+00 3.081873416900634766e+00 2.332008361816406250e+01 1.192461609840393066e+00
3.380727291107177734e+00 1.864889335632324219e+01 3.334146738052368164e+00 3.096423387527465820e+00 2.398298454284667969e+01 9.110395908355712891e-01
3.437571525573730469e+00 1.912084388732910156e+01 3.350256919860839844e+00 3.024350404739379883e+00 2.420867919921875000e+01 7.372501492500305176e-01
3.503856420516967773e+00 1.960142898559570312e+01 3.361930370330810547e+00 3.170541048049926758e+00 2.475018119812011719e+01 4.421731531620025635e-01
3.571594953536987305e+00 2.008721923828125000e+01 3.368178606033325195e+00 3.440270900726318359e+00 2.539632225036621094e+01 2.034686356782913208e-01
3.636638879776000977e+00 2.059436798095703125e+01 3.369167327880859375e+00 3.408686876296997070e+00 2.599858856201171875e+01 -1.022983714938163757e-01
3.708705902099609375e+00 2.111086845397949219e+01 3.364037275314331055e+00 3.441727876663208008e+00 2.669002342224121094e+01 -4.000574052333831787e-01
3.792787790298461914e+00 2.164078903198242188e+01 3.352096319198608398e+00 3.569552421569824219e+00 2.760375022888183594e+01 -8.009952306747436523e-01
3.864610433578491211e+00 2.218038558959960938e+01 3.333379745483398438e+00 3.833205223083496094e+00 2.817431068420410156e+01 -1.177679419517517090e+00
3.944147348403930664e+00 2.273271751403808594e+01 3.306286811828613281e+00 4.094000816345214844e+00 2.898012924194335938e+01 -1.602069139480590820e+00
4.023212432861328125e+00 2.330476379394531250e+01 3.269426345825195312e+00 4.194739818572998047e+00 2.977410888671875000e+01 -2.135849714279174805e+00
4.105215072631835938e+00 2.388759613037109375e+01 3.222716808319091797e+00 4.434831619262695312e+00 3.047493743896484375e+01 -2.713189601898193359e+00
4.197292327880859375e+00 2.448941040039062500e+01 3.162888050079345703e+00 4.560414791107177734e+00 3.132233238220214844e+01 -3.389056444168090820e+00
4.289731979370117188e+00 2.510787391662597656e+01 3.090812921524047852e+00 4.824575901031494141e+00 3.202822113037109375e+01 -3.988708734512329102e+00
4.382182121276855469e+00 2.573847198486328125e+01 3.005913019180297852e+00 4.947952270507812500e+00 3.277187347412109375e+01 -4.773927688598632812e+00
4.481236457824707031e+00 2.638106727600097656e+01 2.904314756393432617e+00 5.111427307128906250e+00 3.353886795043945312e+01 -5.610729694366455078e+00
4.584243297576904297e+00 2.704531669616699219e+01 2.785251617431640625e+00 5.243412017822265625e+00 3.430832290649414062e+01 -6.601185798645019531e+00
4.747937202453613281e+00 2.806616401672363281e+01 2.567121267318725586e+00 5.861189842224121094e+00 3.568089294433593750e+01 -8.235689163208007812e+00
4.863239288330078125e+00 2.876864051818847656e+01 2.394844293594360352e+00 6.175199508666992188e+00 3.650957489013671875e+01 -9.473814010620117188e+00
4.991996765136718750e+00 2.948640441894531250e+01 2.196064233779907227e+00 6.619490623474121094e+00 3.749366760253906250e+01 -1.088306713104248047e+01
5.116346359252929688e+00 3.022558021545410156e+01 1.968309402465820312e+00 6.862513065338134766e+00 3.814840316772460938e+01 -1.244535541534423828e+01
5.254597187042236328e+00 3.098356628417968750e+01 1.707644939422607422e+00 7.014780998229980469e+00 3.884212112426757812e+01 -1.429269695281982422e+01
5.394033432006835938e+00 3.174630928039550781e+01 1.408328771591186523e+00 7.434195518493652344e+00 3.941856765747070312e+01 -1.642822265625000000e+01
5.537427902221679688e+00 3.251713180541992188e+01 1.065052151679992676e+00 7.811895847320556641e+00 3.979048919677734375e+01 -1.873798561096191406e+01
5.696937561035156250e+00 3.330195999145507812e+01 6.749501824378967285e-01 8.040919303894042969e+00 3.998721694946289062e+01 -2.127798461914062500e+01
5.855238914489746094e+00 3.408424377441406250e+01 2.340655922889709473e-01 8.458770751953125000e+00 3.968587493896484375e+01 -2.386684417724609375e+01
6.022498130798339844e+00 3.485890197753906250e+01 -2.588713169097900391e-01 8.846217155456542969e+00 3.936934661865234375e+01 -2.664916801452636719e+01
6.198595046997070312e+00 3.562173843383789062e+01 -8.074827790260314941e-01 9.030534744262695312e+00 3.864926910400390625e+01 -2.958794975280761719e+01
6.387800216674804688e+00 3.637096786499023438e+01 -1.417247772216796875e+00 9.152100563049316406e+00 3.769932556152343750e+01 -3.279817581176757812e+01
6.568909645080566406e+00 3.709229660034179688e+01 -2.084076642990112305e+00 9.337761878967285156e+00 3.609181213378906250e+01 -3.540703582763671875e+01
6.751748561859130859e+00 3.777600097656250000e+01 -2.799050331115722656e+00 9.537254333496093750e+00 3.430024337768554688e+01 -3.781931686401367188e+01
6.938325405120849609e+00 3.842282104492187500e+01 -3.556594371795654297e+00 9.460541725158691406e+00 3.231630706787109375e+01 -3.966226196289062500e+01
7.119540691375732422e+00 3.903800964355468750e+01 -4.345772743225097656e+00 9.147479057312011719e+00 2.995930480957031250e+01 -4.110502243041992188e+01
7.305824756622314453e+00 3.959210968017578125e+01 -5.160296440124511719e+00 9.299782752990722656e+00 2.758580017089843750e+01 -4.227710723876953125e+01
7.487623691558837891e+00 4.011445617675781250e+01 -5.995042800903320312e+00 9.008322715759277344e+00 2.522448348999023438e+01 -4.313453292846679688e+01
7.660037994384765625e+00 4.057635498046875000e+01 -6.840447425842285156e+00 8.774846076965332031e+00 2.282937240600585938e+01 -4.333094787597656250e+01
7.828876972198486328e+00 4.099823379516601562e+01 -7.685380935668945312e+00 8.369424819946289062e+00 2.037883186340332031e+01 -4.311217880249023438e+01
7.990013122558593750e+00 4.138033294677734375e+01 -8.523173332214355469e+00 7.996606349945068359e+00 1.810430335998535156e+01 -4.257522964477539062e+01
8.221633911132812500e+00 4.185935211181640625e+01 -9.749693870544433594e+00 7.507137775421142578e+00 1.495181274414062500e+01 -4.102323150634765625e+01
8.363468170166015625e+00 4.213711929321289062e+01 -1.053986167907714844e+01 7.061203479766845703e+00 1.298411655426025391e+01 -3.981483078002929688e+01
8.501315116882324219e+00 4.237092971801757812e+01 -1.130569171905517578e+01 6.884313106536865234e+00 1.130787181854248047e+01 -3.854425811767578125e+01
8.640012741088867188e+00 4.258205795288085938e+01 -1.204473495483398438e+01 6.504983425140380859e+00 9.991611480712890625e+00 -3.709341430664062500e+01
8.769431114196777344e+00 4.276511383056640625e+01 -1.275612258911132812e+01 6.206284523010253906e+00 8.782120704650878906e+00 -3.563830947875976562e+01
8.893257141113281250e+00 4.293032073974609375e+01 -1.343804168701171875e+01 5.736642360687255859e+00 7.869216918945312500e+00 -3.417800903320312500e+01
9.002218246459960938e+00 4.306948852539062500e+01 -1.409041309356689453e+01 5.442613601684570312e+00 6.859159469604492188e+00 -3.257084655761718750e+01
9.107250213623046875e+00 4.320043182373046875e+01 -1.471252155303955078e+01 5.096727848052978516e+00 6.095363140106201172e+00 -3.108930969238281250e+01
9.207515716552734375e+00 4.330821990966796875e+01 -1.530684280395507812e+01 4.992943763732910156e+00 5.444148540496826172e+00 -2.975822830200195312e+01
9.309006690979003906e+00 4.342163085937500000e+01 -1.587624263763427734e+01 4.376009464263916016e+00 5.028418064117431641e+00 -2.856434059143066406e+01
9.392917633056640625e+00 4.351143264770507812e+01 -1.642264175415039062e+01 4.229857921600341797e+00 4.234055995941162109e+00 -2.736454010009765625e+01
9.477442741394042969e+00 4.359364318847656250e+01 -1.694567108154296875e+01 4.019934177398681641e+00 3.682513475418090820e+00 -2.620563697814941406e+01
9.569424629211425781e+00 4.366840744018554688e+01 -1.744527816772460938e+01 3.519758939743041992e+00 3.507938861846923828e+00 -2.493720245361328125e+01
9.641134262084960938e+00 4.372012329101562500e+01 -1.792036628723144531e+01 3.440882682800292969e+00 2.796590566635131836e+00 -2.374808692932128906e+01
9.711586952209472656e+00 4.377818679809570312e+01 -1.837513351440429688e+01 3.104859352111816406e+00 2.181645870208740234e+00 -2.283979225158691406e+01
9.782292366027832031e+00 4.381265258789062500e+01 -1.881124877929687500e+01 3.234832286834716797e+00 1.839690089225769043e+00 -2.179656791687011719e+01
9.858137130737304688e+00 4.384492492675781250e+01 -1.922784996032714844e+01 3.183144330978393555e+00 1.597182989120483398e+00 -2.092058372497558594e+01
9.926483154296875000e+00 4.387385177612304688e+01 -1.962679672241210938e+01 3.011895179748535156e+00 1.360530018806457520e+00 -1.995556640625000000e+01
9.998045921325683594e+00 4.389515686035156250e+01 -2.000744438171386719e+01 2.712972640991210938e+00 1.275050520896911621e+00 -1.902141189575195312e+01
1.005190658569335938e+01 4.391366195678710938e+01 -2.036850547790527344e+01 2.561946630477905273e+00 7.257138490676879883e-01 -1.806695365905761719e+01
1.011785125732421875e+01 4.391715621948242188e+01 -2.071220588684082031e+01 2.772242784500122070e+00 8.027942180633544922e-01 -1.713896751403808594e+01
1.020280265808105469e+01 4.392811584472656250e+01 -2.119643783569335938e+01 2.452827692031860352e+00 5.528094768524169922e-01 -1.596931934356689453e+01
1.026106834411621094e+01 4.392960739135742188e+01 -2.150061798095703125e+01 2.423809766769409180e+00 3.882704079151153564e-01 -1.525838756561279297e+01
1.031288909912109375e+01 4.392048645019531250e+01 -2.179064750671386719e+01 2.420530557632446289e+00 2.807254195213317871e-01 -1.447272014617919922e+01
1.036355304718017578e+01 4.391920089721679688e+01 -2.206572151184082031e+01 2.288759231567382812e+00 2.193478792905807495e-01 -1.373004722595214844e+01
1.040618610382080078e+01 4.390945434570312500e+01 -2.232604026794433594e+01 2.362931251525878906e+00 1.378335207700729370e-01 -1.294548988342285156e+01
1.045301914215087891e+01 4.390370559692382812e+01 -2.257169914245605469e+01 2.317549467086791992e+00 1.559496968984603882e-01 -1.227459049224853516e+01
1.050193214416503906e+01 4.389769744873046875e+01 -2.280518341064453125e+01 2.150034904479980469e+00 2.879914641380310059e-01 -1.168545341491699219e+01
1.053807640075683594e+01 4.388446807861328125e+01 -2.302724456787109375e+01 2.159363269805908203e+00 1.951990276575088501e-02 -1.110138130187988281e+01
1.057415008544921875e+01 4.387849426269531250e+01 -2.323873519897460938e+01 2.003608465194702148e+00 1.764939911663532257e-02 -1.051882266998291016e+01
1.060515213012695312e+01 4.386687469482421875e+01 -2.343719100952148438e+01 2.020835638046264648e+00 3.343012556433677673e-02 -9.909954071044921875e+00
1.063995075225830078e+01 4.386441040039062500e+01 -2.362568664550781250e+01 1.908195495605468750e+00 1.496185958385467529e-01 -9.422210693359375000e+00
1.066749668121337891e+01 4.385525894165039062e+01 -2.380537033081054688e+01 2.063642501831054688e+00 2.147887796163558960e-01 -9.051081657409667969e+00
1.070143795013427734e+01 4.385514068603515625e+01 -2.397805404663085938e+01 2.132554054260253906e+00 4.346734285354614258e-01 -8.596617698669433594e+00
1.073597049713134766e+01 4.386385345458984375e+01 -2.414098167419433594e+01 2.065236568450927734e+00 5.638912320137023926e-01 -8.089473724365234375e+00
1.076071739196777344e+01 4.386695861816406250e+01 -2.429465866088867188e+01 2.127541065216064453e+00 4.687315225601196289e-01 -7.711436748504638672e+00
1.078868007659912109e+01 4.388133621215820312e+01 -2.444254302978515625e+01 1.806417584419250488e+00 4.849053025245666504e-01 -7.432805061340332031e+00
1.082136154174804688e+01 4.389081192016601562e+01 -2.458532142639160156e+01 1.803584337234497070e+00 5.788484215736389160e-01 -7.178886890411376953e+00
1.084609031677246094e+01 4.389590072631835938e+01 -2.472332382202148438e+01 1.885966539382934570e+00 4.948731362819671631e-01 -6.961529254913330078e+00
1.087052154541015625e+01 4.391169357299804688e+01 -2.485752868652343750e+01 1.719214677810668945e+00 3.023656904697418213e-01 -6.734442710876464844e+00
1.088947677612304688e+01 4.391810989379882812e+01 -2.498644638061523438e+01 1.858971238136291504e+00 1.088500171899795532e-01 -6.478396892547607422e+00
1.091575527191162109e+01 4.392641448974609375e+01 -2.511211395263671875e+01 1.741057634353637695e+00 1.012805029749870300e-01 -6.346072196960449219e+00
1.095334148406982422e+01 4.393399429321289062e+01 -2.529492187500000000e+01 1.490829110145568848e+00 -2.158094644546508789e-01 -6.120927810668945312e+00
1.097566318511962891e+01 4.393727111816406250e+01 -2.541455078125000000e+01 1.526377916336059570e+00 -4.026068150997161865e-01 -6.122909545898437500e+00
1.099332332611083984e+01 4.393626785278320312e+01 -2.553621101379394531e+01 1.487463355064392090e+00 -6.004998683929443359e-01 -6.283553123474121094e+00
1.101812744140625000e+01 4.393125915527343750e+01 -2.565883827209472656e+01 1.467593908309936523e+00 -8.346542119979858398e-01 -6.251133918762207031e+00
1.104600906372070312e+01 4.393047714233398438e+01 -2.578159141540527344e+01 1.287664413452148438e+00 -8.353121280670166016e-01 -6.255050659179687500e+00
1.107385158538818359e+01 4.392332839965820312e+01 -2.590349388122558594e+01 1.166593909263610840e+00 -9.194421172142028809e-01 -6.204583644866943359e+00
1.109403610229492188e+01 4.391181182861328125e+01 -2.602248001098632812e+01 1.079694867134094238e+00 -1.152716279029846191e+00 -5.986964702606201172e+00
1.111788558959960938e+01 4.389801406860351562e+01 -2.613765716552734375e+01 9.274034500122070312e-01 -1.396136522293090820e+00 -5.773468971252441406e+00
1.113827419281005859e+01 4.387865066528320312e+01 -2.624930572509765625e+01 8.289147019386291504e-01 -1.598505973815917969e+00 -5.642759323120117188e+00
1.116030979156494141e+01 4.385858917236328125e+01 -2.635905647277832031e+01 7.775856852531433105e-01 -1.764023065567016602e+00 -5.555575847625732422e+00
1.118532371520996094e+01 4.383339691162109375e+01 -2.646652984619140625e+01 6.483774185180664062e-01 -1.712289929389953613e+00 -5.432732105255126953e+00
1.120201873779296875e+01 4.380644226074218750e+01 -2.657149887084960938e+01 5.894464254379272461e-01 -1.837908625602722168e+00 -5.276738643646240234e+00
1.122430229187011719e+01 4.377387237548828125e+01 -2.667327499389648438e+01 6.971350908279418945e-01 -1.878603339195251465e+00 -5.131831645965576172e+00
1.124188137054443359e+01 4.374248123168945312e+01 -2.677235221862792969e+01 6.551491618156433105e-01 -2.073914527893066406e+00 -4.941238880157470703e+00
1.126673126220703125e+01 4.371282196044921875e+01 -2.686859321594238281e+01 4.157853722572326660e-01 -2.049651384353637695e+00 -4.900237083435058594e+00
1.128333568572998047e+01 4.367272949218750000e+01 -2.696257972717285156e+01 4.487415850162506104e-01 -2.166012525558471680e+00 -4.663945674896240234e+00
1.130367469787597656e+01 4.363519668579101562e+01 -2.705156517028808594e+01 2.750105261802673340e-01 -2.196657180786132812e+00 -4.434753417968750000e+00
1.132195281982421875e+01 4.360214233398437500e+01 -2.713543319702148438e+01 8.593612164258956909e-02 -2.302546262741088867e+00 -4.178128242492675781e+00
1.134081172943115234e+01 4.355411911010742188e+01 -2.721539306640625000e+01 3.024791479110717773e-01 -2.319154977798461914e+00 -3.992188692092895508e+00
1.135823535919189453e+01 4.350426101684570312e+01 -2.729137039184570312e+01 3.490948081016540527e-01 -2.365390062332153320e+00 -3.769140720367431641e+00
1.137532806396484375e+01 4.346210098266601562e+01 -2.736291313171386719e+01 1.526371389627456665e-01 -2.374309778213500977e+00 -3.523924112319946289e+00
1.140922355651855469e+01 4.339435958862304688e+01 -2.746130561828613281e+01 7.876428775489330292e-03 -2.134035348892211914e+00 -3.230958938598632812e+00
1.142040729522705078e+01 4.333944320678710938e+01 -2.752162933349609375e+01 4.124333336949348450e-02 -2.286519527435302734e+00 -2.917678117752075195e+00
1.143385219573974609e+01 4.328635025024414062e+01 -2.757487297058105469e+01 1.150897741317749023e-01 -2.495411157608032227e+00 -2.554065227508544922e+00
1.145256233215332031e+01 4.322758483886718750e+01 -2.762118339538574219e+01 1.982723921537399292e-01 -2.380761861801147461e+00 -2.244354724884033203e+00
1.146816825866699219e+01 4.317048263549804688e+01 -2.766152191162109375e+01 1.292988508939743042e-01 -2.257157325744628906e+00 -1.846453070640563965e+00
1.147439193725585938e+01 4.311437606811523438e+01 -2.769447898864746094e+01 1.922453790903091431e-01 -2.426144123077392578e+00 -1.575637936592102051e+00
1.148241519927978516e+01 4.306095504760742188e+01 -2.772253608703613281e+01 2.831157743930816650e-01 -2.470518350601196289e+00 -1.300837755203247070e+00
1.150086498260498047e+01 4.300563430786132812e+01 -2.774602317810058594e+01 3.088051080703735352e-01 -2.162524223327636719e+00 -1.083315014839172363e+00
1.150557327270507812e+01 4.295028305053710938e+01 -2.776385498046875000e+01 1.707137972116470337e-01 -2.234375238418579102e+00 -7.580683827400207520e-01
1.150761413574218750e+01 4.290048980712890625e+01 -2.777447319030761719e+01 3.587809577584266663e-02 -2.359585523605346680e+00 -2.958706021308898926e-01
1.151623439788818359e+01 4.284975433349609375e+01 -2.777548789978027344e+01 1.104140430688858032e-01 -2.128002882003784180e+00 2.099508941173553467e-01
1.152351856231689453e+01 4.280343246459960938e+01 -2.776744842529296875e+01 -5.652401968836784363e-02 -2.048759937286376953e+00 5.859898924827575684e-01
1.152994060516357422e+01 4.275045394897460938e+01 -2.775130653381347656e+01 7.302981615066528320e-02 -2.016654253005981445e+00 1.044734597206115723e+00
1.152149963378906250e+01 4.269864654541015625e+01 -2.772590446472167969e+01 1.341795176267623901e-01 -2.296024799346923828e+00 1.591796875000000000e+00
1.152970123291015625e+01 4.264978790283203125e+01 -2.768962860107421875e+01 2.080966234207153320e-01 -1.868792176246643066e+00 2.131705045700073242e+00
1.153464698791503906e+01 4.260418701171875000e+01 -2.764188766479492188e+01 2.171675413846969604e-01 -1.497116804122924805e+00 2.773728132247924805e+00
1.153612041473388672e+01 4.256466293334960938e+01 -2.758114051818847656e+01 3.123790323734283447e-01 -1.303317308425903320e+00 3.446407318115234375e+00
1.153134918212890625e+01 4.253020858764648438e+01 -2.750557899475097656e+01 3.927713930606842041e-01 -1.022521853446960449e+00 4.310137748718261719e+00
1.153177070617675781e+01 4.251532745361328125e+01 -2.741264343261718750e+01 3.169816136360168457e-01 -4.334064424037933350e-01 5.284692287445068359e+00
1.153397750854492188e+01 4.250850677490234375e+01 -2.730030822753906250e+01 1.233419999480247498e-01 5.180338025093078613e-01 6.288494110107421875e+00
1.151851940155029297e+01 4.253214263916015625e+01 -2.709193420410156250e+01 3.900755429640412331e-03 1.911431789398193359e+00 8.000982284545898438e+00
1.150920104980468750e+01 4.258738327026367188e+01 -2.692366600036621094e+01 -1.091701816767454147e-02 3.491737127304077148e+00 9.231229782104492188e+00
1.149987220764160156e+01 4.267372131347656250e+01 -2.673104858398437500e+01 1.342795044183731079e-01 5.706551074981689453e+00 1.056513309478759766e+01
1.148990249633789062e+01 4.281613159179687500e+01 -2.651484680175781250e+01 3.322376310825347900e-01 8.729034423828125000e+00 1.149787998199462891e+01
1.148886680603027344e+01 4.303216552734375000e+01 -2.628881263732910156e+01 6.711673736572265625e-01 1.252169227600097656e+01 1.153523921966552734e+01
1.150710964202880859e+01 4.332125854492187500e+01 -2.607347488403320312e+01 1.352071642875671387e+00 1.665625190734863281e+01 1.030568885803222656e+01
1.153804206848144531e+01 4.367966461181640625e+01 -2.589139556884765625e+01 2.134313583374023438e+00 1.988602256774902344e+01 8.209153175354003906e+00
1.157813358306884766e+01 4.409997558593750000e+01 -2.575677299499511719e+01 2.465898275375366211e+00 2.177919960021972656e+01 5.579793453216552734e+00
1.162928104400634766e+01 4.452536773681640625e+01 -2.567365074157714844e+01 3.213329553604125977e+00 2.248165512084960938e+01 2.850827693939208984e+00
1.168322086334228516e+01 4.496579360961914062e+01 -2.564378547668457031e+01 3.346238851547241211e+00 2.210215377807617188e+01 2.573555111885070801e-01
1.174760723114013672e+01 4.537633895874023438e+01 -2.566155242919921875e+01 3.836714744567871094e+00 2.120042228698730469e+01 -2.100067377090454102e+00
1.181548690795898438e+01 4.577077484130859375e+01 -2.572210884094238281e+01 3.985022544860839844e+00 1.978328704833984375e+01 -4.037053108215332031e+00
1.188499259948730469e+01 4.612797546386718750e+01 -2.581611442565917969e+01 4.216999530792236328e+00 1.803594207763671875e+01 -5.657869815826416016e+00
1.195502471923828125e+01 4.644849777221679688e+01 -2.593937683105468750e+01 4.328396797180175781e+00 1.610342788696289062e+01 -6.997550964355468750e+00
1.201948451995849609e+01 4.673254776000976562e+01 -2.608595466613769531e+01 4.225714683532714844e+00 1.408422470092773438e+01 -7.998692989349365234e+00
1.208601856231689453e+01 4.697835922241210938e+01 -2.624855232238769531e+01 4.124550819396972656e+00 1.219490623474121094e+01 -8.675315856933593750e+00
1.215439128875732422e+01 4.718760681152343750e+01 -2.642253303527832031e+01 4.028763771057128906e+00 1.064235496520996094e+01 -9.159400939941406250e+00
1.221186733245849609e+01 4.736708831787109375e+01 -2.660583114624023438e+01 3.992938518524169922e+00 9.150583267211914062e+00 -9.638890266418457031e+00
1.225961780548095703e+01 4.753021240234375000e+01 -2.679821395874023438e+01 3.781072378158569336e+00 7.583982944488525391e+00 -1.002422428131103516e+01
1.231322383880615234e+01 4.766614913940429688e+01 -2.699826812744140625e+01 3.682469367980957031e+00 6.363817691802978516e+00 -1.037933635711669922e+01
1.236438274383544922e+01 4.777775573730468750e+01 -2.720331573486328125e+01 3.720063686370849609e+00 5.423324584960937500e+00 -1.056789684295654297e+01
1.243837738037109375e+01 4.792679595947265625e+01 -2.751872634887695312e+01 3.475901126861572266e+00 4.284799575805664062e+00 -1.091027450561523438e+01
1.248173904418945312e+01 4.801241302490234375e+01 -2.773424339294433594e+01 3.255797624588012695e+00 3.393361568450927734e+00 -1.112876319885253906e+01
1.251719188690185547e+01 4.808815002441406250e+01 -2.795469093322753906e+01 2.917887210845947266e+00 2.570583581924438477e+00 -1.132075119018554688e+01
1.256489944458007812e+01 4.815493774414062500e+01 -2.818006896972656250e+01 2.607904195785522461e+00 2.112080097198486328e+00 -1.163846302032470703e+01
1.259924030303955078e+01 4.821323776245117188e+01 -2.841074752807617188e+01 2.457079410552978516e+00 1.471633672714233398e+00 -1.186876964569091797e+01
1.263045024871826172e+01 4.826257705688476562e+01 -2.864680290222167969e+01 2.155151367187500000e+00 9.051532745361328125e-01 -1.213767337799072266e+01
1.267736434936523438e+01 4.829836273193359375e+01 -2.888616371154785156e+01 2.090769529342651367e+00 5.476273894309997559e-01 -1.229280185699462891e+01
1.271983146667480469e+01 4.833111953735351562e+01 -2.912760162353515625e+01 2.022810935974121094e+00 1.839078664779663086e-01 -1.234022140502929688e+01
1.275410652160644531e+01 4.835861587524414062e+01 -2.937068748474121094e+01 1.675758719444274902e+00 -4.193381667137145996e-01 -1.248693180084228516e+01
1.279625988006591797e+01 4.837683105468750000e+01 -2.961595535278320312e+01 1.455323457717895508e+00 -9.364042878150939941e-01 -1.249447917938232422e+01
1.283902835845947266e+01 4.838076782226562500e+01 -2.985974502563476562e+01 1.475437045097351074e+00 -1.258041501045227051e+00 -1.233653450012207031e+01
1.288726043701171875e+01 4.837472534179687500e+01 -3.009928512573242188e+01 1.507966756820678711e+00 -1.333040475845336914e+00 -1.216860771179199219e+01
1.293214225769042969e+01 4.837454223632812500e+01 -3.033681869506835938e+01 1.195963978767395020e+00 -1.482392191886901855e+00 -1.209330940246582031e+01
1.297383499145507812e+01 4.836116027832031250e+01 -3.057234573364257812e+01 1.105342626571655273e+00 -1.788184523582458496e+00 -1.194088554382324219e+01
1.301328849792480469e+01 4.833975601196289062e+01 -3.080431175231933594e+01 9.950231313705444336e-01 -2.100647926330566406e+00 -1.173250770568847656e+01
1.306187534332275391e+01 4.831262969970703125e+01 -3.103192901611328125e+01 7.416191697120666504e-01 -2.085673093795776367e+00 -1.156007766723632812e+01
1.309751319885253906e+01 4.827823638916015625e+01 -3.125577735900878906e+01 5.896698832511901855e-01 -2.464746475219726562e+00 -1.125638198852539062e+01
1.313467407226562500e+01 4.823509597778320312e+01 -3.147294998168945312e+01 5.390796661376953125e-01 -2.537762165069580078e+00 -1.101343250274658203e+01
1.317342472076416016e+01 4.818261337280273438e+01 -3.168658828735351562e+01 5.150470733642578125e-01 -2.431169509887695312e+00 -1.083858299255371094e+01
1.319837665557861328e+01 4.813179397583007812e+01 -3.189686775207519531e+01 4.363020658493041992e-01 -2.629436969757080078e+00 -1.066485214233398438e+01
1.323598766326904297e+01 4.807041931152343750e+01 -3.210330581665039062e+01 7.213382720947265625e-01 -2.354029178619384766e+00 -1.048199558258056641e+01
1.329264450073242188e+01 4.800363159179687500e+01 -3.240742111206054688e+01 6.045028567314147949e-01 -2.003186702728271484e+00 -1.028407955169677734e+01
1.332879638671875000e+01 4.795358276367187500e+01 -3.260683441162109375e+01 7.920799255371093750e-01 -1.728209495544433594e+00 -1.018652248382568359e+01
1.336137580871582031e+01 4.790908813476562500e+01 -3.280637741088867188e+01 8.159002661705017090e-01 -1.603306531906127930e+00 -1.020639610290527344e+01
1.340073013305664062e+01 4.785636901855468750e+01 -3.300580215454101562e+01 1.159067392349243164e+00 -1.302589058876037598e+00 -1.037653350830078125e+01
1.344495010375976562e+01 4.782006454467773438e+01 -3.320985794067382812e+01 9.552139043807983398e-01 -9.120923876762390137e-01 -1.047502708435058594e+01
1.347000885009765625e+01 4.778115463256835938e+01 -3.341408157348632812e+01 1.024313211441040039e+00 -1.102940440177917480e+00 -1.047304725646972656e+01
1.350356006622314453e+01 4.773097610473632812e+01 -3.361598968505859375e+01 1.348146677017211914e+00 -9.333565235137939453e-01 -1.028989887237548828e+01
1.352768802642822266e+01 4.768658447265625000e+01 -3.381348800659179688e+01 1.496814370155334473e+00 -1.083490729331970215e+00 -9.999481201171875000e+00
1.356137180328369141e+01 4.764440155029296875e+01 -3.400651168823242188e+01 1.625725030899047852e+00 -1.080671787261962891e+00 -9.849188804626464844e+00
1.360487747192382812e+01 4.760702133178710938e+01 -3.419611358642578125e+01 1.849999785423278809e+00 -8.710598349571228027e-01 -9.655841827392578125e+00
1.363494586944580078e+01 4.756190872192382812e+01 -3.438275146484375000e+01 2.235159635543823242e+00 -8.451703190803527832e-01 -9.535224914550781250e+00
1.367564201354980469e+01 4.751516342163085938e+01 -3.456740188598632812e+01 2.484903335571289062e+00 -6.391085982322692871e-01 -9.488094329833984375e+00
1.371428298950195312e+01 4.748643112182617188e+01 -3.475225448608398438e+01 2.448096036911010742e+00 -6.602748632431030273e-01 -9.479521751403808594e+00
1.374285984039306641e+01 4.745576858520507812e+01 -3.493718719482421875e+01 2.388681173324584961e+00 -6.668621301651000977e-01 -9.466082572937011719e+00
1.377657699584960938e+01 4.742185592651367188e+01 -3.512018966674804688e+01 2.221236467361450195e+00 -7.051950693130493164e-01 -9.436954498291015625e+00
1.380014514923095703e+01 4.738905334472656250e+01 -3.530487823486328125e+01 2.168244123458862305e+00 -9.979275465011596680e-01 -9.521370887756347656e+00
1.382117366790771484e+01 4.735379791259765625e+01 -3.549025726318359375e+01 2.231644392013549805e+00 -1.409147024154663086e+00 -9.504246711730957031e+00
1.384123420715332031e+01 4.731212234497070312e+01 -3.567561340332031250e+01 2.341536521911621094e+00 -1.920900702476501465e+00 -9.451353073120117188e+00
1.386549091339111328e+01 4.725846862792968750e+01 -3.585726928710937500e+01 2.456828117370605469e+00 -2.709566116333007812e+00 -9.190840721130371094e+00
1.388447475433349609e+01 4.719411468505859375e+01 -3.603186416625976562e+01 2.407624959945678711e+00 -3.781917333602905273e+00 -8.542984962463378906e+00
1.390993118286132812e+01 4.711180114746093750e+01 -3.618453979492187500e+01 2.118627309799194336e+00 -4.342045783996582031e+00 -6.942800521850585938e+00
1.393053340911865234e+01 4.698829650878906250e+01 -3.634779739379882812e+01 1.912743449211120605e+00 -3.804611682891845703e+00 -4.348686695098876953e+00
1.394040489196777344e+01 4.693033981323242188e+01 -3.642430496215820312e+01 1.830924868583679199e+00 -2.745987415313720703e+00 -3.613539934158325195e+00
1.394919204711914062e+01 4.690222549438476562e+01 -3.649526214599609375e+01 1.670505642890930176e+00 -1.644959211349487305e+00 -3.640692234039306641e+00
1.395698070526123047e+01 4.689763259887695312e+01 -3.657248306274414062e+01 1.866116285324096680e+00 -6.145593523979187012e-01 -4.174467563629150391e+00
1.397569465637207031e+01 4.691392898559570312e+01 -3.666227340698242188e+01 2.101771116256713867e+00 5.031371712684631348e-01 -4.945862293243408203e+00
1.400253868103027344e+01 4.696756744384765625e+01 -3.677008056640625000e+01 1.821078777313232422e+00 1.467491984367370605e+00 -5.888995170593261719e+00
1.402834892272949219e+01 4.702681350708007812e+01 -3.689442443847656250e+01 1.946796655654907227e+00 2.296683549880981445e+00 -6.726122856140136719e+00
1.406402015686035156e+01 4.710884475708007812e+01 -3.703457641601562500e+01 1.764500379562377930e+00 3.076303958892822266e+00 -7.479173660278320312e+00
1.409949588775634766e+01 4.719402694702148438e+01 -3.718666076660156250e+01 1.807949423789978027e+00 3.528413534164428711e+00 -8.069914817810058594e+00
1.414424228668212891e+01 4.729030990600585938e+01 -3.735079193115234375e+01 1.892102241516113281e+00 4.022446632385253906e+00 -8.668516159057617188e+00
1.417881488800048828e+01 4.738475799560546875e+01 -3.752497863769531250e+01 2.149776220321655273e+00 4.017477512359619141e+00 -9.138686180114746094e+00
1.423459529876708984e+01 4.748658752441406250e+01 -3.770650863647460938e+01 2.304399967193603516e+00 4.343996524810791016e+00 -9.433254241943359375e+00
1.428407096862792969e+01 4.759323883056640625e+01 -3.789418029785156250e+01 2.362419366836547852e+00 4.471961498260498047e+00 -9.765725135803222656e+00
1.434278488159179688e+01 4.769880676269531250e+01 -3.808856201171875000e+01 2.309782981872558594e+00 4.905820369720458984e+00 -1.007113838195800781e+01
1.439918899536132812e+01 4.781059265136718750e+01 -3.828683471679687500e+01 2.171337604522705078e+00 5.046902656555175781e+00 -1.015527534484863281e+01
1.445931816101074219e+01 4.791752624511718750e+01 -3.848535537719726562e+01 2.386648178100585938e+00 5.439437866210937500e+00 -1.020389366149902344e+01
1.451483917236328125e+01 4.804023742675781250e+01 -3.868581771850585938e+01 2.078155517578125000e+00 5.701035022735595703e+00 -1.030072593688964844e+01
1.457287406921386719e+01 4.815142059326171875e+01 -3.888840103149414062e+01 2.071418762207031250e+00 5.860258579254150391e+00 -1.043697738647460938e+01
1.462193202972412109e+01 4.827624511718750000e+01 -3.909317398071289062e+01 1.843788146972656250e+00 5.802609920501708984e+00 -1.051489639282226562e+01
1.467580699920654297e+01 4.838339233398437500e+01 -3.929995346069335938e+01 2.165190219879150391e+00 5.921052932739257812e+00 -1.073540687561035156e+01
1.472548961639404297e+01 4.849612426757812500e+01 -3.951088333129882812e+01 2.353751659393310547e+00 5.836568832397460938e+00 -1.090458774566650391e+01
1.482426548004150391e+01 4.866745758056640625e+01 -3.983478927612304688e+01 2.264081716537475586e+00 6.024125099182128906e+00 -1.119403743743896484e+01
1.487768173217773438e+01 4.877756881713867188e+01 -4.005318450927734375e+01 2.206431388854980469e+00 5.764128684997558594e+00 -1.119760513305664062e+01
1.492718410491943359e+01 4.888241958618164062e+01 -4.027136230468750000e+01 2.085455894470214844e+00 5.520812988281250000e+00 -1.116055774688720703e+01
1.498505210876464844e+01 4.898379516601562500e+01 -4.048875427246093750e+01 1.870100855827331543e+00 5.557423114776611328e+00 -1.120526599884033203e+01
1.502982902526855469e+01 4.907743453979492188e+01 -4.070882415771484375e+01 1.882363319396972656e+00 5.175282478332519531e+00 -1.137585544586181641e+01
1.506729125976562500e+01 4.916755294799804688e+01 -4.093184661865234375e+01 1.904009580612182617e+00 4.764045238494873047e+00 -1.145567417144775391e+01
1.510938167572021484e+01 4.924930572509765625e+01 -4.115657424926757812e+01 1.975315928459167480e+00 4.567843437194824219e+00 -1.163353252410888672e+01
1.515011405944824219e+01 4.932583618164062500e+01 -4.138503265380859375e+01 2.032416343688964844e+00 4.244350910186767578e+00 -1.177850818634033203e+01
1.519783687591552734e+01 4.939819335937500000e+01 -4.161671066284179688e+01 2.293613910675048828e+00 4.015628814697265625e+00 -1.200652313232421875e+01
1.524697875976562500e+01 4.947450637817382812e+01 -4.185196304321289062e+01 2.159703731536865234e+00 3.823156356811523438e+00 -1.209341716766357422e+01
1.528943538665771484e+01 4.954639816284179688e+01 -4.209031295776367188e+01 2.085614204406738281e+00 3.395337820053100586e+00 -1.227971267700195312e+01
1.533975028991699219e+01 4.959659957885742188e+01 -4.232969665527343750e+01 2.355279684066772461e+00 3.098940610885620117e+00 -1.238218021392822266e+01
1.538899803161621094e+01 4.964669036865234375e+01 -4.257104873657226562e+01 2.493613243103027344e+00 2.670582532882690430e+00 -1.235662174224853516e+01
1.544180965423583984e+01 4.969505691528320312e+01 -4.281116104125976562e+01 2.572840213775634766e+00 2.380168676376342773e+00 -1.224487495422363281e+01
1.550409984588623047e+01 4.973155975341796875e+01 -4.304792404174804688e+01 2.707568645477294922e+00 2.416265487670898438e+00 -1.215265369415283203e+01
1.555309581756591797e+01 4.977406692504882812e+01 -4.328363037109375000e+01 2.513850212097167969e+00 2.165377140045166016e+00 -1.202381515502929688e+01
1.560642910003662109e+01 4.981223678588867188e+01 -4.351540374755859375e+01 2.304924964904785156e+00 2.246533155441284180e+00 -1.180348968505859375e+01
1.564593505859375000e+01 4.984335327148437500e+01 -4.374377441406250000e+01 2.143990993499755859e+00 2.040021657943725586e+00 -1.162024593353271484e+01
1.569104576110839844e+01 4.987907028198242188e+01 -4.396697998046875000e+01 1.922659635543823242e+00 1.951667785644531250e+00 -1.126043033599853516e+01
1.572858619689941406e+01 4.992048263549804688e+01 -4.418386840820312500e+01 1.550777792930603027e+00 1.749619841575622559e+00 -1.096907615661621094e+01
1.575844478607177734e+01 4.995080947875976562e+01 -4.439341354370117188e+01 1.555018424987792969e+00 1.561971187591552734e+00 -1.057730388641357422e+01
1.580560016632080078e+01 4.999147033691406250e+01 -4.469555664062500000e+01 1.658497929573059082e+00 1.468988776206970215e+00 -1.014687347412109375e+01
1.584456825256347656e+01 5.002526092529296875e+01 -4.489222717285156250e+01 1.589063763618469238e+00 1.628948092460632324e+00 -1.006641864776611328e+01
1.587242603302001953e+01 5.005910873413085938e+01 -4.508994674682617188e+01 1.701164126396179199e+00 1.322297215461730957e+00 -1.012679195404052734e+01
1.592123126983642578e+01 5.009191894531250000e+01 -4.528681945800781250e+01 1.769921183586120605e+00 1.566325902938842773e+00 -1.001257324218750000e+01
1.596849632263183594e+01 5.013132476806640625e+01 -4.548191833496093750e+01 1.560662150382995605e+00 1.612422943115234375e+00 -9.927239418029785156e+00
1.600643157958984375e+01 5.016504669189453125e+01 -4.567345428466796875e+01 1.416648507118225098e+00 1.602218508720397949e+00 -9.710884094238281250e+00
1.604333496093750000e+01 5.019194412231445312e+01 -4.586174011230468750e+01 1.420747756958007812e+00 1.514195919036865234e+00 -9.554357528686523438e+00
1.607380867004394531e+01 5.022512054443359375e+01 -4.604515457153320312e+01 1.379730224609375000e+00 1.323400259017944336e+00 -9.295797348022460938e+00
1.611245155334472656e+01 5.024891281127929688e+01 -4.622605895996093750e+01 1.514021873474121094e+00 1.497558116912841797e+00 -9.276895523071289062e+00
1.615792274475097656e+01 5.028288650512695312e+01 -4.640459442138671875e+01 1.575392961502075195e+00 1.697124838829040527e+00 -9.013666152954101562e+00
1.618781661987304688e+01 5.032297134399414062e+01 -4.657901382446289062e+01 1.152718544006347656e+00 1.541018247604370117e+00 -8.727209091186523438e+00
1.621758651733398438e+01 5.035157775878906250e+01 -4.674651718139648438e+01 1.122810840606689453e+00 1.224702119827270508e+00 -8.442549705505371094e+00
1.624924468994140625e+01 5.037445831298828125e+01 -4.690950775146484375e+01 1.416412353515625000e+00 1.237452983856201172e+00 -8.319159507751464844e+00
1.630468368530273438e+01 5.039246368408203125e+01 -4.707027053833007812e+01 1.701673507690429688e+00 1.839764475822448730e+00 -8.242918014526367188e+00
1.633762550354003906e+01 5.043619155883789062e+01 -4.723083496093750000e+01 1.595484495162963867e+00 1.801418662071228027e+00 -8.150152206420898438e+00
1.637215042114257812e+01 5.047629928588867188e+01 -4.738936233520507812e+01 1.386728763580322266e+00 1.834484815597534180e+00 -8.129146575927734375e+00
1.640449142456054688e+01 5.051819610595703125e+01 -4.754762268066406250e+01 1.173539280891418457e+00 1.580864310264587402e+00 -8.052216529846191406e+00
1.644228744506835938e+01 5.054742813110351562e+01 -4.770431900024414062e+01 1.318062543869018555e+00 1.718523383140563965e+00 -7.960387706756591797e+00
1.648644256591796875e+01 5.057673645019531250e+01 -4.785811996459960938e+01 1.480704903602600098e+00 1.967335224151611328e+00 -7.886136531829833984e+00
1.653193092346191406e+01 5.062424087524414062e+01 -4.801256942749023438e+01 1.386577010154724121e+00 2.306454420089721680e+00 -7.923948287963867188e+00
1.658477783203125000e+01 5.069889068603515625e+01 -4.824704360961914062e+01 8.629654049873352051e-01 2.067638874053955078e+00 -8.155792236328125000e+00
1.662606430053710938e+01 5.073333358764648438e+01 -4.840538024902343750e+01 7.817375063896179199e-01 1.996895670890808105e+00 -8.195387840270996094e+00
1.665711784362792969e+01 5.075821685791015625e+01 -4.856697463989257812e+01 1.038362860679626465e+00 1.497494339942932129e+00 -8.353273391723632812e+00
1.669718170166015625e+01 5.077349090576171875e+01 -4.872880554199218750e+01 1.345285058021545410e+00 1.575894594192504883e+00 -8.363583564758300781e+00
1.674263381958007812e+01 5.078889846801757812e+01 -4.888893890380859375e+01 1.613398432731628418e+00 1.889640212059020996e+00 -8.153247833251953125e+00
1.678907966613769531e+01 5.082683944702148438e+01 -4.904769515991210938e+01 1.325184464454650879e+00 2.309023857116699219e+00 -8.209116935729980469e+00
1.682534217834472656e+01 5.085791778564453125e+01 -4.920691680908203125e+01 1.307659268379211426e+00 2.552749395370483398e+00 -8.245917320251464844e+00
1.686223220825195312e+01 5.089961242675781250e+01 -4.936795425415039062e+01 1.251160621643066406e+00 2.686100482940673828e+00 -8.389689445495605469e+00
1.688761520385742188e+01 5.093056869506835938e+01 -4.953263854980468750e+01 1.419347882270812988e+00 2.463951587677001953e+00 -8.579546928405761719e+00
1.692568016052246094e+01 5.096937561035156250e+01 -4.970105743408203125e+01 1.415697574615478516e+00 2.252757072448730469e+00 -8.715668678283691406e+00
1.696956825256347656e+01 5.100245285034179688e+01 -4.986996841430664062e+01 1.608027577400207520e+00 2.478428602218627930e+00 -8.701681137084960938e+00
1.700655555725097656e+01 5.103320693969726562e+01 -5.003871536254882812e+01 1.943955779075622559e+00 2.650377035140991211e+00 -8.749949455261230469e+00
1.704966354370117188e+01 5.106930541992187500e+01 -5.020782470703125000e+01 2.025675773620605469e+00 2.748394727706909180e+00 -8.738868713378906250e+00
1.708919525146484375e+01 5.111330795288085938e+01 -5.037959289550781250e+01 1.738379240036010742e+00 2.604309797286987305e+00 -8.914153099060058594e+00
1.712463188171386719e+01 5.114493179321289062e+01 -5.055330276489257812e+01 1.894210934638977051e+00 2.349129438400268555e+00 -9.039229393005371094e+00
1.715338325500488281e+01 5.118126678466796875e+01 -5.073093032836914062e+01 1.966034889221191406e+00 2.009985685348510742e+00 -9.219542503356933594e+00
1.719526481628417969e+01 5.120797729492187500e+01 -5.091147994995117188e+01 2.219960212707519531e+00 1.858095407485961914e+00 -9.346387863159179688e+00
1.723831939697265625e+01 5.122728347778320312e+01 -5.109575271606445312e+01 2.633536338806152344e+00 1.578793764114379883e+00 -9.605749130249023438e+00
1.727807426452636719e+01 5.124973297119140625e+01 -5.128335952758789062e+01 2.601372957229614258e+00 1.510015606880187988e+00 -9.662451744079589844e+00
1.732761192321777344e+01 5.127584457397460938e+01 -5.147151565551757812e+01 2.590648889541625977e+00 1.761903285980224609e+00 -9.623142242431640625e+00
1.737958717346191406e+01 5.130518722534179688e+01 -5.166067123413085938e+01 2.611708879470825195e+00 1.977705955505371094e+00 -9.777112007141113281e+00
1.743242835998535156e+01 5.134427261352539062e+01 -5.194438171386718750e+01 2.179400444030761719e+00 1.531295537948608398e+00 -9.530574798583984375e+00
1.746748733520507812e+01 5.136449432373046875e+01 -5.212736892700195312e+01 2.020176410675048828e+00 1.312388539314270020e+00 -9.315594673156738281e+00
1.749591636657714844e+01 5.137857818603515625e+01 -5.230628585815429688e+01 1.899464964866638184e+00 9.024050235748291016e-01 -9.063973426818847656e+00
1.751913833618164062e+01 5.139400100708007812e+01 -5.248277282714843750e+01 1.815658450126647949e+00 5.052626729011535645e-01 -8.992128372192382812e+00
1.753063392639160156e+01 5.140975952148437500e+01 -5.265922546386718750e+01 1.917671799659729004e+00 -3.382400050759315491e-02 -8.942255973815917969e+00
1.753991699218750000e+01 5.140047073364257812e+01 -5.283282470703125000e+01 2.583629846572875977e+00 -4.471743404865264893e-01 -8.790271759033203125e+00
1.757842254638671875e+01 5.138050842285156250e+01 -5.300321960449218750e+01 3.337904691696166992e+00 -6.026654690504074097e-02 -8.744616508483886719e+00
1.763952827453613281e+01 5.139339065551757812e+01 -5.317547607421875000e+01 3.083142280578613281e+00 6.289510726928710938e-01 -8.800916671752929688e+00
1.768534469604492188e+01 5.142445373535156250e+01 -5.334919738769531250e+01 2.452398061752319336e+00 9.388620257377624512e-01 -8.795718193054199219e+00
1.770309638977050781e+01 5.144811248779296875e+01 -5.351920318603515625e+01 2.036079645156860352e+00 4.928316771984100342e-01 -8.482419967651367188e+00
1.772172737121582031e+01 5.145868301391601562e+01 -5.368468093872070312e+01 2.020950317382812500e+00 -9.820850938558578491e-02 -8.385581016540527344e+00
1.775017356872558594e+01 5.146130371093750000e+01 -5.384968185424804688e+01 2.210450649261474609e+00 -1.126290634274482727e-01 -8.413051605224609375e+00
1.778765296936035156e+01 5.146505737304687500e+01 -5.401396179199218750e+01 2.542318344116210938e+00 1.737102568149566650e-01 -8.381998062133789062e+00
1.782178497314453125e+01 5.148488235473632812e+01 -5.418011093139648438e+01 2.307791471481323242e+00 3.559444546699523926e-01 -8.454693794250488281e+00
1.785226249694824219e+01 5.150889587402343750e+01 -5.434691238403320312e+01 1.847140192985534668e+00 3.580575585365295410e-01 -8.445639610290527344e+00
1.786705398559570312e+01 5.151769256591796875e+01 -5.451288223266601562e+01 1.940422296524047852e+00 -6.265684217214584351e-02 -8.426470756530761719e+00
1.790480422973632812e+01 5.152629089355468750e+01 -5.467905044555664062e+01 1.997526884078979492e+00 1.527158319950103760e-01 -8.503477096557617188e+00
1.794783020019531250e+01 5.155264282226562500e+01 -5.484711456298828125e+01 1.746351242065429688e+00 4.894579648971557617e-01 -8.542316436767578125e+00
1.797760009765625000e+01 5.157879638671875000e+01 -5.501483154296875000e+01 1.206465840339660645e+00 5.214260220527648926e-01 -8.485666275024414062e+00
1.799359321594238281e+01 5.158983230590820312e+01 -5.517928314208984375e+01 1.502718448638916016e+00 -1.023874431848526001e-02 -8.315009117126464844e+00
1.802564239501953125e+01 5.159743118286132812e+01 -5.534185028076171875e+01 1.894948959350585938e+00 1.623646914958953857e-01 -8.279394149780273438e+00
1.810483551025390625e+01 5.162948989868164062e+01 -5.558559799194335938e+01 2.009672641754150391e+00 1.216494321823120117e+00 -8.222134590148925781e+00
1.815187263488769531e+01 5.166615676879882812e+01 -5.574593734741210938e+01 1.530300855636596680e+00 1.739677906036376953e+00 -8.162149429321289062e+00
1.817636299133300781e+01 5.171689605712890625e+01 -5.590637588500976562e+01 7.521553039550781250e-01 1.594413518905639648e+00 -8.128305435180664062e+00
1.819417953491210938e+01 5.174202728271484375e+01 -5.606546783447265625e+01 9.583103060722351074e-01 1.240044951438903809e+00 -8.180654525756835938e+00
1.823365402221679688e+01 5.175688171386718750e+01 -5.622459030151367188e+01 1.530631899833679199e+00 1.567923069000244141e+00 -8.212645530700683594e+00
1.828275489807128906e+01 5.178996658325195312e+01 -5.638541412353515625e+01 1.765533804893493652e+00 2.044064521789550781e+00 -8.341756820678710938e+00
1.832155609130859375e+01 5.183506393432617188e+01 -5.654965209960937500e+01 1.511603236198425293e+00 2.018031597137451172e+00 -8.363304138183593750e+00
1.834650039672851562e+01 5.186496353149414062e+01 -5.671305465698242188e+01 1.194107890129089355e+00 1.389782667160034180e+00 -8.356620788574218750e+00
1.836742401123046875e+01 5.187365341186523438e+01 -5.687225341796875000e+01 1.495607137680053711e+00 8.277167677879333496e-01 -8.022551536560058594e+00
1.840635681152343750e+01 5.186960220336914062e+01 -5.702350616455078125e+01 1.798379540443420410e+00 9.710864424705505371e-01 -7.691292762756347656e+00
1.846141624450683594e+01 5.187200164794921875e+01 -5.716844177246093750e+01 2.036947965621948242e+00 1.514886260032653809e+00 -7.446331977844238281e+00
1.850891685485839844e+01 5.190037918090820312e+01 -5.731261062622070312e+01 1.694947361946105957e+00 1.871908187866210938e+00 -7.432469844818115234e+00
1.854248619079589844e+01 5.194041061401367188e+01 -5.745854187011718750e+01 1.119645953178405762e+00 2.015077114105224609e+00 -7.523679256439208984e+00
1.856165885925292969e+01 5.197402954101562500e+01 -5.760681152343750000e+01 6.072882413864135742e-01 1.615054965019226074e+00 -7.671094417572021484e+00
1.857643699645996094e+01 5.198736572265625000e+01 -5.775635528564453125e+01 8.321144580841064453e-01 9.674893021583557129e-01 -7.777937889099121094e+00
1.860313606262207031e+01 5.199028396606445312e+01 -5.790501022338867188e+01 1.314503669738769531e+00 9.638060331344604492e-01 -7.602488994598388672e+00
1.863552284240722656e+01 5.199680709838867188e+01 -5.805192184448242188e+01 1.633599162101745605e+00 9.122045636177062988e-01 -7.562562465667724609e+00
1.867281150817871094e+01 5.200685501098632812e+01 -5.819646072387695312e+01 1.703195214271545410e+00 1.157456278800964355e+00 -7.425399780273437500e+00
1.871034431457519531e+01 5.202527618408203125e+01 -5.833971405029296875e+01 1.554040551185607910e+00 1.420724034309387207e+00 -7.261456012725830078e+00
1.873534584045410156e+01 5.204439926147460938e+01 -5.847880172729492188e+01 1.562296032905578613e+00 1.323941946029663086e+00 -7.083420753479003906e+00
1.876384544372558594e+01 5.206591796875000000e+01 -5.861645889282226562e+01 1.689650774002075195e+00 1.310114741325378418e+00 -7.028445720672607422e+00
1.881967926025390625e+01 5.209884262084960938e+01 -5.882245635986328125e+01 2.069684743881225586e+00 1.644704580307006836e+00 -7.237419605255126953e+00
1.885918807983398438e+01 5.212642288208007812e+01 -5.896579360961914062e+01 2.342155218124389648e+00 1.668111443519592285e+00 -7.441205024719238281e+00
1.889794540405273438e+01 5.215800857543945312e+01 -5.910982894897460938e+01 2.395174026489257812e+00 1.751262903213500977e+00 -7.367435932159423828e+00
1.894369697570800781e+01 5.218867111206054688e+01 -5.925121307373046875e+01 2.567605733871459961e+00 1.853803038597106934e+00 -7.185122013092041016e+00
1.898381996154785156e+01 5.222187805175781250e+01 -5.939014434814453125e+01 2.610969543457031250e+00 2.050836086273193359e+00 -7.042274475097656250e+00
1.902262878417968750e+01 5.226648330688476562e+01 -5.952534484863281250e+01 2.213518381118774414e+00 2.112804174423217773e+00 -6.794485569000244141e+00
1.905506324768066406e+01 5.231042480468750000e+01 -5.965553665161132812e+01 1.900447964668273926e+00 2.283164024353027344e+00 -6.563037395477294922e+00
1.908049774169921875e+01 5.235711669921875000e+01 -5.978308486938476562e+01 1.608439207077026367e+00 2.053453683853149414e+00 -6.504090309143066406e+00
1.910008811950683594e+01 5.239519500732421875e+01 -5.991010665893554688e+01 1.550016403198242188e+00 1.637712240219116211e+00 -6.520779132843017578e+00
1.911987304687500000e+01 5.244862747192382812e+01 -6.004121017456054688e+01 1.425726056098937988e+00 1.397117614746093750e+00 -6.615543842315673828e+00
1.914499855041503906e+01 5.248561859130859375e+01 -6.017349243164062500e+01 1.642681121826171875e+00 1.279558897018432617e+00 -6.768254756927490234e+00
1.916695213317871094e+01 5.252674102783203125e+01 -6.030834960937500000e+01 1.695841908454895020e+00 1.125698328018188477e+00 -6.901585102081298828e+00
1.920369338989257812e+01 5.255448150634765625e+01 -6.044356918334960938e+01 1.896042227745056152e+00 1.423272013664245605e+00 -6.937479972839355469e+00
1.924451828002929688e+01 5.259207916259765625e+01 -6.058052062988281250e+01 1.961926817893981934e+00 1.558237075805664062e+00 -6.993043899536132812e+00
1.928636550903320312e+01 5.263097381591796875e+01 -6.071831893920898438e+01 1.881061196327209473e+00 1.681756496429443359e+00 -7.031645298004150391e+00
1.933707809448242188e+01 5.268056869506835938e+01 -6.085642623901367188e+01 1.686459422111511230e+00 2.016172409057617188e+00 -6.975965976715087891e+00
1.937661933898925781e+01 5.273816680908203125e+01 -6.099382400512695312e+01 1.294824123382568359e+00 2.284883737564086914e+00 -6.966535091400146484e+00
1.939922714233398438e+01 5.279645919799804688e+01 -6.113037490844726562e+01 7.503264546394348145e-01 2.123475313186645508e+00 -6.844884395599365234e+00
1.941442489624023438e+01 5.283925247192382812e+01 -6.126290130615234375e+01 7.445421814918518066e-01 1.725175380706787109e+00 -6.639153003692626953e+00
1.943881607055664062e+01 5.286865615844726562e+01 -6.139135360717773438e+01 9.825727343559265137e-01 1.802523016929626465e+00 -6.592984199523925781e+00
1.947691917419433594e+01 5.290067291259765625e+01 -6.151717376708984375e+01 1.021738052368164062e+00 2.170140981674194336e+00 -6.466989040374755859e+00
1.951748275756835938e+01 5.296897125244140625e+01 -6.171039199829101562e+01 8.043099641799926758e-01 2.342767715454101562e+00 -6.722472667694091797e+00
1.954313850402832031e+01 5.300852966308593750e+01 -6.184163284301757812e+01 8.955233693122863770e-01 2.348965406417846680e+00 -6.804908752441406250e+00
1.956409263610839844e+01 5.304251098632812500e+01 -6.197228240966796875e+01 1.015772223472595215e+00 2.135663509368896484e+00 -6.699442386627197266e+00
1.959059715270996094e+01 5.307126235961914062e+01 -6.210131072998046875e+01 1.381663918495178223e+00 1.900558590888977051e+00 -6.579417705535888672e+00
1.962576866149902344e+01 5.310718536376953125e+01 -6.222752380371093750e+01 1.424222230911254883e+00 2.110400199890136719e+00 -6.382842063903808594e+00
1.965711212158203125e+01 5.314631271362304688e+01 -6.235045242309570312e+01 1.375246167182922363e+00 1.975580334663391113e+00 -6.236745834350585938e+00
1.969275474548339844e+01 5.317756271362304688e+01 -6.246964645385742188e+01 1.519653558731079102e+00 2.016789197921752930e+00 -6.160094738006591797e+00
1.973088836669921875e+01 5.320948028564453125e+01 -6.258718872070312500e+01 1.429374933242797852e+00 2.256489753723144531e+00 -6.021961688995361328e+00
1.976364326477050781e+01 5.325098800659179688e+01 -6.270452499389648438e+01 1.244229793548583984e+00 2.449020385742187500e+00 -5.982532978057861328e+00
1.978612327575683594e+01 5.328860092163085938e+01 -6.281986999511718750e+01 1.207120060920715332e+00 2.358698129653930664e+00 -5.912109851837158203e+00
1.980720520019531250e+01 5.332247924804687500e+01 -6.293485260009765625e+01 1.327360391616821289e+00 2.084177494049072266e+00 -5.930204391479492188e+00
1.983050727844238281e+01 5.335854721069335938e+01 -6.305169296264648438e+01 1.343444228172302246e+00 1.904056906700134277e+00 -6.015780925750732422e+00
1.985190963745117188e+01 5.338754653930664062e+01 -6.317035675048828125e+01 1.504515409469604492e+00 1.499152541160583496e+00 -6.091101646423339844e+00
1.987428474426269531e+01 5.341478729248046875e+01 -6.328961944580078125e+01 1.873435616493225098e+00 1.376754045486450195e+00 -6.139957427978515625e+00
1.991198348999023438e+01 5.344796371459960938e+01 -6.340988159179687500e+01 1.876386046409606934e+00 1.592943549156188965e+00 -6.124717235565185547e+00
1.994889068603515625e+01 5.348411560058593750e+01 -6.352971649169921875e+01 1.899216890335083008e+00 1.883905410766601562e+00 -6.110733985900878906e+00
1.997429656982421875e+01 5.351970672607421875e+01 -6.364906692504882812e+01 1.758012294769287109e+00 1.801253437995910645e+00 -6.096022605895996094e+00
2.000488662719726562e+01 5.354687881469726562e+01 -6.376640701293945312e+01 2.089633703231811523e+00 1.720968008041381836e+00 -5.968906402587890625e+00
2.004319572448730469e+01 5.357690048217773438e+01 -6.388033294677734375e+01 2.412281513214111328e+00 2.072907924652099609e+00 -5.733126640319824219e+00
2.009433746337890625e+01 5.362118530273437500e+01 -6.399120330810546875e+01 2.560482501983642578e+00 2.439552068710327148e+00 -5.636555194854736328e+00
2.013541412353515625e+01 5.368114471435546875e+01 -6.410133361816406250e+01 2.205889463424682617e+00 2.615068435668945312e+00 -5.476177215576171875e+00
2.018015670776367188e+01 5.377210998535156250e+01 -6.426127624511718750e+01 1.849521994590759277e+00 2.645412683486938477e+00 -5.346563816070556641e+00
2.021064186096191406e+01 5.382031631469726562e+01 -6.436328125000000000e+01 2.108053445816040039e+00 2.691898822784423828e+00 -5.141759872436523438e+00
2.024463272094726562e+01 5.386986541748046875e+01 -6.446185302734375000e+01 2.147180795669555664e+00 2.908197641372680664e+00 -4.996625900268554688e+00
2.028446578979492188e+01 5.393101119995117188e+01 -6.456027221679687500e+01 1.902828454971313477e+00 3.177221775054931641e+00 -4.964531898498535156e+00
2.031419181823730469e+01 5.400337219238281250e+01 -6.465883636474609375e+01 1.340342283248901367e+00 3.336195707321166992e+00 -5.020455360412597656e+00
2.033390617370605469e+01 5.407519531250000000e+01 -6.475892639160156250e+01 9.831966161727905273e-01 3.210566520690917969e+00 -5.144627571105957031e+00
2.035588264465332031e+01 5.413477325439453125e+01 -6.486019134521484375e+01 1.185494065284729004e+00 2.967353105545043945e+00 -5.267290115356445312e+00
2.037936782836914062e+01 5.420191955566406250e+01 -6.496667480468750000e+01 1.220450639724731445e+00 2.969641923904418945e+00 -5.428063869476318359e+00
2.040870857238769531e+01 5.426728057861328125e+01 -6.507335662841796875e+01 1.093953847885131836e+00 2.997499465942382812e+00 -5.424479484558105469e+00
2.043226814270019531e+01 5.433091735839843750e+01 -6.518144989013671875e+01 1.293459296226501465e+00 2.724523544311523438e+00 -5.541156291961669922e+00
2.045824432373046875e+01 5.438973617553710938e+01 -6.529219818115234375e+01 1.367265701293945312e+00 2.719082832336425781e+00 -5.696755886077880859e+00
2.049572372436523438e+01 5.444772720336914062e+01 -6.540339660644531250e+01 1.495150446891784668e+00 2.960272312164306641e+00 -5.711609840393066406e+00
2.053223800659179688e+01 5.450690460205078125e+01 -6.551414489746093750e+01 1.704503417015075684e+00 3.123669624328613281e+00 -5.681188106536865234e+00
2.057565879821777344e+01 5.457561874389648438e+01 -6.562566375732421875e+01 1.610289692878723145e+00 3.308949232101440430e+00 -5.667227745056152344e+00
2.061561965942382812e+01 5.463649368286132812e+01 -6.573635101318359375e+01 1.858363628387451172e+00 3.421229124069213867e+00 -5.776454925537109375e+00
2.066363525390625000e+01 5.470389175415039062e+01 -6.585038757324218750e+01 1.947956800460815430e+00 3.679770231246948242e+00 -5.980662822723388672e+00
2.070969581604003906e+01 5.477589035034179688e+01 -6.596858978271484375e+01 1.801634907722473145e+00 3.864677667617797852e+00 -6.168395519256591797e+00
2.074865722656250000e+01 5.484755706787109375e+01 -6.609024047851562500e+01 1.746265292167663574e+00 4.075347900390625000e+00 -6.329662322998046875e+00
2.078398132324218750e+01 5.493105697631835938e+01 -6.621603393554687500e+01 1.297064065933227539e+00 4.117527008056640625e+00 -6.513727664947509766e+00
2.081662750244140625e+01 5.500511932373046875e+01 -6.634136199951171875e+01 1.230452775955200195e+00 4.008463859558105469e+00 -6.371743679046630859e+00
2.086167335510253906e+01 5.511795043945312500e+01 -6.652727508544921875e+01 1.287669301033020020e+00 3.969669342041015625e+00 -6.387710094451904297e+00
2.088404083251953125e+01 5.519424057006835938e+01 -6.665261840820312500e+01 1.251347422599792480e+00 3.893125534057617188e+00 -6.475488185882568359e+00
2.090917968750000000e+01 5.526464080810546875e+01 -6.678002166748046875e+01 1.615079998970031738e+00 3.883057355880737305e+00 -6.636290550231933594e+00
2.094236564636230469e+01 5.533646011352539062e+01 -6.690973663330078125e+01 1.863879799842834473e+00 3.904938697814941406e+00 -6.754297733306884766e+00
2.098959350585937500e+01 5.540497207641601562e+01 -6.704230499267578125e+01 2.099714756011962891e+00 4.171856403350830078e+00 -6.941364765167236328e+00
2.103268623352050781e+01 5.547601699829101562e+01 -6.717655944824218750e+01 2.211383581161499023e+00 4.210952758789062500e+00 -6.905501842498779297e+00
2.107695198059082031e+01 5.555247116088867188e+01 -6.730948638916015625e+01 2.140039682388305664e+00 4.261303424835205078e+00 -6.888995647430419922e+00
2.111717796325683594e+01 5.563290405273437500e+01 -6.744304656982421875e+01 1.802435159683227539e+00 4.157094955444335938e+00 -6.794806003570556641e+00
2.114945793151855469e+01 5.570978164672851562e+01 -6.757551574707031250e+01 1.789678454399108887e+00 3.995679616928100586e+00 -6.786645412445068359e+00
2.117305946350097656e+01 5.577912902832031250e+01 -6.770792388916015625e+01 1.728194355964660645e+00 3.595106363296508789e+00 -6.801000118255615234e+00
2.120382118225097656e+01 5.584840011596679688e+01 -6.784140014648437500e+01 1.819234728813171387e+00 3.389240503311157227e+00 -6.796101093292236328e+00
2.122995758056640625e+01 5.592337036132812500e+01 -6.797709655761718750e+01 1.818796277046203613e+00 3.390648365020751953e+00 -6.998775005340576172e+00
2.125816917419433594e+01 5.598711013793945312e+01 -6.811560058593750000e+01 2.016641378402709961e+00 3.193566799163818359e+00 -7.172890186309814453e+00
2.129469108581542969e+01 5.605022430419921875e+01 -6.825933837890625000e+01 2.062875509262084961e+00 3.149799346923828125e+00 -7.523892879486083984e+00
2.133330345153808594e+01 5.611228561401367188e+01 -6.840871429443359375e+01 2.157298564910888672e+00 2.912273406982421875e+00 -7.635395050048828125e+00
2.136882019042968750e+01 5.616516494750976562e+01 -6.855852508544921875e+01 2.296138525009155273e+00 2.525923967361450195e+00 -7.689429759979248047e+00
2.141717147827148438e+01 5.621551513671875000e+01 -6.870849609375000000e+01 2.310937166213989258e+00 2.622465133666992188e+00 -7.629541873931884766e+00
2.145233726501464844e+01 5.626358032226562500e+01 -6.885654449462890625e+01 2.611562013626098633e+00 2.458051919937133789e+00 -7.501118659973144531e+00
2.150987434387207031e+01 5.632104110717773438e+01 -6.900299072265625000e+01 2.680011987686157227e+00 2.979499340057373047e+00 -7.437377452850341797e+00
2.155669021606445312e+01 5.638613510131835938e+01 -6.914932250976562500e+01 2.540287733078002930e+00 3.312775135040283203e+00 -7.525585651397705078e+00
2.159637641906738281e+01 5.646700286865234375e+01 -6.929972839355468750e+01 1.920178413391113281e+00 3.469577074050903320e+00 -7.564658164978027344e+00
2.163412284851074219e+01 5.657087326049804688e+01 -6.952443695068359375e+01 1.529258728027343750e+00 2.945836067199707031e+00 -7.655356407165527344e+00
2.166035270690917969e+01 5.662953567504882812e+01 -6.967375946044921875e+01 1.619828104972839355e+00 2.649519681930541992e+00 -7.635216236114501953e+00
2.169027519226074219e+01 5.668257141113281250e+01 -6.982440948486328125e+01 1.705856323242187500e+00 2.360161066055297852e+00 -7.681311607360839844e+00
2.172178649902343750e+01 5.673133087158203125e+01 -6.997449493408203125e+01 1.590640664100646973e+00 2.215777397155761719e+00 -7.617834568023681641e+00
2.175872421264648438e+01 5.678008651733398438e+01 -7.012194061279296875e+01 1.512030601501464844e+00 2.205950736999511719e+00 -7.404661178588867188e+00
2.179400825500488281e+01 5.682501602172851562e+01 -7.026808929443359375e+01 1.788218855857849121e+00 2.294216632843017578e+00 -7.524378299713134766e+00
2.182828712463378906e+01 5.686737442016601562e+01 -7.041502380371093750e+01 1.906560659408569336e+00 2.167438268661499023e+00 -7.437541961669921875e+00
2.187388038635253906e+01 5.691664123535156250e+01 -7.056115722656250000e+01 2.185079097747802734e+00 2.456213474273681641e+00 -7.418910980224609375e+00
2.192223167419433594e+01 5.696769332885742188e+01 -7.070706939697265625e+01 2.102249622344970703e+00 2.709709882736206055e+00 -7.546858310699462891e+00
2.196092224121093750e+01 5.702691268920898438e+01 -7.085691833496093750e+01 1.938327074050903320e+00 2.638762474060058594e+00 -7.641561508178710938e+00
2.199478721618652344e+01 5.709115600585937500e+01 -7.100856781005859375e+01 1.814119219779968262e+00 2.867463350296020508e+00 -7.721194744110107422e+00
2.203454971313476562e+01 5.714625167846679688e+01 -7.116037750244140625e+01 2.002499103546142578e+00 2.958451032638549805e+00 -7.762460708618164062e+00
2.207746124267578125e+01 5.720680618286132812e+01 -7.131393432617187500e+01 1.977548480033874512e+00 3.086456060409545898e+00 -7.948899269104003906e+00
2.211201858520507812e+01 5.726923751831054688e+01 -7.146968841552734375e+01 1.841029763221740723e+00 3.099133253097534180e+00 -7.887746810913085938e+00
2.214081382751464844e+01 5.732926940917968750e+01 -7.162231445312500000e+01 1.851199388504028320e+00 2.948848962783813477e+00 -7.661984920501708984e+00
2.217640304565429688e+01 5.739196777343750000e+01 -7.177251434326171875e+01 1.761191248893737793e+00 3.031706094741821289e+00 -7.590761661529541016e+00
2.221688652038574219e+01 5.745088958740234375e+01 -7.191910552978515625e+01 1.743858933448791504e+00 3.262892961502075195e+00 -7.521300792694091797e+00
2.225212287902832031e+01 5.751178359985351562e+01 -7.206700897216796875e+01 1.636256814002990723e+00 3.109926939010620117e+00 -7.617518901824951172e+00
2.228691482543945312e+01 5.756719970703125000e+01 -7.221657562255859375e+01 1.712899804115295410e+00 3.087756395339965820e+00 -7.714464187622070312e+00
2.232780265808105469e+01 5.762340545654296875e+01 -7.236626434326171875e+01 1.828633308410644531e+00 3.108450174331665039e+00 -7.671353340148925781e+00
2.236818695068359375e+01 5.767777633666992188e+01 -7.251409912109375000e+01 2.022544384002685547e+00 3.092811584472656250e+00 -7.587851524353027344e+00
2.242367744445800781e+01 5.776487731933593750e+01 -7.273820495605468750e+01 1.955200076103210449e+00 3.029201745986938477e+00 -7.749139785766601562e+00
2.246284294128417969e+01 5.782426452636718750e+01 -7.289016723632812500e+01 1.854025006294250488e+00 3.111338853836059570e+00 -7.780715942382812500e+00
2.249605941772460938e+01 5.787769317626953125e+01 -7.304154205322265625e+01 2.057738780975341797e+00 2.896369457244873047e+00 -7.673069953918457031e+00
2.253536796569824219e+01 5.792894363403320312e+01 -7.318962860107421875e+01 2.111902952194213867e+00 2.776814460754394531e+00 -7.484290122985839844e+00
2.257474899291992188e+01 5.798174285888671875e+01 -7.333516693115234375e+01 2.161072969436645508e+00 2.978256464004516602e+00 -7.460940837860107422e+00
2.262176895141601562e+01 5.804384613037109375e+01 -7.348099517822265625e+01 1.993410468101501465e+00 3.147317409515380859e+00 -7.378126621246337891e+00
2.266261100769042969e+01 5.810113906860351562e+01 -7.362582397460937500e+01 2.250466346740722656e+00 3.314895868301391602e+00 -7.540103435516357422e+00
2.270511245727539062e+01 5.816708374023437500e+01 -7.377682495117187500e+01 2.236485242843627930e+00 3.282230854034423828e+00 -7.775263309478759766e+00
2.274862098693847656e+01 5.823459625244140625e+01 -7.393007659912109375e+01 2.209466695785522461e+00 3.507065773010253906e+00 -7.946546554565429688e+00
2.279323577880859375e+01 5.830057907104492188e+01 -7.408529663085937500e+01 2.308961153030395508e+00 3.680885553359985352e+00 -8.041358947753906250e+00
2.283415985107421875e+01 5.836595535278320312e+01 -7.424172973632812500e+01 2.214504241943359375e+00 3.384576320648193359e+00 -7.896704196929931641e+00
