2.255831146240234375e+01 5.864310836791992188e+01 -7.298778533935546875e+01
2.260473442077636719e+01 5.867463302612304688e+01 -7.318181610107421875e+01
2.262673759460449219e+01 5.868175125122070312e+01 -7.329976654052734375e+01
2.264519309997558594e+01 5.872449874877929688e+01 -7.349094390869140625e+01
2.267222213745117188e+01 5.872933197021484375e+01 -7.360747528076171875e+01
2.272417831420898438e+01 5.873688125610351562e+01 -7.378053283691406250e+01
2.275758361816406250e+01 5.875143814086914062e+01 -7.390043640136718750e+01
2.282397842407226562e+01 5.877628707885742188e+01 -7.407271575927734375e+01
2.286062049865722656e+01 5.878675079345703125e+01 -7.418533325195312500e+01
2.292484474182128906e+01 5.884807205200195312e+01 -7.436937713623046875e+01
2.299148941040039062e+01 5.891632843017578125e+01 -7.454254913330078125e+01
2.302958106994628906e+01 5.896977233886718750e+01 -7.466247558593750000e+01
2.307616424560546875e+01 5.905170822143554688e+01 -7.484136962890625000e+01
2.310701179504394531e+01 5.911362457275390625e+01 -7.496037292480468750e+01
2.312309837341308594e+01 5.919529724121093750e+01 -7.514509582519531250e+01
2.312735557556152344e+01 5.925890731811523438e+01 -7.525705718994140625e+01
2.313086509704589844e+01 5.929922103881835938e+01 -7.544167327880859375e+01
2.313836288452148438e+01 5.932739639282226562e+01 -7.560816955566406250e+01
2.316753578186035156e+01 5.932475280761718750e+01 -7.571783447265625000e+01
2.322280502319335938e+01 5.935370254516601562e+01 -7.588504791259765625e+01
2.325460624694824219e+01 5.937897872924804688e+01 -7.599301910400390625e+01
2.334096908569335938e+01 5.939513778686523438e+01 -7.616563415527343750e+01
2.338381576538085938e+01 5.943489837646484375e+01 -7.627725219726562500e+01
2.346060180664062500e+01 5.950127792358398438e+01 -7.643782043457031250e+01
2.351909065246582031e+01 5.955331039428710938e+01 -7.657228851318359375e+01
2.355739784240722656e+01 5.963747024536132812e+01 -7.673738861083984375e+01
2.360522270202636719e+01 5.974219512939453125e+01 -7.692147064208984375e+01
2.361568641662597656e+01 5.978523635864257812e+01 -7.704232788085937500e+01
2.362463188171386719e+01 5.984265136718750000e+01 -7.720736694335937500e+01
2.362542152404785156e+01 5.987072372436523438e+01 -7.732135009765625000e+01
2.364431762695312500e+01 5.989339447021484375e+01 -7.749899291992187500e+01
2.365215873718261719e+01 5.989841079711914062e+01 -7.759326171875000000e+01
2.369454193115234375e+01 5.989655685424804688e+01 -7.775901031494140625e+01
2.370996475219726562e+01 5.992432785034179688e+01 -7.785881805419921875e+01
2.377468109130859375e+01 5.994435501098632812e+01 -7.801452636718750000e+01
2.384078788757324219e+01 5.999738693237304688e+01 -7.816937255859375000e+01
2.388362121582031250e+01 6.003399658203125000e+01 -7.827894592285156250e+01
2.392467117309570312e+01 6.010597610473632812e+01 -7.842904663085937500e+01
2.395134162902832031e+01 6.014085388183593750e+01 -7.855171203613281250e+01
2.400013351440429688e+01 6.021009063720703125e+01 -7.870971679687500000e+01
2.401906204223632812e+01 6.025162887573242188e+01 -7.882802581787109375e+01
2.406450843811035156e+01 6.031508255004882812e+01 -7.898841094970703125e+01
2.411147689819335938e+01 6.035802078247070312e+01 -7.916366577148437500e+01
2.413962173461914062e+01 6.039414596557617188e+01 -7.927668762207031250e+01
2.418486595153808594e+01 6.046614456176757812e+01 -7.945814514160156250e+01
2.419903755187988281e+01 6.050455474853515625e+01 -7.956347656250000000e+01
2.423880958557128906e+01 6.057550811767578125e+01 -7.971341705322265625e+01
2.424934959411621094e+01 6.061955642700195312e+01 -7.982839965820312500e+01
2.427404785156250000e+01 6.067513275146484375e+01 -7.999287414550781250e+01
2.429406547546386719e+01 6.070432281494140625e+01 -8.008847808837890625e+01
2.432647132873535156e+01 6.076407241821289062e+01 -8.026709747314453125e+01
3.275396585464477539e+00 1.075149726867675781e+01 -8.490185141563415527e-01
3.304754257202148438e+00 1.095613765716552734e+01 -8.095335960388183594e-01
3.351674556732177734e+00 1.128816032409667969e+01 -7.786310315132141113e-01
3.391669273376464844e+00 1.150825595855712891e+01 -7.250692844390869141e-01
3.422488451004028320e+00 1.184732818603515625e+01 -6.765133142471313477e-01
3.477391719818115234e+00 1.208769798278808594e+01 -6.502032876014709473e-01
3.510488271713256836e+00 1.245310497283935547e+01 -5.931798219680786133e-01
3.545111656188964844e+00 1.269169616699218750e+01 -5.450310707092285156e-01
3.599715471267700195e+00 1.303801727294921875e+01 -5.124394893646240234e-01
3.653481721878051758e+00 1.341667842864990234e+01 -4.664637148380279541e-01
3.682075023651123047e+00 1.368771648406982422e+01 -4.396475553512573242e-01
3.743870496749877930e+00 1.410196781158447266e+01 -3.792346715927124023e-01
3.784863471984863281e+00 1.433665084838867188e+01 -3.529689908027648926e-01
3.856724500656127930e+00 1.475632572174072266e+01 -3.067541122436523438e-01
3.882562875747680664e+00 1.504251194000244141e+01 -2.676642239093780518e-01
3.944029331207275391e+00 1.547456741333007812e+01 -2.270569801330566406e-01
4.017225265502929688e+00 1.592697811126708984e+01 -1.883259564638137817e-01
4.026727199554443359e+00 1.622410964965820312e+01 -1.493519246578216553e-01
4.111635208129882812e+00 1.666294288635253906e+01 -1.192861869931221008e-01
4.149817466735839844e+00 1.699030685424804688e+01 -9.627362340688705444e-02
4.198853492736816406e+00 1.746424102783203125e+01 -5.953124538064002991e-02
4.244468688964843750e+00 1.782083702087402344e+01 -4.071407392621040344e-02
4.311409950256347656e+00 1.831758308410644531e+01 -2.274083532392978668e-02
4.360517978668212891e+00 1.866990852355957031e+01 3.580957185477018356e-03
4.436380863189697266e+00 1.919434165954589844e+01 1.787980645895004272e-02
4.523265838623046875e+00 1.973304748535156250e+01 2.805575542151927948e-02
4.583920955657958984e+00 2.009578895568847656e+01 3.514477238059043884e-02
4.658419132232666016e+00 2.068555641174316406e+01 5.020396411418914795e-02
4.705243110656738281e+00 2.108105850219726562e+01 3.357925638556480408e-02
4.787267684936523438e+00 2.167634582519531250e+01 3.598336130380630493e-02
4.847792148590087891e+00 2.206476211547851562e+01 2.026000432670116425e-02
4.939110279083251953e+00 2.268905448913574219e+01 5.060360301285982132e-03
5.003162860870361328e+00 2.312787818908691406e+01 -5.392060847952961922e-04
5.129835605621337891e+00 2.377632331848144531e+01 -2.963893860578536987e-02
5.214998245239257812e+00 2.446900939941406250e+01 -6.590712070465087891e-02
5.279584407806396484e+00 2.493980979919433594e+01 -1.197722479701042175e-01
5.374086856842041016e+00 2.563854026794433594e+01 -1.800553649663925171e-01
5.448194980621337891e+00 2.611697959899902344e+01 -2.433368265628814697e-01
5.562320709228515625e+00 2.685883903503417969e+01 -3.539186418056488037e-01
5.638898849487304688e+00 2.738203430175781250e+01 -3.979836702346801758e-01
5.769695281982421875e+00 2.815169906616210938e+01 -5.406562089920043945e-01
5.902595043182373047e+00 2.897041320800781250e+01 -7.113342881202697754e-01
5.974920272827148438e+00 2.951139259338378906e+01 -8.259444832801818848e-01
6.142982959747314453e+00 3.038983917236328125e+01 -1.043705224990844727e+00
6.226394176483154297e+00 3.095654296875000000e+01 -1.212700366973876953e+00
6.386979579925537109e+00 3.184963226318359375e+01 -1.492270469665527344e+00
6.489251613616943359e+00 3.247041702270507812e+01 -1.696702599525451660e+00
6.659813404083251953e+00 3.340157699584960938e+01 -2.051385402679443359e+00
6.783993721008300781e+00 3.404375076293945312e+01 -2.333378314971923828e+00
6.958786964416503906e+00 3.501506423950195312e+01 -2.795413017272949219e+00
7.139545440673828125e+00 3.599013137817382812e+01 -3.334531068801879883e+00
7.259123802185058594e+00 3.662540817260742188e+01 -3.755084753036499023e+00
7.491244792938232422e+00 3.757276153564453125e+01 -4.423215389251708984e+00
7.648802757263183594e+00 3.820051956176757812e+01 -4.927633285522460938e+00
7.856463432312011719e+00 3.912232971191406250e+01 -5.759818077087402344e+00
8.023054122924804688e+00 3.969157028198242188e+01 -6.344629764556884766e+00
8.247561454772949219e+00 4.052575302124023438e+01 -7.268939018249511719e+00
8.405207633972167969e+00 4.105423736572265625e+01 -7.937437057495117188e+00
8.645242691040039062e+00 4.175808334350585938e+01 -8.960678100585937500e+00
8.863530158996582031e+00 4.243962478637695312e+01 -1.003683376312255859e+01
9.036358833312988281e+00 4.282796478271484375e+01 -1.073295211791992188e+01
9.246761322021484375e+00 4.337624740600585938e+01 -1.182723617553710938e+01
9.383357048034667969e+00 4.369048309326171875e+01 -1.254520320892333984e+01
9.596996307373046875e+00 4.414004516601562500e+01 -1.361375141143798828e+01
9.741095542907714844e+00 4.439353561401367188e+01 -1.430929946899414062e+01
9.929333686828613281e+00 4.475527572631835938e+01 -1.533748435974121094e+01
1.010358524322509766e+01 4.507038497924804688e+01 -1.631426429748535156e+01
1.022100925445556641e+01 4.525247955322265625e+01 -1.698937034606933594e+01
1.037734413146972656e+01 4.549997329711914062e+01 -1.789814758300781250e+01
1.047451305389404297e+01 4.565287399291992188e+01 -1.850735092163085938e+01
1.063969898223876953e+01 4.587135314941406250e+01 -1.938539123535156250e+01
1.073504734039306641e+01 4.598635482788085938e+01 -1.992565536499023438e+01
1.086165904998779297e+01 4.615472412109375000e+01 -2.074989700317382812e+01
1.092424774169921875e+01 4.623419570922851562e+01 -2.126178550720214844e+01
1.104878234863281250e+01 4.636244201660156250e+01 -2.201354980468750000e+01
1.118540000915527344e+01 4.648425292968750000e+01 -2.272437477111816406e+01
1.124833393096923828e+01 4.654301452636718750e+01 -2.318011665344238281e+01
1.137647247314453125e+01 4.662510299682617188e+01 -2.385391807556152344e+01
1.144766807556152344e+01 4.669374084472656250e+01 -2.428211593627929688e+01
1.152082157135009766e+01 4.673624420166015625e+01 -2.488780784606933594e+01
1.159636306762695312e+01 4.679474639892578125e+01 -2.529063034057617188e+01
1.170075225830078125e+01 4.684366226196289062e+01 -2.584479904174804688e+01
1.176496601104736328e+01 4.686104965209960938e+01 -2.621116447448730469e+01
1.186437225341796875e+01 4.691010284423828125e+01 -2.675374794006347656e+01
1.194134521484375000e+01 4.693444824218750000e+01 -2.723533439636230469e+01
1.200484275817871094e+01 4.693763351440429688e+01 -2.756705665588378906e+01
1.206957435607910156e+01 4.695688629150390625e+01 -2.803871917724609375e+01
1.212002086639404297e+01 4.696751785278320312e+01 -2.831247138977050781e+01
1.219474029541015625e+01 4.696036529541015625e+01 -2.876129913330078125e+01
1.222872829437255859e+01 4.696980285644531250e+01 -2.902734756469726562e+01
1.231196975708007812e+01 4.697188186645507812e+01 -2.941493415832519531e+01
1.236153984069824219e+01 4.697990798950195312e+01 -2.978891181945800781e+01
1.240075969696044922e+01 4.696681594848632812e+01 -3.003557586669921875e+01
1.245401287078857422e+01 4.697455215454101562e+01 -3.034870719909667969e+01
1.248630714416503906e+01 4.696963500976562500e+01 -3.057676887512207031e+01
1.255862522125244141e+01 4.696671676635742188e+01 -3.089192771911621094e+01
1.256335926055908203e+01 4.695984649658203125e+01 -3.109956169128417969e+01
1.263236045837402344e+01 4.697219085693359375e+01 -3.137156486511230469e+01
1.264436149597167969e+01 4.697699356079101562e+01 -3.155652236938476562e+01
1.271880245208740234e+01 4.697505950927734375e+01 -3.181823348999023438e+01
1.276958560943603516e+01 4.700785827636718750e+01 -3.209155273437500000e+01
1.281149291992187500e+01 4.703254699707031250e+01 -3.226047134399414062e+01
1.285381698608398438e+01 4.702601623535156250e+01 -3.248388671875000000e+01
1.288916110992431641e+01 4.706166839599609375e+01 -3.264752578735351562e+01
1.293750476837158203e+01 4.704584121704101562e+01 -3.287199020385742188e+01
1.299220085144042969e+01 4.708235549926757812e+01 -3.302836990356445312e+01
1.302070903778076172e+01 4.711671066284179688e+01 -3.324114608764648438e+01
1.302947139739990234e+01 4.713610839843750000e+01 -3.337811279296875000e+01
1.307604503631591797e+01 4.713152313232421875e+01 -3.359991073608398438e+01
1.310445308685302734e+01 4.714428710937500000e+01 -3.379718017578125000e+01
1.311457538604736328e+01 4.715966415405273438e+01 -3.393330764770507812e+01
1.317044448852539062e+01 4.716748046875000000e+01 -3.413997268676757812e+01
1.318813419342041016e+01 4.717650985717773438e+01 -3.426186752319335938e+01
1.323120021820068359e+01 4.717778015136718750e+01 -3.445433044433593750e+01
1.325001907348632812e+01 4.716850662231445312e+01 -3.457698822021484375e+01
1.329635047912597656e+01 4.717169952392578125e+01 -3.476872634887695312e+01
1.336076736450195312e+01 4.718941116333007812e+01 -3.494648742675781250e+01
1.335488128662109375e+01 4.718450546264648438e+01 -3.507570266723632812e+01
1.338420963287353516e+01 4.718849945068359375e+01 -3.523418045043945312e+01
1.340280818939208984e+01 4.716098785400390625e+01 -3.533558273315429688e+01
1.345300865173339844e+01 4.713888931274414062e+01 -3.551274871826171875e+01
1.349815654754638672e+01 4.712729644775390625e+01 -3.562783432006835938e+01
1.351661872863769531e+01 4.711160659790039062e+01 -3.577148818969726562e+01
1.357072734832763672e+01 4.708633804321289062e+01 -3.589684295654296875e+01
1.358101272583007812e+01 4.709043502807617188e+01 -3.605051422119140625e+01
1.359792137145996094e+01 4.706674957275390625e+01 -3.616310882568359375e+01
1.360811996459960938e+01 4.706267547607421875e+01 -3.626304626464843750e+01
1.364463710784912109e+01 4.700046539306640625e+01 -3.638132476806640625e+01
1.367962074279785156e+01 4.696954345703125000e+01 -3.646146774291992188e+01
1.368572616577148438e+01 4.694868087768554688e+01 -3.658190155029296875e+01
1.370560359954833984e+01 4.692421722412109375e+01 -3.666494750976562500e+01
1.372447109222412109e+01 4.688236236572265625e+01 -3.676976394653320312e+01
1.372959613800048828e+01 4.686515045166015625e+01 -3.684187316894531250e+01
1.375816822052001953e+01 4.680296325683593750e+01 -3.694049072265625000e+01
1.379639911651611328e+01 4.677403259277343750e+01 -3.701658630371093750e+01
1.378597736358642578e+01 4.674412536621093750e+01 -3.707556152343750000e+01
1.381742286682128906e+01 4.669073104858398438e+01 -3.713544082641601562e+01
1.382040691375732422e+01 4.665398025512695312e+01 -3.717942428588867188e+01
1.384752941131591797e+01 4.661520767211914062e+01 -3.723568344116210938e+01
1.387085342407226562e+01 4.658960723876953125e+01 -3.726447296142578125e+01
1.388295269012451172e+01 4.655611038208007812e+01 -3.729270172119140625e+01
1.390804386138916016e+01 4.653149032592773438e+01 -3.734172821044921875e+01
1.391656017303466797e+01 4.650532531738281250e+01 -3.734138870239257812e+01
1.393202114105224609e+01 4.646965789794921875e+01 -3.735786056518554688e+01
1.393736457824707031e+01 4.646923446655273438e+01 -3.737437057495117188e+01
1.394956684112548828e+01 4.644360733032226562e+01 -3.733974838256835938e+01
1.395819473266601562e+01 4.643142700195312500e+01 -3.733866882324218750e+01
1.394505119323730469e+01 4.641093063354492188e+01 -3.726694869995117188e+01
1.395599937438964844e+01 4.640687179565429688e+01 -3.725466156005859375e+01
1.396685695648193359e+01 4.640385437011718750e+01 -3.717954254150390625e+01
1.398058032989501953e+01 4.643933868408203125e+01 -3.707792282104492188e+01
1.396925640106201172e+01 4.644394302368164062e+01 -3.700598144531250000e+01
1.399047851562500000e+01 4.653952026367187500e+01 -3.688750457763671875e+01
1.401562786102294922e+01 4.660783386230468750e+01 -3.676854705810546875e+01
1.401297760009765625e+01 4.672104263305664062e+01 -3.661264419555664062e+01
1.399850273132324219e+01 4.684735870361328125e+01 -3.648192214965820312e+01
1.403930759429931641e+01 4.708544540405273438e+01 -3.627971267700195312e+01
1.405653190612792969e+01 4.729798889160156250e+01 -3.615133285522460938e+01
1.408120059967041016e+01 4.768180847167968750e+01 -3.598836135864257812e+01
1.412742328643798828e+01 4.809228134155273438e+01 -3.584550857543945312e+01
1.415530490875244141e+01 4.842117691040039062e+01 -3.582532119750976562e+01
1.423475551605224609e+01 4.891830062866210938e+01 -3.577471923828125000e+01
1.427242279052734375e+01 4.925696563720703125e+01 -3.579076766967773438e+01
1.436435413360595703e+01 4.973270797729492188e+01 -3.583255004882812500e+01
1.441992282867431641e+01 5.005823898315429688e+01 -3.589177322387695312e+01
1.451367664337158203e+01 5.049151229858398438e+01 -3.601592254638671875e+01
1.460331153869628906e+01 5.092138671875000000e+01 -3.616537857055664062e+01
1.464987182617187500e+01 5.119357299804687500e+01 -3.629262161254882812e+01
1.471745395660400391e+01 5.154678726196289062e+01 -3.649394607543945312e+01
1.478437805175781250e+01 5.176905441284179688e+01 -3.663838195800781250e+01
1.486662960052490234e+01 5.207527160644531250e+01 -3.687255096435546875e+01
1.493489742279052734e+01 5.226266860961914062e+01 -3.702612304687500000e+01
1.500558471679687500e+01 5.253911972045898438e+01 -3.727891921997070312e+01
1.504390811920166016e+01 5.270018768310546875e+01 -3.744969940185546875e+01
1.509955978393554688e+01 5.292896270751953125e+01 -3.772602844238281250e+01
1.519414138793945312e+01 5.312657165527343750e+01 -3.800349044799804688e+01
1.522491550445556641e+01 5.323377990722656250e+01 -3.820125198364257812e+01
1.528751182556152344e+01 5.339957809448242188e+01 -3.850211715698242188e+01
1.533945274353027344e+01 5.349342346191406250e+01 -3.869504165649414062e+01
1.542149829864501953e+01 5.362276077270507812e+01 -3.901974868774414062e+01
1.546208381652832031e+01 5.371005249023437500e+01 -3.922257232666015625e+01
1.550768566131591797e+01 5.381225585937500000e+01 -3.952953720092773438e+01
1.557016563415527344e+01 5.386812591552734375e+01 -3.974239349365234375e+01
1.561540317535400391e+01 5.393162536621093750e+01 -4.005580520629882812e+01
1.566641139984130859e+01 5.400051498413085938e+01 -4.036379623413085938e+01
1.573403453826904297e+01 5.402615737915039062e+01 -4.055853652954101562e+01
1.581083965301513672e+01 5.408586120605468750e+01 -4.087699127197265625e+01
1.586843395233154297e+01 5.410980224609375000e+01 -4.106174850463867188e+01
1.591585540771484375e+01 5.415451812744140625e+01 -4.137720870971679688e+01
1.593606472015380859e+01 5.416224288940429688e+01 -4.157331085205078125e+01
1.594860839843750000e+01 5.414201736450195312e+01 -4.186067199707031250e+01
1.599906063079833984e+01 5.410645294189453125e+01 -4.213949203491210938e+01
1.605974197387695312e+01 5.409431838989257812e+01 -4.231597900390625000e+01
1.613511848449707031e+01 5.406848907470703125e+01 -4.257536315917968750e+01
1.616817474365234375e+01 5.408389663696289062e+01 -4.275703430175781250e+01
1.620496940612792969e+01 5.405473327636718750e+01 -4.301903915405273438e+01
1.624090576171875000e+01 5.403300094604492188e+01 -4.318881607055664062e+01
1.627131462097167969e+01 5.399779129028320312e+01 -4.344380569458007812e+01
1.629584693908691406e+01 5.396046066284179688e+01 -4.360568618774414062e+01
1.634317970275878906e+01 5.391286087036132812e+01 -4.386080551147460938e+01
1.640054321289062500e+01 5.390298461914062500e+01 -4.411835098266601562e+01
1.644006347656250000e+01 5.387346649169921875e+01 -4.427413558959960938e+01
1.649274444580078125e+01 5.384792709350585938e+01 -4.450627517700195312e+01
1.653018951416015625e+01 5.383692550659179688e+01 -4.467293548583984375e+01
1.655929946899414062e+01 5.382715988159179688e+01 -4.491313934326171875e+01
1.657329368591308594e+01 5.380915451049804688e+01 -4.506059646606445312e+01
1.659416580200195312e+01 5.379288864135742188e+01 -4.529456329345703125e+01
1.664140510559082031e+01 5.375077819824218750e+01 -4.544357299804687500e+01
1.668610954284667969e+01 5.370758438110351562e+01 -4.567150115966796875e+01
1.674611473083496094e+01 5.369467163085937500e+01 -4.589404678344726562e+01
1.678847694396972656e+01 5.367752075195312500e+01 -4.602769470214843750e+01
1.685327720642089844e+01 5.369748306274414062e+01 -4.622494125366210938e+01
1.685437011718750000e+01 5.369882965087890625e+01 -4.638084030151367188e+01
1.689434432983398438e+01 5.370154190063476562e+01 -4.660070800781250000e+01
1.690875244140625000e+01 5.369033432006835938e+01 -4.674647140502929688e+01
1.695175170898437500e+01 5.366646194458007812e+01 -4.697278213500976562e+01
1.698410224914550781e+01 5.366160583496093750e+01 -4.719043731689453125e+01
1.702610588073730469e+01 5.364909362792968750e+01 -4.734666824340820312e+01
1.708192443847656250e+01 5.362379455566406250e+01 -4.755097579956054688e+01
1.710167503356933594e+01 5.361089706420898438e+01 -4.771559524536132812e+01
1.711353111267089844e+01 5.354961776733398438e+01 -4.792794036865234375e+01
1.711432075500488281e+01 5.351022720336914062e+01 -4.804927444458007812e+01
1.713202857971191406e+01 5.340179824829101562e+01 -4.821254730224609375e+01
1.714774513244628906e+01 5.332918548583984375e+01 -4.828906250000000000e+01
1.719706535339355469e+01 5.324059295654296875e+01 -4.841793823242187500e+01
1.724419975280761719e+01 5.321950531005859375e+01 -4.851471328735351562e+01
1.726181793212890625e+01 5.322160720825195312e+01 -4.858264923095703125e+01
1.729114723205566406e+01 5.322861480712890625e+01 -4.870664596557617188e+01
1.728651809692382812e+01 5.324020004272460938e+01 -4.878587722778320312e+01
1.732080650329589844e+01 5.324954223632812500e+01 -4.890974426269531250e+01
1.734332275390625000e+01 5.329086685180664062e+01 -4.901614379882812500e+01
1.739475440979003906e+01 5.333196640014648438e+01 -4.917542648315429688e+01
1.742159080505371094e+01 5.337345886230468750e+01 -4.930356979370117188e+01
1.748103332519531250e+01 5.344525909423828125e+01 -4.948022842407226562e+01
1.754041481018066406e+01 5.355275726318359375e+01 -4.967361450195312500e+01
1.756612777709960938e+01 5.361786651611328125e+01 -4.980487823486328125e+01
1.761570549011230469e+01 5.371827316284179688e+01 -5.001338577270507812e+01
1.763346290588378906e+01 5.376725006103515625e+01 -5.017160415649414062e+01
1.769634437561035156e+01 5.386608505249023438e+01 -5.040876770019531250e+01
1.773719787597656250e+01 5.391071319580078125e+01 -5.057377243041992188e+01
1.785288810729980469e+01 5.400045013427734375e+01 -5.083101654052734375e+01
1.793507575988769531e+01 5.413439178466796875e+01 -5.108850479125976562e+01
1.795791053771972656e+01 5.422583389282226562e+01 -5.126267623901367188e+01
1.800511550903320312e+01 5.434510040283203125e+01 -5.154395675659179688e+01
1.802257919311523438e+01 5.440647888183593750e+01 -5.173185729980468750e+01
1.808418846130371094e+01 5.445595550537109375e+01 -5.202037429809570312e+01
1.811957931518554688e+01 5.452057647705078125e+01 -5.219772338867187500e+01
1.820830154418945312e+01 5.459311676025390625e+01 -5.248166656494140625e+01
1.824523925781250000e+01 5.465700912475585938e+01 -5.266941833496093750e+01
1.832929992675781250e+01 5.474810028076171875e+01 -5.295409393310546875e+01
1.836904525756835938e+01 5.483874511718750000e+01 -5.325274276733398438e+01
1.840859413146972656e+01 5.489505767822265625e+01 -5.344504928588867188e+01
1.846186447143554688e+01 5.495558547973632812e+01 -5.373609161376953125e+01
1.850725555419921875e+01 5.500004577636718750e+01 -5.394004821777343750e+01
1.852834892272949219e+01 5.508058547973632812e+01 -5.423653411865234375e+01
1.856904411315917969e+01 5.510041046142578125e+01 -5.444513702392578125e+01
1.863131141662597656e+01 5.514165878295898438e+01 -5.475625228881835938e+01
1.867393875122070312e+01 5.517503738403320312e+01 -5.496474456787109375e+01
1.877785873413085938e+01 5.520590591430664062e+01 -5.527381515502929688e+01
1.886172103881835938e+01 5.527856063842773438e+01 -5.559317016601562500e+01
1.891187477111816406e+01 5.536376953125000000e+01 -5.579176330566406250e+01
1.896134185791015625e+01 5.543224334716796875e+01 -5.610923385620117188e+01
1.899587821960449219e+01 5.545929336547851562e+01 -5.631188201904296875e+01
1.901458930969238281e+01 5.552589035034179688e+01 -5.660615539550781250e+01
1.907255554199218750e+01 5.554853820800781250e+01 -5.681208038330078125e+01
1.912887001037597656e+01 5.560888671875000000e+01 -5.711737442016601562e+01
1.918346595764160156e+01 5.565383911132812500e+01 -5.740958786010742188e+01
1.920580482482910156e+01 5.569711303710937500e+01 -5.761562347412109375e+01
1.925371742248535156e+01 5.572936248779296875e+01 -5.789201354980468750e+01
1.930200386047363281e+01 5.575841140747070312e+01 -5.808003616333007812e+01
1.938241577148437500e+01 5.579147720336914062e+01 -5.837148284912109375e+01
1.941989898681640625e+01 5.583770370483398438e+01 -5.855228042602539062e+01
1.949422264099121094e+01 5.591305923461914062e+01 -5.883203887939453125e+01
1.953121948242187500e+01 5.595744705200195312e+01 -5.902388763427734375e+01
1.957027053833007812e+01 5.602299118041992188e+01 -5.930014419555664062e+01
1.962781524658203125e+01 5.607331085205078125e+01 -5.959406661987304688e+01
1.968327522277832031e+01 5.607115173339843750e+01 -5.977527999877929688e+01
1.976438140869140625e+01 5.611479568481445312e+01 -6.004613113403320312e+01
1.979917144775390625e+01 5.614600753784179688e+01 -6.022391128540039062e+01
1.986902809143066406e+01 5.620652770996093750e+01 -6.048204803466796875e+01
1.987204742431640625e+01 5.621343612670898438e+01 -6.066183853149414062e+01
1.988753318786621094e+01 5.624867248535156250e+01 -6.088924407958984375e+01
1.988335418701171875e+01 5.625178527832031250e+01 -6.104594421386718750e+01
1.994199752807617188e+01 5.625308990478515625e+01 -6.127253723144531250e+01
1.999851226806640625e+01 5.629412078857421875e+01 -6.149391555786132812e+01
2.004179382324218750e+01 5.631933593750000000e+01 -6.163596343994140625e+01
2.009536170959472656e+01 5.636545562744140625e+01 -6.184252929687500000e+01
2.011683082580566406e+01 5.641394424438476562e+01 -6.197286224365234375e+01
2.016885757446289062e+01 5.646197128295898438e+01 -6.217878723144531250e+01
2.020942687988281250e+01 5.649649429321289062e+01 -6.230954360961914062e+01
2.026022148132324219e+01 5.653705215454101562e+01 -6.250177383422851562e+01
2.028990745544433594e+01 5.658676528930664062e+01 -6.269493103027343750e+01
2.030652236938476562e+01 5.662678527832031250e+01 -6.281520843505859375e+01
2.035192108154296875e+01 5.666781997680664062e+01 -6.301926422119140625e+01
2.036817932128906250e+01 5.670109939575195312e+01 -6.314063644409179688e+01
2.041303443908691406e+01 5.670498657226562500e+01 -6.331880187988281250e+01
2.044317054748535156e+01 5.673542404174804688e+01 -6.344056320190429688e+01
2.052420616149902344e+01 5.678784561157226562e+01 -6.361092758178710938e+01
2.055795478820800781e+01 5.680457687377929688e+01 -6.373426818847656250e+01
2.060504722595214844e+01 5.686353302001953125e+01 -6.391767501831054688e+01
2.067358207702636719e+01 5.693457794189453125e+01 -6.410087585449218750e+01
2.069792938232421875e+01 5.698007965087890625e+01 -6.421691894531250000e+01
2.074561500549316406e+01 5.709708023071289062e+01 -6.440797424316406250e+01
2.076546859741210938e+01 5.714982986450195312e+01 -6.452523040771484375e+01
2.078543281555175781e+01 5.722850418090820312e+01 -6.470893096923828125e+01
2.078194618225097656e+01 5.728507232666015625e+01 -6.483766937255859375e+01
2.082272911071777344e+01 5.732992172241210938e+01 -6.503057861328125000e+01
2.085410499572753906e+01 5.734505462646484375e+01 -6.515939331054687500e+01
2.092850685119628906e+01 5.740488815307617188e+01 -6.536160278320312500e+01
2.099317932128906250e+01 5.746036529541015625e+01 -6.556420898437500000e+01
2.104959678649902344e+01 5.751708602905273438e+01 -6.569767761230468750e+01
2.111562728881835938e+01 5.761308670043945312e+01 -6.590296936035156250e+01
2.114085769653320312e+01 5.767270278930664062e+01 -6.603192138671875000e+01
2.118634414672851562e+01 5.776278305053710938e+01 -6.624901580810546875e+01
2.121062660217285156e+01 5.780330276489257812e+01 -6.638143157958984375e+01
2.125377082824707031e+01 5.786947631835937500e+01 -6.659763336181640625e+01
2.127753448486328125e+01 5.792785644531250000e+01 -6.681143951416015625e+01
2.129627609252929688e+01 5.795560073852539062e+01 -6.694339752197265625e+01
2.134247016906738281e+01 5.800262832641601562e+01 -6.718366241455078125e+01
2.137141227722167969e+01 5.800644683837890625e+01 -6.732708740234375000e+01
2.143393516540527344e+01 5.802817153930664062e+01 -6.755736541748046875e+01
2.147527122497558594e+01 5.806371307373046875e+01 -6.770960235595703125e+01
2.154805946350097656e+01 5.811268997192382812e+01 -6.793746185302734375e+01
2.158068656921386719e+01 5.812246322631835938e+01 -6.808458709716796875e+01
2.163066673278808594e+01 5.818542480468750000e+01 -6.831410217285156250e+01
2.168596649169921875e+01 5.822110748291015625e+01 -6.855149841308593750e+01
2.169830322265625000e+01 5.823996734619140625e+01 -6.871071624755859375e+01
2.175618934631347656e+01 5.829721069335937500e+01 -6.892727661132812500e+01
2.176112747192382812e+01 5.831763458251953125e+01 -6.908664703369140625e+01
2.180463027954101562e+01 5.832318496704101562e+01 -6.931536865234375000e+01
2.180486679077148438e+01 5.833487319946289062e+01 -6.946513366699218750e+01
2.185648918151855469e+01 5.833328628540039062e+01 -6.969516754150390625e+01
2.187890815734863281e+01 5.834812545776367188e+01 -6.986437988281250000e+01
2.191899108886718750e+01 5.834705734252929688e+01 -7.007690429687500000e+01
2.196957969665527344e+01 5.835043334960937500e+01 -7.031179809570312500e+01
2.201235008239746094e+01 5.834751129150390625e+01 -7.046287536621093750e+01
2.205672645568847656e+01 5.837150573730468750e+01 -7.068076324462890625e+01
2.210295295715332031e+01 5.838440704345703125e+01 -7.082561492919921875e+01
2.214328384399414062e+01 5.841123962402343750e+01 -7.104872131347656250e+01
2.219847488403320312e+01 5.841586685180664062e+01 -7.118106079101562500e+01
2.225811195373535156e+01 5.844087219238281250e+01 -7.140298461914062500e+01
2.229172134399414062e+01 5.848104095458984375e+01 -7.160514068603515625e+01
2.232322311401367188e+01 5.849330902099609375e+01 -7.175272369384765625e+01
2.236218452453613281e+01 5.854396438598632812e+01 -7.196624755859375000e+01
2.238214492797851562e+01 5.854622650146484375e+01 -7.210123443603515625e+01
2.242450904846191406e+01 5.856483840942382812e+01 -7.230512237548828125e+01
2.245443725585937500e+01 5.858104705810546875e+01 -7.244999694824218750e+01
2.247099876403808594e+01 5.861194610595703125e+01 -7.265333557128906250e+01
2.250663375854492188e+01 5.861662292480468750e+01 -7.277169799804687500e+01
2.255831146240234375e+01 5.864310836791992188e+01 -7.298778533935546875e+01
