1.917150974273681641e+00 3.536963462829589844e+00 -1.924288272857666016e+00 9.810702204704284668e-01 2.260186195373535156e+00 -9.947916865348815918e-01
1.941613078117370605e+00 3.600754022598266602e+00 -1.945040225982666016e+00 9.630174040794372559e-01 2.366585969924926758e+00 -7.941145896911621094e-01
1.958221316337585449e+00 3.640635728836059570e+00 -1.957462549209594727e+00 1.060919880867004395e+00 2.505043983459472656e+00 -7.660239934921264648e-01
1.976621389389038086e+00 3.709013700485229492e+00 -1.974137902259826660e+00 9.688507318496704102e-01 2.522834062576293945e+00 -6.740118265151977539e-01
1.999443531036376953e+00 3.755963563919067383e+00 -1.984055757522583008e+00 9.158706665039062500e-01 2.782624721527099609e+00 -5.491009354591369629e-01
2.023233413696289062e+00 3.830970287322998047e+00 -1.995290517807006836e+00 8.510100841522216797e-01 2.810993432998657227e+00 -4.158892333507537842e-01
2.035316467285156250e+00 3.876818656921386719e+00 -2.001264333724975586e+00 8.997115492820739746e-01 2.847858905792236328e+00 -3.137253522872924805e-01
2.062790155410766602e+00 3.958014488220214844e+00 -2.007975816726684570e+00 6.767944097518920898e-01 3.168956279754638672e+00 -2.411077916622161865e-01
2.077596187591552734e+00 4.014004230499267578e+00 -2.010653972625732422e+00 6.447416543960571289e-01 3.288212537765502930e+00 -1.445001214742660522e-01
2.094667196273803711e+00 4.086489200592041016e+00 -2.012869596481323242e+00 7.453458309173583984e-01 3.299822092056274414e+00 -3.298246115446090698e-02
2.118272066116333008e+00 4.174121856689453125e+00 -2.012682676315307617e+00 8.732294440269470215e-01 3.345970153808593750e+00 7.367325574159622192e-02
2.141792535781860352e+00 4.222814559936523438e+00 -2.011345148086547852e+00 1.180261254310607910e+00 3.681373834609985352e+00 6.628658622503280640e-02
2.172273635864257812e+00 4.318955898284912109e+00 -2.009462594985961914e+00 9.282186627388000488e-01 4.058320045471191406e+00 1.568929553031921387e-01
2.187634944915771484e+00 4.381525516510009766e+00 -2.006933450698852539e+00 9.437731504440307617e-01 4.123066902160644531e+00 1.584687680006027222e-01
2.219756841659545898e+00 4.488165378570556641e+00 -2.002649307250976562e+00 8.102960586547851562e-01 4.670970916748046875e+00 2.140041440725326538e-01
2.237367868423461914e+00 4.558513641357421875e+00 -1.998497962951660156e+00 8.147212862968444824e-01 4.844914436340332031e+00 3.194923996925354004e-01
2.260133981704711914e+00 4.669035434722900391e+00 -1.989204168319702148e+00 9.280658960342407227e-01 4.985989093780517578e+00 4.671627879142761230e-01
2.283735513687133789e+00 4.786770343780517578e+00 -1.976714491844177246e+00 9.284554719924926758e-01 5.242310523986816406e+00 6.011438369750976562e-01
2.298220634460449219e+00 4.868661880493164062e+00 -1.966422677040100098e+00 9.590997695922851562e-01 5.357955455780029297e+00 6.836849451065063477e-01
2.328335762023925781e+00 4.995062351226806641e+00 -1.949712276458740234e+00 1.025682926177978516e+00 5.651754379272460938e+00 7.424759864807128906e-01
2.348573684692382812e+00 5.081201076507568359e+00 -1.937673211097717285e+00 1.014989852905273438e+00 5.787065029144287109e+00 7.861897349357604980e-01
2.378257274627685547e+00 5.216134548187255859e+00 -1.918352365493774414e+00 1.090236425399780273e+00 5.943920612335205078e+00 8.737424015998840332e-01
2.396395444869995117e+00 5.306261539459228516e+00 -1.904667973518371582e+00 1.173403620719909668e+00 6.105268001556396484e+00 8.730199933052062988e-01
2.423431396484375000e+00 5.446025848388671875e+00 -1.882968425750732422e+00 1.078924179077148438e+00 6.398879051208496094e+00 9.471842050552368164e-01
2.444383621215820312e+00 5.545089244842529297e+00 -1.867431879043579102e+00 1.175799131393432617e+00 6.559244632720947266e+00 1.045295357704162598e+00
2.476983308792114258e+00 5.696434974670410156e+00 -1.841408014297485352e+00 1.137919902801513672e+00 6.926769256591796875e+00 1.152358651161193848e+00
2.506922245025634766e+00 5.854125499725341797e+00 -1.812260866165161133e+00 1.210236668586730957e+00 7.052369594573974609e+00 1.280807495117187500e+00
2.521160602569580078e+00 5.961048126220703125e+00 -1.792792677879333496e+00 1.389724493026733398e+00 7.155075073242187500e+00 1.211429476737976074e+00
2.557997703552246094e+00 6.130711555480957031e+00 -1.764500260353088379e+00 1.378435492515563965e+00 7.588662147521972656e+00 1.239824771881103516e+00
2.582818269729614258e+00 6.245133399963378906e+00 -1.745126128196716309e+00 1.428904891014099121e+00 7.844543933868408203e+00 1.258700847625732422e+00
2.611823320388793945e+00 6.425492286682128906e+00 -1.713679194450378418e+00 1.317512631416320801e+00 7.970039844512939453e+00 1.415074825286865234e+00
2.632773637771606445e+00 6.544099807739257812e+00 -1.691302537918090820e+00 1.379253268241882324e+00 8.052041053771972656e+00 1.427358269691467285e+00
2.667172193527221680e+00 6.723603725433349609e+00 -1.656128883361816406e+00 1.628743290901184082e+00 8.377547264099121094e+00 1.590715408325195312e+00
2.683445215225219727e+00 6.853644847869873047e+00 -1.630579829216003418e+00 1.479786753654479980e+00 8.481698989868164062e+00 1.662402153015136719e+00
2.711413621902465820e+00 7.049974918365478516e+00 -1.590438246726989746e+00 1.594666600227355957e+00 8.674798965454101562e+00 1.729539155960083008e+00
2.749909400939941406e+00 7.257771968841552734e+00 -1.548352003097534180e+00 1.505274057388305664e+00 9.037202835083007812e+00 1.849365711212158203e+00
2.764117479324340820e+00 7.395688533782958984e+00 -1.518876075744628906e+00 1.615888237953186035e+00 9.015298843383789062e+00 1.928714394569396973e+00
2.799912214279174805e+00 7.600230693817138672e+00 -1.472729682922363281e+00 1.876345753669738770e+00 9.254707336425781250e+00 1.968196511268615723e+00
2.827153682708740234e+00 7.744117736816406250e+00 -1.441744685173034668e+00 1.905849695205688477e+00 9.502113342285156250e+00 2.007989406585693359e+00
2.861042261123657227e+00 7.970780372619628906e+00 -1.394086718559265137e+00 1.830407738685607910e+00 9.847123146057128906e+00 2.027259349822998047e+00
2.881720542907714844e+00 8.121577262878417969e+00 -1.361714720726013184e+00 1.896317243576049805e+00 9.872226715087890625e+00 2.074323654174804688e+00
2.918487548828125000e+00 8.361433029174804688e+00 -1.313410401344299316e+00 1.871844053268432617e+00 1.011972427368164062e+01 2.032945394515991211e+00
2.951648950576782227e+00 8.603084564208984375e+00 -1.265523910522460938e+00 1.957700729370117188e+00 1.043824863433837891e+01 2.082426548004150391e+00
2.981372356414794922e+00 8.778543472290039062e+00 -1.232398271560668945e+00 1.883822917938232422e+00 1.071271896362304688e+01 2.169484615325927734e+00
3.023682832717895508e+00 9.034619331359863281e+00 -1.179520606994628906e+00 1.941779255867004395e+00 1.112685871124267578e+01 2.318771362304687500e+00
3.050048828125000000e+00 9.216905593872070312e+00 -1.142938017845153809e+00 1.744956612586975098e+00 1.126984500885009766e+01 2.299884557723999023e+00
3.093008279800415039e+00 9.486855506896972656e+00 -1.090562939643859863e+00 1.760751247406005859e+00 1.167607498168945312e+01 2.199085235595703125e+00
3.121781110763549805e+00 9.673668861389160156e+00 -1.055742979049682617e+00 1.745961070060729980e+00 1.188140869140625000e+01 2.234691858291625977e+00
3.160433769226074219e+00 9.961712837219238281e+00 -1.003095030784606934e+00 1.637037992477416992e+00 1.212400341033935547e+01 2.254854202270507812e+00
3.180868864059448242e+00 1.015294170379638672e+01 -9.675515890121459961e-01 1.690582633018493652e+00 1.226799297332763672e+01 2.261292695999145508e+00
3.223277091979980469e+00 1.045121765136718750e+01 -9.136125445365905762e-01 1.751595258712768555e+00 1.264303874969482422e+01 2.398452997207641602e+00
3.270647287368774414e+00 1.075247669219970703e+01 -8.564459681510925293e-01 1.931952953338623047e+00 1.322148036956787109e+01 2.413275957107543945e+00
3.300464630126953125e+00 1.096238422393798828e+01 -8.188689351081848145e-01 1.922777175903320312e+00 1.348123645782470703e+01 2.354601383209228516e+00
3.345241069793701172e+00 1.129096794128417969e+01 -7.648969292640686035e-01 1.779278635978698730e+00 1.392853736877441406e+01 2.263847112655639648e+00
3.377450466156005859e+00 1.151233291625976562e+01 -7.299885749816894531e-01 1.891424298286437988e+00 1.430018806457519531e+01 2.221436262130737305e+00
3.421039581298828125e+00 1.185328292846679688e+01 -6.780396103858947754e-01 2.016065359115600586e+00 1.466106796264648438e+01 2.225190877914428711e+00
3.461298942565917969e+00 1.209026336669921875e+01 -6.431571841239929199e-01 1.852176904678344727e+00 1.509587287902832031e+01 2.246315956115722656e+00
3.505716085433959961e+00 1.244815540313720703e+01 -5.898001194000244141e-01 1.950461149215698242e+00 1.530712223052978516e+01 2.263803720474243164e+00
3.541657924652099609e+00 1.269002151489257812e+01 -5.547634363174438477e-01 2.138438463211059570e+00 1.563387203216552734e+01 2.218130826950073242e+00
3.597665309906005859e+00 1.305351734161376953e+01 -5.045324563980102539e-01 2.318415164947509766e+00 1.611126899719238281e+01 2.012222528457641602e+00
3.652760028839111328e+00 1.343317222595214844e+01 -4.586855173110961914e-01 2.321019411087036133e+00 1.648461723327636719e+01 1.910145044326782227e+00
3.686316490173339844e+00 1.369476318359375000e+01 -4.281536340713500977e-01 2.264957904815673828e+00 1.655261230468750000e+01 1.984022378921508789e+00
3.744812726974487305e+00 1.409375953674316406e+01 -3.813584148883819580e-01 2.221381902694702148e+00 1.710134696960449219e+01 1.926009178161621094e+00
3.785747051239013672e+00 1.435167026519775391e+01 -3.517098426818847656e-01 2.556051731109619141e+00 1.752658843994140625e+01 1.837705850601196289e+00
3.848473072052001953e+00 1.476675128936767578e+01 -3.076668679714202881e-01 2.475569725036621094e+00 1.796232795715332031e+01 1.939761638641357422e+00
3.883538246154785156e+00 1.504673862457275391e+01 -2.776674628257751465e-01 2.563803195953369141e+00 1.815244483947753906e+01 1.882799267768859863e+00
3.943985462188720703e+00 1.547648811340332031e+01 -2.324449419975280762e-01 2.531923532485961914e+00 1.867735099792480469e+01 1.932607889175415039e+00
4.010358810424804688e+00 1.591959953308105469e+01 -1.877851337194442749e-01 2.646754264831542969e+00 1.931250762939453125e+01 1.842321634292602539e+00
4.043100833892822266e+00 1.621948242187500000e+01 -1.590102463960647583e-01 2.743640184402465820e+00 1.953635215759277344e+01 1.825405120849609375e+00
4.113327980041503906e+00 1.667649269104003906e+01 -1.188483089208602905e-01 2.769692420959472656e+00 2.027773094177246094e+01 1.565686464309692383e+00
4.151528835296630859e+00 1.699534225463867188e+01 -9.585323929786682129e-02 2.644584655761718750e+00 2.050313949584960938e+01 1.387795567512512207e+00
4.208508014678955078e+00 1.747539710998535156e+01 -6.545025110244750977e-02 2.920087814331054688e+00 2.089716720581054688e+01 1.196075797080993652e+00
4.252171516418457031e+00 1.781234931945800781e+01 -4.658534750342369080e-02 2.825992584228515625e+00 2.127556037902832031e+01 1.189811468124389648e+00
4.320744514465332031e+00 1.831365776062011719e+01 -2.077460847795009613e-02 3.059796094894409180e+00 2.183485794067382812e+01 9.664297699928283691e-01
4.368104457855224609e+00 1.866106796264648438e+01 -5.923332646489143372e-03 3.102012157440185547e+00 2.224485969543457031e+01 8.939184546470642090e-01
4.443267822265625000e+00 1.918909263610839844e+01 1.282236445695161819e-02 3.208315849304199219e+00 2.294631195068359375e+01 6.941511034965515137e-01
4.520171165466308594e+00 1.973469352722167969e+01 2.824546955525875092e-02 3.325770139694213867e+00 2.365610885620117188e+01 5.839097499847412109e-01
4.573785305023193359e+00 2.010275840759277344e+01 3.614669293165206909e-02 3.533208370208740234e+00 2.407629585266113281e+01 4.090519547462463379e-01
4.648813247680664062e+00 2.067667388916015625e+01 4.212611541152000427e-02 3.462545633316040039e+00 2.450063323974609375e+01 6.758991628885269165e-02
4.702303409576416016e+00 2.106414604187011719e+01 4.210894182324409485e-02 3.624659538269042969e+00 2.492397689819335938e+01 -5.896560475230216980e-02
4.790880680084228516e+00 2.165968704223632812e+01 3.701021149754524231e-02 3.786269664764404297e+00 2.576947593688964844e+01 -3.891261219978332520e-01
4.851697444915771484e+00 2.206278610229492188e+01 3.009322099387645721e-02 3.922620773315429688e+00 2.630242156982421875e+01 -5.292332768440246582e-01
4.940608024597167969e+00 2.269056510925292969e+01 1.516421418637037277e-02 4.015716552734375000e+00 2.704364776611328125e+01 -7.845023274421691895e-01
5.002152442932128906e+00 2.312308311462402344e+01 6.320106913335621357e-04 3.976769924163818359e+00 2.750872421264648438e+01 -1.094900369644165039e+00
5.110577106475830078e+00 2.377654266357421875e+01 -3.222725167870521545e-02 4.275847434997558594e+00 2.863872146606445312e+01 -1.705852270126342773e+00
5.205832481384277344e+00 2.445950508117675781e+01 -7.836808264255523682e-02 4.177929401397705078e+00 2.941359138488769531e+01 -2.284022331237792969e+00
5.272475242614746094e+00 2.492644119262695312e+01 -1.172873675823211670e-01 4.158957958221435547e+00 3.001905250549316406e+01 -2.682434320449829102e+00
5.371926784515380859e+00 2.563595771789550781e+01 -1.867181062698364258e-01 4.257894039154052734e+00 3.083183288574218750e+01 -3.300962924957275391e+00
5.440993309020996094e+00 2.612060165405273438e+01 -2.418361902236938477e-01 4.407961845397949219e+00 3.148949813842773438e+01 -3.771257162094116211e+00
5.549316406250000000e+00 2.686609840393066406e+01 -3.389962017536163330e-01 4.879068851470947266e+00 3.242989349365234375e+01 -4.541273117065429688e+00
5.627562046051025391e+00 2.738055801391601562e+01 -4.147599339485168457e-01 5.110155582427978516e+00 3.312614822387695312e+01 -5.160951614379882812e+00
5.755822658538818359e+00 2.816328048706054688e+01 -5.479885339736938477e-01 5.575541496276855469e+00 3.427271270751953125e+01 -6.261835098266601562e+00
5.890517234802246094e+00 2.897837066650390625e+01 -7.086576819419860840e-01 5.913819789886474609e+00 3.536790847778320312e+01 -7.459099292755126953e+00
5.977215290069580078e+00 2.952872657775878906e+01 -8.322432637214660645e-01 6.130929470062255859e+00 3.592462539672851562e+01 -8.378209114074707031e+00
6.129148483276367188e+00 3.038775825500488281e+01 -1.045575022697448730e+00 6.276944160461425781e+00 3.707448196411132812e+01 -9.912006378173828125e+00
6.226480007171630859e+00 3.096411132812500000e+01 -1.208344101905822754e+00 6.688833713531494141e+00 3.780221557617187500e+01 -1.093079280853271484e+01
6.385462760925292969e+00 3.186194610595703125e+01 -1.485399961471557617e+00 6.920243740081787109e+00 3.902901840209960938e+01 -1.282095718383789062e+01
6.492232799530029297e+00 3.247819519042968750e+01 -1.695942759513854980e+00 7.082880496978759766e+00 3.972767639160156250e+01 -1.418307971954345703e+01
6.659015655517578125e+00 3.341541671752929688e+01 -2.056005001068115234e+00 7.246534347534179688e+00 4.052951049804687500e+01 -1.661153221130371094e+01
6.776310920715332031e+00 3.405117797851562500e+01 -2.329531669616699219e+00 7.551175117492675781e+00 4.090927886962890625e+01 -1.842944908142089844e+01
6.960252761840820312e+00 3.501294326782226562e+01 -2.796379089355468750e+00 8.227338790893554688e+00 4.140702438354492188e+01 -2.151173591613769531e+01
7.152772903442382812e+00 3.598790359497070312e+01 -3.341213941574096680e+00 8.439223289489746094e+00 4.154425048828125000e+01 -2.497102546691894531e+01
7.282367706298828125e+00 3.663224029541015625e+01 -3.748542785644531250e+00 8.729397773742675781e+00 4.122845458984375000e+01 -2.717845916748046875e+01
7.498100757598876953e+00 3.758649444580078125e+01 -4.426578998565673828e+00 9.230196952819824219e+00 4.043742370605468750e+01 -3.078000450134277344e+01
7.645288467407226562e+00 3.821052169799804688e+01 -4.926257610321044922e+00 9.487924575805664062e+00 3.956911087036132812e+01 -3.321637344360351562e+01
7.867024898529052734e+00 3.911756134033203125e+01 -5.746679306030273438e+00 1.003029727935791016e+01 3.782941818237304688e+01 -3.675986480712890625e+01
8.029776573181152344e+00 3.969462966918945312e+01 -6.337362766265869141e+00 1.027067375183105469e+01 3.662782287597656250e+01 -3.887170028686523438e+01
8.262578010559082031e+00 4.052629470825195312e+01 -7.280597686767578125e+00 1.004699230194091797e+01 3.410916137695312500e+01 -4.153786468505859375e+01
8.419164657592773438e+00 4.104731750488281250e+01 -7.940683364868164062e+00 9.959188461303710938e+00 3.225107192993164062e+01 -4.300177383422851562e+01
8.655528068542480469e+00 4.176398086547851562e+01 -8.970363616943359375e+00 1.000460529327392578e+01 2.959320831298828125e+01 -4.477828979492187500e+01
8.877075195312500000e+00 4.242969512939453125e+01 -1.003180885314941406e+01 9.546174049377441406e+00 2.649686241149902344e+01 -4.576815795898437500e+01
9.032106399536132812e+00 4.282368469238281250e+01 -1.074881744384765625e+01 9.572937011718750000e+00 2.466129875183105469e+01 -4.598606109619140625e+01
9.251076698303222656e+00 4.336641311645507812e+01 -1.182807350158691406e+01 9.416615486145019531e+00 2.178597259521484375e+01 -4.608488464355468750e+01
9.394149780273437500e+00 4.368825912475585938e+01 -1.254574775695800781e+01 9.207670211791992188e+00 2.008222579956054688e+01 -4.573974990844726562e+01
9.600673675537109375e+00 4.413397216796875000e+01 -1.361072635650634766e+01 8.607676506042480469e+00 1.771071434020996094e+01 -4.505157470703125000e+01
9.734200477600097656e+00 4.439438629150390625e+01 -1.430923652648925781e+01 8.460547447204589844e+00 1.622554397583007812e+01 -4.436412048339843750e+01
9.922748565673828125e+00 4.474834823608398438e+01 -1.533381557464599609e+01 8.092969894409179688e+00 1.407840156555175781e+01 -4.306827545166015625e+01
1.010256767272949219e+01 4.505906677246093750e+01 -1.632824707031250000e+01 7.702342510223388672e+00 1.234846496582031250e+01 -4.168964767456054688e+01
1.021944141387939453e+01 4.524676895141601562e+01 -1.697230339050292969e+01 7.341669559478759766e+00 1.134443378448486328e+01 -4.072075653076171875e+01
1.037924098968505859e+01 4.549921798706054688e+01 -1.790611267089843750e+01 6.882255077362060547e+00 9.847574234008789062e+00 -3.897341918945312500e+01
1.047998046875000000e+01 4.565081787109375000e+01 -1.850770187377929688e+01 6.579061031341552734e+00 8.881053924560546875e+00 -3.799005508422851562e+01
1.063465023040771484e+01 4.585858917236328125e+01 -1.937805747985839844e+01 6.003929615020751953e+00 7.857717037200927734e+00 -3.631269454956054688e+01
1.072827434539794922e+01 4.597698974609375000e+01 -1.993730735778808594e+01 5.765824317932128906e+00 7.186803340911865234e+00 -3.525428009033203125e+01
1.085852432250976562e+01 4.614085769653320312e+01 -2.074537086486816406e+01 5.238077163696289062e+00 6.120850563049316406e+00 -3.370592880249023438e+01
1.093415069580078125e+01 4.623188781738281250e+01 -2.126384544372558594e+01 5.169173717498779297e+00 5.439005374908447266e+00 -3.268046951293945312e+01
1.105292320251464844e+01 4.636078262329101562e+01 -2.201360702514648438e+01 4.782073974609375000e+00 4.641007900238037109e+00 -3.122887039184570312e+01
1.117507362365722656e+01 4.647501754760742188e+01 -2.272755050659179688e+01 4.587264060974121094e+00 4.253197669982910156e+00 -2.972120285034179688e+01
1.124714756011962891e+01 4.654025268554687500e+01 -2.318469238281250000e+01 4.419203281402587891e+00 3.889672756195068359e+00 -2.880228233337402344e+01
1.136104011535644531e+01 4.662771224975585938e+01 -2.384512138366699219e+01 4.340764999389648438e+00 3.400330781936645508e+00 -2.758557319641113281e+01
1.143222618103027344e+01 4.668447875976562500e+01 -2.426963806152343750e+01 4.138833045959472656e+00 3.070632934570312500e+00 -2.675898170471191406e+01
1.152906036376953125e+01 4.674350738525390625e+01 -2.488345146179199219e+01 4.329412937164306641e+00 2.559968233108520508e+00 -2.560903358459472656e+01
1.160127067565917969e+01 4.679218292236328125e+01 -2.527785301208496094e+01 3.855432748794555664e+00 2.489263772964477539e+00 -2.489047241210937500e+01
1.169902801513671875e+01 4.684845352172851562e+01 -2.584850311279296875e+01 3.584213256835937500e+00 2.182565689086914062e+00 -2.383648300170898438e+01
1.175894832611083984e+01 4.687572860717773438e+01 -2.621568679809570312e+01 3.583057165145874023e+00 1.832160115242004395e+00 -2.318538284301757812e+01
1.184999465942382812e+01 4.691262435913085938e+01 -2.674645614624023438e+01 3.487654685974121094e+00 1.421431303024291992e+00 -2.205057144165039062e+01
1.193611431121826172e+01 4.693636322021484375e+01 -2.725045013427734375e+01 3.447174549102783203e+00 1.124897480010986328e+00 -2.101174354553222656e+01
1.199508285522460938e+01 4.694716262817382812e+01 -2.757226562500000000e+01 3.364301443099975586e+00 1.100096583366394043e+00 -2.022202301025390625e+01
1.207059955596923828e+01 4.696560668945312500e+01 -2.803444290161132812e+01 3.114184141159057617e+00 7.617031931877136230e-01 -1.926993942260742188e+01
1.211903476715087891e+01 4.697368621826171875e+01 -2.833075523376464844e+01 2.910070419311523438e+00 6.032067537307739258e-01 -1.866586112976074219e+01
1.219313812255859375e+01 4.697486495971679688e+01 -2.875667381286621094e+01 3.000255107879638672e+00 4.422220587730407715e-01 -1.769133567810058594e+01
1.223523235321044922e+01 4.697888946533203125e+01 -2.902812385559082031e+01 2.889429569244384766e+00 2.654297351837158203e-01 -1.706917572021484375e+01
1.230783748626708984e+01 4.698011779785156250e+01 -2.941710090637207031e+01 2.770827293395996094e+00 2.212433665990829468e-01 -1.613658142089843750e+01
1.236843204498291016e+01 4.698005294799804688e+01 -2.978552818298339844e+01 2.579797267913818359e+00 3.428559899330139160e-01 -1.535957431793212891e+01
1.240755558013916016e+01 4.697682189941406250e+01 -3.002152252197265625e+01 2.429657459259033203e+00 3.640588819980621338e-01 -1.489287757873535156e+01
1.245963954925537109e+01 4.697888183593750000e+01 -3.036171913146972656e+01 2.279238224029541016e+00 1.337894499301910400e-01 -1.417742252349853516e+01
1.249306011199951172e+01 4.697586441040039062e+01 -3.057958412170410156e+01 2.367191314697265625e+00 1.663014143705368042e-01 -1.373329830169677734e+01
1.255134487152099609e+01 4.697295379638671875e+01 -3.089392089843750000e+01 2.417771816253662109e+00 4.014875888824462891e-01 -1.309390258789062500e+01
1.257598876953125000e+01 4.697053527832031250e+01 -3.109473800659179688e+01 2.556211709976196289e+00 1.306602805852890015e-01 -1.265560626983642578e+01
1.263422966003417969e+01 4.697493743896484375e+01 -3.138250732421875000e+01 2.602658271789550781e+00 4.361234009265899658e-01 -1.194571685791015625e+01
1.266217994689941406e+01 4.697859954833984375e+01 -3.156588172912597656e+01 2.642996072769165039e+00 3.592034876346588135e-01 -1.154684352874755859e+01
1.272371864318847656e+01 4.698646926879882812e+01 -3.183108520507812500e+01 2.621190786361694336e+00 7.444838285446166992e-01 -1.113600635528564453e+01
1.277435779571533203e+01 4.700560379028320312e+01 -3.208665466308593750e+01 2.513889074325561523e+00 7.043939232826232910e-01 -1.071184825897216797e+01
1.281216335296630859e+01 4.702029037475585938e+01 -3.225199890136718750e+01 2.450746774673461914e+00 8.410215973854064941e-01 -1.045072078704833984e+01
1.286080551147460938e+01 4.703059387207031250e+01 -3.249195098876953125e+01 2.545093059539794922e+00 8.325339555740356445e-01 -1.005771255493164062e+01
1.289537525177001953e+01 4.705114364624023438e+01 -3.264730834960937500e+01 2.207501888275146484e+00 8.992455005645751953e-01 -9.834883689880371094e+00
1.294005966186523438e+01 4.706215667724609375e+01 -3.287470626831054688e+01 2.204456090927124023e+00 8.336595296859741211e-01 -9.567525863647460938e+00
1.297462654113769531e+01 4.708336257934570312e+01 -3.302273941040039062e+01 1.874632835388183594e+00 8.772218823432922363e-01 -9.387439727783203125e+00
1.300994777679443359e+01 4.710406875610351562e+01 -3.323944854736328125e+01 1.874482989311218262e+00 6.565533280372619629e-01 -9.127900123596191406e+00
1.303144359588623047e+01 4.711708831787109375e+01 -3.338207626342773438e+01 1.866690039634704590e+00 5.764883756637573242e-01 -9.129040718078613281e+00
1.307256126403808594e+01 4.712847137451171875e+01 -3.359400177001953125e+01 1.691420197486877441e+00 5.763081312179565430e-01 -8.966178894042968750e+00
1.310504341125488281e+01 4.714323043823242188e+01 -3.380136871337890625e+01 1.674411773681640625e+00 2.553862929344177246e-01 -8.725009918212890625e+00
1.312400531768798828e+01 4.715460205078125000e+01 -3.393703079223632812e+01 1.511162638664245605e+00 1.507647186517715454e-01 -8.620923995971679688e+00
1.316415214538574219e+01 4.716565322875976562e+01 -3.413616180419921875e+01 1.562075376510620117e+00 7.522303611040115356e-02 -8.391683578491210938e+00
1.318562507629394531e+01 4.717117309570312500e+01 -3.426572036743164062e+01 1.594923138618469238e+00 -1.550049483776092529e-01 -8.199699401855468750e+00
1.322741603851318359e+01 4.717512130737304688e+01 -3.445653533935546875e+01 1.722595453262329102e+00 -3.300755098462104797e-02 -8.033131599426269531e+00
1.325308704376220703e+01 4.717649459838867188e+01 -3.458127212524414062e+01 1.684993028640747070e+00 -1.615180820226669312e-01 -7.968863487243652344e+00
1.329282283782958984e+01 4.718350219726562500e+01 -3.476658630371093750e+01 1.421132445335388184e+00 -3.890508711338043213e-01 -7.818239688873291016e+00
1.333330249786376953e+01 4.718663406372070312e+01 -3.494748306274414062e+01 1.191990375518798828e+00 -4.325767159461975098e-01 -7.553021430969238281e+00
1.334585475921630859e+01 4.717899322509765625e+01 -3.506481552124023438e+01 1.363804101943969727e+00 -8.720321655273437500e-01 -7.451587677001953125e+00
1.338574409484863281e+01 4.717317199707031250e+01 -3.523647308349609375e+01 1.267664909362792969e+00 -7.526670694351196289e-01 -7.180052757263183594e+00
1.341049861907958984e+01 4.716255950927734375e+01 -3.534789276123046875e+01 1.289179086685180664e+00 -9.544884562492370605e-01 -7.064837455749511719e+00
1.345216464996337891e+01 4.714783096313476562e+01 -3.551203918457031250e+01 1.196761608123779297e+00 -1.036731004714965820e+00 -6.930421829223632812e+00
1.348314285278320312e+01 4.713643264770507812e+01 -3.561976242065429688e+01 1.160467743873596191e+00 -8.887507319450378418e-01 -6.880403995513916016e+00
1.351416778564453125e+01 4.712022399902343750e+01 -3.577864074707031250e+01 9.725813865661621094e-01 -1.006393671035766602e+00 -6.700691699981689453e+00
1.354689025878906250e+01 4.710344314575195312e+01 -3.588312149047851562e+01 9.586538076400756836e-01 -8.352257013320922852e-01 -6.610335826873779297e+00
1.357006359100341797e+01 4.709169006347656250e+01 -3.603262329101562500e+01 6.295807957649230957e-01 -1.087213873863220215e+00 -6.156582832336425781e+00
1.359531974792480469e+01 4.706888961791992188e+01 -3.617235183715820312e+01 5.890409350395202637e-01 -1.136335730552673340e+00 -5.779736995697021484e+00
1.361189556121826172e+01 4.705663681030273438e+01 -3.626123046875000000e+01 3.752035796642303467e-01 -1.260301351547241211e+00 -5.600610733032226562e+00
1.364244079589843750e+01 4.701746368408203125e+01 -3.638795471191406250e+01 4.866378009319305420e-01 -1.372180223464965820e+00 -5.245133399963378906e+00
1.366442584991455078e+01 4.699086761474609375e+01 -3.646857833862304688e+01 4.829879403114318848e-01 -1.375505805015563965e+00 -5.083913803100585938e+00
1.368263149261474609e+01 4.695303726196289062e+01 -3.658722305297851562e+01 6.026567220687866211e-01 -1.645222306251525879e+00 -5.021792888641357422e+00
1.370254993438720703e+01 4.692564392089843750e+01 -3.666404342651367188e+01 6.334943175315856934e-01 -1.474068999290466309e+00 -4.825728893280029297e+00
1.372769260406494141e+01 4.688626480102539062e+01 -3.677379608154296875e+01 5.401941537857055664e-01 -1.460008740425109863e+00 -4.514701843261718750e+00
1.373997592926025391e+01 4.686434173583984375e+01 -3.684235382080078125e+01 4.150140285491943359e-01 -1.518218278884887695e+00 -4.264652729034423828e+00
1.376384353637695312e+01 4.681689834594726562e+01 -3.693772125244140625e+01 4.745758771896362305e-01 -1.533197879791259766e+00 -3.905620336532592773e+00
1.379043579101562500e+01 4.677692413330078125e+01 -3.702449417114257812e+01 5.539767742156982422e-01 -1.387001752853393555e+00 -3.506909608840942383e+00
1.379790115356445312e+01 4.674724960327148438e+01 -3.707714080810546875e+01 6.015766263008117676e-01 -1.494294166564941406e+00 -3.232629299163818359e+00
1.382156848907470703e+01 4.670005416870117188e+01 -3.714614105224609375e+01 7.464876174926757812e-01 -1.448360204696655273e+00 -2.711492300033569336e+00
1.383097076416015625e+01 4.666872024536132812e+01 -3.718602752685546875e+01 8.619080185890197754e-01 -1.488298773765563965e+00 -2.411948204040527344e+00
1.385410404205322266e+01 4.662863540649414062e+01 -3.723629760742187500e+01 8.137179613113403320e-01 -1.330799460411071777e+00 -1.895743131637573242e+00
1.387186241149902344e+01 4.660133361816406250e+01 -3.726456451416015625e+01 9.914842247962951660e-01 -1.232488036155700684e+00 -1.740220546722412109e+00
1.389387512207031250e+01 4.656352615356445312e+01 -3.730234909057617188e+01 1.082061648368835449e+00 -1.142470717430114746e+00 -1.492936849594116211e+00
1.391555976867675781e+01 4.653247833251953125e+01 -3.733361816406250000e+01 8.281124234199523926e-01 -9.327414631843566895e-01 -1.120989680290222168e+00
1.392419147491455078e+01 4.651013565063476562e+01 -3.734753036499023438e+01 7.383893132209777832e-01 -8.967676758766174316e-01 -6.892142295837402344e-01
1.393717575073242188e+01 4.647952651977539062e+01 -3.735826492309570312e+01 6.633183956146240234e-01 -8.199744820594787598e-01 -1.779951900243759155e-01
1.394308185577392578e+01 4.646642303466796875e+01 -3.735724258422851562e+01 5.389631986618041992e-01 -8.124316930770874023e-01 3.192711174488067627e-01
1.395203876495361328e+01 4.643975830078125000e+01 -3.734183883666992188e+01 5.946372151374816895e-01 -6.001692414283752441e-01 9.549228549003601074e-01
1.395860862731933594e+01 4.642596435546875000e+01 -3.732374191284179688e+01 5.876357555389404297e-01 -4.796356558799743652e-01 1.381964206695556641e+00
1.395896816253662109e+01 4.640733718872070312e+01 -3.728125000000000000e+01 6.943337321281433105e-01 -3.330749571323394775e-01 2.223629474639892578e+00
1.396480846405029297e+01 4.640510940551757812e+01 -3.724304199218750000e+01 5.931445956230163574e-01 4.655824229121208191e-02 2.705906152725219727e+00
1.397175312042236328e+01 4.640573501586914062e+01 -3.717084503173828125e+01 6.902515888214111328e-01 5.256807804107666016e-01 3.491311788558959961e+00
1.398013114929199219e+01 4.642830276489257812e+01 -3.707868957519531250e+01 7.050535678863525391e-01 1.440725445747375488e+00 4.398219108581542969e+00
1.397808742523193359e+01 4.644765472412109375e+01 -3.700502395629882812e+01 8.962094783782958984e-01 1.977885723114013672e+00 5.066654205322265625e+00
1.398755455017089844e+01 4.652130508422851562e+01 -3.687497711181640625e+01 6.417842507362365723e-01 3.306703329086303711e+00 6.106561183929443359e+00
1.400094509124755859e+01 4.658709335327148438e+01 -3.677434921264648438e+01 5.915411114692687988e-01 4.759486675262451172e+00 6.817046642303466797e+00
1.400589466094970703e+01 4.671718978881835938e+01 -3.660375213623046875e+01 7.443965077400207520e-01 6.851941108703613281e+00 7.723595142364501953e+00
1.400697708129882812e+01 4.684059524536132812e+01 -3.647901916503906250e+01 9.178468585014343262e-01 8.535554885864257812e+00 8.199391365051269531e+00
1.403036117553710938e+01 4.708432769775390625e+01 -3.628366088867187500e+01 1.041373252868652344e+00 1.205862140655517578e+01 8.348385810852050781e+00
1.404271030426025391e+01 4.729277420043945312e+01 -3.615660476684570312e+01 1.262707471847534180e+00 1.418947601318359375e+01 7.870625972747802734e+00
1.407048416137695312e+01 4.766701126098632812e+01 -3.598756027221679688e+01 1.863792896270751953e+00 1.719260215759277344e+01 6.407601356506347656e+00
1.411617851257324219e+01 4.809885025024414062e+01 -3.586315536499023438e+01 2.526359558105468750e+00 1.954918098449707031e+01 4.099956989288330078e+00
1.414966297149658203e+01 4.841946029663085938e+01 -3.581165695190429688e+01 2.725675344467163086e+00 2.032776641845703125e+01 2.592231512069702148e+00
1.422328662872314453e+01 4.890966033935546875e+01 -3.577793502807617188e+01 3.334868431091308594e+00 2.112957382202148438e+01 2.953929007053375244e-01
1.427348709106445312e+01 4.924193191528320312e+01 -3.578445434570312500e+01 3.496360301971435547e+00 2.111340522766113281e+01 -1.135684251785278320e+00
1.436304378509521484e+01 4.973393630981445312e+01 -3.583586120605468750e+01 3.787637233734130859e+00 2.095512390136718750e+01 -3.182461261749267578e+00
1.441766357421875000e+01 5.005838394165039062e+01 -3.589531707763671875e+01 3.730535745620727539e+00 2.022486495971679688e+01 -4.418164730072021484e+00
1.450093746185302734e+01 5.050609207153320312e+01 -3.601952362060546875e+01 3.897070646286010742e+00 1.878479003906250000e+01 -6.123497486114501953e+00
1.458764171600341797e+01 5.092501831054687500e+01 -3.617792129516601562e+01 3.931935548782348633e+00 1.732073211669921875e+01 -7.357742786407470703e+00
1.464334106445312500e+01 5.118715286254882812e+01 -3.629772567749023438e+01 4.012464046478271484e+00 1.640434074401855469e+01 -8.017141342163085938e+00
1.472514724731445312e+01 5.154687881469726562e+01 -3.649537658691406250e+01 4.095520019531250000e+00 1.504225826263427734e+01 -8.822380065917968750e+00
1.478670883178710938e+01 5.177360916137695312e+01 -3.663789367675781250e+01 4.026825428009033203e+00 1.431088256835937500e+01 -9.419176101684570312e+00
1.486650753021240234e+01 5.208635330200195312e+01 -3.686510848999023438e+01 4.020945549011230469e+00 1.288136005401611328e+01 -1.000451469421386719e+01
1.492495822906494141e+01 5.227877426147460938e+01 -3.702474594116210938e+01 3.857619762420654297e+00 1.203485965728759766e+01 -1.045639610290527344e+01
1.499827671051025391e+01 5.254762268066406250e+01 -3.727703094482421875e+01 3.557412624359130859e+00 1.052721214294433594e+01 -1.101587772369384766e+01
1.504026031494140625e+01 5.270794296264648438e+01 -3.745107650756835938e+01 3.503090381622314453e+00 9.614804267883300781e+00 -1.129347991943359375e+01
1.510199928283691406e+01 5.292522430419921875e+01 -3.772212600708007812e+01 3.391810655593872070e+00 8.381713867187500000e+00 -1.186611747741699219e+01
1.518384361267089844e+01 5.311789703369140625e+01 -3.800566864013671875e+01 3.424495458602905273e+00 7.725920200347900391e+00 -1.228133583068847656e+01
1.522583103179931641e+01 5.323281860351562500e+01 -3.819932556152343750e+01 3.350122928619384766e+00 7.049405574798583984e+00 -1.252755737304687500e+01
1.528916454315185547e+01 5.339681625366210938e+01 -3.849928665161132812e+01 3.200806856155395508e+00 5.997864723205566406e+00 -1.300800323486328125e+01
1.533551883697509766e+01 5.349452590942382812e+01 -3.870378494262695312e+01 3.047558546066284180e+00 5.485985279083251953e+00 -1.311931133270263672e+01
1.540300464630126953e+01 5.362755584716796875e+01 -3.901296615600585938e+01 2.951437950134277344e+00 4.504122734069824219e+00 -1.326575851440429688e+01
1.544129467010498047e+01 5.370527267456054688e+01 -3.922050476074218750e+01 2.825998306274414062e+00 3.760489463806152344e+00 -1.327326774597167969e+01
1.549912929534912109e+01 5.379471969604492188e+01 -3.953233337402343750e+01 2.983386039733886719e+00 2.815263271331787109e+00 -1.332564735412597656e+01
1.555540370941162109e+01 5.384691238403320312e+01 -3.974031448364257812e+01 2.995654106140136719e+00 2.896768569946289062e+00 -1.325174617767333984e+01
1.562021923065185547e+01 5.391929244995117188e+01 -4.004995727539062500e+01 2.899317026138305664e+00 2.294914245605468750e+00 -1.318932819366455078e+01
1.568044090270996094e+01 5.399347686767578125e+01 -4.035882949829101562e+01 2.414037704467773438e+00 1.854447841644287109e+00 -1.319224548339843750e+01
1.572616291046142578e+01 5.403368377685546875e+01 -4.056539154052734375e+01 2.104617118835449219e+00 1.689359784126281738e+00 -1.318207359313964844e+01
1.578262710571289062e+01 5.408293533325195312e+01 -4.087329483032226562e+01 1.870036840438842773e+00 9.437110424041748047e-01 -1.300053787231445312e+01
1.582571220397949219e+01 5.410073089599609375e+01 -4.107577896118164062e+01 1.881599426269531250e+00 6.134002208709716797e-01 -1.287427997589111328e+01
1.588361358642578125e+01 5.412482833862304688e+01 -4.137470626831054688e+01 1.744471788406372070e+00 2.984941750764846802e-02 -1.261029911041259766e+01
1.591872787475585938e+01 5.412941360473632812e+01 -4.157137680053710938e+01 1.735419154167175293e+00 -2.881413102149963379e-01 -1.251588535308837891e+01
1.596364974975585938e+01 5.412250137329101562e+01 -4.186009597778320312e+01 1.605189800262451172e+00 -8.280504941940307617e-01 -1.213394641876220703e+01
1.601775360107421875e+01 5.410968017578125000e+01 -4.213909530639648438e+01 1.517791390419006348e+00 -1.006894111633300781e+00 -1.166989898681640625e+01
1.606021308898925781e+01 5.410546875000000000e+01 -4.231887435913085938e+01 1.072120308876037598e+00 -1.005158305168151855e+00 -1.135781574249267578e+01
1.611207199096679688e+01 5.408523941040039062e+01 -4.258212280273437500e+01 1.080855965614318848e+00 -1.240940928459167480e+00 -1.116241645812988281e+01
1.614131546020507812e+01 5.407665634155273438e+01 -4.275595092773437500e+01 9.839158654212951660e-01 -1.494555830955505371e+00 -1.105311012268066406e+01
1.618814659118652344e+01 5.404039001464843750e+01 -4.301501464843750000e+01 1.368996143341064453e+00 -1.611985325813293457e+00 -1.093530750274658203e+01
1.622569274902343750e+01 5.401377105712890625e+01 -4.318522644042968750e+01 1.438005328178405762e+00 -1.464100003242492676e+00 -1.083511352539062500e+01
1.627412033081054688e+01 5.397505569458007812e+01 -4.343768310546875000e+01 1.445042610168457031e+00 -1.331416964530944824e+00 -1.078909301757812500e+01
1.631006240844726562e+01 5.394997406005859375e+01 -4.360557556152343750e+01 1.621550083160400391e+00 -1.090930938720703125e+00 -1.070355796813964844e+01
1.636607742309570312e+01 5.392548370361328125e+01 -4.385602569580078125e+01 1.499928474426269531e+00 -7.186521291732788086e-01 -1.063620853424072266e+01
1.641305923461914062e+01 5.391569519042968750e+01 -4.410409927368164062e+01 1.106890082359313965e+00 -7.003414630889892578e-01 -1.052748489379882812e+01
1.644352149963378906e+01 5.389681243896484375e+01 -4.426881408691406250e+01 1.162134885787963867e+00 -5.468290448188781738e-01 -1.053973197937011719e+01
1.648715782165527344e+01 5.387197875976562500e+01 -4.451232910156250000e+01 1.104848861694335938e+00 -6.360039114952087402e-01 -1.034629154205322266e+01
1.651729202270507812e+01 5.385440826416015625e+01 -4.467338562011718750e+01 1.148843050003051758e+00 -6.045895814895629883e-01 -1.023090076446533203e+01
1.655505180358886719e+01 5.382599258422851562e+01 -4.491107177734375000e+01 1.304818272590637207e+00 -6.090549826622009277e-01 -1.005588436126708984e+01
1.658083534240722656e+01 5.380671691894531250e+01 -4.506787872314453125e+01 1.611438393592834473e+00 -6.132808327674865723e-01 -1.001050949096679688e+01
1.661969566345214844e+01 5.378356933593750000e+01 -4.529954528808593750e+01 1.647143363952636719e+00 -5.615208148956298828e-01 -9.738033294677734375e+00
1.665682411193847656e+01 5.375988006591796875e+01 -4.545071029663085938e+01 1.956890583038330078e+00 -3.909550905227661133e-01 -9.634727478027343750e+00
1.670719337463378906e+01 5.373013687133789062e+01 -4.567309188842773438e+01 1.939314007759094238e+00 -3.024808168411254883e-01 -9.433890342712402344e+00
1.675686836242675781e+01 5.371548843383789062e+01 -4.589039230346679688e+01 1.820740818977355957e+00 -7.677946984767913818e-02 -9.232066154479980469e+00
1.678662872314453125e+01 5.370013809204101562e+01 -4.603327560424804688e+01 2.179211616516113281e+00 9.899963624775409698e-03 -9.064120292663574219e+00
1.683866500854492188e+01 5.368917465209960938e+01 -4.624581909179687500e+01 2.302956819534301758e+00 3.424844145774841309e-01 -9.114741325378417969e+00
1.686506652832031250e+01 5.368323516845703125e+01 -4.638866043090820312e+01 2.450415849685668945e+00 3.017766773700714111e-01 -9.245291709899902344e+00
1.691319847106933594e+01 5.368198394775390625e+01 -4.660536956787109375e+01 2.280667066574096680e+00 3.268640935420989990e-01 -9.265244483947753906e+00
1.693953132629394531e+01 5.367914199829101562e+01 -4.675023651123046875e+01 2.269005060195922852e+00 3.234489560127258301e-01 -9.260723114013671875e+00
1.698050117492675781e+01 5.367811584472656250e+01 -4.696883773803710938e+01 2.019080400466918945e+00 1.662638187408447266e-01 -9.393481254577636719e+00
1.701104164123535156e+01 5.367186355590820312e+01 -4.719118118286132812e+01 1.861182689666748047e+00 -5.520070195198059082e-01 -9.548344612121582031e+00
1.703444862365722656e+01 5.366002655029296875e+01 -4.734035491943359375e+01 1.677844762802124023e+00 -8.913581371307373047e-01 -9.522121429443359375e+00
1.706193542480468750e+01 5.362894439697265625e+01 -4.756403732299804688e+01 1.420586943626403809e+00 -1.717899680137634277e+00 -9.489904403686523438e+00
1.707670783996582031e+01 5.359878158569335938e+01 -4.771129226684570312e+01 1.543135046958923340e+00 -2.542206764221191406e+00 -9.259308815002441406e+00
1.710091781616210938e+01 5.352924346923828125e+01 -4.792040252685546875e+01 1.664444327354431152e+00 -3.516723632812500000e+00 -8.492619514465332031e+00
1.711659622192382812e+01 5.347749328613281250e+01 -4.804783248901367188e+01 1.570182442665100098e+00 -4.039332866668701172e+00 -7.717289924621582031e+00
1.714761543273925781e+01 5.338661575317382812e+01 -4.821277236938476562e+01 1.524849891662597656e+00 -3.786720037460327148e+00 -6.322709560394287109e+00
1.716782569885253906e+01 5.333299255371093750e+01 -4.830409622192382812e+01 1.464763045310974121e+00 -3.381909608840942383e+00 -5.354791164398193359e+00
1.719704818725585938e+01 5.327197265625000000e+01 -4.841932678222656250e+01 1.260261774063110352e+00 -2.527809858322143555e+00 -4.525590419769287109e+00
1.721714782714843750e+01 5.323460388183593750e+01 -4.852114868164062500e+01 1.277670264244079590e+00 -1.857350707054138184e+00 -4.298860549926757812e+00
1.723208236694335938e+01 5.321933746337890625e+01 -4.859021759033203125e+01 1.244370102882385254e+00 -1.177067518234252930e+00 -4.439914703369140625e+00
1.726533889770507812e+01 5.321362304687500000e+01 -4.869968414306640625e+01 1.533720850944519043e+00 -1.293529570102691650e-01 -4.883903503417968750e+00
1.728615951538085938e+01 5.322646331787109375e+01 -4.878094482421875000e+01 1.561277985572814941e+00 3.910576105117797852e-01 -5.419930458068847656e+00
1.732688331604003906e+01 5.325944900512695312e+01 -4.891735458374023438e+01 1.558514356613159180e+00 1.244987726211547852e+00 -6.154632568359375000e+00
1.735350799560546875e+01 5.329621124267578125e+01 -4.901725006103515625e+01 1.479985952377319336e+00 1.674186348915100098e+00 -6.556233406066894531e+00
1.739547920227050781e+01 5.335005187988281250e+01 -4.917946624755859375e+01 1.477506518363952637e+00 2.254369258880615234e+00 -7.216966629028320312e+00
1.742084312438964844e+01 5.339482116699218750e+01 -4.929528808593750000e+01 1.533848404884338379e+00 2.420620203018188477e+00 -7.600951194763183594e+00
1.747117996215820312e+01 5.346606826782226562e+01 -4.947861099243164062e+01 1.563736915588378906e+00 2.993736743927001953e+00 -7.927785396575927734e+00
1.752111816406250000e+01 5.355272293090820312e+01 -4.967115783691406250e+01 1.526104092597961426e+00 3.147380828857421875e+00 -8.473911285400390625e+00
1.755483245849609375e+01 5.360940170288085938e+01 -4.980730056762695312e+01 1.730519175529479980e+00 3.316691398620605469e+00 -8.912165641784667969e+00
1.761378097534179688e+01 5.369841766357421875e+01 -5.002126693725585938e+01 2.047590494155883789e+00 3.712571859359741211e+00 -9.420493125915527344e+00
1.765516281127929688e+01 5.375720596313476562e+01 -5.017175674438476562e+01 2.311848402023315430e+00 4.056606292724609375e+00 -9.825332641601562500e+00
1.772424316406250000e+01 5.386259841918945312e+01 -5.040703582763671875e+01 2.112087011337280273e+00 4.601508617401123047e+00 -1.029223823547363281e+01
1.776712036132812500e+01 5.392969894409179688e+01 -5.057027053833007812e+01 1.962089896202087402e+00 4.701535701751708984e+00 -1.064827632904052734e+01
1.783845138549804688e+01 5.403391647338867188e+01 -5.082471847534179688e+01 1.687081575393676758e+00 4.810987949371337891e+00 -1.104465389251708984e+01
1.789646530151367188e+01 5.414051818847656250e+01 -5.108479690551757812e+01 1.825940132141113281e+00 4.611562728881835938e+00 -1.127203083038330078e+01
1.792963027954101562e+01 5.421287536621093750e+01 -5.126370620727539062e+01 1.892802715301513672e+00 4.486837387084960938e+00 -1.160410976409912109e+01
1.798566055297851562e+01 5.430673599243164062e+01 -5.153857421875000000e+01 2.369433641433715820e+00 4.237851142883300781e+00 -1.182132530212402344e+01
1.802910232543945312e+01 5.436012268066406250e+01 -5.172481155395507812e+01 2.680729389190673828e+00 4.404522895812988281e+00 -1.207939434051513672e+01
1.810369491577148438e+01 5.444187164306640625e+01 -5.200857162475585938e+01 2.872308731079101562e+00 4.760982990264892578e+00 -1.219798660278320312e+01
1.814826393127441406e+01 5.450977706909179688e+01 -5.219828033447265625e+01 2.680989503860473633e+00 4.714883327484130859e+00 -1.216261005401611328e+01
1.822058868408203125e+01 5.460977172851562500e+01 -5.248228836059570312e+01 2.360135793685913086e+00 4.870008468627929688e+00 -1.210838317871093750e+01
1.825076866149902344e+01 5.467803573608398438e+01 -5.267214965820312500e+01 2.066624164581298828e+00 4.396069049835205078e+00 -1.218818664550781250e+01
1.830172157287597656e+01 5.476136398315429688e+01 -5.295758056640625000e+01 2.312296628952026367e+00 4.023243904113769531e+00 -1.225970554351806641e+01
1.835199165344238281e+01 5.483540725708007812e+01 -5.324608993530273438e+01 2.531752109527587891e+00 3.715983390808105469e+00 -1.243249130249023438e+01
1.839109420776367188e+01 5.488636016845703125e+01 -5.344159317016601562e+01 2.579311132431030273e+00 3.635205268859863281e+00 -1.262043094635009766e+01
1.844575119018554688e+01 5.495577621459960938e+01 -5.373834228515625000e+01 2.647353649139404297e+00 3.470439195632934570e+00 -1.280583190917968750e+01
1.848262214660644531e+01 5.500079345703125000e+01 -5.394004440307617188e+01 2.664175748825073242e+00 3.112694501876831055e+00 -1.301541709899902344e+01
1.852799224853515625e+01 5.506539916992187500e+01 -5.424666976928710938e+01 3.052748203277587891e+00 2.233261585235595703e+00 -1.312440013885498047e+01
1.857013702392578125e+01 5.509519577026367188e+01 -5.445156478881835938e+01 3.382522821426391602e+00 2.172772645950317383e+00 -1.311629486083984375e+01
1.864188957214355469e+01 5.514465713500976562e+01 -5.475973129272460938e+01 3.822855234146118164e+00 2.342087984085083008e+00 -1.318231487274169922e+01
1.869642066955566406e+01 5.518439483642578125e+01 -5.496532058715820312e+01 3.895260572433471680e+00 2.573125839233398438e+00 -1.315636730194091797e+01
1.877792358398437500e+01 5.524555587768554688e+01 -5.527521896362304688e+01 3.666610240936279297e+00 2.545441865921020508e+00 -1.328372764587402344e+01
1.884717369079589844e+01 5.530382156372070312e+01 -5.558694076538085938e+01 3.536636590957641602e+00 2.364891767501831055e+00 -1.325792503356933594e+01
1.889714050292968750e+01 5.534910964965820312e+01 -5.579383468627929688e+01 3.354962587356567383e+00 2.364246606826782227e+00 -1.319830131530761719e+01
1.897033691406250000e+01 5.541070938110351562e+01 -5.610327911376953125e+01 3.139332532882690430e+00 2.693667888641357422e+00 -1.313824844360351562e+01
1.900881576538085938e+01 5.545567321777343750e+01 -5.630740356445312500e+01 2.832885503768920898e+00 2.646090745925903320e+00 -1.305485248565673828e+01
1.904215240478515625e+01 5.551996231079101562e+01 -5.661326217651367188e+01 2.367715835571289062e+00 1.997358441352844238e+00 -1.294491481781005859e+01
1.907830810546875000e+01 5.554999542236328125e+01 -5.681455993652343750e+01 2.362591505050659180e+00 1.864929795265197754e+00 -1.284458160400390625e+01
1.913707351684570312e+01 5.559957504272460938e+01 -5.711532592773437500e+01 2.400685071945190430e+00 1.791567683219909668e+00 -1.278513717651367188e+01
1.919478225708007812e+01 5.564850997924804688e+01 -5.741166687011718750e+01 2.145399808883666992e+00 1.689016819000244141e+00 -1.256332206726074219e+01
1.922809982299804688e+01 5.567854309082031250e+01 -5.760707473754882812e+01 2.119888067245483398e+00 1.633928775787353516e+00 -1.235877132415771484e+01
1.928048706054687500e+01 5.571936416625976562e+01 -5.789315795898437500e+01 2.324029207229614258e+00 2.119608640670776367e+00 -1.218331813812255859e+01
1.931518173217773438e+01 5.575660324096679688e+01 -5.808298110961914062e+01 2.189579963684082031e+00 2.282923698425292969e+00 -1.208473014831542969e+01
1.936754035949707031e+01 5.580986022949218750e+01 -5.836541366577148438e+01 2.215448856353759766e+00 2.236514568328857422e+00 -1.199835109710693359e+01
1.939605903625488281e+01 5.584822463989257812e+01 -5.855268859863281250e+01 2.207895755767822266e+00 1.985328197479248047e+00 -1.197331047058105469e+01
1.946306610107421875e+01 5.590191650390625000e+01 -5.883298492431640625e+01 2.551112890243530273e+00 2.289401769638061523e+00 -1.193321228027343750e+01
1.951384735107421875e+01 5.594139099121093750e+01 -5.902067184448242188e+01 2.706887722015380859e+00 2.532859563827514648e+00 -1.212918472290039062e+01
1.957944869995117188e+01 5.600260162353515625e+01 -5.930612564086914062e+01 2.659842252731323242e+00 2.598061323165893555e+00 -1.213699531555175781e+01
1.964571762084960938e+01 5.605336761474609375e+01 -5.958913803100585938e+01 2.712296724319458008e+00 2.495615243911743164e+00 -1.204177570343017578e+01
1.969348526000976562e+01 5.607984542846679688e+01 -5.977642059326171875e+01 2.610564947128295898e+00 2.508129119873046875e+00 -1.203749847412109375e+01
1.974293327331542969e+01 5.613600921630859375e+01 -6.005290985107421875e+01 1.856781840324401855e+00 1.890706062316894531e+00 -1.156548500061035156e+01
1.976216316223144531e+01 5.616280364990234375e+01 -6.023085403442382812e+01 1.668096423149108887e+00 1.280540347099304199e+00 -1.117006587982177734e+01
1.980492210388183594e+01 5.618541717529296875e+01 -6.048649215698242188e+01 1.922260999679565430e+00 9.483938813209533691e-01 -1.075164604187011719e+01
1.983666229248046875e+01 5.619425964355468750e+01 -6.065175247192382812e+01 2.365087985992431641e+00 1.010365962982177734e+00 -1.039766883850097656e+01
1.989080429077148438e+01 5.622942352294921875e+01 -6.088980484008789062e+01 2.044160604476928711e+00 1.649386405944824219e+00 -1.003169918060302734e+01
1.991046905517578125e+01 5.625514221191406250e+01 -6.104605102539062500e+01 1.795827627182006836e+00 1.550158739089965820e+00 -9.927797317504882812e+00
1.994329833984375000e+01 5.628177261352539062e+01 -6.127204513549804688e+01 1.901494622230529785e+00 1.416712999343872070e+00 -9.383441925048828125e+00
1.998921203613281250e+01 5.630397033691406250e+01 -6.148885726928710938e+01 2.274180173873901367e+00 1.299396276473999023e+00 -9.122738838195800781e+00
2.003015327453613281e+01 5.632207489013671875e+01 -6.163023376464843750e+01 2.532414197921752930e+00 1.713724017143249512e+00 -8.984907150268554688e+00
2.009042167663574219e+01 5.637495803833007812e+01 -6.183975601196289062e+01 2.398777246475219727e+00 2.184148788452148438e+00 -8.811467170715332031e+00
2.012500000000000000e+01 5.641743087768554688e+01 -6.197702026367187500e+01 2.369231462478637695e+00 2.312400579452514648e+00 -8.732675552368164062e+00
2.018399810791015625e+01 5.647534179687500000e+01 -6.217895507812500000e+01 1.832870602607727051e+00 2.588275671005249023e+00 -8.530563354492187500e+00
2.021904945373535156e+01 5.651148986816406250e+01 -6.231016159057617188e+01 1.765274763107299805e+00 2.622566699981689453e+00 -8.384447097778320312e+00
2.026252174377441406e+01 5.655762481689453125e+01 -6.250461196899414062e+01 1.509993314743041992e+00 2.349643230438232422e+00 -8.338652610778808594e+00
2.028982543945312500e+01 5.659646224975585938e+01 -6.269718170166015625e+01 1.392830491065979004e+00 1.689156532287597656e+00 -8.179711341857910156e+00
2.030798530578613281e+01 5.661954879760742188e+01 -6.282395935058593750e+01 1.490085005760192871e+00 1.460121631622314453e+00 -8.087564468383789062e+00
2.035145759582519531e+01 5.664850234985351562e+01 -6.301182174682617188e+01 2.021097421646118164e+00 1.449366211891174316e+00 -7.990025997161865234e+00
2.038263320922851562e+01 5.667281723022460938e+01 -6.313594818115234375e+01 2.005438804626464844e+00 1.485336780548095703e+00 -7.924035072326660156e+00
2.043689346313476562e+01 5.670038223266601562e+01 -6.331995010375976562e+01 2.369762897491455078e+00 1.801219463348388672e+00 -7.848004817962646484e+00
2.046370887756347656e+01 5.673200988769531250e+01 -6.344142150878906250e+01 2.263859987258911133e+00 1.972290635108947754e+00 -7.695097923278808594e+00
2.051540374755859375e+01 5.677809906005859375e+01 -6.361957931518554688e+01 2.414252519607543945e+00 2.312751531600952148e+00 -7.560427665710449219e+00
2.055628013610839844e+01 5.680933761596679688e+01 -6.373769760131835938e+01 2.627403736114501953e+00 2.705605268478393555e+00 -7.632157802581787109e+00
2.061951828002929688e+01 5.688307571411132812e+01 -6.391860580444335938e+01 2.238848209381103516e+00 3.343408107757568359e+00 -7.715280532836914062e+00
2.066596794128417969e+01 5.696319580078125000e+01 -6.409789276123046875e+01 1.756997466087341309e+00 3.395340442657470703e+00 -7.621659278869628906e+00
2.068538856506347656e+01 5.700531005859375000e+01 -6.421745300292968750e+01 1.842289805412292480e+00 3.228215932846069336e+00 -7.745487213134765625e+00
2.072787094116210938e+01 5.708810043334960938e+01 -6.439978790283203125e+01 1.682026505470275879e+00 3.199605464935302734e+00 -7.690767765045166016e+00
2.075365257263183594e+01 5.714235687255859375e+01 -6.452182769775390625e+01 1.664327383041381836e+00 3.272695302963256836e+00 -7.906629085540771484e+00
2.077819061279296875e+01 5.722492980957031250e+01 -6.471043395996093750e+01 1.547257900238037109e+00 2.784096240997314453e+00 -8.078033447265625000e+00
2.078971290588378906e+01 5.727137756347656250e+01 -6.483698272705078125e+01 1.818706154823303223e+00 2.247303724288940430e+00 -8.089120864868164062e+00
2.083795928955078125e+01 5.732034683227539062e+01 -6.503059387207031250e+01 2.393750190734863281e+00 2.217869520187377930e+00 -8.384252548217773438e+00
2.087929153442382812e+01 5.735287475585937500e+01 -6.516214752197265625e+01 2.681959390640258789e+00 2.311382293701171875e+00 -8.484145164489746094e+00
2.094846534729003906e+01 5.741380691528320312e+01 -6.536380004882812500e+01 2.816473484039306641e+00 2.556978702545166016e+00 -8.584346771240234375e+00
2.100364875793457031e+01 5.747806167602539062e+01 -6.556680297851562500e+01 2.701497554779052734e+00 2.495379209518432617e+00 -8.641566276550292969e+00
2.104231071472167969e+01 5.752403259277343750e+01 -6.570139312744140625e+01 2.565526485443115234e+00 2.597488164901733398e+00 -8.518819808959960938e+00
2.110440063476562500e+01 5.759706115722656250e+01 -6.590158081054687500e+01 2.558203458786010742e+00 2.866319417953491211e+00 -8.615850448608398438e+00
2.114426803588867188e+01 5.764999389648437500e+01 -6.603697967529296875e+01 2.303799390792846680e+00 3.084341764450073242e+00 -8.640995025634765625e+00
2.119139671325683594e+01 5.774494934082031250e+01 -6.624194335937500000e+01 1.617626786231994629e+00 3.254734039306640625e+00 -8.788698196411132812e+00
2.121256065368652344e+01 5.779936218261718750e+01 -6.638025665283203125e+01 1.413882374763488770e+00 3.015901327133178711e+00 -8.888186454772949219e+00
2.123657035827636719e+01 5.786759567260742188e+01 -6.659146881103515625e+01 1.338578462600708008e+00 2.457019329071044922e+00 -9.167092323303222656e+00
2.126930236816406250e+01 5.791292572021484375e+01 -6.680802154541015625e+01 2.020881891250610352e+00 1.902897119522094727e+00 -9.309525489807128906e+00
2.129680824279785156e+01 5.794112396240234375e+01 -6.695466613769531250e+01 2.070580959320068359e+00 1.718533158302307129e+00 -9.409832954406738281e+00
2.134780502319335938e+01 5.798424911499023438e+01 -6.717654418945312500e+01 2.247633457183837891e+00 1.376069307327270508e+00 -9.482445716857910156e+00
2.138235092163085938e+01 5.800749206542968750e+01 -6.732622528076171875e+01 2.510414361953735352e+00 1.362082481384277344e+00 -9.685189247131347656e+00
2.143616104125976562e+01 5.804627227783203125e+01 -6.755455780029296875e+01 2.384236574172973633e+00 1.088415145874023438e+00 -9.732997894287109375e+00
2.147096061706542969e+01 5.807107925415039062e+01 -6.770746612548828125e+01 2.474449157714843750e+00 9.496353864669799805e-01 -9.735484123229980469e+00
2.153296089172363281e+01 5.810837173461914062e+01 -6.793402099609375000e+01 2.427376747131347656e+00 1.161643505096435547e+00 -9.665918350219726562e+00
2.157504272460937500e+01 5.812746047973632812e+01 -6.808520507812500000e+01 2.548009872436523438e+00 1.342312812805175781e+00 -9.709276199340820312e+00
2.162974357604980469e+01 5.817679214477539062e+01 -6.831380462646484375e+01 2.109583854675292969e+00 1.528335452079772949e+00 -9.754882812500000000e+00
2.168015480041503906e+01 5.821793746948242188e+01 -6.854322814941406250e+01 1.816033601760864258e+00 1.585407733917236328e+00 -9.789290428161621094e+00
2.170124626159667969e+01 5.824420928955078125e+01 -6.869640350341796875e+01 1.534557700157165527e+00 1.401169896125793457e+00 -9.781746864318847656e+00
2.174197006225585938e+01 5.828103256225585938e+01 -6.892584228515625000e+01 1.312816023826599121e+00 1.398887395858764648e+00 -9.716260910034179688e+00
2.175839424133300781e+01 5.830183410644531250e+01 -6.907826995849609375e+01 1.299102663993835449e+00 1.009302258491516113e+00 -9.829121589660644531e+00
2.179277992248535156e+01 5.832377624511718750e+01 -6.931076049804687500e+01 1.384685635566711426e+00 7.720654010772705078e-01 -9.928024291992187500e+00
2.181357765197753906e+01 5.833386230468750000e+01 -6.946572113037109375e+01 1.545231461524963379e+00 5.694460868835449219e-01 -9.866670608520507812e+00
2.185553550720214844e+01 5.834454345703125000e+01 -6.969639587402343750e+01 1.457954645156860352e+00 4.224840700626373291e-01 -9.805473327636718750e+00
2.187981033325195312e+01 5.835126495361328125e+01 -6.984970092773437500e+01 1.477446913719177246e+00 4.298765659332275391e-01 -9.843373298645019531e+00
2.192223548889160156e+01 5.835573959350585938e+01 -7.007907104492187500e+01 1.797404050827026367e+00 2.431600540876388550e-01 -9.762482643127441406e+00
2.196794509887695312e+01 5.836329269409179688e+01 -7.030740356445312500e+01 2.034042835235595703e+00 2.650921344757080078e-01 -9.704687118530273438e+00
2.200383567810058594e+01 5.836767578125000000e+01 -7.045841217041015625e+01 2.352602958679199219e+00 2.544946074485778809e-01 -9.618604660034179688e+00
2.205868339538574219e+01 5.837829971313476562e+01 -7.068035888671875000e+01 2.519186735153198242e+00 2.708509564399719238e-01 -9.306076049804687500e+00
2.210087203979492188e+01 5.838696289062500000e+01 -7.082566833496093750e+01 2.505454301834106445e+00 5.422868728637695312e-01 -9.262716293334960938e+00
2.215492248535156250e+01 5.840514755249023438e+01 -7.103981781005859375e+01 2.384570121765136719e+00 7.517566084861755371e-01 -9.057762145996093750e+00
2.219802474975585938e+01 5.841957473754882812e+01 -7.118108367919921875e+01 2.287326812744140625e+00 1.139190196990966797e+00 -9.080130577087402344e+00
2.225302124023437500e+01 5.844821929931640625e+01 -7.139559936523437500e+01 2.048686027526855469e+00 1.352564334869384766e+00 -9.126285552978515625e+00
2.230052566528320312e+01 5.847636032104492188e+01 -7.160700988769531250e+01 1.746108531951904297e+00 1.337252140045166016e+00 -9.063687324523925781e+00
2.233166885375976562e+01 5.849581527709960938e+01 -7.174826049804687500e+01 1.666378021240234375e+00 1.524761915206909180e+00 -9.049847602844238281e+00
2.237197494506835938e+01 5.853746032714843750e+01 -7.195915985107421875e+01 1.340083837509155273e+00 1.401701450347900391e+00 -8.874445915222167969e+00
2.239478492736816406e+01 5.855322647094726562e+01 -7.209758758544921875e+01 1.399651408195495605e+00 1.458587408065795898e+00 -8.885763168334960938e+00
2.242878150939941406e+01 5.857815170288085938e+01 -7.230412292480468750e+01 1.376269102096557617e+00 1.262180805206298828e+00 -8.875741004943847656e+00
2.245477867126464844e+01 5.859055328369140625e+01 -7.244154357910156250e+01 1.495468616485595703e+00 1.139519691467285156e+00 -8.761121749877929688e+00
2.248895454406738281e+01 5.861565399169921875e+01 -7.264527893066406250e+01 1.316559433937072754e+00 1.221890330314636230e+00 -8.726475715637207031e+00
2.251830482482910156e+01 5.862915802001953125e+01 -7.278002166748046875e+01 1.359558939933776855e+00 1.220019817352294922e+00 -8.558631896972656250e+00
2.255841445922851562e+01 5.865436553955078125e+01 -7.297805023193359375e+01 1.357755422592163086e+00 1.191010951995849609e+00 -8.461989402770996094e+00
2.259624862670898438e+01 5.867937469482421875e+01 -7.317424774169921875e+01 1.233292579650878906e+00 1.053000211715698242e+00 -8.223244667053222656e+00
2.261950492858886719e+01 5.869010162353515625e+01 -7.330071258544921875e+01 1.493138074874877930e+00 1.065757751464843750e+00 -8.085214614868164062e+00
2.265549278259277344e+01 5.871279907226562500e+01 -7.348666381835937500e+01 1.536957263946533203e+00 8.681854009628295898e-01 -7.765701293945312500e+00
2.268080139160156250e+01 5.872106170654296875e+01 -7.360541534423828125e+01 1.884714841842651367e+00 8.671177029609680176e-01 -7.582817554473876953e+00
2.272898674011230469e+01 5.873358535766601562e+01 -7.378035736083984375e+01 2.348434209823608398e+00 9.717454314231872559e-01 -7.399904727935791016e+00
2.276665496826171875e+01 5.874283599853515625e+01 -7.389468383789062500e+01 2.702742099761962891e+00 1.097685813903808594e+00 -7.378953456878662109e+00
2.283394241333007812e+01 5.876784133911132812e+01 -7.406941986083984375e+01 2.932911634445190430e+00 1.710802555084228516e+00 -7.589840412139892578e+00
2.287789344787597656e+01 5.879342651367187500e+01 -7.418790435791015625e+01 2.975651979446411133e+00 2.140641450881958008e+00 -7.559875488281250000e+00
2.293762397766113281e+01 5.885115814208984375e+01 -7.436553955078125000e+01 2.728109598159790039e+00 2.617110967636108398e+00 -7.687286853790283203e+00
2.300249099731445312e+01 5.891691589355468750e+01 -7.454505920410156250e+01 2.583214998245239258e+00 3.286404371261596680e+00 -7.711689949035644531e+00
2.303983116149902344e+01 5.897089767456054688e+01 -7.466489410400390625e+01 2.077881574630737305e+00 3.651069402694702148e+00 -7.686292648315429688e+00
2.307836532592773438e+01 5.905727005004882812e+01 -7.484575653076171875e+01 1.413912892341613770e+00 3.610000848770141602e+00 -7.707155227661132812e+00
2.309795951843261719e+01 5.911513519287109375e+01 -7.496460723876953125e+01 9.944933056831359863e-01 3.502802848815917969e+00 -7.563111305236816406e+00
2.311343765258789062e+01 5.919104003906250000e+01 -7.514083099365234375e+01 6.614562273025512695e-01 2.639602184295654297e+00 -7.484413146972656250e+00
2.312004280090332031e+01 5.923535156250000000e+01 -7.525730133056640625e+01 5.827747583389282227e-01 2.236461400985717773e+00 -7.417243957519531250e+00
2.313220405578613281e+01 5.927883911132812500e+01 -7.542973327636718750e+01 7.944636344909667969e-01 1.539978384971618652e+00 -7.389982223510742188e+00
2.315318298339843750e+01 5.931299209594726562e+01 -7.560308074951171875e+01 1.364009857177734375e+00 1.245580077171325684e+00 -7.399547576904296875e+00
2.317626380920410156e+01 5.932806396484375000e+01 -7.571648406982421875e+01 1.727498173713684082e+00 1.055366992950439453e+00 -7.218656063079833984e+00
2.322496414184570312e+01 5.935273742675781250e+01 -7.588436889648437500e+01 2.516961097717285156e+00 1.139716506004333496e+00 -7.172848701477050781e+00
2.326272583007812500e+01 5.937427139282226562e+01 -7.599632263183593750e+01 2.791852951049804688e+00 1.233828306198120117e+00 -7.188650131225585938e+00
2.333790969848632812e+01 5.940804672241210938e+01 -7.616378021240234375e+01 3.091214179992675781e+00 1.881940722465515137e+00 -7.212887287139892578e+00
2.338271522521972656e+01 5.944441604614257812e+01 -7.627779388427734375e+01 2.963956832885742188e+00 2.271017074584960938e+00 -7.302531242370605469e+00
2.345705413818359375e+01 5.950992965698242188e+01 -7.644955444335937500e+01 2.891898155212402344e+00 2.931333541870117188e+00 -7.441959857940673828e+00
2.350481033325195312e+01 5.956307601928710938e+01 -7.656669616699218750e+01 2.418982744216918945e+00 3.200429916381835938e+00 -7.501346111297607422e+00
2.355541992187500000e+01 5.964474868774414062e+01 -7.674198913574218750e+01 1.752212643623352051e+00 3.132821559906005859e+00 -7.489430904388427734e+00
2.359483146667480469e+01 5.972849273681640625e+01 -7.691789245605468750e+01 1.049248099327087402e+00 2.896999359130859375e+00 -7.516802787780761719e+00
2.361285018920898438e+01 5.977532958984375000e+01 -7.703524780273437500e+01 7.905343770980834961e-01 2.667480945587158203e+00 -7.471953868865966797e+00
2.362876701354980469e+01 5.983348083496093750e+01 -7.720635986328125000e+01 4.347130060195922852e-01 2.102370262145996094e+00 -7.264234542846679688e+00
2.363800811767578125e+01 5.986523818969726562e+01 -7.731911468505859375e+01 3.479368984699249268e-01 1.763695597648620605e+00 -7.195800304412841797e+00
2.365506553649902344e+01 5.989794921875000000e+01 -7.748612976074218750e+01 4.241616725921630859e-01 1.156016588211059570e+00 -7.020636558532714844e+00
2.366861152648925781e+01 5.991209793090820312e+01 -7.759503936767578125e+01 5.629136562347412109e-01 9.309155344963073730e-01 -6.987972736358642578e+00
2.369783782958984375e+01 5.992787170410156250e+01 -7.775350952148437500e+01 9.800058007240295410e-01 9.101108312606811523e-01 -6.676545143127441406e+00
2.372000312805175781e+01 5.994167709350585938e+01 -7.785720825195312500e+01 1.384121417999267578e+00 8.455393314361572266e-01 -6.684613227844238281e+00
2.377244377136230469e+01 5.996551513671875000e+01 -7.801290130615234375e+01 1.778209209442138672e+00 1.354513287544250488e+00 -6.578239440917968750e+00
2.382995796203613281e+01 6.000725555419921875e+01 -7.816794586181640625e+01 1.860664725303649902e+00 1.920049786567687988e+00 -6.680368900299072266e+00
2.386630630493164062e+01 6.004162216186523438e+01 -7.827286529541015625e+01 1.748059749603271484e+00 2.138637065887451172e+00 -6.815270423889160156e+00
2.391784095764160156e+01 6.009987258911132812e+01 -7.843449401855468750e+01 1.858478546142578125e+00 2.554592609405517578e+00 -6.976412296295166016e+00
2.394907569885253906e+01 6.013825225830078125e+01 -7.854460144042968750e+01 1.762197256088256836e+00 2.692792892456054688e+00 -7.186307430267333984e+00
2.400057601928710938e+01 6.019708251953125000e+01 -7.871334838867187500e+01 1.948267698287963867e+00 3.050752639770507812e+00 -7.272846698760986328e+00
2.403689765930175781e+01 6.023962020874023438e+01 -7.882682800292968750e+01 1.794166207313537598e+00 3.388222932815551758e+00 -7.268128395080566406e+00
2.408707237243652344e+01 6.031067657470703125e+01 -7.899689483642578125e+01 1.535407423973083496e+00 3.510809421539306641e+00 -7.331803321838378906e+00
2.412635993957519531e+01 6.037933349609375000e+01 -7.916746520996093750e+01 1.131388545036315918e+00 3.602236509323120117e+00 -7.255252361297607422e+00
2.414719200134277344e+01 6.042201995849609375e+01 -7.928001403808593750e+01 1.059402942657470703e+00 3.340806722640991211e+00 -7.236627101898193359e+00
2.418313980102539062e+01 6.048480606079101562e+01 -7.944780731201171875e+01 1.067296385765075684e+00 3.197778224945068359e+00 -7.202773094177246094e+00
2.420382881164550781e+01 6.052811431884765625e+01 -7.955841064453125000e+01 9.445794820785522461e-01 3.114984750747680664e+00 -7.060827255249023438e+00
2.423483085632324219e+01 6.058977127075195312e+01 -7.972038269042968750e+01 1.039941430091857910e+00 2.780556678771972656e+00 -6.835785865783691406e+00
2.425308418273925781e+01 6.062666702270507812e+01 -7.982607269287109375e+01 1.048115372657775879e+00 2.715798854827880859e+00 -6.763339042663574219e+00
2.427519416809082031e+01 6.067534255981445312e+01 -7.998624420166015625e+01 1.088099360466003418e+00 2.253912210464477539e+00 -6.864781856536865234e+00
2.429301071166992188e+01 6.070018386840820312e+01 -8.009367370605468750e+01 1.608249187469482422e+00 2.152718305587768555e+00 -6.993545532226562500e+00
2.433532905578613281e+01 6.073632812500000000e+01 -8.025675964355468750e+01 2.261972188949584961e+00 2.273825407028198242e+00 -7.039896488189697266e+00
2.255842018127441406e+01 5.865433883666992188e+01 -7.297804260253906250e+01 1.357757568359375000e+00 1.191009163856506348e+00 -8.461986541748046875e+00
