-3.753968048840761185e-03 -5.303056910634040833e-03 6.559746339917182922e-03
-1.223504543304443359e-02 3.330291074234992266e-04 -4.836771637201309204e-03
6.696951109915971756e-03 8.013781625777482986e-04 9.816811420023441315e-03
3.170204814523458481e-03 2.824605815112590790e-02 -4.260719753801822662e-03
-1.613831333816051483e-02 5.282560363411903381e-03 -7.731160731054842472e-04
-1.205717958509922028e-02 -1.779947243630886078e-02 -1.235937140882015228e-02
-1.163069996982812881e-02 -9.542880579829216003e-03 -1.259701210074126720e-03
-4.501391958910971880e-05 5.981743801385164261e-03 -1.659225858747959137e-02
-2.202695421874523163e-02 4.128631553612649441e-04 -2.465277165174484253e-02
-1.806220598518848419e-02 -9.534533135592937469e-03 -1.703458651900291443e-02
-2.364466153085231781e-02 -3.437631065025925636e-03 -3.576575592160224915e-02
-1.847316697239875793e-02 1.313285157084465027e-02 -3.576179966330528259e-02
-3.196636959910392761e-02 -1.271142624318599701e-03 -3.058451041579246521e-02
-3.927277401089668274e-02 4.016165621578693390e-03 -2.948958054184913635e-02
-1.346180308610200882e-02 2.625065855681896210e-02 -4.883566871285438538e-02
-1.054471917450428009e-02 5.687379743903875351e-03 -2.854629978537559509e-02
-2.618322335183620453e-02 3.417317289859056473e-03 -2.215067110955715179e-02
-4.558952525258064270e-03 1.104789879173040390e-02 -2.402014844119548798e-02
-2.764101698994636536e-02 1.895522885024547577e-02 -2.339892461895942688e-02
-2.393501251935958862e-02 -1.600181497633457184e-02 -3.882953897118568420e-02
-1.768147572875022888e-02 -1.213660836219787598e-02 -2.007290720939636230e-02
1.945464988239109516e-03 -1.852675713598728180e-02 -2.366088889539241791e-02
-1.459223963320255280e-02 -1.500431355088949203e-02 -2.439811639487743378e-02
-2.371081523597240448e-02 -2.306429482996463776e-02 -4.893352836370468140e-02
-8.714343421161174774e-03 -4.463959112763404846e-02 -2.778994664549827576e-02
1.393975503742694855e-02 -1.189179532229900360e-02 -5.148523673415184021e-02
-1.202497072517871857e-02 -2.456556819379329681e-02 -3.068999201059341431e-02
-8.916021324694156647e-03 -1.758753694593906403e-02 -4.922930896282196045e-02
-1.402249839156866074e-02 -2.332295291125774384e-02 -4.491489753127098083e-02
-1.650388911366462708e-02 -1.472190674394369125e-02 -5.656073242425918579e-02
-1.403715927153825760e-02 -4.683909006416797638e-03 -6.234420090913772583e-02
-4.832091741263866425e-03 -1.109197176992893219e-02 -5.950221419334411621e-02
-2.587302401661872864e-02 -2.385329641401767731e-02 -6.942942738533020020e-02
-1.990623399615287781e-02 -3.446201235055923462e-02 -6.447438895702362061e-02
-4.589540418237447739e-03 -2.937112562358379364e-02 -6.579955667257308960e-02
-2.455594949424266815e-02 -8.532350882887840271e-03 -7.091091573238372803e-02
-3.704416006803512573e-02 -1.701209694147109985e-02 -5.250310897827148438e-02
-6.181283388286828995e-03 -1.812121644616127014e-02 -5.659827217459678650e-02
-1.660580560564994812e-02 -2.012014575302600861e-02 -6.212105974555015564e-02
-3.576816618442535400e-02 -1.601726189255714417e-02 -5.527177453041076660e-02
-2.831793017685413361e-02 -1.968816667795181274e-02 -7.291194051504135132e-02
-2.096768096089363098e-02 -3.748246817849576473e-04 -8.507350832223892212e-02
-2.870214544236660004e-02 3.013034351170063019e-03 -7.666157931089401245e-02
-2.704400755465030670e-02 -1.569668017327785492e-02 -9.503930807113647461e-02
-3.382014110684394836e-02 -1.194654591381549835e-02 -7.381121814250946045e-02
-3.879627957940101624e-02 1.367370481602847576e-03 -7.827664166688919067e-02
-3.536479547619819641e-02 -1.676071248948574066e-02 -8.305735141038894653e-02
-3.947145864367485046e-02 -2.287965267896652222e-02 -7.744772732257843018e-02
-2.972393110394477844e-02 -3.625430166721343994e-02 -8.591939508914947510e-02
-1.941432058811187744e-02 -3.421073406934738159e-02 -8.394684642553329468e-02
-2.252622134983539581e-02 3.201468207407742739e-04 -8.965834975242614746e-02
-2.855779416859149933e-02 -2.838281914591789246e-03 -7.099246978759765625e-02
-1.572324335575103760e-02 1.003307849168777466e-02 -8.256057649850845337e-02
-4.671518132090568542e-02 1.824829354882240295e-02 -7.895627617835998535e-02
-3.190853819251060486e-02 2.210790477693080902e-02 -8.996956795454025269e-02
-2.583791688084602356e-02 -3.587523708119988441e-03 -8.359852433204650879e-02
-1.712997071444988251e-02 7.039021700620651245e-03 -9.378522634506225586e-02
-3.569115698337554932e-02 1.925108209252357483e-02 -9.897284209728240967e-02
-3.751507773995399475e-02 1.199503708630800247e-02 -9.499313682317733765e-02
-3.373116999864578247e-02 -1.040139328688383102e-02 -9.638059139251708984e-02
-4.950997233390808105e-02 -4.771028179675340652e-03 -1.006485149264335632e-01
-4.042783007025718689e-02 -6.870738230645656586e-03 -7.219675928354263306e-02
-4.095559567213058472e-02 -1.128703169524669647e-02 -9.234476834535598755e-02
-4.334099590778350830e-02 4.593734163790941238e-03 -9.045384824275970459e-02
-4.904534667730331421e-02 2.798049477860331535e-03 -9.650108218193054199e-02
-5.083130672574043274e-02 1.980297826230525970e-02 -9.297128766775131226e-02
-4.580112546682357788e-02 -8.405943401157855988e-03 -1.048370972275733948e-01
-4.615608975291252136e-02 -1.923713251017034054e-03 -9.278739243745803833e-02
-4.838871583342552185e-02 -3.341723466292023659e-03 -1.115612015128135681e-01
-5.170122906565666199e-02 9.283065795898437500e-03 -1.132053285837173462e-01
-6.720130890607833862e-02 -2.154565416276454926e-02 -1.214422732591629028e-01
-5.240924283862113953e-02 -5.143011920154094696e-03 -1.196838691830635071e-01
-5.090567097067832947e-02 -7.407176773995161057e-03 -1.209750026464462280e-01
-4.718466475605964661e-02 -1.893056929111480713e-02 -1.172566264867782593e-01
-5.918873101472854614e-02 -2.260283567011356354e-02 -1.186676621437072754e-01
-4.743510484695434570e-02 -4.874554870184510946e-04 -1.348293125629425049e-01
-7.248502224683761597e-02 -1.642127521336078644e-02 -1.247460320591926575e-01
-5.176675319671630859e-02 -1.945431157946586609e-02 -1.311937719583511353e-01
-3.810814768075942993e-02 -1.189608126878738403e-02 -1.486960202455520630e-01
-5.810523033142089844e-02 -1.602406986057758331e-02 -1.511067599058151245e-01
-5.525215342640876770e-02 -1.868741959333419800e-02 -1.408294141292572021e-01
-5.690656229853630066e-02 -1.960515789687633514e-02 -1.429754346609115601e-01
-6.183042004704475403e-02 -2.446093223989009857e-02 -1.483779251575469971e-01
-6.631539762020111084e-02 -2.348419465124607086e-02 -1.345235854387283325e-01
-7.066853344440460205e-02 -4.560410976409912109e-03 -1.570428460836410522e-01
-6.960064172744750977e-02 -2.243597991764545441e-02 -1.366947293281555176e-01
-7.070074230432510376e-02 -2.233613282442092896e-02 -1.541574299335479736e-01
-6.907136738300323486e-02 -4.746216814965009689e-03 -1.488797366619110107e-01
-8.920013159513473511e-02 -1.745458692312240601e-02 -1.532265692949295044e-01
-8.209450542926788330e-02 -5.264550819993019104e-02 -1.507450044155120850e-01
-7.740202546119689941e-02 -3.798247128725051880e-02 -1.545937210321426392e-01
-9.892005473375320435e-02 -3.638899698853492737e-02 -1.630393117666244507e-01
-6.595594435930252075e-02 -2.210568636655807495e-02 -1.642607599496841431e-01
-8.758899569511413574e-02 -2.950271591544151306e-02 -1.613784581422805786e-01
-9.147177636623382568e-02 -2.310271561145782471e-02 -1.850305348634719849e-01
-1.034038886427879333e-01 -5.046948790550231934e-02 -1.694412827491760254e-01
-9.200497716665267944e-02 -4.902115836739540100e-02 -1.922245621681213379e-01
-9.625568240880966187e-02 -4.202864319086074829e-02 -1.776387393474578857e-01
-9.406952559947967529e-02 -2.835498750209808350e-02 -1.853682696819305420e-01
-9.969975799322128296e-02 -4.179632663726806641e-02 -1.988299041986465454e-01
-9.411118179559707642e-02 -3.268447890877723694e-02 -1.857902556657791138e-01
-9.972561150789260864e-02 -2.157590165734291077e-02 -1.870261728763580322e-01
-8.152292668819427490e-02 -2.939186617732048035e-02 -2.099824100732803345e-01
-9.195040166378021240e-02 -1.293557789176702499e-02 -2.108860164880752563e-01
-9.466011077165603638e-02 -4.930058866739273071e-02 -2.257173657417297363e-01
-7.293241471052169800e-02 -5.238053575158119202e-02 -2.200511544942855835e-01
-7.246897369623184204e-02 -2.579292282462120056e-02 -2.037267237901687622e-01
-8.560830354690551758e-02 -4.361389204859733582e-02 -2.207871675491333008e-01
-1.004900112748146057e-01 -5.239826440811157227e-02 -2.208831161260604858e-01
-1.023938804864883423e-01 -6.097589433193206787e-02 -2.116601914167404175e-01
-7.379693537950515747e-02 -4.078271985054016113e-02 -2.336745113134384155e-01
-9.601186960935592651e-02 -5.914697796106338501e-02 -2.214422821998596191e-01
-9.220791608095169067e-02 -2.819504961371421814e-02 -2.327689379453659058e-01
-9.728942066431045532e-02 -1.946703530848026276e-02 -2.344139814376831055e-01
-1.125266328454017639e-01 -1.864206977188587189e-02 -2.307026982307434082e-01
-1.197297200560569763e-01 -2.532009407877922058e-02 -2.279646843671798706e-01
-1.042900085449218750e-01 -1.982190832495689392e-02 -2.399792671203613281e-01
-1.008795872330665588e-01 -2.905028313398361206e-02 -2.329814732074737549e-01
-1.130735054612159729e-01 -3.902576491236686707e-02 -2.322872579097747803e-01
-1.131435632705688477e-01 -3.449496254324913025e-02 -2.456264942884445190e-01
-1.209077462553977966e-01 -3.912774473428726196e-02 -2.498338818550109863e-01
-1.402522474527359009e-01 -2.338915690779685974e-02 -2.381894141435623169e-01
-1.318245828151702881e-01 -1.663157902657985687e-02 -2.524425089359283447e-01
-1.226383820176124573e-01 -1.138033065944910049e-02 -2.484899014234542847e-01
-1.294766515493392944e-01 -3.432575985789299011e-02 -2.553850114345550537e-01
-1.175706908106803894e-01 -1.971916481852531433e-02 -2.510795593261718750e-01
-1.133937090635299683e-01 -1.558206416666507721e-02 -2.471811026334762573e-01
-1.385992914438247681e-01 -1.066522207111120224e-02 -2.371742427349090576e-01
-1.301958560943603516e-01 -2.994595281779766083e-02 -2.651717364788055420e-01
-1.215108335018157959e-01 -1.644834876060485840e-02 -2.616001665592193604e-01
-1.187901943922042847e-01 -4.420724138617515564e-02 -2.623480856418609619e-01
-1.142831221222877502e-01 -4.891168698668479919e-02 -2.670567631721496582e-01
-1.105110943317413330e-01 -2.856365963816642761e-02 -2.632240951061248779e-01
-1.225096732378005981e-01 -2.872602455317974091e-02 -2.574894726276397705e-01
-1.260493248701095581e-01 -3.798670694231987000e-02 -2.674300968647003174e-01
-1.166729480028152466e-01 -2.206588350236415863e-02 -2.724859714508056641e-01
-1.325183510780334473e-01 -3.556440770626068115e-02 -2.712716162204742432e-01
-1.231740042567253113e-01 -2.619618736207485199e-02 -2.863731086254119873e-01
-1.256484389305114746e-01 -1.526038534939289093e-02 -2.932047843933105469e-01
-1.495711058378219604e-01 -3.658312186598777771e-02 -2.866086363792419434e-01
-1.377063691616058350e-01 -5.183374509215354919e-02 -2.872295975685119629e-01
-1.152120605111122131e-01 -3.301510587334632874e-02 -2.961361706256866455e-01
-1.160218715667724609e-01 -3.644118458032608032e-02 -2.953508198261260986e-01
-1.376424878835678101e-01 -2.452071756124496460e-02 -3.004395067691802979e-01
-1.324062049388885498e-01 -4.398738592863082886e-02 -2.995705604553222656e-01
-1.298230439424514771e-01 -3.354987502098083496e-02 -3.100686371326446533e-01
-1.158378496766090393e-01 -2.625084668397903442e-02 -3.161378204822540283e-01
-1.711897999048233032e-01 -4.599026590585708618e-02 -3.185287415981292725e-01
-1.517346799373626709e-01 -4.444425925612449646e-02 -3.226231336593627930e-01
-1.503822505474090576e-01 -2.912170812487602234e-02 -3.333550989627838135e-01
-1.781880855560302734e-01 -2.344756387174129486e-02 -3.141844570636749268e-01
-1.772183775901794434e-01 -4.526587948203086853e-02 -3.365093171596527100e-01
-1.744888722896575928e-01 -4.000708088278770447e-02 -3.277035057544708252e-01
-1.619181036949157715e-01 -6.143256276845932007e-02 -3.359072506427764893e-01
-1.660436391830444336e-01 -5.737711116671562195e-02 -3.406088948249816895e-01
-1.477327197790145874e-01 -5.598207190632820129e-02 -3.429937362670898438e-01
-1.716255098581314087e-01 -6.289932131767272949e-02 -3.439983129501342773e-01
-1.698326468467712402e-01 -1.993678696453571320e-02 -3.384590744972229004e-01
-1.810197532176971436e-01 -4.403920844197273254e-02 -3.414593636989593506e-01
-1.759444624185562134e-01 -6.165746971964836121e-02 -3.464051485061645508e-01
-1.668845713138580322e-01 -4.623472690582275391e-02 -3.577556312084197998e-01
-1.863612979650497437e-01 -3.546061366796493530e-02 -3.457801342010498047e-01
-1.686049848794937134e-01 -3.538676723837852478e-02 -3.372066915035247803e-01
-1.714146137237548828e-01 -4.632866755127906799e-02 -3.630802631378173828e-01
-1.713030040264129639e-01 -4.163002967834472656e-02 -3.714707195758819580e-01
-1.719644665718078613e-01 -2.196553908288478851e-02 -3.668959736824035645e-01
-1.885139048099517822e-01 -3.354409337043762207e-02 -3.840870559215545654e-01
-1.776060760021209717e-01 -3.555380553007125854e-02 -3.946444392204284668e-01
-1.892112344503402710e-01 -4.366306588053703308e-02 -3.769666552543640137e-01
-1.870307028293609619e-01 -2.766955643892288208e-02 -3.827724456787109375e-01
-1.759411990642547607e-01 -5.403051525354385376e-02 -3.917272090911865234e-01
-1.652278006076812744e-01 -8.030865341424942017e-03 -3.981823027133941650e-01
-1.690140664577484131e-01 -3.817289695143699646e-02 -3.923172652721405029e-01
-1.946658194065093994e-01 -3.247484192252159119e-02 -4.125041961669921875e-01
-1.991149336099624634e-01 -3.120636381208896637e-02 -4.180639088153839111e-01
-1.721547394990921021e-01 -4.333081096410751343e-02 -4.235504865646362305e-01
-1.827027201652526855e-01 -4.723835363984107971e-02 -4.134531915187835693e-01
-1.919790357351303101e-01 -3.722481802105903625e-02 -4.190589189529418945e-01
-1.867908835411071777e-01 -1.670283265411853790e-02 -4.184599518775939941e-01
-2.088292986154556274e-01 -1.649340242147445679e-02 -4.291143715381622314e-01
-2.087655514478683472e-01 -3.758881986141204834e-02 -4.411334693431854248e-01
-1.980770379304885864e-01 -4.757902398705482483e-02 -4.251259267330169678e-01
-2.007334828376770020e-01 -4.279328882694244385e-02 -4.299294650554656982e-01
-2.027263939380645752e-01 -5.549311265349388123e-02 -4.381680190563201904e-01
-2.183630168437957764e-01 -6.377128511667251587e-02 -4.380322098731994629e-01
-1.853970587253570557e-01 -6.202238425612449646e-02 -4.472054243087768555e-01
-2.195173650979995728e-01 -2.477834373712539673e-02 -4.477543830871582031e-01
-2.184435278177261353e-01 -6.462550908327102661e-02 -4.406988322734832764e-01
-2.148067504167556763e-01 -5.396399274468421936e-02 -4.490136802196502686e-01
-2.325078994035720825e-01 -7.380818575620651245e-02 -4.476637542247772217e-01
-2.263594120740890503e-01 -8.827199041843414307e-02 -4.561145007610321045e-01
-2.039404809474945068e-01 -7.731033116579055786e-02 -4.749293029308319092e-01
-2.166596055030822754e-01 -7.170153409242630005e-02 -4.769788980484008789e-01
-2.205543220043182373e-01 -7.813329249620437622e-02 -4.621235728263854980e-01
-2.314872890710830688e-01 -7.989064604043960571e-02 -4.690896868705749512e-01
-2.087088823318481445e-01 -8.788681030273437500e-02 -4.787607192993164062e-01
-2.102638781070709229e-01 -8.292075991630554199e-02 -4.801544845104217529e-01
-2.151692062616348267e-01 -6.743156909942626953e-02 -4.817503690719604492e-01
-2.212140709161758423e-01 -9.461557120084762573e-02 -4.688064754009246826e-01
-2.025867998600006104e-01 -9.513477981090545654e-02 -4.805364906787872314e-01
-2.203121036291122437e-01 -9.321622550487518311e-02 -4.926215112209320068e-01
-2.344428747892379761e-01 -8.089573681354522705e-02 -4.670313894748687744e-01
-2.126540690660476685e-01 -9.977876394987106323e-02 -4.871168732643127441e-01
-2.173720300197601318e-01 -9.796513617038726807e-02 -4.795943796634674072e-01
-2.486527562141418457e-01 -7.436367869377136230e-02 -4.956694841384887695e-01
-2.218741178512573242e-01 -8.514434099197387695e-02 -4.931314289569854736e-01
-2.348706871271133423e-01 -8.637347817420959473e-02 -4.929291009902954102e-01
-2.441286146640777588e-01 -9.523227810859680176e-02 -4.945127367973327637e-01
-2.452907413244247437e-01 -8.590394258499145508e-02 -5.050012469291687012e-01
-2.412499487400054932e-01 -6.899075210094451904e-02 -5.052053928375244141e-01
-2.364282459020614624e-01 -7.073184847831726074e-02 -5.192922949790954590e-01
-2.384210526943206787e-01 -8.015508949756622314e-02 -5.169990658760070801e-01
-2.571511268615722656e-01 -9.056760370731353760e-02 -5.216000080108642578e-01
-2.423621267080307007e-01 -8.206030726432800293e-02 -5.258708000183105469e-01
-2.629279196262359619e-01 -7.987948507070541382e-02 -5.126510262489318848e-01
-2.477570623159408569e-01 -7.270605862140655518e-02 -5.258858203887939453e-01
-2.703128457069396973e-01 -7.425148785114288330e-02 -5.357552170753479004e-01
-2.656872868537902832e-01 -8.735001087188720703e-02 -5.275181531906127930e-01
-2.600397169589996338e-01 -6.857156753540039062e-02 -5.416528582572937012e-01
-2.658691406250000000e-01 -5.795525759458541870e-02 -5.454698204994201660e-01
-2.769855260848999023e-01 -8.591834455728530884e-02 -5.518434643745422363e-01
-2.825985848903656006e-01 -8.343438804149627686e-02 -5.475625991821289062e-01
-2.887378036975860596e-01 -9.694994240999221802e-02 -5.398106575012207031e-01
-2.858121991157531738e-01 -7.219974696636199951e-02 -5.451471805572509766e-01
-2.786388695240020752e-01 -8.581785857677459717e-02 -5.466292500495910645e-01
-2.736805081367492676e-01 -7.784529775381088257e-02 -5.366499423980712891e-01
-2.690277695655822754e-01 -9.320555627346038818e-02 -5.644382834434509277e-01
-2.736854851245880127e-01 -9.275907278060913086e-02 -5.811676383018493652e-01
-2.821166515350341797e-01 -8.207567036151885986e-02 -5.689492821693420410e-01
-2.997321188449859619e-01 -1.064722463488578796e-01 -5.616357326507568359e-01
-2.757009863853454590e-01 -1.125981658697128296e-01 -5.854137539863586426e-01
-2.665961384773254395e-01 -9.025904536247253418e-02 -5.805171132087707520e-01
-2.927089333534240723e-01 -1.033925488591194153e-01 -5.655617713928222656e-01
-3.192422091960906982e-01 -8.536633104085922241e-02 -5.745732188224792480e-01
-3.018001914024353027e-01 -9.503386914730072021e-02 -5.767680406570434570e-01
-2.998777329921722412e-01 -8.133331686258316040e-02 -5.872648358345031738e-01
-3.036060035228729248e-01 -7.450345158576965332e-02 -5.827021002769470215e-01
-3.264195322990417480e-01 -8.964882791042327881e-02 -5.856693387031555176e-01
-3.178445994853973389e-01 -9.085046499967575073e-02 -5.862082242965698242e-01
-3.181140422821044922e-01 -9.206704050302505493e-02 -5.923328399658203125e-01
-3.381753861904144287e-01 -9.201698750257492065e-02 -5.956885814666748047e-01
-3.077169060707092285e-01 -9.104062616825103760e-02 -6.039264798164367676e-01
-3.331463932991027832e-01 -9.233722835779190063e-02 -5.981102585792541504e-01
-3.310275673866271973e-01 -8.898785710334777832e-02 -5.988249182701110840e-01
-3.336288034915924072e-01 -8.320648968219757080e-02 -6.098765134811401367e-01
-3.342066407203674316e-01 -1.104984506964683533e-01 -6.210603713989257812e-01
-3.350690305233001709e-01 -1.057167798280715942e-01 -6.093494296073913574e-01
-3.304651081562042236e-01 -1.075353324413299561e-01 -6.246763467788696289e-01
-3.219332396984100342e-01 -1.027218997478485107e-01 -6.308198571205139160e-01
-3.312579691410064697e-01 -1.003907099366188049e-01 -6.264145374298095703e-01
-3.538260757923126221e-01 -1.209614947438240051e-01 -6.329466700553894043e-01
-3.487171530723571777e-01 -1.200626716017723083e-01 -6.386246085166931152e-01
-3.603556454181671143e-01 -1.157708466053009033e-01 -6.282150745391845703e-01
-3.487420082092285156e-01 -1.315324157476425171e-01 -6.422142982482910156e-01
-3.646027743816375732e-01 -1.186518445611000061e-01 -6.432215571403503418e-01
-3.546077311038970947e-01 -1.170361116528511047e-01 -6.553395986557006836e-01
-3.499626815319061279e-01 -1.271203011274337769e-01 -6.522484421730041504e-01
-3.847672045230865479e-01 -1.267151981592178345e-01 -6.648061275482177734e-01
