2.940438454970717430e-03 3.204412059858441353e-03 2.611678326502442360e-03 9.731627255678176880e-02 -1.578932069242000580e-02 2.997056767344474792e-02
1.258060103282332420e-03 -6.984054576605558395e-03 8.360991254448890686e-03 8.821381628513336182e-02 -1.946342289447784424e-01 6.671624630689620972e-02
7.408908102661371231e-03 -4.569437820464372635e-03 -9.966159239411354065e-03 1.426404565572738647e-01 5.610327050089836121e-02 -5.519545637071132660e-03
-2.747621387243270874e-03 1.746262609958648682e-02 4.718753509223461151e-03 -7.484846562147140503e-02 4.911192879080772400e-02 -7.705109566450119019e-02
-1.053527370095252991e-02 8.430307498201727867e-04 -8.114715106785297394e-03 -2.045231461524963379e-01 -6.861706078052520752e-02 -1.169049590826034546e-01
-1.322893798351287842e-02 -3.937493078410625458e-03 -3.465785179287195206e-03 -2.024707645177841187e-01 -1.282415986061096191e-01 -1.619526147842407227e-01
-2.034761244431138039e-03 -8.141160011291503906e-03 -1.069536432623863220e-02 -1.097571328282356262e-01 3.792112320661544800e-02 -6.715940684080123901e-02
-1.608244888484477997e-02 4.722730722278356552e-03 -7.728959899395704269e-03 -1.570619791746139526e-01 -5.407593771815299988e-02 7.262446731328964233e-02
-1.851483993232250214e-02 1.099489443004131317e-02 -1.550289615988731384e-02 -2.435920685529708862e-01 -5.261084437370300293e-02 4.065548256039619446e-02
-2.339459210634231567e-02 -8.880591019988059998e-03 -9.692407213151454926e-03 -4.238918423652648926e-02 -2.741730511188507080e-01 -4.100875928997993469e-02
-2.419477701187133789e-02 6.323564797639846802e-03 -2.371527813374996185e-02 -1.796571910381317139e-02 1.479320526123046875e-01 -4.790422692894935608e-02
-1.784189231693744659e-02 1.741100451909005642e-03 -2.502086199820041656e-02 2.005245909094810486e-02 1.633452773094177246e-01 -1.340578794479370117e-01
-2.560810931026935577e-02 -5.036761518567800522e-03 -3.687795251607894897e-02 -7.140778005123138428e-02 -2.359336242079734802e-02 2.435886487364768982e-02
-2.315375767648220062e-02 1.326679950580000877e-03 -3.048958256840705872e-02 -2.302450388669967651e-01 -6.648791581392288208e-02 1.752495914697647095e-01
-2.674115262925624847e-02 1.291334442794322968e-02 -2.688130922615528107e-02 -1.326605305075645447e-02 6.713514775037765503e-02 -8.343930542469024658e-02
-3.034205548465251923e-02 1.246068254113197327e-02 -2.575785666704177856e-02 5.472717434167861938e-02 2.570084333419799805e-01 -1.226049512624740601e-01
-2.339332364499568939e-02 7.545607513748109341e-04 -3.102358430624008179e-02 -7.280014455318450928e-02 1.661388725042343140e-01 -1.561801731586456299e-01
-9.852216579020023346e-03 3.395743900910019875e-03 -2.901365421712398529e-02 1.287396699190139771e-01 -1.866036504507064819e-01 1.634265631437301636e-01
-2.046545781195163727e-02 3.450564108788967133e-03 -3.563607856631278992e-02 6.207590177655220032e-02 -1.196102052927017212e-01 6.949189305305480957e-02
-2.238610386848449707e-02 -1.480832323431968689e-02 -3.629362210631370544e-02 7.590141147375106812e-02 -2.527875006198883057e-01 -1.839631609618663788e-02
-1.455195154994726181e-02 -2.097616530954837799e-02 -3.217604756355285645e-02 1.919668763875961304e-01 -1.884150356054306030e-01 -1.484650820493698120e-01
6.631030701100826263e-04 -1.352606434375047684e-02 -3.412089869379997253e-02 1.519290357828140259e-01 7.013190537691116333e-02 -1.326266080141067505e-01
-1.578971743583679199e-02 -1.075342297554016113e-02 -3.318254649639129639e-02 1.933496743440628052e-01 1.295890063047409058e-01 -2.506405413150787354e-01
-2.327157184481620789e-02 -1.274862140417098999e-02 -3.422379493713378906e-02 1.614791899919509888e-01 -1.403996497392654419e-01 -6.175012886524200439e-02
-4.677532240748405457e-03 -2.425762638449668884e-02 -3.558341786265373230e-02 1.368953585624694824e-01 -2.983312904834747314e-01 -8.531915396451950073e-02
2.054037526249885559e-03 -2.361191995441913605e-02 -4.017414525151252747e-02 6.077976152300834656e-02 -6.152870599180459976e-03 -1.873879730701446533e-01
6.466212216764688492e-04 -1.312296371906995773e-02 -4.247362539172172546e-02 1.769855991005897522e-02 9.586513973772525787e-03 -1.173468381166458130e-01
-7.708924356848001480e-03 -2.014135383069515228e-02 -5.291592702269554138e-02 1.078972592949867249e-02 1.403238177299499512e-01 -1.323121488094329834e-01
-8.205889724195003510e-03 -2.385788597166538239e-02 -4.820480942726135254e-02 1.945287920534610748e-02 5.836992710828781128e-02 -2.976119704544544220e-02
2.440972253680229187e-03 -2.297971025109291077e-02 -4.821753874421119690e-02 2.401833049952983856e-02 4.001983255147933960e-02 -1.557895541191101074e-02
-1.303040981292724609e-02 -1.231107581406831741e-02 -5.896564200520515442e-02 -6.800675392150878906e-02 -7.477091252803802490e-02 -9.670001454651355743e-03
-3.548944136127829552e-03 -1.826243847608566284e-02 -5.558544397354125977e-02 -1.552508175373077393e-01 -2.006578296422958374e-01 -1.912158429622650146e-01
-1.699608750641345978e-02 -2.888222411274909973e-02 -6.345300376415252686e-02 -1.045312881469726562e-01 2.704730071127414703e-02 -1.023957058787345886e-01
-1.873022504150867462e-02 -2.408267930150032043e-02 -5.541205778717994690e-02 -5.297672748565673828e-02 -5.231233686208724976e-02 -7.367151230573654175e-02
-1.200798433274030685e-02 -2.024801447987556458e-02 -5.912340804934501648e-02 -1.105497926473617554e-01 -3.901302069425582886e-02 -8.945027738809585571e-02
-1.041216123849153519e-02 -2.266348898410797119e-02 -5.994678288698196411e-02 -2.286687940359115601e-01 2.260703742504119873e-01 -2.532220818102359772e-02
-2.656722255051136017e-02 -2.340505085885524750e-02 -6.195704266428947449e-02 -5.971299484372138977e-02 2.335425466299057007e-01 -1.404234766960144043e-01
-1.894195005297660828e-02 -2.126812003552913666e-02 -6.494548916816711426e-02 1.858501434326171875e-01 1.175474524497985840e-01 -1.991701275110244751e-01
-2.498618699610233307e-02 -1.497782208025455475e-02 -7.132648676633834839e-02 3.944192454218864441e-02 1.454007923603057861e-01 -9.152942337095737457e-03
-2.567755244672298431e-02 -2.347053401172161102e-02 -6.215003505349159241e-02 -4.404038190841674805e-02 -1.093692779541015625e-01 -2.047491632401943207e-02
-2.457234449684619904e-02 -1.850348897278308868e-02 -6.947360932826995850e-02 -8.883946388959884644e-02 -1.643750630319118500e-02 -6.517040729522705078e-02
-2.174227125942707062e-02 -4.036943893879652023e-03 -7.416196912527084351e-02 -2.007930129766464233e-01 1.147534698247909546e-01 -1.455349028110504150e-01
-3.335607796907424927e-02 -1.493004150688648224e-02 -7.783614099025726318e-02 -1.297113448381423950e-01 6.180069595575332642e-02 -1.427219063043594360e-01
-3.171122446656227112e-02 -5.024880636483430862e-03 -8.317159116268157959e-02 -1.109578236937522888e-01 -1.775898039340972900e-01 3.011450357735157013e-02
-2.782909385859966278e-02 -8.032363839447498322e-03 -7.771354168653488159e-02 -6.281901150941848755e-02 -2.504443936049938202e-02 2.484917268157005310e-02
-2.981039881706237793e-02 -8.022204041481018066e-03 -8.555673062801361084e-02 5.579577758908271790e-03 5.569687485694885254e-02 9.267550706863403320e-02
-3.206164762377738953e-02 -6.764152087271213531e-03 -7.246764004230499268e-02 3.949668258428573608e-02 6.460426002740859985e-02 5.039026215672492981e-02
-3.918570280075073242e-02 -1.119283214211463928e-02 -7.769698649644851685e-02 -2.865684963762760162e-02 2.988840825855731964e-02 -2.927041612565517426e-02
-2.903806604444980621e-02 -1.196893304586410522e-02 -7.308077067136764526e-02 -5.008383840322494507e-02 1.341695785522460938e-01 1.396788749843835831e-02
-2.706324495375156403e-02 -1.148266438394784927e-02 -7.845199108123779297e-02 4.260403290390968323e-02 1.469298154115676880e-01 -5.732256546616554260e-02
-2.671747468411922455e-02 -5.163908470422029495e-03 -7.935701310634613037e-02 5.184712260961532593e-02 4.978203028440475464e-02 -2.756713628768920898e-01
-2.047784999012947083e-02 3.991003148257732391e-03 -7.966144382953643799e-02 -1.599509567022323608e-01 -1.107454225420951843e-01 -1.163566708564758301e-01
-1.706573553383350372e-02 2.775308443233370781e-03 -7.649259269237518311e-02 -1.384646445512771606e-01 1.125471442937850952e-01 -4.010347276926040649e-02
-3.038874268531799316e-02 5.177171900868415833e-03 -7.811576128005981445e-02 -2.400427311658859253e-01 1.844057440757751465e-01 -1.422161608934402466e-01
-3.747416287660598755e-02 4.806561395525932312e-03 -8.318547159433364868e-02 -2.889541983604431152e-01 2.205995842814445496e-02 -7.384328171610832214e-03
-3.176694735884666443e-02 1.249368302524089813e-02 -8.061473071575164795e-02 -4.857513681054115295e-02 -8.667060732841491699e-02 1.132014170289039612e-01
-2.873720228672027588e-02 1.255422178655862808e-02 -8.205451071262359619e-02 -2.194675803184509277e-02 -6.983165442943572998e-02 1.392847951501607895e-02
-3.426764160394668579e-02 7.523420266807079315e-03 -8.502046018838882446e-02 6.100344471633434296e-03 -1.944747194647789001e-02 -1.482080221176147461e-01
-4.087016358971595764e-02 3.966607153415679932e-03 -9.159600734710693359e-02 -1.533028930425643921e-01 -2.175568416714668274e-02 -8.755315095186233521e-02
-4.296124726533889771e-02 -7.775413105264306068e-04 -8.325185626745223999e-02 -9.353078156709671021e-02 -8.380837738513946533e-03 -2.298765182495117188e-01
-3.220603242516517639e-02 -5.859919358044862747e-03 -9.308806061744689941e-02 -2.808343172073364258e-01 -7.918897271156311035e-02 -2.925519347190856934e-01
-3.835458308458328247e-02 -6.907590664923191071e-03 -8.803332597017288208e-02 -7.410871982574462891e-02 -4.415616765618324280e-02 -1.358541995286941528e-01
-4.108186811208724976e-02 -1.496900990605354309e-02 -9.405962377786636353e-02 1.446084678173065186e-01 2.682023309171199799e-02 -1.177095547318458557e-01
-3.548870980739593506e-02 -4.017120227217674255e-03 -8.539343625307083130e-02 9.560864418745040894e-02 2.172585763037204742e-02 -1.348704695701599121e-01
-3.930902108550071716e-02 1.929190126247704029e-03 -1.057675108313560486e-01 4.770136997103691101e-02 8.519551903009414673e-02 -1.839292645454406738e-01
-5.162720009684562683e-02 8.778893388807773590e-03 -1.022197082638740540e-01 -6.852046400308609009e-02 1.489250808954238892e-01 -1.802864074707031250e-01
-5.417816340923309326e-02 -2.226618817076086998e-03 -1.046719104051589966e-01 5.267221480607986450e-02 -4.955339431762695312e-02 -5.116389691829681396e-02
-4.060603678226470947e-02 4.613979719579219818e-03 -1.031250059604644775e-01 -2.489401027560234070e-02 -4.818555340170860291e-02 -1.980305314064025879e-01
-4.783899337053298950e-02 -2.841808891389518976e-04 -1.083519384264945984e-01 -8.092440664768218994e-02 7.081611454486846924e-02 -2.610946297645568848e-01
-5.331204086542129517e-02 6.689985282719135284e-03 -1.156199872493743896e-01 5.074909422546625137e-03 5.391740705817937851e-04 -1.123178526759147644e-01
-4.472696781158447266e-02 -6.999662611633539200e-03 -1.138753667473793030e-01 -3.819155693054199219e-02 -1.065905988216400146e-01 -1.964015364646911621e-01
-4.808459430932998657e-02 -4.939710721373558044e-03 -1.141496077179908752e-01 -9.468975663185119629e-02 2.962385490536689758e-02 -1.627263575792312622e-01
-5.596839264035224915e-02 -4.517094697803258896e-03 -1.235311180353164673e-01 -1.533395517617464066e-02 8.282205462455749512e-02 -1.152844280004501343e-01
-5.491157621145248413e-02 -1.658074557781219482e-02 -1.240227520465850830e-01 -1.175556406378746033e-01 -1.265811622142791748e-01 -1.803344935178756714e-01
-4.308498278260231018e-02 -8.539252914488315582e-03 -1.219628527760505676e-01 -9.579215198755264282e-02 1.036893352866172791e-01 -1.881080567836761475e-01
-5.092884227633476257e-02 -1.139821764081716537e-02 -1.235248595476150513e-01 -4.036570899188518524e-03 6.376752257347106934e-02 -1.756798475980758667e-01
-5.785130709409713745e-02 -2.327755652368068695e-02 -1.231104284524917603e-01 -1.495567858219146729e-01 -1.970262266695499420e-02 9.662969410419464111e-02
-5.146587267518043518e-02 -1.619894430041313171e-02 -1.233413219451904297e-01 -1.310141086578369141e-01 -1.709952503442764282e-01 1.230393499135971069e-01
-4.785543307662010193e-02 -1.955349370837211609e-02 -1.307184547185897827e-01 1.222212705761194229e-02 -1.464137732982635498e-01 -2.043402493000030518e-01
-5.302659049630165100e-02 -2.684675715863704681e-02 -1.333735734224319458e-01 -1.312769204378128052e-01 -9.809591621160507202e-02 -1.020858809351921082e-01
-5.401304736733436584e-02 -8.319522254168987274e-03 -1.334484070539474487e-01 2.024990972131490707e-03 8.990393579006195068e-02 -2.324864417314529419e-01
-5.256998911499977112e-02 -1.243478246033191681e-02 -1.498829871416091919e-01 9.164930880069732666e-02 9.202187880873680115e-03 3.511027619242668152e-02
-6.385760009288787842e-02 -9.048058651387691498e-03 -1.516321301460266113e-01 -7.608306407928466797e-02 -1.167569160461425781e-01 8.699210733175277710e-02
-6.916853785514831543e-02 -1.888238824903964996e-02 -1.459027081727981567e-01 -7.273569703102111816e-02 -1.792759746313095093e-01 -1.402822732925415039e-01
-7.488717883825302124e-02 -1.423398498445749283e-02 -1.525798439979553223e-01 -6.292173266410827637e-02 -2.014233171939849854e-01 -9.382462501525878906e-02
-7.004431635141372681e-02 -1.284922193735837936e-02 -1.461032778024673462e-01 -7.035002857446670532e-02 -1.108805090188980103e-01 2.564299851655960083e-02
-7.160097360610961914e-02 -2.189122140407562256e-02 -1.346697062253952026e-01 -1.588048785924911499e-01 -1.312900632619857788e-01 -1.394960433244705200e-01
-7.489074021577835083e-02 -1.180222630500793457e-02 -1.469505578279495239e-01 -1.316924840211868286e-01 -6.313115358352661133e-02 -2.254069894552230835e-01
-8.604387938976287842e-02 -2.486868947744369507e-02 -1.488445103168487549e-01 -1.054887250065803528e-01 -8.908844739198684692e-02 -1.012838725000619888e-02
-7.262493669986724854e-02 -2.835205197334289551e-02 -1.543168425559997559e-01 -1.399020403623580933e-01 -7.625503093004226685e-02 -2.631080150604248047e-02
-9.237173199653625488e-02 -2.239409647881984711e-02 -1.655203849077224731e-01 -1.516404002904891968e-01 4.218035936355590820e-02 -4.959403071552515030e-03
-8.391888439655303955e-02 -3.151549771428108215e-02 -1.592382043600082397e-01 -3.888311982154846191e-02 7.259945571422576904e-02 -9.520827233791351318e-02
-7.522671669721603394e-02 -3.164790198206901550e-02 -1.724754869937896729e-01 -1.230984088033437729e-02 6.315056234598159790e-02 1.376841217279434204e-01
-8.350569754838943481e-02 -2.690883167088031769e-02 -1.675412207841873169e-01 -1.583344191312789917e-01 -4.006245359778404236e-02 -1.763950735330581665e-01
-8.866690844297409058e-02 -3.475608676671981812e-02 -1.798292994499206543e-01 -1.278668791055679321e-01 -4.594244062900543213e-02 -2.225083410739898682e-01
-8.915290981531143188e-02 -3.780702874064445496e-02 -1.796920895576477051e-01 -9.557104110717773438e-02 -1.072432845830917358e-01 -2.204837650060653687e-01
-9.546057134866714478e-02 -4.732289910316467285e-02 -1.766552776098251343e-01 -7.188274525105953217e-03 6.999197602272033691e-02 -1.719532608985900879e-01
-9.114908427000045776e-02 -2.780446596443653107e-02 -1.827199757099151611e-01 8.091674000024795532e-02 -3.803634271025657654e-02 -1.338208615779876709e-01
-8.721761405467987061e-02 -4.915008693933486938e-02 -1.900304555892944336e-01 1.230154782533645630e-01 -1.367856562137603760e-01 -1.354470849037170410e-01
-8.831883966922760010e-02 -3.701315820217132568e-02 -1.852727234363555908e-01 8.978953957557678223e-02 -8.959644287824630737e-02 3.490085899829864502e-02
-8.349747210741043091e-02 -3.527004271745681763e-02 -2.017385065555572510e-01 1.011549904942512512e-01 -1.837717890739440918e-01 -1.228734627366065979e-01
-8.732708543539047241e-02 -4.355420172214508057e-02 -1.955615431070327759e-01 4.997277259826660156e-02 8.516077697277069092e-02 -1.130615398287773132e-01
-9.263069182634353638e-02 -3.050911054015159607e-02 -2.068734169006347656e-01 7.709492743015289307e-02 1.344654560089111328e-01 -6.546277552843093872e-02
-9.516981989145278931e-02 -4.071029648184776306e-02 -2.078729569911956787e-01 1.311981827020645142e-01 8.608827367424964905e-03 -1.889107823371887207e-01
-9.008230268955230713e-02 -4.624274373054504395e-02 -2.102406471967697144e-01 -7.563852705061435699e-03 5.409092828631401062e-02 -1.473350264132022858e-02
-7.683242857456207275e-02 -4.060303792357444763e-02 -2.213143855333328247e-01 -2.337857037782669067e-01 1.584393084049224854e-01 -2.721490561962127686e-01
-8.193327486515045166e-02 -4.204483702778816223e-02 -2.115299254655838013e-01 -2.148092538118362427e-01 4.142390564084053040e-02 -2.838781476020812988e-01
-8.534309267997741699e-02 -3.446419909596443176e-02 -2.142380177974700928e-01 -1.083573102951049805e-01 2.872826345264911652e-02 -1.492614895105361938e-01
-8.926250785589218140e-02 -4.828361421823501587e-02 -2.331624180078506470e-01 -1.034402251243591309e-01 9.796179831027984619e-02 -8.944434672594070435e-02
-8.981471508741378784e-02 -4.924387112259864807e-02 -2.275304645299911499e-01 -3.912274725735187531e-03 1.219592392444610596e-01 1.300704549066722393e-03
-9.719362109899520874e-02 -3.534188121557235718e-02 -2.251948714256286621e-01 1.001132205128669739e-01 -5.763397738337516785e-02 -1.057547330856323242e-01
-8.527918905019760132e-02 -4.145276546478271484e-02 -2.250159829854965210e-01 9.298507124185562134e-02 -2.918181195855140686e-02 -1.887991130352020264e-01
-9.228311479091644287e-02 -3.386603295803070068e-02 -2.348089367151260376e-01 -1.902962774038314819e-01 -1.550794839859008789e-01 -1.435174793004989624e-01
-9.865780174732208252e-02 -2.811814844608306885e-02 -2.305293530225753784e-01 -3.124390244483947754e-01 -2.641541138291358948e-02 -3.058895468711853027e-02
-1.193213984370231628e-01 -2.958777733147144318e-02 -2.357132136821746826e-01 -2.627970576286315918e-01 -1.409563720226287842e-01 -3.626126050949096680e-01
-1.242974177002906799e-01 -3.339305520057678223e-02 -2.377633601427078247e-01 -1.735565364360809326e-01 -1.876151859760284424e-01 -2.317433208227157593e-01
-1.088558137416839600e-01 -2.268900349736213684e-02 -2.378251105546951294e-01 -8.368398249149322510e-02 -8.040893822908401489e-02 -4.929876700043678284e-02
-1.168925091624259949e-01 -2.692801319062709808e-02 -2.391276955604553223e-01 -9.748788177967071533e-02 -4.212328791618347168e-02 4.873968288302421570e-02
-1.208336949348449707e-01 -2.645078301429748535e-02 -2.393742799758911133e-01 -1.196753531694412231e-01 3.226236253976821899e-02 -1.572548896074295044e-01
-1.232759580016136169e-01 -2.648631110787391663e-02 -2.405135929584503174e-01 -8.504313230514526367e-02 8.975792676210403442e-02 -4.506026208400726318e-02
-1.126327812671661377e-01 -1.920717209577560425e-02 -2.553076148033142090e-01 1.974666863679885864e-02 2.536697871983051300e-02 2.347536152228713036e-03
-1.220927163958549500e-01 -2.095785923302173615e-02 -2.444917410612106323e-01 -1.386758834123611450e-01 1.654592603445053101e-01 -1.683419570326805115e-02
-1.267246305942535400e-01 -2.438793890178203583e-02 -2.418322116136550903e-01 -1.293258965015411377e-01 -3.784077940508723259e-03 -1.230482161045074463e-01
-1.391969621181488037e-01 -2.693424187600612640e-02 -2.524394392967224121e-01 -3.648357465863227844e-02 -3.447836264967918396e-02 -1.233216673135757446e-01
-1.297000795602798462e-01 -2.958344295620918274e-02 -2.492692172527313232e-01 -5.642200633883476257e-02 -1.369218379259109497e-01 -1.123602241277694702e-01
-1.253055036067962646e-01 -2.056248113512992859e-02 -2.450906932353973389e-01 -6.048697978258132935e-02 -2.085514068603515625e-01 -2.090780436992645264e-01
-1.209821403026580811e-01 -1.233283244073390961e-02 -2.489582896232604980e-01 6.759472936391830444e-02 -1.075731366872787476e-01 -1.602934300899505615e-02
-1.310298293828964233e-01 -1.348957791924476624e-02 -2.449532598257064819e-01 -5.612540245056152344e-02 -6.778288632631301880e-02 -1.090090870857238770e-01
-1.276816129684448242e-01 -2.295335382223129272e-02 -2.545269131660461426e-01 -1.239306554198265076e-01 -6.732607260346412659e-03 7.511118799448013306e-02
-1.146441847085952759e-01 -3.329742327332496643e-02 -2.500176131725311279e-01 -4.188399761915206909e-02 2.443265765905380249e-01 -4.313762485980987549e-02
-1.171842366456985474e-01 -2.499376609921455383e-02 -2.608564496040344238e-01 4.202762246131896973e-02 -5.826642364263534546e-02 -5.216557160019874573e-02
-1.110157445073127747e-01 -4.138911142945289612e-02 -2.534590363502502441e-01 -4.598819091916084290e-02 -1.139445379376411438e-01 -2.434902638196945190e-01
-1.229520589113235474e-01 -3.165762871503829956e-02 -2.642189860343933105e-01 -8.572861552238464355e-02 3.130391612648963928e-02 -4.452518224716186523e-01
-1.210794970393180847e-01 -2.673421613872051239e-02 -2.587531507015228271e-01 -2.011403627693653107e-02 1.746705919504165649e-02 -3.270423710346221924e-01
-1.213779002428054810e-01 -3.790164738893508911e-02 -2.663000524044036865e-01 -6.423578411340713501e-02 -2.387830242514610291e-02 -6.612875312566757202e-02
-1.186393052339553833e-01 -2.889788523316383362e-02 -2.692692875862121582e-01 -9.144744277000427246e-02 5.295500159263610840e-02 -7.197809219360351562e-02
-1.385422497987747192e-01 -2.979121170938014984e-02 -2.841815948486328125e-01 2.636185660958290100e-02 5.109414830803871155e-02 -1.842781752347946167e-01
-1.308119744062423706e-01 -2.727009914815425873e-02 -2.740157842636108398e-01 1.290009170770645142e-01 -2.975805290043354034e-02 -3.608635962009429932e-01
-1.348193287849426270e-01 -2.391473017632961273e-02 -2.748364210128784180e-01 8.703049272298812866e-02 -1.235804781317710876e-01 -3.316173255443572998e-01
-1.430866867303848267e-01 -3.269467875361442566e-02 -2.864322960376739502e-01 -3.109267540276050568e-02 -1.471565514802932739e-01 -6.956107169389724731e-02
-1.365414708852767944e-01 -2.804759144783020020e-02 -2.941959500312805176e-01 -2.353762276470661163e-02 1.194253005087375641e-02 1.230491846799850464e-01
-1.289688795804977417e-01 -3.882836923003196716e-02 -2.863084971904754639e-01 -2.004616856575012207e-01 1.023769676685333252e-01 -1.627180129289627075e-01
-1.263397932052612305e-01 -2.379064261913299561e-02 -3.059552311897277832e-01 -1.960424780845642090e-01 6.136679649353027344e-02 -2.168066054582595825e-01
-1.317378580570220947e-01 -2.292605116963386536e-02 -3.046293556690216064e-01 -1.632707267999649048e-01 -1.403417587280273438e-01 -2.676058113574981689e-01
-1.404120475053787231e-01 -4.505135864019393921e-02 -3.144173026084899902e-01 -2.265170812606811523e-01 7.452577352523803711e-02 -1.193640753626823425e-01
-1.373225748538970947e-01 -3.120677545666694641e-02 -3.140459060668945312e-01 -2.434247881174087524e-01 -1.599883846938610077e-02 3.276246041059494019e-02
-1.396540999412536621e-01 -3.890244662761688232e-02 -3.140287697315216064e-01 -2.984541840851306915e-02 -8.068593591451644897e-02 -9.614959359169006348e-02
-1.431177556514739990e-01 -3.209659829735755920e-02 -3.136184513568878174e-01 1.121291741728782654e-01 -1.641214340925216675e-01 -2.005000710487365723e-01
-1.547071933746337891e-01 -3.406159207224845886e-02 -3.260517418384552002e-01 -4.606975708156824112e-03 -5.496465787291526794e-02 -1.274780482053756714e-01
-1.575438678264617920e-01 -3.251075744628906250e-02 -3.207840323448181152e-01 -8.397320657968521118e-02 6.491022557020187378e-02 -2.125019133090972900e-01
-1.595984101295471191e-01 -3.843387961387634277e-02 -3.194224536418914795e-01 -1.143360659480094910e-01 1.802912540733814240e-02 -2.086973190307617188e-01
-1.588797271251678467e-01 -4.109681025147438049e-02 -3.341753184795379639e-01 -1.586874760687351227e-02 5.201836302876472473e-02 -1.485447138547897339e-01
-1.663869619369506836e-01 -4.690667986869812012e-02 -3.233261704444885254e-01 -4.455363377928733826e-02 4.485262557864189148e-02 -8.937701582908630371e-02
-1.723722815513610840e-01 -5.028722062706947327e-02 -3.390580713748931885e-01 -2.083424776792526245e-01 3.193339705467224121e-02 -5.018625780940055847e-02
-1.703991740942001343e-01 -4.485977441072463989e-02 -3.326559662818908691e-01 -3.889733552932739258e-02 3.526738658547401428e-02 7.314804941415786743e-03
-1.664631664752960205e-01 -4.006613045930862427e-02 -3.432866036891937256e-01 8.829909563064575195e-02 7.044553011655807495e-02 -2.074510455131530762e-01
-1.687300354242324829e-01 -4.018725454807281494e-02 -3.498638868331909180e-01 8.153129369020462036e-02 -8.478972315788269043e-02 -2.428536713123321533e-01
-1.736573725938796997e-01 -4.566156864166259766e-02 -3.460618853569030762e-01 -5.948471277952194214e-02 2.991256304085254669e-03 -9.159270673990249634e-02
-1.783279031515121460e-01 -3.342401981353759766e-02 -3.492898643016815186e-01 -1.842149049043655396e-01 1.573881953954696655e-01 -1.688552498817443848e-01
-1.689255982637405396e-01 -4.862581938505172729e-02 -3.440326154232025146e-01 1.062624230980873108e-01 -9.614688158035278320e-02 -1.162333190441131592e-01
-1.709735244512557983e-01 -3.553977608680725098e-02 -3.586265742778778076e-01 3.753517521545290947e-03 6.175937876105308533e-02 -1.342652738094329834e-01
-1.759337633848190308e-01 -5.356173217296600342e-02 -3.505590856075286865e-01 -2.802416682243347168e-01 3.019099682569503784e-02 -5.961368232965469360e-02
-1.819384992122650146e-01 -4.452965781092643738e-02 -3.593660891056060791e-01 -1.016631722450256348e-01 7.777243107557296753e-02 -2.706460952758789062e-01
-1.664172708988189697e-01 -3.747894614934921265e-02 -3.559804558753967285e-01 -4.677983466535806656e-03 9.098214656114578247e-02 -2.706518769264221191e-01
-1.677884459495544434e-01 -4.232589155435562134e-02 -3.662914335727691650e-01 -1.431215256452560425e-01 2.505777170881628990e-03 -6.995977461338043213e-02
-1.643535792827606201e-01 -3.338332846760749817e-02 -3.676177859306335449e-01 -3.302924931049346924e-01 -9.949061274528503418e-02 -9.062018245458602905e-02
-1.854593157768249512e-01 -3.497116640210151672e-02 -3.766226768493652344e-01 -9.660379588603973389e-02 -1.462351977825164795e-01 -8.746469765901565552e-02
-1.774653047323226929e-01 -3.475953638553619385e-02 -3.772205710411071777e-01 -3.587460890412330627e-02 -8.309394121170043945e-02 -7.699489593505859375e-02
-1.716802567243576050e-01 -3.432172909379005432e-02 -3.748419880867004395e-01 -7.523448020219802856e-02 -2.688616700470447540e-02 -2.159207463264465332e-01
-1.724305897951126099e-01 -4.341400787234306335e-02 -3.878615200519561768e-01 3.620630130171775818e-02 -2.594523727893829346e-01 -3.676765859127044678e-01
-1.705092787742614746e-01 -2.440399862825870514e-02 -3.861736655235290527e-01 -2.393131703138351440e-02 -1.325843036174774170e-01 -3.652631342411041260e-01
-1.738582998514175415e-01 -2.556649409234523773e-02 -4.001316428184509277e-01 -8.564865589141845703e-02 2.598926052451133728e-02 -1.359763592481613159e-01
-1.677752137184143066e-01 -2.810175158083438873e-02 -3.972263038158416748e-01 -3.780563175678253174e-02 8.823108673095703125e-02 -1.215052902698516846e-01
-1.780065894126892090e-01 -2.588984370231628418e-02 -4.092782437801361084e-01 3.472534194588661194e-02 1.261769048869609833e-02 -1.884083598852157593e-01
-1.793458163738250732e-01 -4.041748866438865662e-02 -4.054216742515563965e-01 5.678330548107624054e-03 -9.387367404997348785e-03 -7.050193846225738525e-02
-1.825849562883377075e-01 -4.213622957468032837e-02 -4.146636128425598145e-01 -6.289968639612197876e-02 -8.657681941986083984e-02 -2.296777367591857910e-01
-1.832016855478286743e-01 -3.482888266444206238e-02 -4.127985239028930664e-01 -1.035642921924591064e-01 -1.442203372716903687e-01 -2.926227748394012451e-01
-1.787762790918350220e-01 -4.033073410391807556e-02 -4.116494357585906982e-01 4.335838928818702698e-02 -1.034476757049560547e-01 -1.550638824701309204e-01
-1.861550807952880859e-01 -3.239754587411880493e-02 -4.182758033275604248e-01 -5.625443905591964722e-02 9.060629457235336304e-02 1.298757940530776978e-01
-1.937773972749710083e-01 -2.907090634107589722e-02 -4.285303950309753418e-01 -5.638677254319190979e-02 1.520133167505264282e-01 -1.524640917778015137e-01
-1.928860545158386230e-01 -3.849854320287704468e-02 -4.354910254478454590e-01 -7.590731233358383179e-02 -1.304271072149276733e-01 -2.914149165153503418e-01
-1.952111870050430298e-01 -4.693049192428588867e-02 -4.393746256828308105e-01 -2.358459085226058960e-01 -1.894274652004241943e-01 -1.663098782300949097e-01
-2.068892419338226318e-01 -4.561925679445266724e-02 -4.419105947017669678e-01 -3.145232200622558594e-01 -1.688966602087020874e-01 -1.761329919099807739e-01
-2.038901597261428833e-01 -5.463035404682159424e-02 -4.388993084430694580e-01 -1.658358871936798096e-01 1.015477441251277924e-02 -1.260986328125000000e-01
-2.092112302780151367e-01 -5.496418103575706482e-02 -4.324724376201629639e-01 -7.406860589981079102e-03 -9.514731168746948242e-02 -2.070684432983398438e-01
-2.050607651472091675e-01 -4.703542962670326233e-02 -4.471637010574340820e-01 7.350511103868484497e-02 -8.676411211490631104e-02 -1.583755463361740112e-01
-2.163606733083724976e-01 -3.759972378611564636e-02 -4.475286304950714111e-01 -2.425400540232658386e-02 -2.461278066039085388e-02 -1.106847897171974182e-01
-2.182679921388626099e-01 -6.313436478376388550e-02 -4.426897466182708740e-01 -2.323347479104995728e-01 -5.472818389534950256e-03 -9.190767258405685425e-02
-2.232726514339447021e-01 -6.137123703956604004e-02 -4.398790001869201660e-01 -2.086171656847000122e-01 2.918211370706558228e-02 -1.091986820101737976e-01
-2.236241996288299561e-01 -6.687282770872116089e-02 -4.400216341018676758e-01 -2.359221428632736206e-01 3.914369270205497742e-02 -2.717346549034118652e-01
-2.229429334402084351e-01 -7.960806787014007568e-02 -4.495070576667785645e-01 -2.237187325954437256e-01 -2.650723755359649658e-01 -2.922072708606719971e-01
-2.128009349107742310e-01 -8.816236257553100586e-02 -4.512450098991394043e-01 -9.094482660293579102e-02 -2.033168226480484009e-01 -4.509949591010808945e-03
-2.128774076700210571e-01 -8.001467585563659668e-02 -4.588544964790344238e-01 -1.056393831968307495e-01 -1.379691809415817261e-02 -6.132289767265319824e-02
-2.185166627168655396e-01 -7.511977106332778931e-02 -4.651453495025634766e-01 9.706940501928329468e-02 -1.961652636528015137e-01 -6.327237188816070557e-02
-2.149578630924224854e-01 -8.434822410345077515e-02 -4.695466458797454834e-01 -2.315727248787879944e-02 4.678117576986551285e-03 -1.670790165662765503e-01
-2.156693637371063232e-01 -8.229573816061019897e-02 -4.727958738803863525e-01 -3.277251496911048889e-02 -3.855236992239952087e-02 -9.562822431325912476e-02
-2.168042361736297607e-01 -6.935863196849822998e-02 -4.739855825901031494e-01 -1.728924512863159180e-01 -1.769376397132873535e-01 -8.225363492965698242e-02
-2.173141688108444214e-01 -7.764323800802230835e-02 -4.694519340991973877e-01 -9.976527839899063110e-02 -1.316989362239837646e-01 -2.002855092287063599e-01
-2.330854833126068115e-01 -8.833961933851242065e-02 -4.781444370746612549e-01 5.930636078119277954e-02 -2.011020481586456299e-01 -1.413647383451461792e-01
-2.206832021474838257e-01 -8.953627943992614746e-02 -4.655303359031677246e-01 3.274326026439666748e-02 -1.522515863180160522e-01 -3.174873441457748413e-02
-2.195976227521896362e-01 -9.202346950769424438e-02 -4.894814193248748779e-01 7.198055088520050049e-02 6.729188561439514160e-02 -2.277788668870925903e-01
-2.193069159984588623e-01 -9.188193827867507935e-02 -4.820673763751983643e-01 -7.822544872760772705e-02 -2.380726160481572151e-03 -1.655368208885192871e-01
-2.235591858625411987e-01 -1.006327494978904724e-01 -4.844287633895874023e-01 6.296639144420623779e-02 -3.894384205341339111e-02 -5.028485506772994995e-02
-2.249509245157241821e-01 -8.523800224065780640e-02 -4.889862835407257080e-01 -1.120411530137062073e-01 -1.694060713052749634e-01 -2.986290305852890015e-02
-2.193783670663833618e-01 -1.013268381357192993e-01 -4.890520572662353516e-01 -1.728342473506927490e-01 1.022790595889091492e-01 -2.861282788217067719e-02
-2.271362394094467163e-01 -9.072496742010116577e-02 -4.899896979331970215e-01 1.789515465497970581e-02 1.115463599562644958e-01 -1.858854591846466064e-01
-2.430648803710937500e-01 -9.347016364336013794e-02 -5.069524645805358887e-01 1.214456409215927124e-01 -3.544045239686965942e-02 -2.259000539779663086e-01
-2.373109012842178345e-01 -8.932756632566452026e-02 -5.056431889533996582e-01 8.958544582128524780e-02 7.013137638568878174e-02 -1.589057594537734985e-01
-2.285708338022232056e-01 -9.248168021440505981e-02 -5.017846226692199707e-01 -2.825470082461833954e-02 3.675663843750953674e-02 -1.370756775140762329e-01
-2.386984676122665405e-01 -7.328148931264877319e-02 -5.072876811027526855e-01 -7.382233440876007080e-02 -8.316850662231445312e-02 -1.877383440732955933e-01
-2.332223802804946899e-01 -8.391793817281723022e-02 -5.078713297843933105e-01 -1.043048202991485596e-01 -2.938792407512664795e-01 5.130969732999801636e-02
-2.493286728858947754e-01 -9.117400646209716797e-02 -5.045883059501647949e-01 -2.625595629215240479e-01 -1.945643424987792969e-01 -9.396652877330780029e-02
-2.542514503002166748e-01 -8.919729292392730713e-02 -5.153570175170898438e-01 -1.527116000652313232e-01 1.382824033498764038e-01 -2.004302740097045898e-01
-2.417562156915664673e-01 -7.804118096828460693e-02 -5.232982635498046875e-01 -2.486953511834144592e-02 1.890867203474044800e-02 -3.349459171295166016e-01
-2.483945786952972412e-01 -8.117458969354629517e-02 -5.109350085258483887e-01 -1.416766494512557983e-01 2.325738407671451569e-02 -3.411495387554168701e-01
-2.580448091030120850e-01 -7.696881145238876343e-02 -5.307620763778686523e-01 -4.194493591785430908e-02 1.916122883558273315e-01 -3.463075682520866394e-02
-2.566621601581573486e-01 -8.843771368265151978e-02 -5.318878293037414551e-01 -1.907575577497482300e-01 1.176205873489379883e-01 4.106269776821136475e-02
-2.653678953647613525e-01 -8.456017822027206421e-02 -5.332851409912109375e-01 -2.032528221607208252e-01 1.662096679210662842e-01 -4.293779656291007996e-02
-2.658045887947082520e-01 -7.878860086202621460e-02 -5.274842381477355957e-01 -3.565177917480468750e-01 1.884291321039199829e-01 -1.822385042905807495e-01
-2.654198408126831055e-01 -8.087793737649917603e-02 -5.240914225578308105e-01 -2.239154428243637085e-01 2.450599893927574158e-02 -6.193130463361740112e-02
-2.685917317867279053e-01 -7.167173922061920166e-02 -5.493203997611999512e-01 -1.670135855674743652e-01 2.662141993641853333e-02 -2.073899060487747192e-01
-2.855168282985687256e-01 -7.584850490093231201e-02 -5.352954864501953125e-01 -3.147915303707122803e-01 1.196732297539710999e-01 -1.044961288571357727e-01
-2.893889546394348145e-01 -8.272887021303176880e-02 -5.501162409782409668e-01 -1.171593368053436279e-01 -6.413946859538555145e-03 -2.142728567123413086e-01
-2.862510383129119873e-01 -8.561399579048156738e-02 -5.576115846633911133e-01 9.289092570543289185e-02 -2.733807563781738281e-01 -2.033831328153610229e-01
-2.774054706096649170e-01 -8.770283311605453491e-02 -5.514726638793945312e-01 1.337072700262069702e-01 -1.175360009074211121e-01 -1.674729734659194946e-01
-2.809002995491027832e-01 -7.429981231689453125e-02 -5.610891580581665039e-01 -1.354847755283117294e-02 5.547283589839935303e-02 -7.447578758001327515e-02
-2.750441133975982666e-01 -7.661236822605133057e-02 -5.540721416473388672e-01 -3.145433962345123291e-01 8.404450118541717529e-02 -8.206907659769058228e-03
-2.672826647758483887e-01 -8.209785073995590210e-02 -5.679466128349304199e-01 -1.429005116224288940e-01 -1.725085377693176270e-01 -1.998782604932785034e-01
-2.935212850570678711e-01 -8.062714338302612305e-02 -5.678070783615112305e-01 -8.003481477499008179e-02 2.131178602576255798e-02 -6.554679572582244873e-02
-2.999442517757415771e-01 -8.712527900934219360e-02 -5.633084774017333984e-01 -1.340944766998291016e-01 -1.182193979620933533e-01 -5.618713796138763428e-02
-2.721090316772460938e-01 -9.462543576955795288e-02 -5.709710717201232910e-01 2.893387340009212494e-02 -5.410260707139968872e-02 -1.431253105401992798e-01
-2.876733243465423584e-01 -9.218394011259078979e-02 -5.705440640449523926e-01 -1.923915296792984009e-01 3.097178786993026733e-02 -1.228341609239578247e-01
-2.850749790668487549e-01 -9.347191452980041504e-02 -5.722526907920837402e-01 -1.021146997809410095e-01 -4.352819174528121948e-02 -3.604062795639038086e-01
-2.974382042884826660e-01 -8.457313477993011475e-02 -5.861801505088806152e-01 -7.072289008647203445e-03 -1.693427190184593201e-02 -3.567151129245758057e-01
-2.949340939521789551e-01 -1.040251925587654114e-01 -5.777372717857360840e-01 2.151012979447841644e-02 -1.808674074709415436e-02 -2.971373498439788818e-01
-2.946656346321105957e-01 -8.467055857181549072e-02 -5.672536492347717285e-01 5.036114249378442764e-03 1.661274954676628113e-02 -1.689221262931823730e-01
-3.024192154407501221e-01 -9.135621041059494019e-02 -5.821354389190673828e-01 -1.438575387001037598e-01 5.840485170483589172e-02 -9.819080680608749390e-02
-3.094806969165802002e-01 -9.943040460348129272e-02 -5.935036540031433105e-01 -3.882982209324836731e-02 1.086084246635437012e-01 -1.252247579395771027e-02
-3.098876178264617920e-01 -7.712733000516891479e-02 -5.847599506378173828e-01 -8.574189990758895874e-02 1.498812139034271240e-01 -1.484968513250350952e-01
-3.265543580055236816e-01 -6.964492052793502808e-02 -5.911399722099304199e-01 -2.332312166690826416e-01 -4.817136749625205994e-02 -1.722539216279983521e-01
-3.258823454380035400e-01 -9.168444573879241943e-02 -5.950931906700134277e-01 -2.693202197551727295e-01 -9.620554745197296143e-02 -1.587436348199844360e-01
-3.316156566143035889e-01 -9.693401306867599487e-02 -6.062240600585937500e-01 -2.654171586036682129e-01 -1.006633192300796509e-01 -1.468368917703628540e-01
-3.380441367626190186e-01 -9.395148605108261108e-02 -5.972286462783813477e-01 -1.137630492448806763e-01 -1.809884160757064819e-01 -6.064538285136222839e-02
-3.348894417285919189e-01 -8.405053615570068359e-02 -6.033977270126342773e-01 -3.174421936273574829e-02 -1.521604061126708984e-01 -1.175462678074836731e-01
-3.436872959136962891e-01 -1.027953252196311951e-01 -6.071157455444335938e-01 -1.063307970762252808e-01 -2.627040445804595947e-02 -1.237951517105102539e-01
-3.314248621463775635e-01 -1.030570417642593384e-01 -6.141520142555236816e-01 -6.643523275852203369e-02 -1.035048887133598328e-01 5.880375392735004425e-03
-3.156867921352386475e-01 -1.012501120567321777e-01 -6.162924766540527344e-01 4.175767675042152405e-02 1.104070432484149933e-02 -1.257235109806060791e-01
-3.300306797027587891e-01 -1.062897816300392151e-01 -6.172399520874023438e-01 -6.723973900079727173e-02 -9.500983357429504395e-02 -5.344444140791893005e-02
-3.362094163894653320e-01 -9.308867901563644409e-02 -6.286705732345581055e-01 -2.781394124031066895e-01 4.974693804979324341e-02 -1.486105024814605713e-01
-3.385550677776336670e-01 -9.366684406995773315e-02 -6.315978169441223145e-01 -2.457446157932281494e-01 -3.799613937735557556e-02 -2.568908035755157471e-01
-3.297063708305358887e-01 -1.203815266489982605e-01 -6.273212432861328125e-01 -2.401178330183029175e-01 -1.301390379667282104e-01 -2.697284221649169922e-01
-3.381525576114654541e-01 -1.114521548151969910e-01 -6.414743661880493164e-01 -3.528025448322296143e-01 -1.276722699403762817e-01 -2.935131788253784180e-01
-3.500949740409851074e-01 -1.171288862824440002e-01 -6.481400728225708008e-01 -2.986441552639007568e-01 -1.057060584425926208e-01 -1.899272501468658447e-01
-3.658247590065002441e-01 -1.227914020419120789e-01 -6.491060853004455566e-01 -1.658376604318618774e-01 -4.226585477590560913e-02 -9.231332689523696899e-02
-3.629758954048156738e-01 -1.166554838418960571e-01 -6.494185924530029297e-01 1.174380332231521606e-01 -4.912142083048820496e-02 -1.970181912183761597e-01
-3.778708875179290771e-01 -1.218891590833663940e-01 -6.597907543182373047e-01 -2.088206410408020020e-01 9.291642159223556519e-02 -1.906780004501342773e-01
-3.571532070636749268e-01 -1.287583410739898682e-01 -6.448040008544921875e-01 -1.874578595161437988e-01 3.063960000872612000e-02 -2.938202023506164551e-01
-3.758278489112854004e-01 -1.246911361813545227e-01 -6.623345613479614258e-01 -1.823284029960632324e-01 -3.906316682696342468e-02 -2.294825613498687744e-01
