1.491767470724880695e-03 -3.887925529852509499e-03 1.755353587213903666e-04 1.015888899564743042e-01 3.315779566764831543e-02 -2.327256835997104645e-02
-5.752766737714409828e-04 2.366381231695413589e-03 -4.863243084400892258e-04 -1.347047388553619385e-01 7.549949735403060913e-02 -3.475725534372031689e-04
1.645638956688344479e-03 5.668509285897016525e-03 -3.681361849885433912e-04 -2.414216846227645874e-01 4.263334721326828003e-02 -1.655145734548568726e-02
-2.147596562281250954e-03 1.015190780162811279e-02 -1.905546872876584530e-03 -1.299468278884887695e-01 -1.352446377277374268e-01 -6.325444579124450684e-02
-5.907742306590080261e-03 1.328813261352479458e-03 -2.244273200631141663e-03 1.074611395597457886e-02 -6.368485093116760254e-02 -4.058137536048889160e-02
-6.658830214291810989e-03 -4.933248274028301239e-03 -4.992951638996601105e-03 -2.494651637971401215e-02 -8.514679968357086182e-02 -1.774071305990219116e-01
-9.664816781878471375e-03 -3.618735121563076973e-03 -7.551898714154958725e-03 -1.534636914730072021e-01 -2.613223493099212646e-01 -1.791307181119918823e-01
-8.588898926973342896e-03 -7.415531581500545144e-05 -1.260169781744480133e-02 -7.992687821388244629e-02 -7.289326936006546021e-02 -2.053599059581756592e-01
-1.571754552423954010e-02 -1.969151198863983154e-03 -1.592920161783695221e-02 -1.074542757123708725e-03 -1.071635484695434570e-01 -1.805679351091384888e-01
-1.626203581690788269e-02 -5.022292025387287140e-03 -1.862535439431667328e-02 -1.809856742620468140e-01 1.693878769874572754e-01 -1.069169342517852783e-01
-2.363538183271884918e-02 -2.030370291322469711e-03 -2.147146686911582947e-02 -5.292588472366333008e-02 -1.550267040729522705e-01 -1.316151171922683716e-01
-2.197716012597084045e-02 4.101863596588373184e-03 -2.337433397769927979e-02 -2.926712483167648315e-02 5.377191677689552307e-02 -1.027493327856063843e-01
-2.633456140756607056e-02 4.724680911749601364e-03 -2.532682567834854126e-02 -1.651309430599212646e-02 1.176014095544815063e-01 -9.760864078998565674e-02
-3.113425336778163910e-02 8.707128465175628662e-03 -2.774833701550960541e-02 -8.939442038536071777e-02 -1.153078675270080566e-01 -1.636562496423721313e-01
-2.410135604441165924e-02 1.413985341787338257e-02 -3.007237426936626434e-02 -1.569422632455825806e-01 -1.537582874298095703e-01 -3.530120849609375000e-02
-2.156222611665725708e-02 3.296522889286279678e-03 -2.955645509064197540e-02 1.619037836790084839e-01 -1.181138679385185242e-01 5.140757933259010315e-02
-2.310840226709842682e-02 4.836639855057001114e-04 -2.841639332473278046e-02 2.121386304497718811e-02 -1.565957069396972656e-01 1.258378382772207260e-02
-1.741189323365688324e-02 2.227879129350185394e-03 -2.935029938817024231e-02 -1.138006597757339478e-01 -1.986727118492126465e-01 -8.879633992910385132e-02
-2.347048558294773102e-02 1.602962147444486618e-03 -3.031029179692268372e-02 -1.220830529928207397e-02 -2.955700755119323730e-01 -5.409788340330123901e-02
-1.914464309811592102e-02 -1.133629307150840759e-02 -3.135079145431518555e-02 5.188012868165969849e-02 -1.405380964279174805e-01 -3.625994175672531128e-02
-1.858067326247692108e-02 -1.031674630939960480e-02 -3.096223995089530945e-02 -1.562894135713577271e-01 -2.161093354225158691e-01 6.597225368022918701e-02
-1.304648444056510925e-02 -1.599125564098358154e-02 -3.124177269637584686e-02 3.583179041743278503e-02 -3.398730158805847168e-01 8.963624946773052216e-03
-1.528318412601947784e-02 -1.943526789546012878e-02 -3.076698631048202515e-02 2.293695211410522461e-01 -3.789183795452117920e-01 1.281524263322353363e-02
-1.055777352303266525e-02 -2.447897195816040039e-02 -3.203876316547393799e-02 2.126915603876113892e-01 -1.353053096681833267e-02 -1.095855683088302612e-01
-3.829363966360688210e-03 -2.884132415056228638e-02 -3.421801328659057617e-02 1.232604533433914185e-01 1.855044364929199219e-01 -1.172331944108009338e-01
1.523409737274050713e-03 -1.604740507900714874e-02 -3.700187057256698608e-02 -1.523026376962661743e-01 2.710358984768390656e-02 -2.034024745225906372e-01
-5.961967166513204575e-03 -1.972558535635471344e-02 -4.288467019796371460e-02 -8.823142945766448975e-02 -6.338663399219512939e-02 -2.567255795001983643e-01
-6.242131348699331284e-03 -1.797940023243427277e-02 -4.670583456754684448e-02 -2.148481607437133789e-01 -3.563654422760009766e-02 -2.491318732500076294e-01
-7.762918248772621155e-03 -2.186089381575584412e-02 -5.172866582870483398e-02 -1.562893688678741455e-01 -7.405536621809005737e-02 -1.681318283081054688e-01
-9.345696307718753815e-03 -1.967783644795417786e-02 -5.448626354336738586e-02 -2.445543408393859863e-01 -6.446453928947448730e-02 -1.846680492162704468e-01
-1.179798040539026260e-02 -1.758196949958801270e-02 -5.906773731112480164e-02 -3.527752757072448730e-01 4.131323099136352539e-02 -1.613893657922744751e-01
-9.683652780950069427e-03 -1.905312016606330872e-02 -6.056535243988037109e-02 -1.714903712272644043e-01 1.146857365965843201e-01 -7.748521864414215088e-02
-1.554559357464313507e-02 -2.088697440922260284e-02 -6.177270784974098206e-02 -9.038991481065750122e-02 9.065499156713485718e-02 -3.359779715538024902e-02
-1.457455940544605255e-02 -2.207849919795989990e-02 -6.193753331899642944e-02 -1.552276164293289185e-01 1.296401619911193848e-01 3.676306083798408508e-02
-1.435610745102167130e-02 -2.140656113624572754e-02 -6.148989126086235046e-02 -1.187948659062385559e-01 5.326645076274871826e-02 1.094753667712211609e-02
-2.165788225829601288e-02 -1.753970794379711151e-02 -6.076212227344512939e-02 -8.979279547929763794e-03 -3.691671043634414673e-02 5.515181925147771835e-03
-2.621187455952167511e-02 -2.097913995385169983e-02 -6.189789250493049622e-02 -6.203242018818855286e-02 -4.018412157893180847e-02 -1.413733959197998047e-01
-1.752967387437820435e-02 -1.973817683756351471e-02 -6.410302221775054932e-02 -1.706401556730270386e-01 1.826691329479217529e-01 -7.359905540943145752e-02
-2.159107662737369537e-02 -2.223522402346134186e-02 -6.610584259033203125e-02 -9.755844250321388245e-03 1.815836727619171143e-01 -1.903772354125976562e-01
-2.810070663690567017e-02 -1.538772322237491608e-02 -7.150649279356002808e-02 -8.122468739748001099e-02 2.652055323123931885e-01 -2.163962572813034058e-01
-2.781269326806068420e-02 -1.332374475896358490e-02 -7.360390573740005493e-02 -6.093449145555496216e-02 1.368980407714843750e-01 -1.154676079750061035e-01
-2.620361559092998505e-02 -9.250507690012454987e-03 -7.551264017820358276e-02 7.202167063951492310e-02 1.160900369286537170e-01 -4.600436240434646606e-02
-2.559373527765274048e-02 -5.338223185390233994e-03 -7.634714245796203613e-02 -9.768541902303695679e-02 1.467719972133636475e-01 9.715044288896024227e-04
-2.733406238257884979e-02 -1.026576478034257889e-02 -7.628282904624938965e-02 -3.230270370841026306e-02 8.008395880460739136e-02 -1.491705793887376785e-02
-3.266697376966476440e-02 -1.182221248745918274e-02 -7.646083831787109375e-02 1.539516896009445190e-01 -1.819211691617965698e-01 -9.783159941434860229e-03
-3.221711888909339905e-02 -1.015367265790700912e-02 -7.690653204917907715e-02 1.646318435668945312e-01 -1.909552365541458130e-01 -3.296314552426338196e-02
-2.632600441575050354e-02 -1.539533119648694992e-02 -7.907621562480926514e-02 1.788033992052078247e-01 3.782704472541809082e-02 -9.056781977415084839e-02
-2.834578417241573334e-02 -1.538453809916973114e-02 -7.983124256134033203e-02 1.497472226619720459e-01 -1.171233579516410828e-01 -1.604636549018323421e-03
-2.797002345323562622e-02 -1.922865398228168488e-02 -7.999288290739059448e-02 3.353201150894165039e-01 -4.240216314792633057e-02 1.263553462922573090e-02
-2.487372793257236481e-02 -1.966497674584388733e-02 -7.887405902147293091e-02 2.924621105194091797e-01 -5.448471754789352417e-02 9.207618236541748047e-02
-2.442635782063007355e-02 -9.173981845378875732e-03 -7.657118886709213257e-02 1.597781181335449219e-01 6.509035825729370117e-02 9.218613803386688232e-02
-2.230244874954223633e-02 -3.504150547087192535e-03 -7.573645561933517456e-02 8.278993517160415649e-02 1.465158462524414062e-01 4.476811736822128296e-02
-1.887173019349575043e-02 3.827071515843272209e-03 -7.570180296897888184e-02 -1.212866045534610748e-02 1.418413370847702026e-01 -5.031152069568634033e-02
-2.935191430151462555e-02 7.383835036307573318e-03 -7.726301252841949463e-02 -1.352847367525100708e-01 -2.936839461326599121e-01 -1.068423390388488770e-01
-2.599034830927848816e-02 9.938956238329410553e-03 -7.895383238792419434e-02 -2.478638738393783569e-01 -1.357200741767883301e-01 -1.253688335418701172e-01
-2.699458412826061249e-02 1.852407003752887249e-03 -8.304908126592636108e-02 -2.497433871030807495e-01 -1.794023364782333374e-01 -2.571417391300201416e-01
-2.915175259113311768e-02 4.258832428604364395e-03 -8.659916371107101440e-02 -4.047287106513977051e-01 -2.118640542030334473e-01 -1.478373259305953979e-01
-3.928043320775032043e-02 3.735386999323964119e-03 -8.924753963947296143e-02 -4.133559763431549072e-01 -3.415404260158538818e-01 -1.017022654414176941e-01
-4.274426400661468506e-02 -2.839822263922542334e-04 -9.024473279714584351e-02 -3.074767589569091797e-01 -3.346841335296630859e-01 -4.715086519718170166e-02
-4.098473116755485535e-02 -9.941326454281806946e-03 -9.043848514556884766e-02 -8.130008727312088013e-02 -1.339448541402816772e-01 -3.011749684810638428e-02
-4.591748863458633423e-02 -8.789396844804286957e-03 -9.090295433998107910e-02 -3.819882124662399292e-02 -2.117464840412139893e-01 -1.325405295938253403e-02
-4.079246893525123596e-02 -8.725852705538272858e-03 -9.086164087057113647e-02 1.757253194227814674e-03 -2.775312028825283051e-02 4.493411164730787277e-03
-4.036264121532440186e-02 -6.706327199935913086e-03 -9.158533066511154175e-02 -2.311579138040542603e-01 1.813324093818664551e-01 -6.110863387584686279e-02
-4.433645308017730713e-02 2.198603702709078789e-03 -9.235884994268417358e-02 -3.851252496242523193e-01 6.229963153600692749e-02 -7.823646813631057739e-02
-4.748362675309181213e-02 3.036216367036104202e-03 -9.468888491392135620e-02 -1.060160696506500244e-01 1.421816926449537277e-02 -1.095265001058578491e-01
-4.677955806255340576e-02 1.072132121771574020e-02 -9.681306779384613037e-02 -3.078142702579498291e-01 6.486459821462631226e-02 -1.503821760416030884e-01
-4.674015939235687256e-02 3.761598141863942146e-03 -1.022930666804313660e-01 -1.913863420486450195e-01 3.772279247641563416e-02 -2.646785676479339600e-01
-4.957382008433341980e-02 4.246701486408710480e-03 -1.077847778797149658e-01 -1.249948143959045410e-01 -1.205893754959106445e-01 -2.331791073083877563e-01
-5.009633675217628479e-02 1.184994587674736977e-03 -1.106677129864692688e-01 -2.693214267492294312e-02 -1.458548456430435181e-01 -1.415015012025833130e-01
-4.762783646583557129e-02 1.766040339134633541e-03 -1.129960864782333374e-01 -3.258286789059638977e-02 -3.647436946630477905e-02 -1.289374679327011108e-01
-5.054301023483276367e-02 -6.467193830758333206e-03 -1.147118583321571350e-01 5.839512497186660767e-02 -9.361217916011810303e-02 -1.471601277589797974e-01
-4.722245782613754272e-02 -8.790735737420618534e-04 -1.174142211675643921e-01 -9.379997849464416504e-02 -1.695916652679443359e-01 -9.034230560064315796e-02
-4.741053655743598938e-02 -5.286179948598146439e-03 -1.184647902846336365e-01 -8.253911882638931274e-02 -7.771138846874237061e-02 -8.441510796546936035e-02
-4.562300816178321838e-02 -1.128889340907335281e-02 -1.215648204088211060e-01 -1.025136858224868774e-01 4.147304967045783997e-02 -1.418637633323669434e-01
-5.064599961042404175e-02 -1.280342228710651398e-02 -1.236483156681060791e-01 -8.725617080926895142e-02 -1.542982310056686401e-01 -1.404278576374053955e-01
-5.016856268048286438e-02 -8.303325623273849487e-03 -1.274389326572418213e-01 -2.338164746761322021e-01 4.011520743370056152e-02 -1.264373958110809326e-01
-5.883584916591644287e-02 -1.609746553003787994e-02 -1.309499293565750122e-01 5.182991735637187958e-03 -1.036574766039848328e-01 -2.171583920717239380e-01
-5.224102362990379333e-02 -1.831652596592903137e-02 -1.348117440938949585e-01 -6.322918832302093506e-02 1.445344984531402588e-01 -2.251087129116058350e-01
-4.829767346382141113e-02 -1.665073819458484650e-02 -1.377393603324890137e-01 -3.918128460645675659e-02 1.592128723859786987e-01 -8.456106483936309814e-02
-5.446124449372291565e-02 -1.757631078362464905e-02 -1.390592008829116821e-01 8.626967668533325195e-02 3.865031152963638306e-02 -8.677330613136291504e-02
-5.176140740513801575e-02 -1.845510117709636688e-02 -1.410101503133773804e-01 -1.228331867605447769e-02 1.908258348703384399e-01 -3.838868066668510437e-02
-5.354088544845581055e-02 -1.864892244338989258e-02 -1.414811909198760986e-01 1.300053950399160385e-02 2.102140337228775024e-01 -9.269948303699493408e-02
-5.790288373827934265e-02 -1.687509380280971527e-02 -1.447826325893402100e-01 -6.082520633935928345e-02 2.172753661870956421e-01 -1.525534838438034058e-01
-6.248310580849647522e-02 -1.495207473635673523e-02 -1.456302106380462646e-01 -8.869742602109909058e-02 7.858973741531372070e-02 8.103184401988983154e-03
-6.926983594894409180e-02 -1.088353712111711502e-02 -1.465543657541275024e-01 -1.874886900186538696e-01 -5.327488481998443604e-02 -5.849565938115119934e-02
-7.215933501720428467e-02 -1.899002678692340851e-02 -1.477368175983428955e-01 -7.053217291831970215e-02 -2.164232172071933746e-02 -4.032890126109123230e-02
-7.448183000087738037e-02 -2.095391415059566498e-02 -1.473601609468460083e-01 -1.257216650992631912e-02 -1.316305845975875854e-01 8.571225404739379883e-02
-7.480674982070922852e-02 -1.983343996107578278e-02 -1.452442556619644165e-01 -6.932472810149192810e-03 -1.301927566528320312e-01 2.868715114891529083e-02
-7.945183664560317993e-02 -2.520188689231872559e-02 -1.466721743345260620e-01 1.021085754036903381e-01 -2.037810236215591431e-01 -1.916936337947845459e-01
-7.601907849311828613e-02 -3.786599636077880859e-02 -1.502969563007354736e-01 2.750571072101593018e-01 -1.265354901552200317e-01 -1.671179234981536865e-01
-7.484922558069229126e-02 -3.434895724058151245e-02 -1.543159335851669312e-01 1.375215500593185425e-01 -1.128492355346679688e-01 -3.289448618888854980e-01
-8.495133370161056519e-02 -3.331237286329269409e-02 -1.625118851661682129e-01 -9.083265811204910278e-02 -2.592806518077850342e-01 -3.332172334194183350e-01
-8.101464062929153442e-02 -3.067011013627052307e-02 -1.698259115219116211e-01 -2.016210556030273438e-01 -1.163097694516181946e-01 -2.992845475673675537e-01
-8.890255540609359741e-02 -3.466479480266571045e-02 -1.731130480766296387e-01 -2.326744049787521362e-02 -2.115686088800430298e-01 -1.284636408090591431e-01
-8.939291536808013916e-02 -3.426571562886238098e-02 -1.753679662942886353e-01 -1.559457033872604370e-01 -1.376986056566238403e-01 -1.048487648367881775e-01
-9.427624940872192383e-02 -4.226953536272048950e-02 -1.763595640659332275e-01 3.033083118498325348e-02 -2.658597826957702637e-01 -8.477597683668136597e-02
-9.427810460329055786e-02 -4.452748969197273254e-02 -1.803334951400756836e-01 -1.051398552954196930e-02 -2.860161960124969482e-01 -1.702110320329666138e-01
-9.711649268865585327e-02 -4.629874601960182190e-02 -1.830228716135025024e-01 1.094576045870780945e-01 -3.167595863342285156e-01 -1.447867453098297119e-01
-9.232712537050247192e-02 -4.145017638802528381e-02 -1.865125894546508789e-01 -7.756473124027252197e-02 3.146050870418548584e-02 -1.799057573080062866e-01
-9.409656375646591187e-02 -4.202025383710861206e-02 -1.904736608266830444e-01 -6.937066465616226196e-02 -2.488963305950164795e-02 -2.699744105339050293e-01
-9.559048712253570557e-02 -3.711896389722824097e-02 -1.966274529695510864e-01 -1.501851975917816162e-01 -4.329104442149400711e-03 -1.930069625377655029e-01
-9.746379405260086060e-02 -3.405828401446342468e-02 -2.016001939773559570e-01 -1.273496598005294800e-01 -1.390622258186340332e-01 -2.140709459781646729e-01
-9.151909500360488892e-02 -3.689545392990112305e-02 -2.050869911909103394e-01 -1.169567927718162537e-01 -8.765024691820144653e-02 -2.057511955499649048e-01
-9.266079217195510864e-02 -3.251785039901733398e-02 -2.096992582082748413e-01 -1.190789192914962769e-01 3.871148824691772461e-02 -2.131660878658294678e-01
-9.251317381858825684e-02 -4.060949012637138367e-02 -2.129584401845932007e-01 7.800972671248018742e-04 1.168075352907180786e-01 -1.592403650283813477e-01
-8.815058320760726929e-02 -4.186567291617393494e-02 -2.153336703777313232e-01 2.222615294158458710e-02 -1.176749542355537415e-01 -5.909474939107894897e-02
-8.703283965587615967e-02 -3.738419339060783386e-02 -2.161338329315185547e-01 7.692969590425491333e-02 -1.001868918538093567e-01 -2.771854959428310394e-02
-8.484613895416259766e-02 -4.564616084098815918e-02 -2.164183855056762695e-01 2.400670200586318970e-01 1.318931430578231812e-01 -5.364494398236274719e-02
-8.697588741779327393e-02 -4.505903646349906921e-02 -2.181409299373626709e-01 1.227492466568946838e-01 7.956796884536743164e-02 -1.639032512903213501e-01
-8.839371800422668457e-02 -4.293285310268402100e-02 -2.229373157024383545e-01 -9.578671306371688843e-02 6.642690300941467285e-02 -2.078144252300262451e-01
-8.756814897060394287e-02 -3.402523696422576904e-02 -2.270834892988204956e-01 -3.683967292308807373e-01 1.260365694761276245e-01 -1.471543908119201660e-01
-9.990570694208145142e-02 -4.081604629755020142e-02 -2.296957522630691528e-01 -1.121111810207366943e-01 -5.181402340531349182e-02 -1.550115644931793213e-01
-1.044764220714569092e-01 -3.267789632081985474e-02 -2.314994782209396362e-01 -2.512336373329162598e-01 -7.947701029479503632e-03 -2.030359394848346710e-02
-1.066061705350875854e-01 -3.226396068930625916e-02 -2.315113693475723267e-01 -1.616937220096588135e-01 -2.904222905635833740e-02 -1.517980638891458511e-02
-1.090008765459060669e-01 -3.185718879103660583e-02 -2.322996407747268677e-01 -1.008015424013137817e-01 9.895591065287590027e-03 -3.432521130889654160e-03
-1.110267192125320435e-01 -3.191136941313743591e-02 -2.322575300931930542e-01 -1.473747938871383667e-01 -1.650158688426017761e-02 -1.440865639597177505e-02
-1.074701622128486633e-01 -2.903274074196815491e-02 -2.342390567064285278e-01 -1.066827252507209778e-01 3.513634949922561646e-02 -1.454541832208633423e-01
-1.065979599952697754e-01 -2.985318750143051147e-02 -2.377939969301223755e-01 -5.269747599959373474e-02 1.721109449863433838e-01 -1.083902418613433838e-01
-1.116140112280845642e-01 -3.186984360218048096e-02 -2.395015209913253784e-01 -1.233023032546043396e-01 3.558750078082084656e-02 -7.853583246469497681e-02
-1.144184917211532593e-01 -2.887575142085552216e-02 -2.429105788469314575e-01 -1.601289361715316772e-01 -1.245312578976154327e-02 -2.256826460361480713e-01
-1.206791326403617859e-01 -3.019202873110771179e-02 -2.461734712123870850e-01 -1.383021473884582520e-01 -9.552934765815734863e-02 -2.041309177875518799e-01
-1.292413622140884399e-01 -2.578523010015487671e-02 -2.496747225522994995e-01 -1.573250740766525269e-01 -1.780743300914764404e-01 -6.410823762416839600e-02
-1.288339048624038696e-01 -2.393158897757530212e-02 -2.504526078701019287e-01 -2.656708359718322754e-01 -7.349333912134170532e-02 -2.008354850113391876e-02
-1.260390430688858032e-01 -2.387868426740169525e-02 -2.494785785675048828e-01 -1.546641141176223755e-01 -5.968618206679821014e-03 9.922653436660766602e-02
-1.275105923414230347e-01 -2.864265628159046173e-02 -2.476928383111953735e-01 -7.111170887947082520e-02 1.114134192466735840e-01 9.437762945890426636e-02
-1.293373405933380127e-01 -2.008686959743499756e-02 -2.458842545747756958e-01 -3.227591812610626221e-01 9.878221899271011353e-03 6.687521934509277344e-02
-1.295541673898696899e-01 -2.301840484142303467e-02 -2.443747222423553467e-01 1.132336445152759552e-02 -2.025581151247024536e-01 -1.233704295009374619e-02
-1.318454593420028687e-01 -2.459364943206310272e-02 -2.444320023059844971e-01 2.103656530380249023e-01 -1.637001484632492065e-01 -1.451924256980419159e-02
-1.220574378967285156e-01 -2.682904154062271118e-02 -2.474259436130523682e-01 1.239535864442586899e-02 -1.039515733718872070e-01 -2.196073234081268311e-01
-1.194535940885543823e-01 -2.368712238967418671e-02 -2.506702542304992676e-01 -6.122171133756637573e-02 -2.389295101165771484e-01 -2.064726352691650391e-01
-1.188404113054275513e-01 -3.557775542140007019e-02 -2.565076351165771484e-01 1.121368408203125000e-01 -6.986004859209060669e-02 -1.971782743930816650e-01
-1.177423819899559021e-01 -3.649763762950897217e-02 -2.596210241317749023e-01 -7.423459738492965698e-02 -4.871756955981254578e-02 -2.283998876810073853e-01
-1.174156516790390015e-01 -3.162040933966636658e-02 -2.631775140762329102e-01 -1.340201944112777710e-01 3.453473374247550964e-02 -7.648139446973800659e-02
-1.196437701582908630e-01 -3.112777136266231537e-02 -2.642223834991455078e-01 -1.519209742546081543e-01 1.014107987284660339e-01 -7.621149718761444092e-02
-1.235940381884574890e-01 -3.192671015858650208e-02 -2.672975361347198486e-01 -2.591318190097808838e-01 3.206264227628707886e-02 -1.733573526144027710e-01
-1.236893683671951294e-01 -2.830111607909202576e-02 -2.721694409847259521e-01 -2.972125709056854248e-01 -8.848235756158828735e-02 -1.794872283935546875e-01
-1.292128264904022217e-01 -3.599310293793678284e-02 -2.745551764965057373e-01 -9.025283902883529663e-02 -6.496584415435791016e-02 -1.801990568637847900e-01
-1.266628205776214600e-01 -3.337994962930679321e-02 -2.779240906238555908e-01 -2.509207427501678467e-01 6.176029518246650696e-02 -1.037295758724212646e-01
-1.271999478340148926e-01 -2.804412879049777985e-02 -2.801800668239593506e-01 -2.729306817054748535e-01 1.614065319299697876e-01 -2.035170495510101318e-01
-1.342609822750091553e-01 -3.066879883408546448e-02 -2.856597900390625000e-01 8.553230203688144684e-03 4.779347404837608337e-02 -2.673859000205993652e-01
-1.318612843751907349e-01 -3.353792801499366760e-02 -2.899288833141326904e-01 1.587738166563212872e-03 1.034179106354713440e-01 -3.111734092235565186e-01
-1.264722794294357300e-01 -3.019152209162712097e-02 -2.958933115005493164e-01 -1.382578462362289429e-01 2.433708868920803070e-02 -2.214847058057785034e-01
-1.263018399477005005e-01 -3.440546244382858276e-02 -3.009521365165710449e-01 -5.554119497537612915e-02 4.239910840988159180e-02 -1.702244877815246582e-01
-1.333009898662567139e-01 -3.289670869708061218e-02 -3.033474683761596680e-01 -5.162334069609642029e-02 2.013681922107934952e-03 -1.567463129758834839e-01
-1.288302689790725708e-01 -3.734681010246276855e-02 -3.061993122100830078e-01 -6.114857271313667297e-02 2.566296756267547607e-01 -1.045818626880645752e-01
-1.305426657199859619e-01 -3.201174363493919373e-02 -3.087622225284576416e-01 -3.767146170139312744e-01 1.671994775533676147e-01 -2.124297618865966797e-01
-1.323004513978958130e-01 -3.298945724964141846e-02 -3.137785792350769043e-01 -3.853569328784942627e-01 1.593813598155975342e-01 -1.753564924001693726e-01
-1.524604707956314087e-01 -4.116392880678176880e-02 -3.159088790416717529e-01 -1.919921934604644775e-01 -2.178579196333885193e-02 -1.409932523965835571e-01
-1.534082442522048950e-01 -3.751982375979423523e-02 -3.187682032585144043e-01 -4.367777407169342041e-01 1.196885854005813599e-01 -1.178435236215591431e-01
-1.584021747112274170e-01 -3.523207083344459534e-02 -3.208403885364532471e-01 -3.636737167835235596e-01 -2.476015128195285797e-02 -1.302669048309326172e-01
-1.662701219320297241e-01 -3.911071270704269409e-02 -3.242523074150085449e-01 -7.157099246978759766e-02 -1.511546522378921509e-01 -1.700541526079177856e-01
-1.659976392984390259e-01 -4.527660086750984192e-02 -3.270654678344726562e-01 3.967205062508583069e-02 -2.094240300357341766e-02 -1.347167640924453735e-01
-1.654557436704635620e-01 -4.435000941157341003e-02 -3.288903236389160156e-01 7.596656680107116699e-03 -7.815966010093688965e-02 -6.927254050970077515e-02
-1.620553880929946899e-01 -5.202263221144676208e-02 -3.316605091094970703e-01 2.015659660100936890e-01 7.625262439250946045e-02 -2.117260843515396118e-01
-1.623229980468750000e-01 -5.005897954106330872e-02 -3.357063233852386475e-01 1.342430114746093750e-01 1.241391873918473721e-03 -2.953701019287109375e-01
-1.588168293237686157e-01 -5.174200981855392456e-02 -3.423613607883453369e-01 1.925487071275711060e-01 1.793302893638610840e-01 -2.850216031074523926e-01
-1.679218709468841553e-01 -5.386248975992202759e-02 -3.452777266502380371e-01 2.019751071929931641e-01 -2.463267743587493896e-02 -1.273490339517593384e-01
-1.671960800886154175e-01 -4.197061061859130859e-02 -3.486075699329376221e-01 -8.041372895240783691e-02 -5.779808387160301208e-02 -1.271239519119262695e-01
-1.698997467756271362e-01 -4.940162971615791321e-02 -3.500471115112304688e-01 1.961672902107238770e-01 -2.927957102656364441e-02 -1.055413484573364258e-01
-1.692044436931610107e-01 -5.148835480213165283e-02 -3.511076271533966064e-01 6.233077496290206909e-02 7.595549523830413818e-02 1.083177421241998672e-02
-1.714593768119812012e-01 -4.555816948413848877e-02 -3.523905575275421143e-01 9.888021647930145264e-02 -5.628380924463272095e-02 -6.292244046926498413e-02
-1.786694526672363281e-01 -4.091662913560867310e-02 -3.528868257999420166e-01 6.324166804552078247e-02 -7.262737303972244263e-02 -2.228753454983234406e-02
-1.746283471584320068e-01 -3.970178589224815369e-02 -3.545538783073425293e-01 -5.357470735907554626e-02 -9.655903279781341553e-02 -6.961000710725784302e-02
-1.779676377773284912e-01 -4.543885961174964905e-02 -3.559581637382507324e-01 1.677867174148559570e-01 -1.898949891328811646e-01 -1.491418778896331787e-01
-1.752099543809890747e-01 -4.473928362131118774e-02 -3.615172207355499268e-01 2.177492827177047729e-01 -1.199378967285156250e-01 -2.831941843032836914e-01
-1.734634488821029663e-01 -3.858118876814842224e-02 -3.659925460815429688e-01 6.523056328296661377e-02 -3.848288953304290771e-02 -2.906595170497894287e-01
-1.769867986440658569e-01 -3.826424479484558105e-02 -3.729564547538757324e-01 -2.985696494579315186e-02 -8.695894479751586914e-02 -3.480445742607116699e-01
-1.759862303733825684e-01 -3.713039308786392212e-02 -3.810396790504455566e-01 -8.314440399408340454e-02 -1.841804832220077515e-01 -3.537222743034362793e-01
-1.814113557338714600e-01 -4.103670641779899597e-02 -3.859460055828094482e-01 4.609922692179679871e-02 -2.472285032272338867e-01 -2.702787518501281738e-01
-1.800834685564041138e-01 -3.294606506824493408e-02 -3.906856477260589600e-01 -1.015720516443252563e-01 -1.384918689727783203e-01 -1.307393908500671387e-01
-1.787407845258712769e-01 -4.015945270657539368e-02 -3.918716907501220703e-01 7.060936093330383301e-02 -8.973853290081024170e-02 -8.248160034418106079e-02
-1.784464865922927856e-01 -2.744435891509056091e-02 -3.949604928493499756e-01 -2.788162529468536377e-01 -1.440455615520477295e-01 -1.981503665447235107e-01
-1.788040995597839355e-01 -3.892497345805168152e-02 -3.986302018165588379e-01 7.864370942115783691e-02 -1.154623106122016907e-01 -2.323818951845169067e-01
-1.839597374200820923e-01 -3.577477112412452698e-02 -4.041736423969268799e-01 1.166779641062021255e-02 -1.267207860946655273e-01 -2.420145869255065918e-01
-1.856462359428405762e-01 -3.191816061735153198e-02 -4.079991579055786133e-01 -1.302942782640457153e-01 -1.854390203952789307e-01 -2.843124270439147949e-01
-1.791019886732101440e-01 -3.342819958925247192e-02 -4.140267670154571533e-01 -2.030928283929824829e-01 -6.683330982923507690e-02 -1.881021857261657715e-01
-1.859468519687652588e-01 -3.486025705933570862e-02 -4.170487821102142334e-01 -2.511619329452514648e-01 -1.278201043605804443e-01 -1.263135522603988647e-01
-1.932061910629272461e-01 -3.087262995541095734e-02 -4.194577634334564209e-01 -4.822321832180023193e-01 -2.912333309650421143e-01 -2.024660706520080566e-01
-1.978704333305358887e-01 -3.033399581909179688e-02 -4.258418083190917969e-01 -3.270284831523895264e-01 -3.596341013908386230e-01 -3.017851710319519043e-01
-2.047025263309478760e-01 -3.279547020792961121e-02 -4.298947751522064209e-01 -2.788848280906677246e-01 -3.506704568862915039e-01 -2.121482789516448975e-01
-2.019084692001342773e-01 -3.860585764050483704e-02 -4.321820735931396484e-01 -2.507463991641998291e-01 -2.424030154943466187e-01 -7.278713583946228027e-02
-1.984298080205917358e-01 -4.245514422655105591e-02 -4.329762756824493408e-01 -1.525031626224517822e-01 -2.181765586137771606e-01 -4.108364135026931763e-02
-1.997191011905670166e-01 -4.381271824240684509e-02 -4.342204332351684570e-01 -1.645039767026901245e-01 -1.809337288141250610e-01 -4.038349539041519165e-02
-2.007831037044525146e-01 -4.816638305783271790e-02 -4.356459677219390869e-01 -1.861614584922790527e-01 -1.129404976963996887e-01 -9.474295377731323242e-02
-2.074213773012161255e-01 -5.098437145352363586e-02 -4.360333085060119629e-01 -3.617341518402099609e-01 -1.849505156278610229e-01 8.529830724000930786e-03
-2.031614333391189575e-01 -5.160146206617355347e-02 -4.360777437686920166e-01 -3.679119646549224854e-01 -3.389416262507438660e-02 -7.417204976081848145e-02
-2.169318795204162598e-01 -4.243357107043266296e-02 -4.379294216632843018e-01 -5.068966746330261230e-01 -2.951846718788146973e-01 -1.145230457186698914e-01
-2.175287008285522461e-01 -5.881405994296073914e-02 -4.404387772083282471e-01 -1.726976782083511353e-01 -9.049293398857116699e-02 -1.638814657926559448e-01
-2.173537313938140869e-01 -6.027122214436531067e-02 -4.435584843158721924e-01 -1.587553322315216064e-01 -1.948010176420211792e-01 -2.108254730701446533e-01
-2.187883555889129639e-01 -6.913627684116363525e-02 -4.495082795619964600e-01 8.555694669485092163e-02 -9.763328731060028076e-02 -2.079155296087265015e-01
-2.149017155170440674e-01 -7.185745984315872192e-02 -4.525436162948608398e-01 -2.079260349273681641e-02 6.625594943761825562e-02 -2.038497030735015869e-01
-2.106070369482040405e-01 -6.815256178379058838e-02 -4.581325352191925049e-01 -2.033915817737579346e-01 2.763355150818824768e-02 -3.248066008090972900e-01
-2.151022851467132568e-01 -7.153576612472534180e-02 -4.656126797199249268e-01 -8.035788685083389282e-02 -1.147088035941123962e-02 -3.157934546470642090e-01
-2.167531847953796387e-01 -7.711380720138549805e-02 -4.696086347103118896e-01 2.460479177534580231e-02 -1.235032174736261368e-02 -1.775984168052673340e-01
-2.180722951889038086e-01 -7.792839407920837402e-02 -4.721246957778930664e-01 -2.888330630958080292e-02 -2.647537551820278168e-02 -6.564897298812866211e-02
-2.113596796989440918e-01 -7.945267111063003540e-02 -4.723793864250183105e-01 -1.186118945479393005e-01 9.354969114065170288e-02 3.008184768259525299e-02
-2.174132913351058960e-01 -8.281826227903366089e-02 -4.733537733554840088e-01 -4.755016788840293884e-02 4.269278794527053833e-02 -2.934074401855468750e-02
-2.196670770645141602e-01 -8.184603601694107056e-02 -4.737005233764648438e-01 -7.297990471124649048e-02 4.394047707319259644e-02 -7.742945849895477295e-02
-2.196897417306900024e-01 -9.460452944040298462e-02 -4.760025143623352051e-01 2.213274538516998291e-01 1.471983939409255981e-01 -8.969365060329437256e-02
-2.131496220827102661e-01 -9.295455366373062134e-02 -4.780907928943634033e-01 1.261008977890014648e-01 3.835969269275665283e-01 -1.334161311388015747e-01
-2.214511930942535400e-01 -8.865903317928314209e-02 -4.803931713104248047e-01 -9.556798264384269714e-03 1.251966655254364014e-01 -6.645594537258148193e-02
-2.272623032331466675e-01 -8.561109751462936401e-02 -4.825776815414428711e-01 -7.780257612466812134e-02 -3.455341979861259460e-02 -9.670838713645935059e-02
-2.203187197446823120e-01 -9.470156580209732056e-02 -4.847045242786407471e-01 1.467243283987045288e-01 1.697853654623031616e-01 -1.824778914451599121e-01
-2.221699804067611694e-01 -9.457168728113174438e-02 -4.884098768234252930e-01 1.779304444789886475e-01 1.380262076854705811e-01 -1.607369184494018555e-01
-2.342258989810943604e-01 -8.640924096107482910e-02 -4.912601411342620850e-01 -5.171288549900054932e-02 -1.645217984914779663e-01 -1.909366995096206665e-01
-2.253845334053039551e-01 -8.966549485921859741e-02 -4.959223866462707520e-01 -3.263060376048088074e-02 7.240507751703262329e-02 -1.521648913621902466e-01
-2.307050824165344238e-01 -9.091337770223617554e-02 -4.974624812602996826e-01 -4.594382643699645996e-02 -4.252944886684417725e-02 -8.831217885017395020e-02
-2.366883009672164917e-01 -9.468685090541839600e-02 -4.990349411964416504e-01 -4.764892160892486572e-02 -1.275335997343063354e-01 -8.675015717744827271e-02
-2.390697300434112549e-01 -9.249658137559890747e-02 -5.002289414405822754e-01 -2.172579988837242126e-02 -1.674431413412094116e-01 -9.025894105434417725e-02
-2.390714138746261597e-01 -8.790092170238494873e-02 -5.048130750656127930e-01 -7.937262952327728271e-02 -3.639125823974609375e-02 -2.310570925474166870e-01
-2.394512146711349487e-01 -8.548518270254135132e-02 -5.107461214065551758e-01 -8.717165142297744751e-02 9.564770758152008057e-02 -3.055320382118225098e-01
-2.393359094858169556e-01 -8.705890178680419922e-02 -5.152273178100585938e-01 3.850231319665908813e-02 1.767888069152832031e-01 -2.152252942323684692e-01
-2.461266070604324341e-01 -8.549351990222930908e-02 -5.180373787879943848e-01 -7.720428705215454102e-02 -3.682886809110641479e-02 -1.114603206515312195e-01
-2.456537783145904541e-01 -8.095932751893997192e-02 -5.203127861022949219e-01 -1.974309682846069336e-01 -6.477744132280349731e-02 -1.542274653911590576e-01
-2.570738196372985840e-01 -8.119031041860580444e-02 -5.236365795135498047e-01 -1.408572047948837280e-01 -2.563552558422088623e-01 -1.350243687629699707e-01
-2.542346417903900146e-01 -7.953716814517974854e-02 -5.255529284477233887e-01 -2.285376042127609253e-01 -1.563263982534408569e-01 -1.262047141790390015e-01
-2.637680470943450928e-01 -8.277400583028793335e-02 -5.293017029762268066e-01 -2.092622667551040649e-01 -3.077640831470489502e-01 -1.573859900236129761e-01
-2.649239599704742432e-01 -8.515582233667373657e-02 -5.321875810623168945e-01 -1.639697849750518799e-01 -1.165365353226661682e-01 -9.367645531892776489e-02
-2.670738697052001953e-01 -7.797030359506607056e-02 -5.338093042373657227e-01 -4.428067207336425781e-01 -1.326488256454467773e-01 -7.035923749208450317e-02
-2.748824656009674072e-01 -7.543580979108810425e-02 -5.352402925491333008e-01 -4.592505693435668945e-01 -2.108574956655502319e-01 -1.266467571258544922e-01
-2.792601883411407471e-01 -8.639874309301376343e-02 -5.376040935516357422e-01 -9.620371460914611816e-02 -2.151708900928497314e-01 -1.185402274131774902e-01
-2.796304225921630859e-01 -8.704704046249389648e-02 -5.402340888977050781e-01 -8.878100663423538208e-02 -1.720934659242630005e-01 -1.297701299190521240e-01
-2.801987230777740479e-01 -9.096213430166244507e-02 -5.419186949729919434e-01 -3.681771829724311829e-02 -6.721841543912887573e-02 -5.014072358608245850e-02
-2.817490994930267334e-01 -7.718344777822494507e-02 -5.436682701110839844e-01 -3.659627735614776611e-01 5.520572513341903687e-02 -1.137392073869705200e-01
-2.837253510951995850e-01 -7.939326763153076172e-02 -5.454905629158020020e-01 -2.933009266853332520e-01 -4.772619530558586121e-02 -1.591362357139587402e-01
-2.829381823539733887e-01 -7.934623956680297852e-02 -5.501773357391357422e-01 -1.338258832693099976e-01 -1.573452502489089966e-01 -2.725053727626800537e-01
-2.787837386131286621e-01 -8.580829948186874390e-02 -5.565887689590454102e-01 -6.481318175792694092e-02 -1.203469187021255493e-02 -2.674101889133453369e-01
-2.800197899341583252e-01 -8.637697994709014893e-02 -5.605803728103637695e-01 -1.717562600970268250e-02 -4.371594637632369995e-02 -1.993706226348876953e-01
-2.801018357276916504e-01 -8.398913592100143433e-02 -5.647758841514587402e-01 -1.219818145036697388e-01 3.742491826415061951e-02 -2.262647747993469238e-01
-2.871666550636291504e-01 -9.010209143161773682e-02 -5.679696202278137207e-01 -1.578350365161895752e-01 -9.622985869646072388e-02 -1.750335097312927246e-01
-2.838526666164398193e-01 -9.468491375446319580e-02 -5.719246268272399902e-01 -4.801641404628753662e-02 -1.680444031953811646e-01 -1.288942992687225342e-01
-2.802756428718566895e-01 -9.129212051630020142e-02 -5.745150446891784668e-01 -1.468608677387237549e-01 2.084348537027835846e-02 -1.897507905960083008e-01
-2.866518795490264893e-01 -9.693607687950134277e-02 -5.767939090728759766e-01 5.601361766457557678e-02 1.514436900615692139e-01 -3.267541993409395218e-03
-2.943544089794158936e-01 -8.641274273395538330e-02 -5.766919255256652832e-01 -2.959301173686981201e-01 1.275497525930404663e-01 -2.228494733572006226e-03
-2.954832911491394043e-01 -8.419605344533920288e-02 -5.779404640197753906e-01 -4.358911514282226562e-01 1.171751990914344788e-01 -7.625463604927062988e-02
-3.020195662975311279e-01 -8.230348676443099976e-02 -5.804428458213806152e-01 -4.142393171787261963e-01 1.515520829707384109e-02 -1.333575695753097534e-01
-3.055994212627410889e-01 -8.026148378849029541e-02 -5.828129053115844727e-01 -4.412713944911956787e-01 1.333108544349670410e-01 -2.041456401348114014e-01
-3.186553418636322021e-01 -8.375738561153411865e-02 -5.877204537391662598e-01 -4.388170540332794189e-01 -8.271859586238861084e-02 -2.347975671291351318e-01
-3.199099898338317871e-01 -8.687649667263031006e-02 -5.914431214332580566e-01 -2.449254393577575684e-01 -1.101339980959892273e-01 -1.519408226013183594e-01
-3.226214051246643066e-01 -9.120069444179534912e-02 -5.935034155845642090e-01 -7.998265326023101807e-02 8.743444085121154785e-02 -1.185951679944992065e-01
-3.284438848495483398e-01 -9.015534818172454834e-02 -5.956891775131225586e-01 -3.687162697315216064e-02 5.683077499270439148e-02 -1.652080267667770386e-01
-3.197803497314453125e-01 -8.940515667200088501e-02 -5.994313359260559082e-01 3.719608858227729797e-02 3.076377809047698975e-01 -1.315547078847885132e-01
-3.284148275852203369e-01 -8.973321318626403809e-02 -6.029248237609863281e-01 1.685379259288311005e-02 -5.818639323115348816e-02 -1.416976302862167358e-01
-3.267680704593658447e-01 -9.022345393896102905e-02 -6.047134995460510254e-01 7.145625352859497070e-02 -2.909096330404281616e-02 -9.254536032676696777e-02
-3.283485174179077148e-01 -8.844551444053649902e-02 -6.088131666183471680e-01 -9.917620569467544556e-02 1.857000775635242462e-02 -2.277131676673889160e-01
-3.314285874366760254e-01 -9.815184026956558228e-02 -6.119346022605895996e-01 -1.237427908927202225e-02 -1.269958466291427612e-01 -1.775229275226593018e-01
-3.344739675521850586e-01 -9.918111562728881836e-02 -6.153485178947448730e-01 3.681898489594459534e-02 -2.265389114618301392e-01 -1.832117289304733276e-01
-3.344759047031402588e-01 -1.028279960155487061e-01 -6.184477210044860840e-01 6.787241995334625244e-02 -2.357584834098815918e-01 -1.896869987249374390e-01
-3.311481773853302002e-01 -1.063007339835166931e-01 -6.234350204467773438e-01 5.837213248014450073e-02 -5.379402264952659607e-02 -2.745149731636047363e-01
-3.348464667797088623e-01 -1.083551123738288879e-01 -6.273897290229797363e-01 4.614724218845367432e-02 -8.277202397584915161e-02 -2.034499198198318481e-01
-3.418180048465728760e-01 -1.147739589214324951e-01 -6.318860650062561035e-01 6.465671211481094360e-02 -1.596450209617614746e-01 -2.030924409627914429e-01
-3.448116779327392578e-01 -1.146567985415458679e-01 -6.356461644172668457e-01 -5.557860061526298523e-02 -2.557644546031951904e-01 -1.854226887226104736e-01
-3.504261672496795654e-01 -1.159470677375793457e-01 -6.383455991744995117e-01 -5.795386061072349548e-02 -3.228847980499267578e-01 -1.848479956388473511e-01
-3.497355878353118896e-01 -1.232664510607719421e-01 -6.434978842735290527e-01 -1.158674880862236023e-01 -1.278398633003234863e-01 -2.235116362571716309e-01
-3.597698509693145752e-01 -1.205690354108810425e-01 -6.471362709999084473e-01 -3.214355111122131348e-01 -3.212149739265441895e-01 -2.577717602252960205e-01
-3.625492751598358154e-01 -1.225132644176483154e-01 -6.530800461769104004e-01 -2.874473035335540771e-01 -1.733862757682800293e-01 -2.504503130912780762e-01
-3.695303797721862793e-01 -1.286545097827911377e-01 -6.564372181892395020e-01 -2.123441547155380249e-01 -1.757198423147201538e-01 -3.053531944751739502e-01
-3.819656372070312500e-01 -1.301793456077575684e-01 -6.632747650146484375e-01 -2.412386238574981689e-02 -2.446502447128295898e-01 -2.835958898067474365e-01
