2.512419753004746341e-04 5.274117474929976464e-03 -2.203367229185853801e-03
-9.388706022720608516e-04 -1.455286307253770076e-02 1.098615533368578479e-02
2.022021134913265863e-02 1.035209985172546102e-02 -8.140784350163457125e-03
7.149428003940311825e-03 2.440453407356309862e-02 4.345656327748205136e-03
-8.651474715314069405e-03 7.271261064191211591e-03 3.287258767972854948e-03
-6.129803842783203109e-03 -1.332963402791019492e-02 2.777948580953450847e-03
-6.539426804203940513e-03 -1.815525741306183924e-02 -1.354336837207461945e-02
-1.707082273796658653e-02 1.499831599766315686e-04 -1.108531142020741968e-02
-1.763389278608611110e-02 6.783214190248847142e-03 -2.022977179046225177e-02
-2.016291777625448672e-02 -1.097441800789812974e-02 -1.805666086017609223e-02
-1.988256947190816110e-02 7.469209213403016703e-04 -2.832610644340441408e-02
-2.380085704999183177e-02 4.338901736549456017e-03 -2.453583185741598990e-02
-1.627788483364112082e-02 -1.650424106877286263e-04 -2.508243584775026250e-02
-1.143432916195219820e-02 2.033727041067957125e-02 -3.557254188929502570e-02
-8.847792946676875936e-03 1.820098776615054759e-02 -3.654858697934164347e-02
-3.832714237811172403e-02 1.714842587941886598e-02 -3.905622900678787368e-02
-2.867774722832611492e-02 -1.080977954249850038e-03 -2.990099765843836840e-02
-5.630667212800616328e-03 1.177352026496080936e-02 -3.468672546050511479e-02
-3.334998406275945654e-02 -7.016099686937781431e-04 -2.559001801295117395e-02
-5.146563369910538838e-02 -4.118820974141733891e-03 -2.361206404133620040e-02
-2.640781535716185680e-02 -2.143779707769353712e-02 -4.266675965924197206e-02
1.865585303547474816e-03 -9.428616499118660371e-03 -2.318194168465300548e-02
-1.129117084800897695e-02 -2.059998003797110233e-02 -3.863094261778127203e-02
-1.255889953321327052e-02 -3.394145040302132266e-02 -4.904530296287806096e-02
-2.012058875626623541e-02 -2.904753604278769580e-02 -4.680459502428110236e-02
6.014987592379625672e-03 -2.462873145959184815e-02 -3.914408274329509579e-02
-7.891464106305728487e-04 -6.373342536165566528e-03 -3.655143710780669325e-02
-4.576031417713135284e-03 -1.676371548124436922e-02 -6.170199961600172228e-02
-1.214308254492260132e-02 -2.319376115372767319e-02 -5.617907180596412586e-02
-1.473278429970217808e-03 -1.858419666483961119e-02 -5.570928983316728034e-02
6.196248289170135440e-03 -1.729829567338896784e-02 -5.716146320904376410e-02
-8.848795833091919680e-03 -1.913952544473968703e-02 -5.687073586840019762e-02
-3.594610312203439656e-02 -1.720577827140007746e-02 -5.759687287150032364e-02
-2.246803531091703249e-02 -1.920844156558799976e-02 -6.275915723295973081e-02
-5.590599893767317884e-03 -1.754136226636940701e-02 -5.677648907263183053e-02
-2.378431901374293209e-02 -5.918928815260237307e-03 -5.361714364791218823e-02
-2.985271534275977731e-02 -1.846842748279170152e-02 -6.050095279948243532e-02
-1.855252959938043233e-02 -2.579345856764486342e-02 -6.433616507881675939e-02
-2.885472472251126436e-02 -2.869871992451850096e-02 -6.072537439912008977e-02
-2.839836576792361192e-02 -2.986371120404029966e-02 -6.483894165075311522e-02
-6.828419286599274329e-03 -2.361820786351070262e-02 -7.892602615035866631e-02
-3.008868168194524587e-02 3.204777251656687909e-03 -8.739107296569897931e-02
-2.754897205588364636e-02 -1.028300739790241961e-02 -6.992593025453021360e-02
-2.630030349288494523e-02 -1.095802179570711660e-02 -8.097495442594415671e-02
-3.147186337437134218e-02 -2.052599389696666433e-03 -7.612490642565686305e-02
-4.413496574290255020e-02 -6.626339749120836731e-03 -7.927014340216927135e-02
-3.659926465159352854e-02 -8.685507283884331270e-03 -7.582671032201641903e-02
-3.733743906271104473e-02 -2.173343152372493245e-02 -8.573266839263762873e-02
-1.881005820045910173e-02 -1.477948572719959761e-02 -7.157505891271138954e-02
-1.659779195638057606e-02 -1.218215815780445896e-02 -7.769305320485014876e-02
-2.371163872668098291e-02 -1.386502266208353498e-02 -9.427462136621271582e-02
-3.194603138504228945e-02 -3.603111964813140067e-04 -8.403865730675257051e-02
-1.349686922777846264e-02 1.200659291209733512e-02 -7.489970672832295395e-02
-1.862622121552062054e-02 1.681497092581136360e-02 -8.107050945248082952e-02
-4.010631998378475643e-02 2.042783091815099025e-02 -6.720312870324612886e-02
-3.373788395676642626e-02 3.717486295654807808e-03 -8.070121226731508113e-02
-1.824115986113396953e-02 1.352846408026869666e-02 -7.948249249733460586e-02
-2.468019858548884532e-02 3.327170704585434655e-03 -8.496824567657590421e-02
-3.624226831679960154e-02 1.094555147287615271e-02 -8.303765754581547698e-02
-3.964183028505868095e-02 -5.907793747038504566e-03 -9.055343880995785077e-02
-2.168005150012018364e-02 1.130872353258138494e-02 -8.841169119619933514e-02
-5.273131699942354422e-02 -7.843989068179412633e-03 -9.831069318940460766e-02
-4.117721688842499589e-02 -1.133660288082608859e-02 -9.960421297261791429e-02
-3.760717104240973024e-02 -1.424638763502822543e-02 -9.830501065112566550e-02
-4.045684375936288435e-02 6.365051549006274512e-03 -9.542706869624609234e-02
-6.314808759270283678e-02 3.589835348175178346e-03 -9.965599970906301175e-02
-6.315819319526204401e-02 1.435449103997973094e-03 -9.679431835782822957e-02
-3.925456958963719628e-02 6.446467253341914283e-03 -1.135569166535752572e-01
-4.177583331921756737e-02 1.302097778461793615e-02 -1.122903718341789897e-01
-6.210681734802114828e-02 -4.219834436167227767e-03 -1.166563519581594877e-01
-4.683908591535222016e-02 -1.372016252054902678e-02 -1.135291727310598769e-01
-5.103470144021241689e-02 6.030688808764438427e-03 -1.179807598133820051e-01
-4.298436991870970697e-02 -1.058691294657591354e-02 -1.193901210809806129e-01
-4.963154760951542233e-02 -4.356168751823884938e-03 -1.339730130811752351e-01
-4.096415242032683257e-02 -9.821491788616317983e-03 -1.152549296653497812e-01
-5.459838390336051173e-02 -1.494545611925029993e-02 -1.210318319249625990e-01
-5.243687811581013852e-02 -2.829581324843973358e-02 -1.191105657084254588e-01
-5.516354860085811995e-02 -1.921371205992745620e-02 -1.237968251959896127e-01
-4.098473660215726927e-02 -2.970015981795353678e-03 -1.289356677015754682e-01
-3.806009992858672836e-02 -2.568812054167094253e-02 -1.503112372554068488e-01
-5.583331517533873800e-02 -1.662227647412035589e-02 -1.392723708146430539e-01
-6.743852511104429792e-02 8.181658964655797589e-04 -1.397327081996088960e-01
-6.785397759621869529e-02 -2.497671370684319270e-02 -1.448768898278884332e-01
-5.321980213069944787e-02 -2.043959440496685362e-02 -1.474965981950525640e-01
-6.746167843512496098e-02 -1.664786451230004446e-02 -1.423891497620430047e-01
-6.361337818339665717e-02 -2.713153500272337537e-02 -1.316314888908330094e-01
-6.952439441068755666e-02 -2.638776127890606060e-02 -1.380158252015397102e-01
-7.832486693732482186e-02 -6.120662874049332715e-03 -1.461489940061893866e-01
-9.298129475667529786e-02 -2.091092056293276241e-02 -1.532008220879937099e-01
-7.750766095198176331e-02 -4.109261620888025879e-02 -1.466031190355595870e-01
-7.926926562270240895e-02 -3.062747574383443971e-02 -1.522011836719983358e-01
-8.335500705222070872e-02 -4.032005363568826051e-02 -1.713480828950129653e-01
-7.354510100765129788e-02 -2.006876854094405763e-02 -1.902065377482028696e-01
-8.593343019227420165e-02 -1.712476322362530001e-02 -1.648272562253804696e-01
-9.655815065088314830e-02 -3.221746710324095014e-02 -1.590250460639388019e-01
-8.235992148098418564e-02 -4.520470312306138633e-02 -1.727338257178814007e-01
-6.902877428989966091e-02 -4.775750315468389740e-02 -1.784971974019980701e-01
-9.084124999416511026e-02 -4.283306710416616425e-02 -1.794694322094060601e-01
-9.858037198194791184e-02 -3.976784467483585050e-02 -1.915749002324410311e-01
-8.617862200893054714e-02 -4.028076059138151199e-02 -1.874634957912154065e-01
-9.306868125051585838e-02 -4.110654833229004240e-02 -1.934696591553324851e-01
-8.705682731009528608e-02 -3.475495961423156338e-02 -2.036112344497505722e-01
-8.835082389712506368e-02 -3.457708997382539368e-02 -1.912981753069959989e-01
-1.038051007362311429e-01 -3.403383513186764020e-02 -2.265769585687018861e-01
-9.280979280261489328e-02 -2.989236385191620243e-02 -1.988968033117943512e-01
-7.240458993490099526e-02 -5.226662791016440518e-02 -2.119822604906984043e-01
-6.184752257748495768e-02 -2.795339337617545189e-02 -2.136663967794519281e-01
-1.031588712733124691e-01 -3.301222307672352363e-02 -2.122462208760196867e-01
-1.012925938076036370e-01 -3.569502047926684934e-02 -2.071250569714817580e-01
-1.097239027361155833e-01 -5.737881794003674846e-02 -2.309097508841568003e-01
-7.751788937279333047e-02 -4.269964654304628932e-02 -2.362932143826479425e-01
-1.058703637905688555e-01 -4.385533040530367743e-02 -2.315796986468867114e-01
-8.871746019620042889e-02 -3.575194842918373583e-02 -2.345470869559088123e-01
-1.022837543481810996e-01 -1.505503643440738587e-02 -2.230926863390232662e-01
-1.185404863557289051e-01 -3.412991873064175063e-02 -2.362709574550726777e-01
-1.292742637894009616e-01 -3.489861278712185627e-02 -2.510591154730497099e-01
-1.227518098115120693e-01 -3.557048745081062280e-02 -2.301800878304292031e-01
-1.140156577615241140e-01 -3.027894886989818124e-02 -2.364586695803406746e-01
-1.118516445031618733e-01 -2.816077353272428835e-02 -2.399164489041073489e-01
-1.177124014557196507e-01 -1.563918067913142376e-02 -2.468148985407668805e-01
-1.092027633767170408e-01 -3.485803532986082864e-02 -2.406846294177913959e-01
-1.278698692306229345e-01 -1.190169737706975664e-02 -2.468829462907119743e-01
-1.297168059450118094e-01 -2.528262764493653322e-02 -2.430355903092205339e-01
-1.340033857648397220e-01 -2.143098491737360431e-02 -2.532037829128550022e-01
-1.305800047220474769e-01 -1.493894532852929960e-02 -2.659742228730885838e-01
-1.129046476274561950e-01 -2.278555540039073346e-02 -2.454484280207237523e-01
-1.277346778167595953e-01 -1.365559010946048452e-02 -2.510245123908483866e-01
-1.482117744274213111e-01 -4.539330909699893814e-03 -2.507707447116895860e-01
-1.231205729809070615e-01 -3.414617872958721628e-02 -2.484655390870447178e-01
-1.176673632329845731e-01 -1.529325891153335976e-02 -2.497068192097221806e-01
-1.168157164459643210e-01 -3.625171500627211857e-02 -2.428412638553639757e-01
-1.124001583765971563e-01 -4.718866903070263047e-02 -2.618091295490423964e-01
-1.140202959007383249e-01 -2.093074190069276960e-02 -2.727621803108236098e-01
-1.237834067732819232e-01 -3.476548033015285782e-02 -2.700931350629887651e-01
-1.127293706839227888e-01 -3.964569125775860986e-02 -2.658367879771459386e-01
-1.039223501483048373e-01 -4.572057158382727970e-02 -2.865433578432770023e-01
-1.212889517415762092e-01 -2.592838590799547566e-02 -2.590800813741934716e-01
-1.294301886860959594e-01 -2.654421526973843939e-02 -2.810936443505730464e-01
-1.296779430770197972e-01 -2.753307059872228332e-02 -2.784661079458043420e-01
-1.336113042199508494e-01 -3.315360378980893030e-02 -2.914396253604980558e-01
-1.380457644747297985e-01 -5.271504887792518440e-02 -2.841419917728865152e-01
-1.274932887565560224e-01 -3.691451915904033626e-02 -2.863438792561847634e-01
-1.308444512853449426e-01 -3.136238744235759351e-02 -2.924214937635546963e-01
-1.274141979973922867e-01 -3.230642023672150587e-02 -3.154547520205495115e-01
-1.358880708915292390e-01 -4.693511570419833107e-02 -3.031210555086858993e-01
-1.211622920716648455e-01 -4.928819789086335418e-02 -3.054362094390243865e-01
-1.351348768081886143e-01 -3.208418288002090613e-02 -3.008183034130013089e-01
-1.532122614389206938e-01 -4.764640661123369092e-02 -3.171453544540391856e-01
-1.533873558249933267e-01 -5.215174965949082031e-02 -3.032860845842277331e-01
-1.571148252613181195e-01 -3.424846253325961043e-02 -3.176308268333861706e-01
-1.455573975180013413e-01 -3.875098317111787954e-02 -3.147469514864958406e-01
-1.737028585721867580e-01 -4.140242271354836051e-02 -3.255490165864105556e-01
-1.747151733275964514e-01 -5.690836957387991613e-02 -3.412877812456279747e-01
-1.702726681102029738e-01 -4.887886939742142750e-02 -3.370358138482888455e-01
-1.579590716938315542e-01 -4.575609149454816504e-02 -3.389511063869088403e-01
-1.700604886293967943e-01 -4.232462381536583607e-02 -3.472738866763917520e-01
-1.632288157530973338e-01 -5.062024581172574339e-02 -3.485065791362083609e-01
-1.675200102200598284e-01 -4.257336707641025397e-02 -3.541069182181752484e-01
-1.697441748323390287e-01 -5.116868365546158037e-02 -3.535734681513076350e-01
-1.722373523992246636e-01 -5.144589396515480278e-02 -3.368798429030636088e-01
-1.728553252792330852e-01 -3.259842296701901537e-02 -3.526099246412587873e-01
-1.894586689296608173e-01 -3.518524652003980624e-02 -3.528619924981217237e-01
-1.767193184734587585e-01 -4.194686596971690384e-02 -3.627673798270598660e-01
-1.699960683579022636e-01 -4.757457989380237812e-02 -3.619571580186782822e-01
-1.851610440196732876e-01 -3.953222789913599794e-02 -3.609924867432601769e-01
-1.743844037522510604e-01 -2.214871774545437016e-02 -3.669338760610085792e-01
-1.901457652762262862e-01 -3.274762527745143231e-02 -3.709532695520693646e-01
-1.718562949753774938e-01 -3.595084713138997634e-02 -3.741917313445128346e-01
-1.783549760846063204e-01 -3.144699325384319594e-02 -3.739151693607694060e-01
-1.889211261137156428e-01 -3.359769013856767766e-02 -3.908242233760164108e-01
-1.832957695085015715e-01 -4.492791062534153695e-02 -3.848462031941562445e-01
-1.660722312018293734e-01 -3.181366577785253724e-02 -3.957310613762899942e-01
-1.725506559332196932e-01 -2.538003081493189067e-02 -4.058511631022821975e-01
-2.006181654436729744e-01 -3.692354227437965458e-02 -3.943504636703502597e-01
-1.858753649308666767e-01 -3.965086291595157353e-02 -4.112702485441822597e-01
-1.767237783227786907e-01 -2.829533264330712922e-02 -4.145869227513832578e-01
-1.707198815496045463e-01 -4.548519608867128416e-02 -4.145822847045519399e-01
-1.783391177853024256e-01 -2.750179323913150287e-02 -4.333841317808339588e-01
-1.789347586709495175e-01 -2.693235444497025372e-02 -4.160450079889958519e-01
-1.989080693707537539e-01 -2.390628141146815266e-02 -4.349914635291600162e-01
-1.955497475481201286e-01 -3.798490959340959650e-02 -4.270662838144992923e-01
-1.992450466082190119e-01 -4.995609903290450238e-02 -4.342682232983683388e-01
-2.047022946132912580e-01 -6.162387147662445191e-02 -4.360310757123287972e-01
-2.052043383460486203e-01 -6.196203414038872759e-02 -4.314489177466650505e-01
-1.949263188555944715e-01 -6.894432372832011435e-02 -4.390101550246252593e-01
-1.939203731828557931e-01 -5.887252042932692581e-02 -4.450299254473442101e-01
-2.016904896988904738e-01 -4.240164408110265459e-02 -4.314545344119479209e-01
-2.163999660995868379e-01 -6.823614493022653327e-02 -4.359796578800668732e-01
-2.317800718757857259e-01 -6.368215099065346885e-02 -4.465536548383633453e-01
-2.270640217450949350e-01 -6.377387555950118914e-02 -4.451273948063813046e-01
-2.282572460233441014e-01 -8.244223720571570990e-02 -4.500046341840971409e-01
-2.060739857479470527e-01 -8.090744326326283764e-02 -4.672824442944891743e-01
-2.075253058037641041e-01 -7.061847066304764720e-02 -4.550463601353534338e-01
-2.138657150839743115e-01 -7.189496782432747146e-02 -4.704089627867482082e-01
-2.119758654900659733e-01 -9.266626488986887122e-02 -4.750817681117623925e-01
-2.225102301010793426e-01 -7.593980132152623741e-02 -4.912897484591882136e-01
-2.251216541229613399e-01 -8.249303471340400928e-02 -4.759469099744784160e-01
-2.225792229495915375e-01 -8.170629025425198144e-02 -4.790013769785318454e-01
-2.210354353505945557e-01 -7.985093164795016574e-02 -4.740687599884185199e-01
-2.207273676159268727e-01 -9.777748067470157234e-02 -4.679918968311689298e-01
-2.283901255375818395e-01 -8.713733840916761120e-02 -4.837499499293806959e-01
-2.413010128899918394e-01 -8.139545019399033188e-02 -4.930063748126873313e-01
-2.367679469227247369e-01 -9.797108545451051198e-02 -4.833477985976211144e-01
-2.237768058681625372e-01 -8.970590707200540304e-02 -4.925536708862253144e-01
-2.349521587443476334e-01 -9.256136587399708959e-02 -4.932020040429422325e-01
-2.260157832632620212e-01 -8.534084315675083410e-02 -4.995619422495977680e-01
-2.407586275200554182e-01 -8.400965103572931303e-02 -4.962008255164835901e-01
-2.356227549694999701e-01 -8.502036323462484890e-02 -5.012968436012992246e-01
-2.521356624166363747e-01 -9.124171223593462166e-02 -4.992949352766520299e-01
-2.511418538524950450e-01 -8.264116712214811256e-02 -5.063949109921426217e-01
-2.510051338133679755e-01 -8.901166214004165023e-02 -5.082140112544298871e-01
-2.587174989291866067e-01 -8.266074385638395861e-02 -5.199970608291688556e-01
-2.365723507256941860e-01 -7.687046056311389042e-02 -5.179085814205047766e-01
-2.384334192684870457e-01 -8.288090611372982142e-02 -5.282492016002928725e-01
-2.519229383652231147e-01 -8.044729444396681028e-02 -5.242027065275708386e-01
-2.442526922244347698e-01 -7.623708723452213287e-02 -5.260186999188113388e-01
-2.626577331293222795e-01 -8.737220969240684643e-02 -5.432952937304401653e-01
-2.447719059857466073e-01 -7.453393300744029504e-02 -5.261519436293217167e-01
-2.704985832883790575e-01 -8.948877720165449023e-02 -5.295227179237694815e-01
-2.687548638795605460e-01 -8.106959878410145703e-02 -5.347821598692956702e-01
-2.792764830953429200e-01 -8.019378763279504108e-02 -5.410604231085194282e-01
-2.850014587125186960e-01 -8.431465922251185630e-02 -5.392706854620139545e-01
-2.821368753827988574e-01 -8.364444370066216605e-02 -5.356935636870749917e-01
-2.728151752800683227e-01 -9.087452249083938227e-02 -5.480326937508064322e-01
-2.719367222288582853e-01 -9.608004860870296426e-02 -5.272920779615783982e-01
-2.694051993657540778e-01 -7.841375849934710540e-02 -5.479272184009298385e-01
-2.698651634618268180e-01 -9.658070872872823176e-02 -5.695900704233883838e-01
-2.719881967803005063e-01 -8.346764565186164109e-02 -5.522050812379870610e-01
-2.685771321752691287e-01 -8.822647918442905191e-02 -5.672965800299555328e-01
-2.891216267041784582e-01 -8.671605966521005182e-02 -5.652797987515194578e-01
-2.845171938897645414e-01 -1.086206489522824892e-01 -5.671128729690889658e-01
-2.854558475594494715e-01 -9.333045799975285550e-02 -5.786126990374473866e-01
-2.884759765726942482e-01 -8.736380741870947153e-02 -5.759566210061743963e-01
-2.919814362966566268e-01 -8.852508214532033015e-02 -5.792859916521924113e-01
-2.936684467639959495e-01 -8.759170794799284177e-02 -5.862983609294428744e-01
-3.008027952997532339e-01 -7.284733275134350206e-02 -5.884469359800229560e-01
-2.878970985420734041e-01 -8.787532094441002917e-02 -5.892872850501797988e-01
-3.018890834590706729e-01 -9.666242033383716514e-02 -5.875741445475781699e-01
-2.934221011392735834e-01 -8.060544395547764029e-02 -5.857202295522260238e-01
-3.290939917566110817e-01 -7.085834648384314871e-02 -5.866248621792272688e-01
-3.259556655245514079e-01 -9.687843792925959763e-02 -5.933246337505477808e-01
-3.250373217428521588e-01 -8.435496651021431869e-02 -5.964209341275946707e-01
-3.273236209697419907e-01 -7.982149036493865757e-02 -6.059204000515246991e-01
-3.421765968183377304e-01 -8.274235686227990327e-02 -5.968740186872545372e-01
-3.355585674075396430e-01 -1.038283033453924753e-01 -6.191337200656960027e-01
-3.356134500686416833e-01 -9.991052443791097193e-02 -6.081173365136475217e-01
-3.210661018858678717e-01 -9.704785632337968593e-02 -6.132947194478142183e-01
-3.244280451646404662e-01 -1.150564939140900772e-01 -6.080496655439965314e-01
-3.380898706241550755e-01 -1.093518279072433486e-01 -6.160785892981055500e-01
-3.502723692409600020e-01 -1.052679312062607814e-01 -6.322680235657155423e-01
-3.384187017064793079e-01 -1.107285106581749612e-01 -6.422861843152044559e-01
-3.463329559196811624e-01 -1.056036266106635674e-01 -6.342270843220234600e-01
-3.504198160434368048e-01 -1.149283433278977251e-01 -6.411540652830349796e-01
-3.573111935168262754e-01 -1.152536194972345190e-01 -6.448435767975810862e-01
-3.469221139779140595e-01 -1.209548499424186740e-01 -6.499939633480605883e-01
-3.719889286812244067e-01 -1.124536049496340229e-01 -6.599142917172180489e-01
-3.561994308176886781e-01 -1.408675924700114324e-01 -6.566623845492786105e-01
-3.771230947971196401e-01 -1.114035748535221054e-01 -6.636703818967413238e-01
