1.388421631418168545e-03 1.304046600125730038e-03 -1.261426252312958241e-03
1.408659038133919239e-03 -5.158849060535430908e-03 5.722925416193902493e-04
1.329815946519374847e-02 1.903038588352501392e-03 -2.326661022379994392e-03
1.192691270262002945e-03 1.928902417421340942e-02 6.059742998331785202e-03
-2.080935426056385040e-02 6.636577192693948746e-03 -8.270135149359703064e-04
-9.586840867996215820e-03 -9.269164875149726868e-03 -3.826775355264544487e-03
1.122188172303140163e-03 -2.126603620126843452e-03 -1.028931792825460434e-02
-1.272616721689701080e-02 7.837342098355293274e-03 -1.338359899818897247e-02
-1.872989535331726074e-02 6.805733311921358109e-03 -1.184154301881790161e-02
-2.345096692442893982e-02 -1.060171518474817276e-02 -1.891511678695678711e-02
-1.601175405085086823e-02 2.876307349652051926e-03 -2.135700359940528870e-02
-3.174106404185295105e-02 1.352554094046354294e-02 -2.342656999826431274e-02
-3.129346668720245361e-02 -2.710294211283326149e-03 -3.007049858570098877e-02
-2.475592121481895447e-02 3.490616101771593094e-03 -3.044733963906764984e-02
-1.557805947959423065e-02 1.554992049932479858e-02 -3.608088195323944092e-02
-2.764482796192169189e-02 1.787141896784305573e-02 -2.956103906035423279e-02
-2.571219205856323242e-02 4.774806147906929255e-04 -3.144747018814086914e-02
-8.724100887775421143e-03 5.734111182391643524e-03 -2.578600123524665833e-02
-2.007131837308406830e-02 1.092126686125993729e-02 -2.742295898497104645e-02
-3.668994084000587463e-02 -1.040667947381734848e-02 -3.525575622916221619e-02
-1.427851524204015732e-02 -2.419524639844894409e-02 -3.322980552911758423e-02
1.148350886069238186e-03 -9.613848291337490082e-03 -2.464602701365947723e-02
-6.671293638646602631e-03 -6.326765753328800201e-03 -2.788643911480903625e-02
-1.928000710904598236e-02 -2.072754874825477600e-02 -3.723191469907760620e-02
-1.682287268340587616e-02 -3.355538100004196167e-02 -3.322928026318550110e-02
1.221396261826157570e-03 -2.052355371415615082e-02 -3.913257643580436707e-02
-1.008260622620582581e-02 -1.434820797294378281e-02 -4.624875262379646301e-02
-5.541794002056121826e-03 -2.259748429059982300e-02 -4.848950356245040894e-02
-6.910867057740688324e-03 -2.144797705113887787e-02 -5.779776722192764282e-02
-1.213813433423638344e-03 -1.528867334127426147e-02 -5.573629960417747498e-02
-1.008591987192630768e-02 -1.867680624127388000e-02 -5.637823790311813354e-02
-9.962519630789756775e-03 -1.691723987460136414e-02 -6.207787245512008667e-02
-2.610555849969387054e-02 -2.339769527316093445e-02 -6.500367820262908936e-02
-2.119277976453304291e-02 -3.485812619328498840e-02 -6.594367325305938721e-02
-2.377714961767196655e-03 -2.272404730319976807e-02 -6.471128016710281372e-02
-2.126852050423622131e-02 -8.295158855617046356e-03 -6.334707140922546387e-02
-2.806761488318443298e-02 -2.262765355408191681e-02 -6.252300739288330078e-02
-1.881032995879650116e-02 -2.400453016161918640e-02 -6.504059582948684692e-02
-2.875499613583087921e-02 -1.781081780791282654e-02 -6.453482061624526978e-02
-3.393618762493133545e-02 -2.425380982458591461e-02 -6.876594573259353638e-02
-2.005263231694698334e-02 -1.407621148973703384e-02 -7.342405617237091064e-02
-2.439516596496105194e-02 2.872532699257135391e-03 -7.472227513790130615e-02
-3.310696780681610107e-02 -2.035274356603622437e-02 -7.275747507810592651e-02
-2.818624489009380341e-02 -1.422040909528732300e-02 -8.079403638839721680e-02
-2.509173750877380371e-02 -4.549222066998481750e-03 -7.317832857370376587e-02
-3.189545869827270508e-02 2.896283520385622978e-03 -7.362619042396545410e-02
-3.486080840229988098e-02 -1.384217105805873871e-02 -8.162385225296020508e-02
-3.232741355895996094e-02 -1.836737804114818573e-02 -8.064012974500656128e-02
-2.392027340829372406e-02 -1.373525243252515793e-02 -7.667805999517440796e-02
-1.476292405277490616e-02 -2.432613261044025421e-02 -8.028174936771392822e-02
-2.927859313786029816e-02 -1.271835295483469963e-03 -7.868430763483047485e-02
-2.992065995931625366e-02 -2.996831317432224751e-04 -7.710415124893188477e-02
-2.335432171821594238e-02 6.808623671531677246e-03 -7.791753113269805908e-02
-3.304458409547805786e-02 1.588875800371170044e-02 -8.317987620830535889e-02
-3.042524121701717377e-02 1.170458737760782242e-02 -7.860415428876876831e-02
-2.268745005130767822e-02 7.508508395403623581e-03 -8.030109107494354248e-02
-2.291953377425670624e-02 1.635765423998236656e-03 -8.695408701896667480e-02
-3.199223801493644714e-02 1.813100883737206459e-03 -9.295182675123214722e-02
-3.920261189341545105e-02 7.283471059054136276e-03 -9.178680181503295898e-02
-3.992585837841033936e-02 -4.279969260096549988e-03 -9.099949896335601807e-02
-3.523520380258560181e-02 -7.294293609447777271e-04 -9.274456650018692017e-02
-4.180064052343368530e-02 -1.054982468485832214e-02 -9.091328829526901245e-02
-3.832040727138519287e-02 -1.317858323454856873e-02 -9.266137331724166870e-02
-3.081656247377395630e-02 -3.519960213452577591e-03 -9.769527614116668701e-02
-3.690967708826065063e-02 8.286307565867900848e-03 -1.010200306773185730e-01
-5.167126283049583435e-02 3.301715478301048279e-03 -1.018899977207183838e-01
-4.980810731649398804e-02 -1.687808777205646038e-03 -9.862687438726425171e-02
-4.344010353088378906e-02 5.219297949224710464e-03 -1.074592694640159607e-01
-4.694074392318725586e-02 3.965825773775577545e-03 -1.149604469537734985e-01
-5.324836075305938721e-02 7.753226673230528831e-04 -1.163818389177322388e-01
-4.822201281785964966e-02 -1.406061742454767227e-02 -1.128219142556190491e-01
-4.617343097925186157e-02 2.897136146202683449e-03 -1.165441200137138367e-01
-5.007428675889968872e-02 -6.945534609258174896e-03 -1.153146103024482727e-01
-5.868742614984512329e-02 -1.047706604003906250e-02 -1.229431927204132080e-01
-5.249971151351928711e-02 -1.404006034135818481e-02 -1.240444332361221313e-01
-4.949843883514404297e-02 -8.439405821263790131e-03 -1.319520920515060425e-01
-6.562333554029464722e-02 -1.840978302061557770e-02 -1.344575732946395874e-01
-5.550383031368255615e-02 -2.036164700984954834e-02 -1.351042389869689941e-01
-5.096363276243209839e-02 -1.326535176485776901e-02 -1.334709376096725464e-01
-4.548725113272666931e-02 -8.702759630978107452e-03 -1.386867016553878784e-01
-5.755372717976570129e-02 -1.099762506783008575e-02 -1.404723972082138062e-01
-5.023407563567161560e-02 -8.242570795118808746e-03 -1.416580826044082642e-01
-5.939830839633941650e-02 -1.929556019604206085e-02 -1.451221704483032227e-01
-6.060640141367912292e-02 -1.296010706573724747e-02 -1.462976634502410889e-01
-7.438982278108596802e-02 -9.448193944990634918e-03 -1.442516893148422241e-01
-7.672251760959625244e-02 -1.750046201050281525e-02 -1.421668380498886108e-01
-6.377264857292175293e-02 -2.064773812890052795e-02 -1.408932954072952271e-01
-7.513464242219924927e-02 -3.029951127246022224e-03 -1.502723246812820435e-01
-8.827138692140579224e-02 -1.708960160613059998e-02 -1.520871371030807495e-01
-8.059538155794143677e-02 -4.133512452244758606e-02 -1.535753309726715088e-01
-8.212082087993621826e-02 -2.985529787838459015e-02 -1.563149094581604004e-01
-8.457386493682861328e-02 -3.959355503320693970e-02 -1.590241640806198120e-01
-7.465831190347671509e-02 -2.633072994649410248e-02 -1.690283119678497314e-01
-8.705852925777435303e-02 -1.817861944437026978e-02 -1.713801622390747070e-01
-9.671577066183090210e-02 -3.541236743330955505e-02 -1.707691401243209839e-01
-9.694176167249679565e-02 -3.779033198952674866e-02 -1.776380836963653564e-01
-8.426316827535629272e-02 -4.424405843019485474e-02 -1.779973953962326050e-01
-9.372013062238693237e-02 -3.723647072911262512e-02 -1.834751516580581665e-01
-9.527910500764846802e-02 -4.123422130942344666e-02 -1.932902336120605469e-01
-9.388439357280731201e-02 -4.562593623995780945e-02 -1.864768713712692261e-01
-8.891074359416961670e-02 -4.162729158997535706e-02 -1.923337429761886597e-01
-8.369542658329010010e-02 -3.546467050909996033e-02 -1.990567147731781006e-01
-8.545891195535659790e-02 -3.813854977488517761e-02 -2.111740559339523315e-01
-1.049113795161247253e-01 -3.515129163861274719e-02 -2.164567708969116211e-01
-1.017926931381225586e-01 -4.226592555642127991e-02 -2.108675539493560791e-01
-7.687146961688995361e-02 -4.463238269090652466e-02 -2.150360345840454102e-01
-7.272668182849884033e-02 -2.422202192246913910e-02 -2.116944491863250732e-01
-9.062489122152328491e-02 -2.989564463496208191e-02 -2.152097821235656738e-01
-9.633081406354904175e-02 -4.123471304774284363e-02 -2.163720875978469849e-01
-9.613887220621109009e-02 -5.603924393653869629e-02 -2.249774187803268433e-01
-8.915363997220993042e-02 -4.258260875940322876e-02 -2.266446799039840698e-01
-9.374043345451354980e-02 -3.881710395216941833e-02 -2.305209636688232422e-01
-9.931755810976028442e-02 -3.415154665708541870e-02 -2.251579165458679199e-01
-1.068804785609245300e-01 -2.709306776523590088e-02 -2.323347628116607666e-01
-1.175354048609733582e-01 -2.396233007311820984e-02 -2.281593382358551025e-01
-1.191174238920211792e-01 -2.927100844681262970e-02 -2.371008992195129395e-01
-1.074946522712707520e-01 -3.052186034619808197e-02 -2.361143082380294800e-01
-1.137404218316078186e-01 -3.265256434679031372e-02 -2.334728389978408813e-01
-1.133591681718826294e-01 -3.083414956927299500e-02 -2.357080429792404175e-01
-1.088759452104568481e-01 -2.946516498923301697e-02 -2.465555518865585327e-01
-1.195165440440177917e-01 -2.665527351200580597e-02 -2.514633536338806152e-01
-1.300238966941833496e-01 -2.270177379250526428e-02 -2.483563721179962158e-01
-1.316263675689697266e-01 -2.481537871062755585e-02 -2.500817477703094482e-01
-1.288937181234359741e-01 -2.335517480969429016e-02 -2.482284009456634521e-01
-1.292260587215423584e-01 -3.366092592477798462e-02 -2.483189702033996582e-01
-1.224709302186965942e-01 -2.518699131906032562e-02 -2.454144805669784546e-01
-1.279896050691604614e-01 -9.097067639231681824e-03 -2.444748729467391968e-01
-1.367280930280685425e-01 -9.386725723743438721e-03 -2.454454600811004639e-01
-1.230663806200027466e-01 -3.495028987526893616e-02 -2.453333288431167603e-01
-1.180758178234100342e-01 -1.753405481576919556e-02 -2.533705830574035645e-01
-1.103209182620048523e-01 -3.713551536202430725e-02 -2.512874603271484375e-01
-1.079123318195343018e-01 -4.234081506729125977e-02 -2.580740451812744141e-01
-1.168204471468925476e-01 -2.764672413468360901e-02 -2.662267386913299561e-01
-1.315135806798934937e-01 -2.457569539546966553e-02 -2.690727114677429199e-01
-1.164534538984298706e-01 -3.519775718450546265e-02 -2.715086042881011963e-01
-1.122323051095008850e-01 -2.696782536804676056e-02 -2.698481976985931396e-01
-1.251227706670761108e-01 -3.382119908928871155e-02 -2.743521630764007568e-01
-1.283181607723236084e-01 -3.747863322496414185e-02 -2.767734825611114502e-01
-1.306179165840148926e-01 -2.562676183879375458e-02 -2.811201214790344238e-01
-1.387103050947189331e-01 -3.168613463640213013e-02 -2.935284376144409180e-01
-1.381277590990066528e-01 -4.198843613266944885e-02 -2.948370575904846191e-01
-1.168467700481414795e-01 -3.911568224430084229e-02 -2.930057346820831299e-01
-1.184029132127761841e-01 -2.227950654923915863e-02 -3.015572726726531982e-01
-1.300478875637054443e-01 -2.629039250314235687e-02 -3.085412681102752686e-01
-1.430149823427200317e-01 -4.282710328698158264e-02 -3.094902038574218750e-01
-1.349448114633560181e-01 -4.581929743289947510e-02 -3.141267895698547363e-01
-1.317206174135208130e-01 -2.780010364949703217e-02 -3.164933025836944580e-01
-1.574744731187820435e-01 -3.299807384610176086e-02 -3.084032833576202393e-01
-1.574656665325164795e-01 -4.852528870105743408e-02 -3.206278383731842041e-01
-1.538132876157760620e-01 -3.341320157051086426e-02 -3.218131065368652344e-01
-1.666307151317596436e-01 -4.046292230486869812e-02 -3.210155963897705078e-01
-1.746156662702560425e-01 -4.405061155557632446e-02 -3.236753344535827637e-01
-1.668573915958404541e-01 -5.053468048572540283e-02 -3.312550783157348633e-01
-1.627814918756484985e-01 -5.061092972755432129e-02 -3.380075097084045410e-01
-1.577186137437820435e-01 -4.679537564516067505e-02 -3.345693945884704590e-01
-1.670338213443756104e-01 -4.713956266641616821e-02 -3.416583836078643799e-01
-1.682048588991165161e-01 -4.234191402792930603e-02 -3.470548689365386963e-01
-1.750713139772415161e-01 -3.851740807294845581e-02 -3.507609665393829346e-01
-1.861114501953125000e-01 -4.066280275583267212e-02 -3.520834743976593018e-01
-1.722428947687149048e-01 -6.029714271426200867e-02 -3.418806493282318115e-01
-1.719609200954437256e-01 -4.246091097593307495e-02 -3.490735590457916260e-01
-1.789951324462890625e-01 -3.924980014562606812e-02 -3.611395061016082764e-01
-1.634226292371749878e-01 -4.655889421701431274e-02 -3.510189354419708252e-01
-1.747667491436004639e-01 -4.482397064566612244e-02 -3.584159314632415771e-01
-1.682854592800140381e-01 -3.078638575971126556e-02 -3.656583428382873535e-01
-1.722397804260253906e-01 -3.200305625796318054e-02 -3.674320578575134277e-01
-1.821848601102828979e-01 -3.958752378821372986e-02 -3.706439137458801270e-01
-1.719060838222503662e-01 -3.720028325915336609e-02 -3.825958967208862305e-01
-1.719909459352493286e-01 -3.410304337739944458e-02 -3.760244846343994141e-01
-1.740772426128387451e-01 -3.778393939137458801e-02 -3.872735202312469482e-01
-1.684099435806274414e-01 -3.780959546566009521e-02 -3.961667120456695557e-01
-1.620995402336120605e-01 -3.033972531557083130e-02 -3.951668143272399902e-01
-1.741090863943099976e-01 -1.890213601291179657e-02 -3.946621417999267578e-01
-1.922657638788223267e-01 -2.397140488028526306e-02 -4.098154604434967041e-01
-1.927030682563781738e-01 -3.782083094120025635e-02 -4.112835228443145752e-01
-1.785949021577835083e-01 -3.833484277129173279e-02 -4.132788181304931641e-01
-1.784854978322982788e-01 -3.809266164898872375e-02 -4.143323600292205811e-01
-1.734943240880966187e-01 -3.816495463252067566e-02 -4.130029082298278809e-01
-1.892691552639007568e-01 -1.685505732893943787e-02 -4.308564066886901855e-01
-2.087306529283523560e-01 -2.708261460065841675e-02 -4.285266697406768799e-01
-2.057028561830520630e-01 -4.547520726919174194e-02 -4.289473891258239746e-01
-2.049689888954162598e-01 -4.648339748382568359e-02 -4.368783235549926758e-01
-2.001643478870391846e-01 -4.442851990461349487e-02 -4.358243048191070557e-01
-2.027004659175872803e-01 -5.399952828884124756e-02 -4.344375431537628174e-01
-2.014189213514328003e-01 -6.578893214464187622e-02 -4.410851597785949707e-01
-2.023868560791015625e-01 -5.142380297183990479e-02 -4.348895847797393799e-01
-2.103993296623229980e-01 -3.883940353989601135e-02 -4.441061615943908691e-01
-2.200372219085693359e-01 -5.829555168747901917e-02 -4.453738927841186523e-01
-2.282692342996597290e-01 -6.250219792127609253e-02 -4.486495256423950195e-01
-2.281786352396011353e-01 -5.954850465059280396e-02 -4.506742954254150391e-01
-2.191654741764068604e-01 -8.540271967649459839e-02 -4.533074498176574707e-01
-2.040451914072036743e-01 -7.167326658964157104e-02 -4.630059897899627686e-01
-2.106113582849502563e-01 -6.859819591045379639e-02 -4.600572884082794189e-01
-2.161183059215545654e-01 -7.483264058828353882e-02 -4.750216901302337646e-01
-2.184341996908187866e-01 -7.645996659994125366e-02 -4.711287021636962891e-01
-2.263809442520141602e-01 -8.266301453113555908e-02 -4.698771536350250244e-01
-2.161326408386230469e-01 -7.827749103307723999e-02 -4.751693010330200195e-01
-2.192192971706390381e-01 -8.017347007989883423e-02 -4.708312153816223145e-01
-2.255771309137344360e-01 -8.328298479318618774e-02 -4.740544855594635010e-01
-2.219794094562530518e-01 -8.953614532947540283e-02 -4.733066260814666748e-01
-2.218831628561019897e-01 -9.148254245519638062e-02 -4.821322560310363770e-01
-2.245822846889495850e-01 -8.719342201948165894e-02 -4.847182631492614746e-01
-2.283946275711059570e-01 -9.824778884649276733e-02 -4.831120669841766357e-01
-2.205612063407897949e-01 -8.527412265539169312e-02 -4.953591525554656982e-01
-2.266126275062561035e-01 -9.041599929332733154e-02 -4.950143992900848389e-01
-2.282446324825286865e-01 -9.872736781835556030e-02 -4.943162202835083008e-01
-2.422083914279937744e-01 -8.794726431369781494e-02 -4.982726871967315674e-01
-2.431572526693344116e-01 -9.136530011892318726e-02 -5.024778246879577637e-01
-2.349609732627868652e-01 -8.772546797990798950e-02 -5.064613819122314453e-01
-2.476585954427719116e-01 -8.315984159708023071e-02 -5.034080147743225098e-01
-2.512999176979064941e-01 -8.233618736267089844e-02 -5.165623426437377930e-01
-2.484660744667053223e-01 -8.140994608402252197e-02 -5.111377239227294922e-01
-2.455252110958099365e-01 -8.210462331771850586e-02 -5.196706056594848633e-01
-2.396231889724731445e-01 -8.438985049724578857e-02 -5.178002119064331055e-01
-2.497000396251678467e-01 -8.113280683755874634e-02 -5.191616415977478027e-01
-2.543557584285736084e-01 -7.556429505348205566e-02 -5.270352363586425781e-01
-2.602049112319946289e-01 -8.382626622915267944e-02 -5.320136547088623047e-01
-2.596132755279541016e-01 -8.116599172353744507e-02 -5.408900976181030273e-01
-2.629632949829101562e-01 -8.832511305809020996e-02 -5.289946198463439941e-01
-2.636097073554992676e-01 -6.696861237287521362e-02 -5.366076231002807617e-01
-2.799342572689056396e-01 -7.838091254234313965e-02 -5.372308492660522461e-01
-2.805281579494476318e-01 -8.645081520080566406e-02 -5.426969528198242188e-01
-2.883335947990417480e-01 -8.028574287891387939e-02 -5.346104502677917480e-01
-2.879264950752258301e-01 -8.472853153944015503e-02 -5.463417768478393555e-01
-2.738999128341674805e-01 -8.653406798839569092e-02 -5.428863167762756348e-01
-2.759976685047149658e-01 -7.906376570463180542e-02 -5.485324859619140625e-01
-2.772212624549865723e-01 -8.563075214624404907e-02 -5.615720152854919434e-01
-2.652993202209472656e-01 -8.937706053256988525e-02 -5.590205788612365723e-01
-2.884230613708496094e-01 -8.075300604104995728e-02 -5.722483396530151367e-01
-2.900763154029846191e-01 -1.021388843655586243e-01 -5.632491707801818848e-01
-2.766653001308441162e-01 -9.999937564134597778e-02 -5.753430128097534180e-01
-2.789637148380279541e-01 -9.527590870857238770e-02 -5.760644078254699707e-01
-2.955136895179748535e-01 -8.192666620016098022e-02 -5.787422657012939453e-01
-3.023570775985717773e-01 -9.075139462947845459e-02 -5.669677257537841797e-01
-2.999142706394195557e-01 -9.706845134496688843e-02 -5.792168378829956055e-01
-2.982510030269622803e-01 -7.911458611488342285e-02 -5.790238380432128906e-01
-2.997197210788726807e-01 -7.834463566541671753e-02 -5.816851854324340820e-01
-3.075868785381317139e-01 -8.993932604789733887e-02 -5.903965234756469727e-01
-3.100956380367279053e-01 -8.961118012666702271e-02 -5.928798913955688477e-01
-3.282405138015747070e-01 -7.784453779458999634e-02 -5.935739278793334961e-01
-3.297915160655975342e-01 -8.072255551815032959e-02 -5.950555801391601562e-01
-3.255568742752075195e-01 -9.356287866830825806e-02 -5.999061465263366699e-01
-3.232756257057189941e-01 -8.388978987932205200e-02 -6.059208512306213379e-01
-3.305446207523345947e-01 -8.678766340017318726e-02 -6.101894378662109375e-01
-3.445465266704559326e-01 -1.019720211625099182e-01 -6.109414696693420410e-01
-3.219470679759979248e-01 -1.073789522051811218e-01 -6.169647574424743652e-01
-3.243319094181060791e-01 -1.051400303840637207e-01 -6.189190745353698730e-01
-3.220169842243194580e-01 -9.895335137844085693e-02 -6.160122156143188477e-01
-3.323388397693634033e-01 -9.597013145685195923e-02 -6.277214288711547852e-01
-3.399539589881896973e-01 -9.803582727909088135e-02 -6.285114288330078125e-01
-3.440959453582763672e-01 -1.145024150609970093e-01 -6.341755986213684082e-01
-3.422027230262756348e-01 -1.111998260021209717e-01 -6.425389051437377930e-01
-3.516775965690612793e-01 -1.182434484362602234e-01 -6.353507637977600098e-01
-3.551458418369293213e-01 -1.263303160667419434e-01 -6.446363925933837891e-01
-3.588647544384002686e-01 -1.172172278165817261e-01 -6.450471282005310059e-01
-3.743915557861328125e-01 -1.165174692869186401e-01 -6.574011445045471191e-01
-3.616259694099426270e-01 -1.306458860635757446e-01 -6.531356573104858398e-01
-3.757088780403137207e-01 -1.226876676082611084e-01 -6.675207018852233887e-01
