4.628251481335610151e-04 1.068160403519868851e-03 2.269148128107190132e-03
-3.285191269242204726e-05 -1.122773438692092896e-02 1.097661349922418594e-02
1.436646655201911926e-02 -5.725601222366094589e-03 -1.506424322724342346e-02
-4.568239673972129822e-03 3.094504028558731079e-02 7.446493953466415405e-03
-1.516391150653362274e-02 -2.740305790212005377e-04 -9.611168876290321350e-03
-1.919261552393436432e-02 -5.966052878648042679e-03 -2.475105458870530128e-03
5.304514430463314056e-03 -1.552446093410253525e-02 -1.521738991141319275e-02
-1.807420141994953156e-02 1.693380414508283138e-03 -7.716695312410593033e-03
-1.956715993583202362e-02 1.520380377769470215e-02 -1.967916451394557953e-02
-1.899708993732929230e-02 -1.582531444728374481e-02 -6.048758048564195633e-03
-2.797299996018409729e-02 1.231688354164361954e-02 -2.568834461271762848e-02
-1.819862052798271179e-02 -9.596401359885931015e-04 -2.388074249029159546e-02
-2.888605371117591858e-02 -1.355345919728279114e-02 -4.082811623811721802e-02
-1.991383731365203857e-02 2.552810125052928925e-03 -3.162285685539245605e-02
-2.529628388583660126e-02 2.417710795998573303e-02 -3.081740066409111023e-02
-3.721820935606956482e-02 1.526108942925930023e-02 -3.013443574309349060e-02
-2.313374541699886322e-02 -8.215030655264854431e-03 -3.241650760173797607e-02
2.341913990676403046e-03 3.959826717618852854e-04 -2.538829855620861053e-02
-2.427550405263900757e-02 7.143654860556125641e-03 -3.796565905213356018e-02
-2.454211749136447906e-02 -1.596898213028907776e-02 -4.004832729697227478e-02
-1.324520725756883621e-02 -2.259771525859832764e-02 -3.843689337372779846e-02
5.361150018870830536e-03 -9.031047113239765167e-03 -3.388755768537521362e-02
-1.881317235529422760e-02 -1.083382777869701385e-02 -3.705301880836486816e-02
-3.652412071824073792e-02 -1.275992486625909805e-02 -3.438491001725196838e-02
-4.591609816998243332e-03 -2.803491801023483276e-02 -3.513374552130699158e-02
7.899470627307891846e-03 -2.044452354311943054e-02 -3.655977547168731689e-02
-1.272291759960353374e-03 -2.208986319601535797e-03 -3.618580847978591919e-02
-7.450195029377937317e-03 -1.754087395966053009e-02 -5.701433122158050537e-02
-6.695028394460678101e-03 -3.001543134450912476e-02 -4.850102216005325317e-02
8.233054541051387787e-03 -2.294897846877574921e-02 -4.599911719560623169e-02
-2.132257074117660522e-02 -8.538579568266868591e-03 -6.542363762855529785e-02
-4.116196359973400831e-04 -1.760124415159225464e-02 -6.178722530603408813e-02
-1.775640435516834259e-02 -3.061644360423088074e-02 -6.886383146047592163e-02
-2.157410234212875366e-02 -2.693957462906837463e-02 -5.665696412324905396e-02
-1.162583939731121063e-02 -1.718360744416713715e-02 -5.654892697930335999e-02
-3.112495876848697662e-03 -1.843394525349140167e-02 -6.061328202486038208e-02
-2.461643144488334656e-02 -2.245539426803588867e-02 -6.361950188875198364e-02
-1.606246083974838257e-02 -2.726994082331657410e-02 -5.887452885508537292e-02
-2.483129501342773438e-02 -2.018616162240505219e-02 -7.033417373895645142e-02
-2.752775698900222778e-02 -2.940423972904682159e-02 -6.054119393229484558e-02
-2.388258650898933411e-02 -1.397615578025579453e-02 -7.386571913957595825e-02
-2.016925811767578125e-02 6.663890089839696884e-03 -7.192422449588775635e-02
-3.388081118464469910e-02 -1.972316019237041473e-02 -7.909307628870010376e-02
-3.160389885306358337e-02 -2.008443232625722885e-03 -8.471982181072235107e-02
-2.929262816905975342e-02 -5.026678554713726044e-03 -8.000114560127258301e-02
-2.927019260823726654e-02 -2.210384467616677284e-03 -8.962653577327728271e-02
-3.226186707615852356e-02 -6.223485805094242096e-03 -7.068344950675964355e-02
-4.262646287679672241e-02 -1.540463697165250778e-02 -7.925769686698913574e-02
-3.000043518841266632e-02 -1.205551810562610626e-02 -6.982375681400299072e-02
-2.738353051245212555e-02 -1.470655295997858047e-02 -8.398159593343734741e-02
-3.023391403257846832e-02 -1.099344249814748764e-02 -8.059474080801010132e-02
-2.481096982955932617e-02 8.216210640966892242e-03 -8.077616989612579346e-02
-1.349335536360740662e-02 8.887508884072303772e-03 -7.730421423912048340e-02
-3.246083855628967285e-02 4.888594150543212891e-03 -7.650037854909896851e-02
-4.154812544584274292e-02 6.269582547247409821e-03 -8.417256176471710205e-02
-2.793356031179428101e-02 1.983194611966609955e-02 -8.057550340890884399e-02
-2.801368013024330139e-02 2.486497350037097931e-02 -8.691016584634780884e-02
-3.477929905056953430e-02 1.716754399240016937e-02 -8.596239984035491943e-02
-4.183407500386238098e-02 5.585228092968463898e-03 -9.383468329906463623e-02
-4.965156689286231995e-02 3.224622691050171852e-03 -7.877462357282638550e-02
-2.593245357275009155e-02 -8.554117754101753235e-03 -9.255480766296386719e-02
-3.268528357148170471e-02 -9.624212980270385742e-03 -8.493562042713165283e-02
-4.151462391018867493e-02 -2.205957099795341492e-02 -9.538460522890090942e-02
-3.302994742989540100e-02 -2.083713421598076820e-03 -8.216198533773422241e-02
-3.260599076747894287e-02 7.254159078001976013e-03 -1.113244742155075073e-01
-5.630562826991081238e-02 1.807175204157829285e-02 -1.042506396770477295e-01
-5.406033992767333984e-02 -1.065301150083541870e-02 -1.072444990277290344e-01
-3.794048354029655457e-02 1.207075640559196472e-02 -1.084382086992263794e-01
-5.193376913666725159e-02 2.253203187137842178e-03 -1.117222607135772705e-01
-6.294612586498260498e-02 1.761231920681893826e-03 -1.201791092753410339e-01
-4.563412070274353027e-02 -1.432247273623943329e-02 -1.164728552103042603e-01
-4.537948220968246460e-02 -8.112412178888916969e-04 -1.131316497921943665e-01
-6.064426526427268982e-02 -1.197256264276802540e-03 -1.293705552816390991e-01
-5.960927158594131470e-02 -2.146772108972072601e-02 -1.259411275386810303e-01
-3.418883308768272400e-02 -7.137933745980262756e-03 -1.191327497363090515e-01
-5.177763476967811584e-02 -7.477186620235443115e-03 -1.214295402169227600e-01
-6.125674396753311157e-02 -2.887817285954952240e-02 -1.171146184206008911e-01
-4.909552633762359619e-02 -1.930082216858863831e-02 -1.235803887248039246e-01
-4.486653953790664673e-02 -1.760049536824226379e-02 -1.328510493040084839e-01
-5.328416451811790466e-02 -2.894595265388488770e-02 -1.338990479707717896e-01
-5.134254693984985352e-02 -3.944183699786663055e-03 -1.251868605613708496e-01
-4.925889149308204651e-02 -1.302425656467676163e-02 -1.498499512672424316e-01
-6.743683665990829468e-02 -1.202735956758260727e-02 -1.570547372102737427e-01
-7.223529368638992310e-02 -2.236420288681983948e-02 -1.486362516880035400e-01
-7.538747042417526245e-02 -1.094839349389076233e-02 -1.616251766681671143e-01
-7.068479806184768677e-02 -9.095335379242897034e-03 -1.490041464567184448e-01
-7.326680421829223633e-02 -2.619248628616333008e-02 -1.341949850320816040e-01
-7.930571585893630981e-02 -2.098317025229334831e-03 -1.410260349512100220e-01
-9.838545322418212891e-02 -2.594796381890773773e-02 -1.404112130403518677e-01
-6.875387579202651978e-02 -2.845059894025325775e-02 -1.514134258031845093e-01
-1.001259535551071167e-01 -2.163037844002246857e-02 -1.686686724424362183e-01
-8.135866373777389526e-02 -3.757029399275779724e-02 -1.523758023977279663e-01
-6.837837398052215576e-02 -3.226119652390480042e-02 -1.826497614383697510e-01
-8.095089346170425415e-02 -1.804900169372558594e-02 -1.752702295780181885e-01
-9.072255343198776245e-02 -3.332158178091049194e-02 -1.825687289237976074e-01
-8.645111322402954102e-02 -3.485588356852531433e-02 -1.809207201004028320e-01
-9.733444452285766602e-02 -4.745907336473464966e-02 -1.730934083461761475e-01
-8.939073234796524048e-02 -1.908099278807640076e-02 -1.824762374162673950e-01
-8.277459442615509033e-02 -5.565535649657249451e-02 -1.883696913719177246e-01
-8.274934440851211548e-02 -3.317789733409881592e-02 -1.807779371738433838e-01
-7.924513518810272217e-02 -3.136198222637176514e-02 -2.062187492847442627e-01
-8.469123393297195435e-02 -4.261543974280357361e-02 -1.937495470046997070e-01
-9.234397113323211670e-02 -2.830082178115844727e-02 -2.099591046571731567e-01
-9.928541630506515503e-02 -3.796358034014701843e-02 -2.079793661832809448e-01
-9.254098683595657349e-02 -4.550497606396675110e-02 -2.094320803880691528e-01
-7.538540661334991455e-02 -4.444273561239242554e-02 -2.303561568260192871e-01
-7.446207851171493530e-02 -4.476829245686531067e-02 -2.053738832473754883e-01
-8.374226838350296021e-02 -2.863061055541038513e-02 -2.078165113925933838e-01
-8.580106496810913086e-02 -5.217508599162101746e-02 -2.370242327451705933e-01
-8.351808041334152222e-02 -5.478310212492942810e-02 -2.314599752426147461e-01
-9.826812148094177246e-02 -3.653209283947944641e-02 -2.290019989013671875e-01
-7.942282408475875854e-02 -4.307979345321655273e-02 -2.296347916126251221e-01
-8.918221294879913330e-02 -3.430281952023506165e-02 -2.351997941732406616e-01
-9.751678258180618286e-02 -2.393081597983837128e-02 -2.283991277217864990e-01
-1.293590813875198364e-01 -2.735849842429161072e-02 -2.419440597295761108e-01
-1.336081326007843018e-01 -3.276805952191352844e-02 -2.392123341560363770e-01
-1.113509759306907654e-01 -1.628396287560462952e-02 -2.370819151401519775e-01
-1.165977269411087036e-01 -1.654880493879318237e-02 -2.431419491767883301e-01
-1.245247200131416321e-01 -2.124069072306156158e-02 -2.413919568061828613e-01
-1.255982667207717896e-01 -2.356517128646373749e-02 -2.347908020019531250e-01
-1.095978915691375732e-01 -1.429248787462711334e-02 -2.595588862895965576e-01
-1.208389177918434143e-01 -2.124747820198535919e-02 -2.467341125011444092e-01
-1.284397691488265991e-01 -2.425226010382175446e-02 -2.368786782026290894e-01
-1.449015289545059204e-01 -3.114133141934871674e-02 -2.577828466892242432e-01
-1.313160806894302368e-01 -3.524142131209373474e-02 -2.511135637760162354e-01
-1.207443401217460632e-01 -1.538656000047922134e-02 -2.421275973320007324e-01
-1.188589334487915039e-01 -9.357748203910887241e-04 -2.485479414463043213e-01
-1.384069025516510010e-01 -3.645852673798799515e-03 -2.442506849765777588e-01
-1.287561655044555664e-01 -1.479484234005212784e-02 -2.559413611888885498e-01
-1.075984239578247070e-01 -3.111181035637855530e-02 -2.485071718692779541e-01
-1.168677508831024170e-01 -2.713792026042938232e-02 -2.705129981040954590e-01
-1.069155931472778320e-01 -4.926102608442306519e-02 -2.525811493396759033e-01
-1.275800317525863647e-01 -3.023476712405681610e-02 -2.656891644001007080e-01
-1.234033703804016113e-01 -2.498792856931686401e-02 -2.506568729877471924e-01
-1.234692633152008057e-01 -4.475963860750198364e-02 -2.651111483573913574e-01
-1.096103861927986145e-01 -2.305475622415542603e-02 -2.716741561889648438e-01
-1.455013900995254517e-01 -2.926482446491718292e-02 -2.964547574520111084e-01
-1.350600868463516235e-01 -2.778817899525165558e-02 -2.693798243999481201e-01
-1.438010036945343018e-01 -1.821824535727500916e-02 -2.637133598327636719e-01
-1.522716879844665527e-01 -3.091555088758468628e-02 -2.866293191909790039e-01
-1.433205604553222656e-01 -2.025065757334232330e-02 -2.992821335792541504e-01
-1.318724453449249268e-01 -3.944141045212745667e-02 -2.827335894107818604e-01
-1.272155642509460449e-01 -2.021029964089393616e-02 -3.110815286636352539e-01
-1.387673318386077881e-01 -1.883834227919578552e-02 -3.064634501934051514e-01
-1.453829258680343628e-01 -5.243284627795219421e-02 -3.179571032524108887e-01
-1.314729154109954834e-01 -2.964402548968791962e-02 -3.167998790740966797e-01
-1.345750093460083008e-01 -3.914089500904083252e-02 -3.171133995056152344e-01
-1.397046893835067749e-01 -2.941511571407318115e-02 -3.124577999114990234e-01
-1.553328335285186768e-01 -2.841574884951114655e-02 -3.301874995231628418e-01
-1.591787338256835938e-01 -2.110609598457813263e-02 -3.175114393234252930e-01
-1.603382974863052368e-01 -3.331893682479858398e-02 -3.164767622947692871e-01
-1.549978703260421753e-01 -3.665063902735710144e-02 -3.394508361816406250e-01
-1.708816587924957275e-01 -5.109669268131256104e-02 -3.212678730487823486e-01
-1.764813363552093506e-01 -5.313333496451377869e-02 -3.378929495811462402e-01
-1.695764064788818359e-01 -4.552539438009262085e-02 -3.310142755508422852e-01
-1.631437242031097412e-01 -4.032363742589950562e-02 -3.495998680591583252e-01
-1.713276803493499756e-01 -3.709036856889724731e-02 -3.576635420322418213e-01
-1.780389994382858276e-01 -4.128373041749000549e-02 -3.439178168773651123e-01
-1.812292933464050293e-01 -2.375218272209167480e-02 -3.550214171409606934e-01
-1.605977565050125122e-01 -5.720930919051170349e-02 -3.412947654724121094e-01
-1.720748841762542725e-01 -2.595568448305130005e-02 -3.651033341884613037e-01
-1.807793527841567993e-01 -5.725668370723724365e-02 -3.478955924510955811e-01
-1.863546818494796753e-01 -4.628630355000495911e-02 -3.636951148509979248e-01
-1.635309010744094849e-01 -3.607237339019775391e-02 -3.510988056659698486e-01
-1.670394539833068848e-01 -4.845805093646049500e-02 -3.658857941627502441e-01
-1.595420092344284058e-01 -3.049542196094989777e-02 -3.641810417175292969e-01
-1.847250014543533325e-01 -3.117634356021881104e-02 -3.754491806030273438e-01
-1.782412976026535034e-01 -3.233920782804489136e-02 -3.804422318935394287e-01
-1.673900932073593140e-01 -3.823046386241912842e-02 -3.759556412696838379e-01
-1.723864525556564331e-01 -4.961019381880760193e-02 -3.934902846813201904e-01
-1.663050055503845215e-01 -1.750826463103294373e-02 -3.810027241706848145e-01
-1.751390993595123291e-01 -1.780891790986061096e-02 -4.014566838741302490e-01
-1.666813492774963379e-01 -2.895642258226871490e-02 -3.995946049690246582e-01
-1.820409893989562988e-01 -2.059953659772872925e-02 -4.139947891235351562e-01
-1.797392666339874268e-01 -4.510752856731414795e-02 -4.010358154773712158e-01
-1.865195780992507935e-01 -5.031275749206542969e-02 -4.171175062656402588e-01
-1.767065972089767456e-01 -3.938302770256996155e-02 -4.065188169479370117e-01
-1.677781045436859131e-01 -4.152377322316169739e-02 -3.995489180088043213e-01
-1.824645400047302246e-01 -3.471807017922401428e-02 -4.137644171714782715e-01
-1.960929781198501587e-01 -2.330918237566947937e-02 -4.356376230716705322e-01
-1.924681514501571655e-01 -4.128182306885719299e-02 -4.343237280845642090e-01
-1.958740353584289551e-01 -4.912182688713073730e-02 -4.413734972476959229e-01
-2.108691781759262085e-01 -4.010890424251556396e-02 -4.479507505893707275e-01
-2.025813013315200806e-01 -5.456626415252685547e-02 -4.484316408634185791e-01
-2.142831385135650635e-01 -5.243811011314392090e-02 -4.300319552421569824e-01
-2.034602910280227661e-01 -4.422233626246452332e-02 -4.494818747043609619e-01
-2.249029576778411865e-01 -2.050357125699520111e-02 -4.477880597114562988e-01
-2.254057079553604126e-01 -6.383960694074630737e-02 -4.448506832122802734e-01
-2.255561053752899170e-01 -6.033580750226974487e-02 -4.363036453723907471e-01
-2.261955738067626953e-01 -7.234136760234832764e-02 -4.334878921508789062e-01
-2.258684933185577393e-01 -9.278562664985656738e-02 -4.436136782169342041e-01
-2.087022811174392700e-01 -9.525290876626968384e-02 -4.445772469043731689e-01
-2.085563093423843384e-01 -8.158875256776809692e-02 -4.631210267543792725e-01
-2.189532667398452759e-01 -6.721593439579010010e-02 -4.712484776973724365e-01
-2.115458250045776367e-01 -8.356042951345443726e-02 -4.723084270954132080e-01
-2.120199501514434814e-01 -8.319218456745147705e-02 -4.743780195713043213e-01
-2.117479890584945679e-01 -6.495627760887145996e-02 -4.748717248439788818e-01
-2.092379927635192871e-01 -7.383938133716583252e-02 -4.680488705635070801e-01
-2.390768676996231079e-01 -9.223782271146774292e-02 -4.781174659729003906e-01
-2.202353179454803467e-01 -9.060259163379669189e-02 -4.598079025745391846e-01
-2.166282236576080322e-01 -9.075643867254257202e-02 -4.926007688045501709e-01
-2.204102128744125366e-01 -9.651000797748565674e-02 -4.770413339138031006e-01
-2.241681814193725586e-01 -1.085562482476234436e-01 -4.816737473011016846e-01
-2.257578074932098389e-01 -8.016218990087509155e-02 -4.916519522666931152e-01
-2.137039154767990112e-01 -1.077766790986061096e-01 -4.903268814086914062e-01
-2.170545011758804321e-01 -8.819296956062316895e-02 -4.944341182708740234e-01
-2.467867583036422729e-01 -9.139607101678848267e-02 -5.157015919685363770e-01
-2.412922233343124390e-01 -8.956079930067062378e-02 -5.056923031806945801e-01
-2.273445576429367065e-01 -9.769663959741592407e-02 -4.957407116889953613e-01
-2.350734472274780273e-01 -7.027067244052886963e-02 -5.075029134750366211e-01
-2.292517274618148804e-01 -8.200255781412124634e-02 -5.107173323631286621e-01
-2.557785212993621826e-01 -9.438309818506240845e-02 -5.027970075607299805e-01
-2.592141032218933105e-01 -9.139902144670486450e-02 -5.143885612487792969e-01
-2.357663214206695557e-01 -7.659971714019775391e-02 -5.292862057685852051e-01
-2.491869479417800903e-01 -7.480436563491821289e-02 -5.025006532669067383e-01
-2.553619146347045898e-01 -6.951459497213363647e-02 -5.320045351982116699e-01
-2.598075270652770996e-01 -9.400299936532974243e-02 -5.342147946357727051e-01
-2.690255343914031982e-01 -8.911273628473281860e-02 -5.368530154228210449e-01
-2.657903730869293213e-01 -8.029706776142120361e-02 -5.207343101501464844e-01
-2.589648365974426270e-01 -8.009278774261474609e-02 -5.140464901924133301e-01
-2.679968774318695068e-01 -6.377541273832321167e-02 -5.583318471908569336e-01
-2.919860184192657471e-01 -7.192122191190719604e-02 -5.307151079177856445e-01
-2.922385931015014648e-01 -8.773446083068847656e-02 -5.553570389747619629e-01
-2.885740995407104492e-01 -8.584536612033843994e-02 -5.659144520759582520e-01
-2.777005732059478760e-01 -8.793275058269500732e-02 -5.490019917488098145e-01
-2.889044582843780518e-01 -6.149329617619514465e-02 -5.613499879837036133e-01
-2.719631195068359375e-01 -7.331820577383041382e-02 -5.584552884101867676e-01
-2.565965652465820312e-01 -8.077936619520187378e-02 -5.755722522735595703e-01
-3.063450753688812256e-01 -7.810255885124206543e-02 -5.671669244766235352e-01
-3.079811632633209229e-01 -8.923844993114471436e-02 -5.596729516983032227e-01
-2.670802474021911621e-01 -9.660061448812484741e-02 -5.772647261619567871e-01
-2.908901274204254150e-01 -1.002680957317352295e-01 -5.732015967369079590e-01
-2.827219963073730469e-01 -9.891927242279052734e-02 -5.718575716018676758e-01
-3.015442490577697754e-01 -8.086734265089035034e-02 -5.932280421257019043e-01
-2.907153367996215820e-01 -1.135762184858322144e-01 -5.770478844642639160e-01
-2.896045446395874023e-01 -7.997693866491317749e-02 -5.534873008728027344e-01
-2.977072596549987793e-01 -9.317090362310409546e-02 -5.797183513641357422e-01
-3.046755790710449219e-01 -1.055533587932586670e-01 -5.990859866142272949e-01
-3.058059513568878174e-01 -7.304195314645767212e-02 -5.839496254920959473e-01
-3.335240483283996582e-01 -5.815529450774192810e-02 -5.892809629440307617e-01
-3.299036920070648193e-01 -9.720890969038009644e-02 -5.890683531761169434e-01
-3.275033831596374512e-01 -1.072687879204750061e-01 -6.125053763389587402e-01
-3.372513651847839355e-01 -9.379293024539947510e-02 -5.964742302894592285e-01
-3.322075605392456055e-01 -7.247217744588851929e-02 -6.029513478279113770e-01
-3.548786342144012451e-01 -1.076148226857185364e-01 -6.017946600914001465e-01
-3.326894342899322510e-01 -1.092787683010101318e-01 -6.166230440139770508e-01
-3.085590302944183350e-01 -1.050304472446441650e-01 -6.199588179588317871e-01
-3.306430578231811523e-01 -1.094208955764770508e-01 -6.198959946632385254e-01
-3.390541076660156250e-01 -9.024678915739059448e-02 -6.323018074035644531e-01
-3.419828712940216064e-01 -8.705286681652069092e-02 -6.408097147941589355e-01
-3.218981325626373291e-01 -1.286391764879226685e-01 -6.282590627670288086e-01
-3.308312892913818359e-01 -1.102847754955291748e-01 -6.432430744171142578e-01
-3.493529260158538818e-01 -1.156658530235290527e-01 -6.543681621551513672e-01
-3.673294484615325928e-01 -1.248405128717422485e-01 -6.477665901184082031e-01
-3.653524816036224365e-01 -1.144105494022369385e-01 -6.473924517631530762e-01
-3.858990967273712158e-01 -1.184109225869178772e-01 -6.628599762916564941e-01
-3.510056138038635254e-01 -1.400706619024276733e-01 -6.327875852584838867e-01
-3.811349868774414062e-01 -1.237621605396270752e-01 -6.610630154609680176e-01
