-1.793027273379266262e-03 2.512593055143952370e-03 -1.028267201036214828e-03 -6.642821431159973145e-02 1.265964806079864502e-01 9.005803614854812622e-02
-8.927873568609356880e-04 3.394217928871512413e-04 1.965039176866412163e-03 4.609594047069549561e-01 -1.413810253143310547e-01 -4.160884022712707520e-02
1.182075310498476028e-02 9.695213520899415016e-04 3.418115375097841024e-04 4.545336067676544189e-01 2.497628480195999146e-01 -2.090332210063934326e-01
3.546380205079913139e-03 1.250014174729585648e-02 -7.905427482910454273e-04 -9.409360885620117188e-01 2.401725351810455322e-01 7.413723319768905640e-02
-1.133947260677814484e-02 8.761998265981674194e-03 -3.175789257511496544e-03 -5.147145986557006836e-01 -6.864476799964904785e-01 -6.825450807809829712e-02
-1.396659202873706818e-02 -9.805982001125812531e-03 -2.346850000321865082e-03 4.007626175880432129e-01 -2.343772947788238525e-01 1.687378995120525360e-02
-6.429875735193490982e-03 -7.597624789923429489e-03 -6.783230695873498917e-03 3.604534268379211426e-01 2.812488973140716553e-01 -3.483203649520874023e-01
-7.435090374201536179e-03 2.470675390213727951e-03 -1.449287775903940201e-02 -5.342950224876403809e-01 3.625455796718597412e-01 -2.396263927221298218e-01
-1.904457621276378632e-02 5.355974659323692322e-03 -1.527188066393136978e-02 -6.168205142021179199e-01 -7.829315960407257080e-02 -9.205827862024307251e-02
-2.453232370316982269e-02 -4.578185733407735825e-03 -1.991201005876064301e-02 3.602260649204254150e-01 -2.969632446765899658e-01 -1.177683249115943909e-01
-1.589059084653854370e-02 3.636257257312536240e-03 -1.930803433060646057e-02 -1.365998834371566772e-01 6.215214729309082031e-01 2.778116427361965179e-02
-2.461908571422100067e-02 1.163232699036598206e-02 -2.096781507134437561e-02 -7.705775499343872070e-01 1.219829618930816650e-01 -1.489458978176116943e-01
-3.170182928442955017e-02 3.392555750906467438e-03 -2.622053399682044983e-02 2.348566651344299316e-01 -2.595041692256927490e-01 -2.535273134708404541e-01
-2.421078458428382874e-02 4.222040530294179916e-03 -3.027279302477836609e-02 4.119487702846527100e-01 2.084879577159881592e-01 -1.990877985954284668e-01
-1.941517554223537445e-02 1.423224899917840958e-02 -3.355101123452186584e-02 -1.359045356512069702e-01 1.800924688577651978e-01 6.938506662845611572e-02
-2.367664314806461334e-02 1.318583264946937561e-02 -3.257085382938385010e-02 -4.024177491664886475e-01 -1.949797272682189941e-01 6.117814034223556519e-02
-2.670624479651451111e-02 1.194219221360981464e-03 -2.859568968415260315e-02 3.577812016010284424e-01 -4.529553949832916260e-01 2.428241670131683350e-01
-1.658087596297264099e-02 1.788642024621367455e-03 -2.703577466309070587e-02 -9.404914453625679016e-03 4.983492493629455566e-01 -1.037060916423797607e-01
-2.331053093075752258e-02 4.904171451926231384e-03 -2.878438681364059448e-02 -5.664409995079040527e-01 -1.799123883247375488e-01 -2.646254561841487885e-02
-2.933490835130214691e-02 -7.379685528576374054e-03 -3.103782422840595245e-02 3.975913524627685547e-01 -6.413013935089111328e-01 5.858149379491806030e-02
-1.693665049970149994e-02 -1.812901906669139862e-02 -3.030465543270111084e-02 1.093613147735595703e+00 -3.660401701927185059e-01 -2.677650451660156250e-01
-1.097785192541778088e-03 -1.451619714498519897e-02 -2.931974083185195923e-02 2.309112250804901123e-01 3.657102584838867188e-01 -1.381624788045883179e-01
-4.502272699028253555e-03 -8.790112100541591644e-03 -3.437404707074165344e-02 -6.038232445716857910e-01 1.138711422681808472e-01 -2.922182902693748474e-02
-1.892890781164169312e-02 -1.885744743049144745e-02 -3.539306670427322388e-02 -3.092244267463684082e-01 -7.449803352355957031e-01 -9.956104680895805359e-03
-1.467597298324108124e-02 -3.015607967972755432e-02 -3.306153044104576111e-02 7.442444562911987305e-01 -2.636627554893493652e-01 -1.346381753683090210e-01
-1.337958565272856504e-05 -2.394370920956134796e-02 -4.010085389018058777e-02 1.006742939352989197e-01 7.466384768486022949e-01 -2.825782299041748047e-01
-5.473910365253686905e-03 -1.312902569770812988e-02 -4.316326230764389038e-02 -1.747396588325500488e-01 1.864667609333992004e-02 -1.406404227018356323e-01
-6.789146922528743744e-03 -1.673673465847969055e-02 -4.637514427304267883e-02 7.748034596443176270e-02 -3.338070511817932129e-01 -1.877785623073577881e-01
-3.032799111679196358e-03 -1.943948492407798767e-02 -5.195309966802597046e-02 -1.241357699036598206e-01 -1.371504664421081543e-01 -4.732125103473663330e-01
-3.023547818884253502e-03 -1.929506473243236542e-02 -5.705828964710235596e-02 -2.286390066146850586e-01 -5.684913601726293564e-03 -2.981273829936981201e-01
-9.463876485824584961e-03 -1.985498890280723572e-02 -6.032722443342208862e-02 -1.640128046274185181e-01 -1.652911752462387085e-01 -3.889365121722221375e-02
-9.719537571072578430e-03 -1.919231005012989044e-02 -6.169660016894340515e-02 -1.139602661132812500e-01 2.803596854209899902e-01 1.285568326711654663e-01
-1.546027325093746185e-02 -1.720338501036167145e-02 -5.822236090898513794e-02 -2.417735904455184937e-01 -3.357181549072265625e-01 1.332773417234420776e-01
-1.767253503203392029e-02 -2.503191120922565460e-02 -6.054097414016723633e-02 2.091563493013381958e-01 -2.784498333930969238e-01 -2.137258648872375488e-01
-8.613102138042449951e-03 -2.171853370964527130e-02 -6.240305677056312561e-02 2.154354453086853027e-01 3.633263707160949707e-01 4.322424996644258499e-03
-1.800361834466457367e-02 -1.263590157032012939e-02 -6.440021842718124390e-02 -6.460181474685668945e-01 -1.109445840120315552e-01 -2.609712779521942139e-01
-2.424856275320053101e-02 -2.129908092319965363e-02 -6.414266675710678101e-02 -2.376046627759933472e-01 -6.610787510871887207e-01 1.631979942321777344e-01
-2.367828972637653351e-02 -2.834412269294261932e-02 -6.328019499778747559e-02 -1.344641894102096558e-01 1.467106044292449951e-01 -2.993400394916534424e-01
-2.799457311630249023e-02 -2.284858748316764832e-02 -6.785785406827926636e-02 -2.116823941469192505e-01 2.140103280544281006e-01 -2.414226531982421875e-01
-2.859906479716300964e-02 -2.231488563120365143e-02 -7.071990519762039185e-02 2.141655832529067993e-01 2.017477601766586304e-01 -1.145156286656856537e-02
-2.522506006062030792e-02 -1.696775294840335846e-02 -7.269740849733352661e-02 2.237047404050827026e-01 6.549633741378784180e-01 -1.290322393178939819e-01
-2.724408917129039764e-02 -2.885343739762902260e-03 -7.420585304498672485e-02 -3.849563002586364746e-01 1.380586326122283936e-01 -2.256110310554504395e-02
-3.365135565400123596e-02 -8.538762107491493225e-03 -7.369004189968109131e-02 1.707753092050552368e-01 -2.946009933948516846e-01 -1.218623071908950806e-01
-2.887199074029922485e-02 -1.209685485810041428e-02 -7.702480256557464600e-02 4.447802603244781494e-01 -1.197868064045906067e-01 -1.776216477155685425e-01
-2.654428035020828247e-02 -6.541388574987649918e-03 -7.716748863458633423e-02 -1.540450453758239746e-01 4.042387306690216064e-01 -1.665042936801910400e-01
-3.072232566773891449e-02 -1.803819905035197735e-04 -7.980817556381225586e-02 -2.683261334896087646e-01 8.458068966865539551e-02 -2.515282332897186279e-01
-3.783672302961349487e-02 -1.235014945268630981e-02 -8.014684170484542847e-02 2.073504477739334106e-01 -6.319482326507568359e-01 1.368374079465866089e-01
-3.211075067520141602e-02 -1.740748435258865356e-02 -7.785440981388092041e-02 4.166403710842132568e-01 -1.359463632106781006e-01 -1.345555856823921204e-02
-2.273984812200069427e-02 -1.712278462946414948e-02 -7.714552432298660278e-02 2.164030671119689941e-01 -1.457441449165344238e-01 4.988989979028701782e-02
-1.829735375940799713e-02 -1.803944073617458344e-02 -7.867728918790817261e-02 2.235229462385177612e-01 3.648521900177001953e-01 -3.258122503757476807e-02
-2.041069231927394867e-02 -2.471743617206811905e-03 -7.743172347545623779e-02 -4.564814567565917969e-01 5.458363294601440430e-01 1.836939007043838501e-01
-2.655261009931564331e-02 1.722867251373827457e-03 -7.571782171726226807e-02 -8.584427833557128906e-02 2.464122772216796875e-01 -1.577626615762710571e-01
-2.731259725987911224e-02 4.585319664329290390e-03 -7.838733494281768799e-02 -2.406388521194458008e-01 6.371315568685531616e-02 1.570353843271732330e-02
-3.194576129317283630e-02 1.060769800096750259e-02 -7.837720215320587158e-02 -1.921639591455459595e-01 1.835568696260452271e-01 8.528683334589004517e-02
-3.478762879967689514e-02 8.370933122932910919e-03 -7.990938425064086914e-02 -1.352197974920272827e-01 -2.540134489536285400e-01 -1.221984475851058960e-01
-2.894417010247707367e-02 4.375546704977750778e-03 -8.222473412752151489e-02 2.131193280220031738e-01 -4.657448455691337585e-02 -1.134767234325408936e-01
-2.811665087938308716e-02 3.265070961788296700e-03 -8.350510895252227783e-02 2.292568534612655640e-01 8.322610706090927124e-02 -2.813958227634429932e-01
-2.724718302488327026e-02 4.273011814802885056e-03 -9.016735851764678955e-02 -1.711161732673645020e-01 -8.768180757761001587e-02 -1.121436804533004761e-01
-3.198615461587905884e-02 2.232969272881746292e-03 -9.382867813110351562e-02 -2.208152562379837036e-01 -2.627365291118621826e-01 -1.500343531370162964e-01
-3.988922387361526489e-02 -5.639256909489631653e-03 -9.421724081039428711e-02 -2.274186164140701294e-01 -3.001345396041870117e-01 5.158308520913124084e-02
-3.887011483311653137e-02 -9.257200174033641815e-03 -9.128908812999725342e-02 -2.000593021512031555e-02 -4.617827478796243668e-03 2.162540704011917114e-01
-4.205583408474922180e-02 -7.664892822504043579e-03 -8.876640349626541138e-02 -3.748436570167541504e-01 -9.269360452890396118e-03 -6.406119465827941895e-02
-4.624655842781066895e-02 -8.211265318095684052e-03 -9.130991250276565552e-02 3.309669196605682373e-01 2.947581373155117035e-02 -1.447505354881286621e-01
-3.939492627978324890e-02 -2.858231775462627411e-03 -9.517202526330947876e-02 2.535991370677947998e-01 3.548424839973449707e-01 -1.922986954450607300e-01
-4.106187820434570312e-02 5.933598615229129791e-03 -9.753130376338958740e-02 -4.266434311866760254e-01 -1.017811708152294159e-02 -5.936666578054428101e-02
-4.734585806727409363e-02 2.877214457839727402e-03 -9.765385091304779053e-02 -1.538308709859848022e-01 -3.047334253787994385e-01 -1.991204470396041870e-01
-4.627278074622154236e-02 -1.934171654284000397e-03 -1.006097346544265747e-01 1.425040662288665771e-01 8.070451440289616585e-04 -1.871127635240554810e-01
-4.496467486023902893e-02 4.167072009295225143e-03 -1.067065894603729248e-01 -1.307523995637893677e-01 2.647447586059570312e-01 -1.480686962604522705e-01
-4.799092933535575867e-02 5.133217666298151016e-03 -1.093795895576477051e-01 -1.980754882097244263e-01 -6.357147544622421265e-02 -1.770811676979064941e-01
-5.077120661735534668e-02 3.296002745628356934e-03 -1.132354438304901123e-01 -1.993322670459747314e-01 -2.829151451587677002e-01 -1.586119532585144043e-01
-4.911434650421142578e-02 -4.467367194592952728e-03 -1.147802472114562988e-01 4.016467928886413574e-01 -3.502990603446960449e-01 -1.476818025112152100e-01
-4.358084127306938171e-02 -9.547690278850495815e-04 -1.198315918445587158e-01 -3.588537871837615967e-01 1.975869685411453247e-01 -1.500698328018188477e-01
-5.099250003695487976e-02 -3.973278217017650604e-03 -1.209669113159179688e-01 -3.720343708992004395e-01 -3.421427309513092041e-01 2.438228577375411987e-02
-5.373898521065711975e-02 -1.241412479430437088e-02 -1.197984740138053894e-01 3.351278603076934814e-01 -3.177692592144012451e-01 -3.661813959479331970e-02
-4.693348333239555359e-02 -1.373299863189458847e-02 -1.208100914955139160e-01 1.216670274734497070e-01 1.487967818975448608e-01 -1.086063683032989502e-01
-5.377386137843132019e-02 -1.198292896151542664e-02 -1.282731592655181885e-01 -4.367679953575134277e-01 -1.364776492118835449e-01 -3.680017888545989990e-01
-6.157357990741729736e-02 -1.580545864999294281e-02 -1.368129402399063110e-01 -2.428064942359924316e-01 -2.342270314693450928e-01 -1.636190712451934814e-01
-5.591975525021553040e-02 -2.259950712323188782e-02 -1.371600776910781860e-01 5.576451420783996582e-01 -2.425677031278610229e-01 -6.863828748464584351e-03
-4.513353481888771057e-02 -1.974923722445964813e-02 -1.356678009033203125e-01 1.466647237539291382e-01 5.786553621292114258e-01 -2.718053571879863739e-02
-4.868485778570175171e-02 -1.323643885552883148e-02 -1.381285041570663452e-01 -4.139735996723175049e-01 2.330063283443450928e-01 -1.879455894231796265e-01
-5.587109923362731934e-02 -8.773361332714557648e-03 -1.413014531135559082e-01 -1.284429579973220825e-01 -2.355117350816726685e-02 -3.023098409175872803e-02
-5.657928809523582458e-02 -9.175308980047702789e-03 -1.398450434207916260e-01 -2.575469315052032471e-01 -1.002120971679687500e-01 1.265595704317092896e-01
-6.113741546869277954e-02 -1.602599583566188812e-02 -1.406045854091644287e-01 2.483414672315120697e-02 -2.027173638343811035e-01 -1.568334251642227173e-01
-6.142063438892364502e-02 -1.584074459969997406e-02 -1.453087478876113892e-01 -1.435214281082153320e-01 1.798036694526672363e-01 -3.289676606655120850e-01
-7.010889053344726562e-02 -9.113957174122333527e-03 -1.462344378232955933e-01 -4.861101508140563965e-01 7.171302288770675659e-02 -1.242120787501335144e-01
-7.600943744182586670e-02 -1.680098660290241241e-02 -1.473926454782485962e-01 1.248888224363327026e-01 -3.644220530986785889e-01 -1.153130754828453064e-01
-7.246452569961547852e-02 -2.030471526086330414e-02 -1.481519490480422974e-01 1.533037573099136353e-01 9.052052348852157593e-02 3.088217973709106445e-02
-7.730241864919662476e-02 -1.650269143283367157e-02 -1.480344235897064209e-01 -4.252193868160247803e-01 -3.218963742256164551e-02 -1.179753839969635010e-01
-8.513069897890090942e-02 -2.144907042384147644e-02 -1.482017338275909424e-01 -2.002068907022476196e-01 -5.242663025856018066e-01 1.672057956457138062e-01
-8.325530588626861572e-02 -3.468450531363487244e-02 -1.517690569162368774e-01 1.930523365736007690e-01 -2.320891469717025757e-01 -2.855566442012786865e-01
-7.973337173461914062e-02 -3.483515232801437378e-02 -1.559210419654846191e-01 1.575201004743576050e-01 7.743661105632781982e-02 -1.340922713279724121e-01
-7.745275646448135376e-02 -3.539339452981948853e-02 -1.618316322565078735e-01 1.277508288621902466e-01 -2.834151091519743204e-04 -2.803697586059570312e-01
-7.742879539728164673e-02 -2.648161537945270538e-02 -1.681710332632064819e-01 -4.172942936420440674e-01 3.465645313262939453e-01 -3.720644414424896240e-01
-8.979821205139160156e-02 -2.246020548045635223e-02 -1.719555854797363281e-01 -7.571157217025756836e-01 -4.378823190927505493e-02 -2.369045913219451904e-01
-1.014747545123100281e-01 -3.275736421346664429e-02 -1.721899360418319702e-01 2.994585968554019928e-02 -4.383975565433502197e-01 -2.770466171205043793e-02
-9.813893586397171021e-02 -3.481617942452430725e-02 -1.755009442567825317e-01 2.638968229293823242e-01 -1.364895999431610107e-01 -2.705728411674499512e-01
-8.864728361368179321e-02 -3.677489981055259705e-02 -1.790714263916015625e-01 3.009930551052093506e-01 9.338845312595367432e-02 -2.303525656461715698e-01
-8.750354498624801636e-02 -3.631858900189399719e-02 -1.827773898839950562e-01 -1.628303676843643188e-01 -3.780964389443397522e-02 -2.580719292163848877e-01
-9.474620223045349121e-02 -3.984870389103889465e-02 -1.896617561578750610e-01 -1.044231429696083069e-01 -3.518924713134765625e-01 -1.056159138679504395e-01
-9.361737966537475586e-02 -4.430458322167396545e-02 -1.919914931058883667e-01 1.398372650146484375e-01 -8.716326206922531128e-02 -1.635426133871078491e-01
-9.103846549987792969e-02 -4.532888159155845642e-02 -1.950318515300750732e-01 1.019430980086326599e-01 -4.032571613788604736e-02 -1.663159877061843872e-01
-8.931145817041397095e-02 -3.999216482043266296e-02 -2.002388238906860352e-01 -3.073697537183761597e-02 2.236218601465225220e-01 -1.678451895713806152e-01
-8.933395892381668091e-02 -3.551975637674331665e-02 -2.044276297092437744e-01 7.717397809028625488e-02 3.585285544395446777e-01 -3.617807626724243164e-01
-9.765803068876266479e-02 -3.149445727467536926e-02 -2.112870961427688599e-01 -4.258942306041717529e-01 -3.308947086334228516e-01 -1.044306010007858276e-01
-9.656500071287155151e-02 -4.222782328724861145e-02 -2.133450508117675781e-01 3.657586872577667236e-01 -7.554328441619873047e-01 -2.118394970893859863e-01
-7.846573740243911743e-02 -4.499404132366180420e-02 -2.153419703245162964e-01 5.710535049438476562e-01 6.460206508636474609e-01 2.970511652529239655e-02
-7.624850422143936157e-02 -3.356397897005081177e-02 -2.132153660058975220e-01 -3.676976561546325684e-01 5.608817338943481445e-01 -2.523804316297173500e-03
-9.147080034017562866e-02 -3.117345646023750305e-02 -2.190084755420684814e-01 -4.004051089286804199e-01 -2.920126616954803467e-01 -1.557961851358413696e-01
-9.513545036315917969e-02 -3.904594853520393372e-02 -2.232309132814407349e-01 -1.853604167699813843e-01 -3.938605785369873047e-01 -3.484577173367142677e-03
-9.645014256238937378e-02 -4.847475141286849976e-02 -2.228579223155975342e-01 2.051435858011245728e-01 -3.357249796390533447e-01 -7.435306161642074585e-02
-9.055956453084945679e-02 -4.620590433478355408e-02 -2.258123010396957397e-01 1.945849210023880005e-01 5.073876976966857910e-01 -2.416749447584152222e-01
-9.212724864482879639e-02 -3.883285447955131531e-02 -2.305083572864532471e-01 -1.899044066667556763e-01 2.398780584335327148e-01 -6.158601120114326477e-02
-9.778278321027755737e-02 -3.410308435559272766e-02 -2.305078059434890747e-01 -2.377006709575653076e-01 3.467636704444885254e-01 -2.114055119454860687e-02
-1.043055951595306396e-01 -2.867007441818714142e-02 -2.307287901639938354e-01 -4.332479834556579590e-01 2.627886235713958740e-01 -9.195612370967864990e-02
-1.144389510154724121e-01 -3.055478446185588837e-02 -2.324579060077667236e-01 -2.997384369373321533e-01 -1.950178742408752441e-01 -1.229151189327239990e-01
-1.169253364205360413e-01 -3.390638902783393860e-02 -2.329039126634597778e-01 8.403291553258895874e-02 -2.356031239032745361e-01 -4.320902004837989807e-02
-1.126516386866569519e-01 -3.307758271694183350e-02 -2.319957911968231201e-01 -1.686296164989471436e-01 3.003790974617004395e-01 -4.023533686995506287e-02
-1.170999407768249512e-01 -3.071619011461734772e-02 -2.379073351621627808e-01 -5.393570289015769958e-02 -9.250458329916000366e-02 -6.334182620048522949e-01
-1.134281083941459656e-01 -3.220899403095245361e-02 -2.426573783159255981e-01 2.531528770923614502e-01 -5.348248034715652466e-02 -2.054431289434432983e-01
-1.109669208526611328e-01 -2.970840781927108765e-02 -2.454511076211929321e-01 -8.247232437133789062e-02 1.622780114412307739e-01 6.949378550052642822e-02
-1.159036979079246521e-01 -2.458397671580314636e-02 -2.466656267642974854e-01 -2.993788719177246094e-01 4.088535308837890625e-01 -2.921666391193866730e-02
-1.282238960266113281e-01 -2.078268676996231079e-02 -2.484970390796661377e-01 -4.911159276962280273e-01 -1.445069611072540283e-01 -2.599050104618072510e-01
-1.326826363801956177e-01 -2.240786142647266388e-02 -2.493946403264999390e-01 -1.029788181185722351e-01 -2.228841632604598999e-01 -4.702905565500259399e-02
-1.350228488445281982e-01 -2.256075106561183929e-02 -2.497725337743759155e-01 -1.812606304883956909e-01 -3.784437477588653564e-02 -1.297162920236587524e-01
-1.364693045616149902e-01 -2.638348005712032318e-02 -2.481631487607955933e-01 1.391231715679168701e-01 -3.883608877658843994e-01 1.277440041303634644e-01
-1.270163208246231079e-01 -2.954454347491264343e-02 -2.460326254367828369e-01 5.686463713645935059e-01 2.931070625782012939e-01 1.827449500560760498e-01
-1.217944547533988953e-01 -1.522696949541568756e-02 -2.450188845396041870e-01 -3.702872395515441895e-01 6.972348093986511230e-01 -7.591228187084197998e-02
-1.298866868019104004e-01 -1.248696260154247284e-02 -2.470479160547256470e-01 -5.487095713615417480e-01 -4.407990276813507080e-01 -6.858947128057479858e-02
-1.260898113250732422e-01 -2.765281125903129578e-02 -2.465751767158508301e-01 6.046457290649414062e-01 -3.301062583923339844e-01 -7.121141999959945679e-02
-1.184449642896652222e-01 -2.915602922439575195e-02 -2.521331012248992920e-01 7.308840751647949219e-02 -2.157014980912208557e-02 -2.736808061599731445e-01
-1.191427856683731079e-01 -3.733504563570022583e-02 -2.575700581073760986e-01 7.790269795805215836e-03 -2.633280456066131592e-01 -2.519468963146209717e-01
-1.168036684393882751e-01 -3.754871711134910583e-02 -2.587074339389801025e-01 2.453177571296691895e-01 2.876232564449310303e-01 1.903247535228729248e-01
-1.187759786844253540e-01 -2.826471626758575439e-02 -2.578357458114624023e-01 -1.971828937530517578e-01 2.871331870555877686e-01 -1.051870286464691162e-01
-1.227677688002586365e-01 -2.792970463633537292e-02 -2.628360688686370850e-01 -1.489836275577545166e-01 -2.922331094741821289e-01 -2.197495251893997192e-01
-1.213505640625953674e-01 -3.751849010586738586e-02 -2.702660262584686279e-01 3.527600169181823730e-01 -2.145015150308609009e-01 -4.970346689224243164e-01
-1.179232224822044373e-01 -3.239346668124198914e-02 -2.741371691226959229e-01 -2.453817874193191528e-01 4.138112068176269531e-01 -1.051391884684562683e-01
-1.247546821832656860e-01 -3.055159375071525574e-02 -2.755202353000640869e-01 -3.317835032939910889e-01 -2.696523256599903107e-02 -1.594217866659164429e-02
-1.271771192550659180e-01 -3.076643496751785278e-02 -2.764976322650909424e-01 -1.485171169042587280e-01 6.545145064592361450e-02 -1.150792613625526428e-01
-1.299479752779006958e-01 -2.875999733805656433e-02 -2.786865532398223877e-01 -1.606431305408477783e-01 3.745343536138534546e-02 -3.186494410037994385e-01
-1.358925104141235352e-01 -3.273325785994529724e-02 -2.881604135036468506e-01 -2.800091505050659180e-01 -2.989012002944946289e-01 -3.775887191295623779e-01
-1.356998383998870850e-01 -3.835908323526382446e-02 -2.920003235340118408e-01 3.095726072788238525e-01 -3.171938657760620117e-01 -2.726019322872161865e-01
-1.224500015377998352e-01 -3.705548867583274841e-02 -2.988294661045074463e-01 3.123360276222229004e-01 3.446926474571228027e-01 -1.219344213604927063e-01
-1.192175894975662231e-01 -2.982670068740844727e-02 -2.995354235172271729e-01 -1.304099410772323608e-01 4.211623370647430420e-01 -1.163831278681755066e-01
-1.274638473987579346e-01 -2.589286305010318756e-02 -3.000314533710479736e-01 -6.123728156089782715e-01 3.914715722203254700e-02 -1.375224292278289795e-01
-1.385287195444107056e-01 -3.735146671533584595e-02 -3.067879974842071533e-01 -3.222905844449996948e-02 -5.972919464111328125e-01 -4.425048530101776123e-01
-1.326961815357208252e-01 -4.291469231247901917e-02 -3.127954602241516113e-01 3.139413595199584961e-01 -7.603322714567184448e-02 -3.195925652980804443e-01
-1.344082802534103394e-01 -3.405604884028434753e-02 -3.162434101104736328e-01 -6.926862597465515137e-01 4.310499429702758789e-01 -3.042139112949371338e-02
-1.501152515411376953e-01 -3.309312090277671814e-02 -3.157039284706115723e-01 -9.058340787887573242e-01 -3.516827225685119629e-01 8.624453842639923096e-02
-1.583563089370727539e-01 -4.492884129285812378e-02 -3.163674771785736084e-01 1.280352622270584106e-01 -7.170680165290832520e-02 -8.762226998805999756e-02
-1.561853438615798950e-01 -4.142218455672264099e-02 -3.203325867652893066e-01 -4.464870691299438477e-02 2.298387885093688965e-01 -1.577930748462677002e-01
-1.674910187721252441e-01 -3.559668362140655518e-02 -3.230214715003967285e-01 -3.780496716499328613e-01 2.273670397698879242e-02 -1.134060509502887726e-02
-1.728121191263198853e-01 -4.321837797760963440e-02 -3.248906433582305908e-01 2.659383602440357208e-02 -4.180685877799987793e-01 -2.617160417139530182e-02
-1.725776940584182739e-01 -4.743948951363563538e-02 -3.278918862342834473e-01 2.873935736715793610e-02 -1.246246472001075745e-01 -4.714161455631256104e-01
-1.658929437398910522e-01 -5.340912938117980957e-02 -3.387094140052795410e-01 6.019619703292846680e-01 -1.128539815545082092e-01 -1.761231869459152222e-01
-1.582652032375335693e-01 -5.137513950467109680e-02 -3.391541242599487305e-01 4.133976697921752930e-01 3.359990119934082031e-01 -8.163938671350479126e-02
-1.576653569936752319e-01 -4.524409398436546326e-02 -3.416163921356201172e-01 -3.605186641216278076e-01 2.330424785614013672e-01 -7.186309667304158211e-04
-1.637968719005584717e-01 -4.381579160690307617e-02 -3.440221548080444336e-01 -3.345255553722381592e-01 2.153045833110809326e-01 -2.758682370185852051e-01
-1.726536303758621216e-01 -3.710999339818954468e-02 -3.466132283210754395e-01 -4.660671651363372803e-01 7.099454104900360107e-02 -1.165224090218544006e-01
-1.798254549503326416e-01 -4.025578498840332031e-02 -3.470139801502227783e-01 -4.932237565517425537e-01 -3.553904592990875244e-01 -6.165645271539688110e-02
-1.789185702800750732e-01 -5.468109622597694397e-02 -3.503549993038177490e-01 4.778954088687896729e-01 -1.842602044343948364e-01 -2.296899259090423584e-01
-1.710836440324783325e-01 -4.307652637362480164e-02 -3.519763946533203125e-01 -2.143108993768692017e-01 4.660948514938354492e-01 4.198526591062545776e-02
-1.757018864154815674e-01 -4.028124734759330750e-02 -3.543495535850524902e-01 -2.491257041692733765e-01 -2.732037901878356934e-01 -2.589399814605712891e-01
-1.715667098760604858e-01 -4.541438072919845581e-02 -3.569655120372772217e-01 1.305657476186752319e-01 2.745517492294311523e-01 -5.942229181528091431e-02
-1.729671210050582886e-01 -3.963871672749519348e-02 -3.585595190525054932e-01 -1.213799342513084412e-01 2.333526164293289185e-01 -6.047774478793144226e-02
-1.746968328952789307e-01 -3.227043151855468750e-02 -3.596788346767425537e-01 -2.094265669584274292e-01 1.589471101760864258e-01 -2.873723804950714111e-01
-1.776729077100753784e-01 -2.987774461507797241e-02 -3.665102422237396240e-01 -8.387847989797592163e-02 2.639647759497165680e-02 -3.552463054656982422e-01
-1.771735697984695435e-01 -3.400146961212158203e-02 -3.724469244480133057e-01 1.371906101703643799e-01 -4.736325740814208984e-01 -2.803564965724945068e-01
-1.751216202974319458e-01 -3.897116705775260925e-02 -3.820189535617828369e-01 1.440523117780685425e-01 1.708375811576843262e-01 -2.634033262729644775e-01
-1.722196638584136963e-01 -3.841898217797279358e-02 -3.857750296592712402e-01 1.211252659559249878e-01 2.422306686639785767e-02 -2.653860151767730713e-01
-1.739512085914611816e-01 -3.638523072004318237e-02 -3.911424577236175537e-01 4.636351391673088074e-02 1.314265094697475433e-02 -6.602477282285690308e-02
-1.714063584804534912e-01 -3.690063580870628357e-02 -3.919953107833862305e-01 2.271149456501007080e-01 4.184279963374137878e-02 -1.721067130565643311e-01
-1.658629924058914185e-01 -2.888598479330539703e-02 -3.973110318183898926e-01 7.918526977300643921e-02 4.702225029468536377e-01 -1.575198173522949219e-01
-1.713423430919647217e-01 -2.269678562879562378e-02 -3.986116945743560791e-01 -3.429930508136749268e-01 2.288983166217803955e-01 -1.710464060306549072e-01
-1.834165751934051514e-01 -2.204269729554653168e-02 -4.032023251056671143e-01 -6.030332446098327637e-01 -2.750150859355926514e-01 -5.250992253422737122e-02
-1.889320313930511475e-01 -3.052752837538719177e-02 -4.064813852310180664e-01 -2.327894121408462524e-01 -4.908932149410247803e-01 -3.142470121383666992e-01
-1.868056952953338623e-01 -3.813107684254646301e-02 -4.142703115940093994e-01 3.252753615379333496e-01 -1.009837724268436432e-02 -2.719707787036895752e-01
-1.797168105840682983e-01 -3.721300885081291199e-02 -4.171676337718963623e-01 2.869943678379058838e-01 -1.446532364934682846e-02 -1.695156395435333252e-01
-1.756985485553741455e-01 -3.576878458261489868e-02 -4.208607673645019531e-01 5.366282165050506592e-02 2.288274317979812622e-01 -3.874745666980743408e-01
-1.873705983161926270e-01 -2.538918145000934601e-02 -4.276002347469329834e-01 -9.084271192550659180e-01 2.390549182891845703e-01 -2.963996827602386475e-01
-2.004351317882537842e-01 -2.917117811739444733e-02 -4.294500052928924561e-01 -7.597456574440002441e-01 -5.752496123313903809e-01 -5.754821747541427612e-02
-2.078857421875000000e-01 -4.523511230945587158e-02 -4.290869832038879395e-01 5.369096249341964722e-02 -4.167933464050292969e-01 -5.222726240754127502e-02
-2.065244466066360474e-01 -4.830695688724517822e-02 -4.325145184993743896e-01 1.803087741136550903e-01 8.800690062344074249e-03 -1.281587034463882446e-01
-2.023673057556152344e-01 -4.777719452977180481e-02 -4.339397549629211426e-01 -1.222071237862110138e-02 -5.108474195003509521e-02 -1.921726465225219727e-01
-2.024955451488494873e-01 -5.361418053507804871e-02 -4.352931380271911621e-01 -2.080425806343555450e-02 -3.473770022392272949e-01 -1.211736723780632019e-01
-1.988514214754104614e-01 -6.131124868988990784e-02 -4.388421773910522461e-01 4.147649705410003662e-01 -2.298297882080078125e-01 3.166231140494346619e-02
-1.945638656616210938e-01 -5.366146937012672424e-02 -4.374939799308776855e-01 -2.136793583631515503e-01 6.979774832725524902e-01 -5.710566043853759766e-02
-2.032707929611206055e-01 -4.279108718037605286e-02 -4.371512234210968018e-01 -9.224103689193725586e-01 3.929300308227539062e-01 -2.450896613299846649e-02
-2.255290299654006958e-01 -5.145800858736038208e-02 -4.438056647777557373e-01 -4.679376482963562012e-01 -7.393980026245117188e-01 -2.435729354619979858e-01
-2.272060066461563110e-01 -5.817819386720657349e-02 -4.478889703750610352e-01 -8.159194141626358032e-02 -1.647802740335464478e-01 -2.273727357387542725e-01
-2.307320833206176758e-01 -6.584973633289337158e-02 -4.490472376346588135e-01 -1.043010950088500977e-01 -8.397551774978637695e-01 -1.644137203693389893e-01
-2.258291542530059814e-01 -7.994125038385391235e-02 -4.537284672260284424e-01 7.438429594039916992e-01 -6.827234029769897461e-01 -2.674613296985626221e-01
-2.063804119825363159e-01 -7.952650636434555054e-02 -4.601654410362243652e-01 3.826129734516143799e-01 5.424826145172119141e-01 -3.870534896850585938e-01
-2.079229652881622314e-01 -7.243230193853378296e-02 -4.645636975765228271e-01 -2.054292112588882446e-01 2.571921236813068390e-02 -1.633704081177711487e-02
-2.128297686576843262e-01 -7.248172163963317871e-02 -4.654508233070373535e-01 -3.864477872848510742e-01 -3.568597882986068726e-02 -2.746821939945220947e-01
-2.196129858493804932e-01 -7.941579818725585938e-02 -4.681066572666168213e-01 -3.125149011611938477e-01 -2.250312417745590210e-01 -5.851189419627189636e-02
-2.235239744186401367e-01 -8.233509212732315063e-02 -4.731823205947875977e-01 2.786221541464328766e-02 -2.969393879175186157e-02 -3.271101713180541992e-01
-2.161479294300079346e-01 -7.969583570957183838e-02 -4.750540554523468018e-01 5.508252605795860291e-02 1.238019093871116638e-01 -2.240317910909652710e-01
-2.182614505290985107e-01 -7.825101166963577271e-02 -4.773883521556854248e-01 -3.323774337768554688e-01 -3.328374773263931274e-02 1.290368661284446716e-02
-2.267428785562515259e-01 -8.267753571271896362e-02 -4.777610003948211670e-01 -1.423594057559967041e-01 -1.540721058845520020e-01 8.107312023639678955e-02
-2.264751940965652466e-01 -8.635544776916503906e-02 -4.752579033374786377e-01 4.953949153423309326e-02 -2.509779632091522217e-01 7.741420716047286987e-02
-2.260747700929641724e-01 -9.267798811197280884e-02 -4.775147140026092529e-01 1.857920885086059570e-01 -1.166411265730857849e-01 -8.513990789651870728e-02
-2.212690263986587524e-01 -9.238094836473464966e-02 -4.836760759353637695e-01 1.016818881034851074e-01 -1.223175525665283203e-01 -3.390951156616210938e-01
-2.232887297868728638e-01 -9.272998571395874023e-02 -4.857504665851593018e-01 -2.254817076027393341e-02 4.082288965582847595e-02 -1.273243278264999390e-01
-2.229742556810379028e-01 -8.910313248634338379e-02 -4.906500279903411865e-01 -1.492469161748886108e-01 2.047807723283767700e-01 -2.442489564418792725e-01
-2.265327423810958862e-01 -8.667500317096710205e-02 -4.948732554912567139e-01 -2.277738153934478760e-01 -1.895050518214702606e-02 -2.012450844049453735e-01
-2.322990149259567261e-01 -9.025374799966812134e-02 -4.933645725250244141e-01 -2.844371497631072998e-01 -1.042884029448032379e-02 3.516906127333641052e-02
-2.379064708948135376e-01 -8.841752260923385620e-02 -4.948908984661102295e-01 -1.810639500617980957e-01 -5.727597512304782867e-03 -1.538412868976593018e-01
-2.367509454488754272e-01 -9.166079014539718628e-02 -4.998599588871002197e-01 1.658867597579956055e-01 -1.209254860877990723e-01 -1.092529892921447754e-01
-2.344261854887008667e-01 -9.292576462030410767e-02 -5.031442642211914062e-01 -3.434540331363677979e-02 1.088601127266883850e-01 -2.741914689540863037e-01
-2.380914539098739624e-01 -8.763369172811508179e-02 -5.037155151367187500e-01 -2.675931751728057861e-01 1.432698518037796021e-01 -6.279693543910980225e-02
-2.449664771556854248e-01 -8.419581502676010132e-02 -5.102430582046508789e-01 -1.653741002082824707e-01 2.087483853101730347e-01 -1.725498139858245850e-01
-2.474133223295211792e-01 -8.155438303947448730e-02 -5.123319029808044434e-01 -1.722799688577651978e-01 -9.834112599492073059e-03 -1.686013340950012207e-01
-2.487967908382415771e-01 -8.464671671390533447e-02 -5.216019749641418457e-01 1.813464909791946411e-01 -1.991757899522781372e-01 -1.536870002746582031e-01
-2.461147904396057129e-01 -8.487211912870407104e-02 -5.207582116127014160e-01 5.818436387926340103e-03 2.675872743129730225e-01 -1.667599529027938843e-01
-2.492782622575759888e-01 -7.902034372091293335e-02 -5.226626992225646973e-01 -1.419945657253265381e-01 1.936826556921005249e-01 -1.418430823832750320e-02
-2.525668740272521973e-01 -7.806862145662307739e-02 -5.260558128356933594e-01 -2.585263550281524658e-01 1.151081994175910950e-01 -2.220438867807388306e-01
-2.596080005168914795e-01 -7.830336689949035645e-02 -5.286448001861572266e-01 -1.923165619373321533e-01 6.318258494138717651e-02 -9.999363124370574951e-02
-2.662182450294494629e-01 -8.083529770374298096e-02 -5.348886251449584961e-01 -1.232629194855690002e-01 -1.212114542722702026e-01 -2.059523910284042358e-01
-2.662008404731750488e-01 -8.091491460800170898e-02 -5.337480306625366211e-01 1.689596772193908691e-01 5.758387595415115356e-02 3.273768723011016846e-02
-2.682162225246429443e-01 -7.804533094167709351e-02 -5.357793569564819336e-01 -3.349933028221130371e-01 3.058761171996593475e-02 7.021778146736323833e-04
-2.750635147094726562e-01 -8.039496093988418579e-02 -5.361392498016357422e-01 -4.579333662986755371e-01 -2.114717513322830200e-01 -6.910024583339691162e-02
-2.810119092464447021e-01 -8.454930782318115234e-02 -5.397890806198120117e-01 -6.393080949783325195e-02 -2.069938480854034424e-01 -9.171469509601593018e-02
-2.818671762943267822e-01 -8.486492186784744263e-02 -5.405793786048889160e-01 -3.889080137014389038e-02 -1.276413649320602417e-01 -3.436855077743530273e-01
-2.819452285766601562e-01 -8.908229321241378784e-02 -5.466515421867370605e-01 -1.900365948677062988e-02 -1.874617040157318115e-01 1.369498483836650848e-02
-2.810624539852142334e-01 -8.945508301258087158e-02 -5.473899245262145996e-01 2.238760590553283691e-01 1.767010688781738281e-01 -3.952343016862869263e-02
-2.762479782104492188e-01 -8.068890124559402466e-02 -5.500220060348510742e-01 -6.750448793172836304e-02 1.416632831096649170e-01 -2.281258106231689453e-01
-2.777049541473388672e-01 -8.184363692998886108e-02 -5.565598607063293457e-01 2.232611030340194702e-01 -1.287588775157928467e-01 -3.222472965717315674e-01
-2.753477394580841064e-01 -8.215223252773284912e-02 -5.595800876617431641e-01 -5.901755765080451965e-02 3.487751260399818420e-02 -1.493187546730041504e-01
-2.849235236644744873e-01 -8.264117687940597534e-02 -5.669997930526733398e-01 -2.108499109745025635e-01 -4.823545515537261963e-01 -3.341399133205413818e-01
-2.816382646560668945e-01 -9.316337853670120239e-02 -5.716388225555419922e-01 4.976052641868591309e-01 -5.254337787628173828e-01 -3.508182764053344727e-01
-2.743081748485565186e-01 -9.681861847639083862e-02 -5.742909312248229980e-01 -1.311893612146377563e-01 2.167964875698089600e-01 -1.991006433963775635e-01
-2.793350815773010254e-01 -9.081881493330001831e-02 -5.749968290328979492e-01 -4.708847403526306152e-01 4.064289331436157227e-01 1.572073400020599365e-01
-2.931165993213653564e-01 -7.981914281845092773e-02 -5.732649564743041992e-01 -7.275051474571228027e-01 -2.533617429435253143e-03 -7.708388566970825195e-02
-3.023599386215209961e-01 -8.605392277240753174e-02 -5.746639370918273926e-01 -1.941088140010833740e-01 -4.886630475521087646e-01 -1.641078740358352661e-01
-2.962359488010406494e-01 -9.395328909158706665e-02 -5.763531923294067383e-01 2.410556524991989136e-01 -2.914149686694145203e-02 -6.662481278181076050e-02
-2.979986369609832764e-01 -8.736992627382278442e-02 -5.793094635009765625e-01 -3.885080814361572266e-01 3.545669317245483398e-01 -2.478558868169784546e-01
-3.043394386768341064e-01 -8.410510420799255371e-02 -5.854054093360900879e-01 -4.723236560821533203e-01 4.937280341982841492e-02 -4.694756865501403809e-01
-3.097188770771026611e-01 -8.577062934637069702e-02 -5.919117927551269531e-01 9.620220516808331013e-04 2.910824306309223175e-02 -1.797754317522048950e-01
-3.136069178581237793e-01 -8.421613276004791260e-02 -5.901121497154235840e-01 -4.293655157089233398e-01 3.337748348712921143e-01 6.019636616110801697e-02
-3.230395019054412842e-01 -7.848487049341201782e-02 -5.928884148597717285e-01 -4.660439789295196533e-01 -2.756659090518951416e-01 -2.575398981571197510e-01
-3.287289440631866455e-01 -8.372966945171356201e-02 -5.955040454864501953e-01 -1.646273136138916016e-01 -3.354845643043518066e-01 -1.463335901498794556e-01
-3.282042443752288818e-01 -9.155172854661941528e-02 -6.012675166130065918e-01 7.601815462112426758e-02 -2.412640154361724854e-01 -2.886978983879089355e-01
-3.258812725543975830e-01 -9.153981506824493408e-02 -6.053479909896850586e-01 -9.353481233119964600e-02 2.778214812278747559e-01 -1.204799935221672058e-01
-3.305644690990447998e-01 -8.938802778720855713e-02 -6.064828038215637207e-01 -4.512024819850921631e-01 4.952664300799369812e-02 -1.371701061725616455e-01
-3.380389809608459473e-01 -9.827394038438796997e-02 -6.094419956207275391e-01 -7.757139950990676880e-02 -5.492502450942993164e-01 5.230165272951126099e-02
-3.333982229232788086e-01 -1.030667498707771301e-01 -6.089330315589904785e-01 4.211697578430175781e-01 -1.867083646357059479e-02 -2.077667713165283203e-01
-3.273792564868927002e-01 -1.022637262940406799e-01 -6.148976087570190430e-01 -2.476924657821655273e-02 1.265776604413986206e-01 -1.472224593162536621e-01
-3.287188112735748291e-01 -9.940561652183532715e-02 -6.172421574592590332e-01 -5.641143023967742920e-02 2.065879553556442261e-01 -3.182498216629028320e-01
-3.317322731018066406e-01 -9.368660300970077515e-02 -6.266974806785583496e-01 -1.804714947938919067e-01 -1.666548550128936768e-01 -2.173443883657455444e-01
-3.365367650985717773e-01 -9.977167844772338867e-02 -6.281842589378356934e-01 -4.226490557193756104e-01 -2.898522615432739258e-01 -2.555804848670959473e-01
-3.459958732128143311e-01 -1.089499592781066895e-01 -6.325617432594299316e-01 -2.299499362707138062e-01 -3.851693570613861084e-01 -1.899010539054870605e-01
-3.451727330684661865e-01 -1.157135516405105591e-01 -6.380735635757446289e-01 -1.342328488826751709e-01 -1.636300981044769287e-01 -2.427723444998264313e-02
-3.504361808300018311e-01 -1.191117987036705017e-01 -6.381412148475646973e-01 -3.348791897296905518e-01 -2.001415789127349854e-01 -1.957643330097198486e-01
-3.568476140499114990e-01 -1.230732947587966919e-01 -6.422074437141418457e-01 -1.942021101713180542e-01 -4.765159636735916138e-02 -1.819218099117279053e-01
-3.593141138553619385e-01 -1.196153983473777771e-01 -6.471880674362182617e-01 -2.315076738595962524e-01 1.674048304557800293e-01 -2.603237926959991455e-01
-3.651019036769866943e-01 -1.192627847194671631e-01 -6.558305621147155762e-01 -3.735333085060119629e-01 -1.327899992465972900e-01 -2.954878211021423340e-01
-3.677375614643096924e-01 -1.340221166610717773e-01 -6.575309038162231445e-01 -2.275034189224243164e-01 3.237951695919036865e-01 -2.005414068698883057e-01
-3.776685297489166260e-01 -1.236263737082481384e-01 -6.672765016555786133e-01 -4.210231304168701172e-01 3.098655045032501221e-01 -3.156404197216033936e-01
