! MW_GC21_model.txt
! R    D    M    P
499
3.006012e-01 4.086750e-02 1.000000e-15 -3.739498e+00
9.018036e-01 1.485393e-02 5.958117e-02 -3.708561e+00
1.503006e+00 8.772918e-03 1.800756e-01 -3.661893e+00
2.104208e+00 6.075648e-03 3.565564e-01 -3.613431e+00
2.705411e+00 4.560231e-03 5.842566e-01 -3.565044e+00
3.306613e+00 3.594078e-03 8.587802e-01 -3.517305e+00
3.907816e+00 2.927370e-03 1.176089e+00 -3.470442e+00
4.509018e+00 2.441625e-03 1.532475e+00 -3.424553e+00
5.110220e+00 2.073441e-03 1.924530e+00 -3.379676e+00
5.711423e+00 1.785831e-03 2.349121e+00 -3.335820e+00
6.312625e+00 1.555778e-03 2.803365e+00 -3.292979e+00
6.913828e+00 1.368209e-03 3.284608e+00 -3.251136e+00
7.515030e+00 1.212851e-03 3.790404e+00 -3.210271e+00
8.116232e+00 1.082460e-03 4.318501e+00 -3.170360e+00
8.717435e+00 9.717870e-04 4.866818e+00 -3.131376e+00
9.318637e+00 8.769364e-04 5.433439e+00 -3.093293e+00
9.919840e+00 7.949579e-04 6.016592e+00 -3.056084e+00
1.052104e+01 7.235779e-04 6.614644e+00 -3.019724e+00
1.112224e+01 6.610168e-04 7.226084e+00 -2.984185e+00
1.172345e+01 6.058628e-04 7.849517e+00 -2.949443e+00
1.232465e+01 5.569824e-04 8.483653e+00 -2.915473e+00
1.292585e+01 5.134552e-04 9.127298e+00 -2.882251e+00
1.352705e+01 4.745270e-04 9.779351e+00 -2.849753e+00
1.412826e+01 4.395743e-04 1.043879e+01 -2.817958e+00
1.472946e+01 4.080771e-04 1.110467e+01 -2.786843e+00
1.533066e+01 3.795990e-04 1.177612e+01 -2.756387e+00
1.593186e+01 3.537712e-04 1.245234e+01 -2.726571e+00
1.653307e+01 3.302800e-04 1.313257e+01 -2.697375e+00
1.713427e+01 3.088569e-04 1.381612e+01 -2.668780e+00
1.773547e+01 2.892715e-04 1.450235e+01 -2.640769e+00
1.833667e+01 2.713245e-04 1.519067e+01 -2.613324e+00
1.893788e+01 2.548428e-04 1.588053e+01 -2.586428e+00
1.953908e+01 2.396758e-04 1.657143e+01 -2.560065e+00
2.014028e+01 2.256917e-04 1.726290e+01 -2.534220e+00
2.074148e+01 2.127747e-04 1.795450e+01 -2.508878e+00
2.134269e+01 2.008227e-04 1.864583e+01 -2.484024e+00
2.194389e+01 1.897455e-04 1.933652e+01 -2.459645e+00
2.254509e+01 1.794632e-04 2.002624e+01 -2.435728e+00
2.314629e+01 1.699045e-04 2.071466e+01 -2.412259e+00
2.374749e+01 1.610060e-04 2.140149e+01 -2.389226e+00
2.434870e+01 1.527111e-04 2.208648e+01 -2.366617e+00
2.494990e+01 1.449687e-04 2.276936e+01 -2.344421e+00
2.555110e+01 1.377333e-04 2.344992e+01 -2.322626e+00
2.615230e+01 1.309637e-04 2.412795e+01 -2.301223e+00
2.675351e+01 1.246227e-04 2.480325e+01 -2.280199e+00
2.735471e+01 1.186768e-04 2.547565e+01 -2.259547e+00
2.795591e+01 1.130956e-04 2.614498e+01 -2.239255e+00
2.855711e+01 1.078514e-04 2.681111e+01 -2.219315e+00
2.915832e+01 1.029192e-04 2.747389e+01 -2.199717e+00
2.975952e+01 9.827613e-05 2.813320e+01 -2.180453e+00
3.036072e+01 9.390125e-05 2.878894e+01 -2.161514e+00
3.096192e+01 8.977554e-05 2.944100e+01 -2.142893e+00
3.156313e+01 8.588156e-05 3.008929e+01 -2.124581e+00
3.216433e+01 8.220333e-05 3.073373e+01 -2.106571e+00
3.276553e+01 7.872617e-05 3.137424e+01 -2.088855e+00
3.336673e+01 7.543662e-05 3.201076e+01 -2.071427e+00
3.396794e+01 7.232226e-05 3.264324e+01 -2.054278e+00
3.456914e+01 6.937167e-05 3.327161e+01 -2.037404e+00
3.517034e+01 6.657432e-05 3.389584e+01 -2.020797e+00
3.577154e+01 6.392046e-05 3.451588e+01 -2.004450e+00
3.637275e+01 6.140111e-05 3.513170e+01 -1.988359e+00
3.697395e+01 5.900794e-05 3.574327e+01 -1.972516e+00
3.757515e+01 5.673322e-05 3.635058e+01 -1.956917e+00
3.817635e+01 5.456981e-05 3.695358e+01 -1.941555e+00
3.877756e+01 5.251106e-05 3.755228e+01 -1.926426e+00
3.937876e+01 5.055080e-05 3.814667e+01 -1.911524e+00
3.997996e+01 4.868330e-05 3.873672e+01 -1.896844e+00
4.058116e+01 4.690320e-05 3.932244e+01 -1.882381e+00
4.118236e+01 4.520552e-05 3.990383e+01 -1.868130e+00
4.178357e+01 4.358563e-05 4.048089e+01 -1.854087e+00
4.238477e+01 4.203918e-05 4.105361e+01 -1.840247e+00
4.298597e+01 4.056214e-05 4.162202e+01 -1.826606e+00
4.358717e+01 3.915071e-05 4.218611e+01 -1.813160e+00
4.418838e+01 3.780135e-05 4.274590e+01 -1.799904e+00
4.478958e+01 3.651075e-05 4.330140e+01 -1.786835e+00
4.539078e+01 3.527581e-05 4.385262e+01 -1.773948e+00
4.599198e+01 3.409360e-05 4.439958e+01 -1.761240e+00
4.659319e+01 3.296140e-05 4.494231e+01 -1.748707e+00
4.719439e+01 3.187665e-05 4.548081e+01 -1.736346e+00
4.779559e+01 3.083692e-05 4.601510e+01 -1.724152e+00
4.839679e+01 2.983997e-05 4.654522e+01 -1.712124e+00
4.899800e+01 2.888365e-05 4.707119e+01 -1.700256e+00
4.959920e+01 2.796596e-05 4.759301e+01 -1.688547e+00
5.020040e+01 2.708501e-05 4.811073e+01 -1.676992e+00
5.080160e+01 2.623902e-05 4.862437e+01 -1.665590e+00
5.140281e+01 2.542630e-05 4.913395e+01 -1.654336e+00
5.200401e+01 2.464529e-05 4.963951e+01 -1.643229e+00
5.260521e+01 2.389447e-05 5.014106e+01 -1.632265e+00
5.320641e+01 2.317245e-05 5.063863e+01 -1.621441e+00
5.380762e+01 2.247787e-05 5.113227e+01 -1.610755e+00
5.440882e+01 2.180949e-05 5.162199e+01 -1.600204e+00
5.501002e+01 2.116611e-05 5.210782e+01 -1.589786e+00
5.561122e+01 2.054659e-05 5.258980e+01 -1.579498e+00
5.621242e+01 1.994988e-05 5.306796e+01 -1.569338e+00
5.681363e+01 1.937494e-05 5.354232e+01 -1.559303e+00
5.741483e+01 1.882084e-05 5.401292e+01 -1.549391e+00
5.801603e+01 1.828664e-05 5.447978e+01 -1.539600e+00
5.861723e+01 1.777150e-05 5.494295e+01 -1.529928e+00
5.921844e+01 1.727459e-05 5.540245e+01 -1.520372e+00
5.981964e+01 1.679513e-05 5.585830e+01 -1.510930e+00
6.042084e+01 1.633238e-05 5.631056e+01 -1.501601e+00
6.102204e+01 1.588564e-05 5.675923e+01 -1.492382e+00
6.162325e+01 1.545424e-05 5.720437e+01 -1.483272e+00
6.222445e+01 1.503754e-05 5.764599e+01 -1.474268e+00
6.282565e+01 1.463495e-05 5.808414e+01 -1.465369e+00
6.342685e+01 1.424589e-05 5.851883e+01 -1.456573e+00
6.402806e+01 1.386980e-05 5.895011e+01 -1.447878e+00
6.462926e+01 1.350617e-05 5.937800e+01 -1.439282e+00
6.523046e+01 1.315450e-05 5.980254e+01 -1.430784e+00
6.583166e+01 1.281431e-05 6.022375e+01 -1.422382e+00
6.643287e+01 1.248516e-05 6.064168e+01 -1.414074e+00
6.703407e+01 1.216661e-05 6.105634e+01 -1.405859e+00
6.763527e+01 1.185825e-05 6.146777e+01 -1.397736e+00
6.823647e+01 1.155968e-05 6.187600e+01 -1.389702e+00
6.883768e+01 1.127055e-05 6.228107e+01 -1.381756e+00
6.943888e+01 1.099047e-05 6.268299e+01 -1.373898e+00
7.004008e+01 1.071912e-05 6.308180e+01 -1.366124e+00
7.064128e+01 1.045617e-05 6.347754e+01 -1.358435e+00
7.124248e+01 1.020130e-05 6.387022e+01 -1.350828e+00
7.184369e+01 9.954209e-06 6.425989e+01 -1.343303e+00
7.244489e+01 9.714620e-06 6.464657e+01 -1.335858e+00
7.304609e+01 9.482255e-06 6.503028e+01 -1.328492e+00
7.364729e+01 9.256852e-06 6.541106e+01 -1.321203e+00
7.424850e+01 9.038160e-06 6.578894e+01 -1.313990e+00
7.484970e+01 8.825940e-06 6.616394e+01 -1.306853e+00
7.545090e+01 8.619959e-06 6.653609e+01 -1.299790e+00
7.605210e+01 8.419998e-06 6.690542e+01 -1.292799e+00
7.665331e+01 8.225846e-06 6.727196e+01 -1.285880e+00
7.725451e+01 8.037298e-06 6.763574e+01 -1.279032e+00
7.785571e+01 7.854161e-06 6.799678e+01 -1.272253e+00
7.845691e+01 7.676249e-06 6.835510e+01 -1.265543e+00
7.905812e+01 7.503380e-06 6.871075e+01 -1.258901e+00
7.965932e+01 7.335385e-06 6.906373e+01 -1.252324e+00
8.026052e+01 7.172097e-06 6.941409e+01 -1.245813e+00
8.086172e+01 7.013359e-06 6.976183e+01 -1.239367e+00
8.146293e+01 6.859017e-06 7.010700e+01 -1.232984e+00
8.206413e+01 6.708925e-06 7.044962e+01 -1.226664e+00
8.266533e+01 6.562943e-06 7.078970e+01 -1.220405e+00
8.326653e+01 6.420936e-06 7.112728e+01 -1.214208e+00
8.386774e+01 6.282773e-06 7.146238e+01 -1.208070e+00
8.446894e+01 6.148329e-06 7.179502e+01 -1.201991e+00
8.507014e+01 6.017485e-06 7.212524e+01 -1.195970e+00
8.567134e+01 5.890123e-06 7.245304e+01 -1.190007e+00
8.627255e+01 5.766134e-06 7.277846e+01 -1.184100e+00
8.687375e+01 5.645409e-06 7.310152e+01 -1.178249e+00
8.747495e+01 5.527845e-06 7.342225e+01 -1.172453e+00
8.807615e+01 5.413344e-06 7.374066e+01 -1.166712e+00
8.867735e+01 5.301809e-06 7.405677e+01 -1.161023e+00
8.927856e+01 5.193147e-06 7.437062e+01 -1.155387e+00
8.987976e+01 5.087270e-06 7.468223e+01 -1.149804e+00
9.048096e+01 4.984093e-06 7.499160e+01 -1.144271e+00
9.108216e+01 4.883532e-06 7.529878e+01 -1.138789e+00
9.168337e+01 4.785508e-06 7.560377e+01 -1.133357e+00
9.228457e+01 4.689944e-06 7.590660e+01 -1.127974e+00
9.288577e+01 4.596766e-06 7.620729e+01 -1.122640e+00
9.348697e+01 4.505902e-06 7.650586e+01 -1.117353e+00
9.408818e+01 4.417284e-06 7.680234e+01 -1.112114e+00
9.468938e+01 4.330844e-06 7.709674e+01 -1.106921e+00
9.529058e+01 4.246519e-06 7.738908e+01 -1.101775e+00
9.589178e+01 4.164246e-06 7.767938e+01 -1.096673e+00
9.649299e+01 4.083966e-06 7.796766e+01 -1.091617e+00
9.709419e+01 4.005620e-06 7.825395e+01 -1.086604e+00
9.769539e+01 3.929152e-06 7.853825e+01 -1.081636e+00
9.829659e+01 3.854509e-06 7.882059e+01 -1.076710e+00
9.889780e+01 3.781638e-06 7.910100e+01 -1.071827e+00
9.949900e+01 3.710489e-06 7.937948e+01 -1.066985e+00
1.001002e+02 3.641012e-06 7.965605e+01 -1.062185e+00
1.007014e+02 3.573162e-06 7.993074e+01 -1.057426e+00
1.013026e+02 3.506891e-06 8.020356e+01 -1.052708e+00
1.019038e+02 3.442156e-06 8.047453e+01 -1.048029e+00
1.025050e+02 3.378914e-06 8.074367e+01 -1.043389e+00
1.031062e+02 3.317124e-06 8.101099e+01 -1.038789e+00
1.037074e+02 3.256746e-06 8.127651e+01 -1.034226e+00
1.043086e+02 3.197741e-06 8.154025e+01 -1.029702e+00
1.049098e+02 3.140072e-06 8.180223e+01 -1.025215e+00
1.055110e+02 3.083702e-06 8.206245e+01 -1.020765e+00
1.061122e+02 3.028597e-06 8.232095e+01 -1.016351e+00
1.067134e+02 2.974721e-06 8.257773e+01 -1.011974e+00
1.073146e+02 2.922043e-06 8.283281e+01 -1.007632e+00
1.079158e+02 2.870530e-06 8.308621e+01 -1.003325e+00
1.085170e+02 2.820152e-06 8.333794e+01 -9.990532e-01
1.091182e+02 2.770878e-06 8.358801e+01 -9.948156e-01
1.097194e+02 2.722679e-06 8.383645e+01 -9.906119e-01
1.103206e+02 2.675528e-06 8.408327e+01 -9.864418e-01
1.109218e+02 2.629397e-06 8.432848e+01 -9.823047e-01
1.115230e+02 2.584259e-06 8.457210e+01 -9.782004e-01
1.121242e+02 2.540089e-06 8.481414e+01 -9.741284e-01
1.127255e+02 2.496862e-06 8.505462e+01 -9.700884e-01
1.133267e+02 2.454554e-06 8.529355e+01 -9.660799e-01
1.139279e+02 2.413141e-06 8.553094e+01 -9.621027e-01
1.145291e+02 2.372601e-06 8.576682e+01 -9.581563e-01
1.151303e+02 2.332911e-06 8.600119e+01 -9.542404e-01
1.157315e+02 2.294050e-06 8.623406e+01 -9.503547e-01
1.163327e+02 2.255998e-06 8.646546e+01 -9.464987e-01
1.169339e+02 2.218735e-06 8.669539e+01 -9.426722e-01
1.175351e+02 2.182239e-06 8.692387e+01 -9.388749e-01
1.181363e+02 2.146494e-06 8.715091e+01 -9.351063e-01
1.187375e+02 2.111480e-06 8.737652e+01 -9.313662e-01
1.193387e+02 2.077178e-06 8.760072e+01 -9.276542e-01
1.199399e+02 2.043573e-06 8.782352e+01 -9.239701e-01
1.205411e+02 2.010647e-06 8.804492e+01 -9.203134e-01
1.211423e+02 1.978383e-06 8.826496e+01 -9.166840e-01
1.217435e+02 1.946765e-06 8.848362e+01 -9.130815e-01
1.223447e+02 1.915779e-06 8.870094e+01 -9.095056e-01
1.229459e+02 1.885408e-06 8.891692e+01 -9.059560e-01
1.235471e+02 1.855639e-06 8.913157e+01 -9.024324e-01
1.241483e+02 1.826456e-06 8.934490e+01 -8.989345e-01
1.247495e+02 1.797846e-06 8.955693e+01 -8.954622e-01
1.253507e+02 1.769796e-06 8.976766e+01 -8.920150e-01
1.259519e+02 1.742293e-06 8.997711e+01 -8.885927e-01
1.265531e+02 1.715323e-06 9.018530e+01 -8.851950e-01
1.271543e+02 1.688874e-06 9.039222e+01 -8.818217e-01
1.277555e+02 1.662934e-06 9.059789e+01 -8.784726e-01
1.283567e+02 1.637492e-06 9.080233e+01 -8.751473e-01
1.289579e+02 1.612536e-06 9.100554e+01 -8.718456e-01
1.295591e+02 1.588054e-06 9.120753e+01 -8.685672e-01
1.301603e+02 1.564037e-06 9.140832e+01 -8.653120e-01
1.307615e+02 1.540473e-06 9.160791e+01 -8.620796e-01
1.313627e+02 1.517352e-06 9.180632e+01 -8.588698e-01
1.319639e+02 1.494664e-06 9.200355e+01 -8.556824e-01
1.325651e+02 1.472400e-06 9.219961e+01 -8.525172e-01
1.331663e+02 1.450550e-06 9.239452e+01 -8.493739e-01
1.337675e+02 1.429105e-06 9.258829e+01 -8.462523e-01
1.343687e+02 1.408056e-06 9.278092e+01 -8.431522e-01
1.349699e+02 1.387393e-06 9.297242e+01 -8.400733e-01
1.355711e+02 1.367109e-06 9.316281e+01 -8.370154e-01
1.361723e+02 1.347195e-06 9.335209e+01 -8.339784e-01
1.367735e+02 1.327644e-06 9.354027e+01 -8.309620e-01
1.373747e+02 1.308446e-06 9.372737e+01 -8.279659e-01
1.379760e+02 1.289595e-06 9.391338e+01 -8.249901e-01
1.385772e+02 1.271083e-06 9.409833e+01 -8.220343e-01
1.391784e+02 1.252903e-06 9.428221e+01 -8.190982e-01
1.397796e+02 1.235047e-06 9.446504e+01 -8.161817e-01
1.403808e+02 1.217509e-06 9.464683e+01 -8.132847e-01
1.409820e+02 1.200282e-06 9.482758e+01 -8.104068e-01
1.415832e+02 1.183359e-06 9.500730e+01 -8.075479e-01
1.421844e+02 1.166734e-06 9.518601e+01 -8.047079e-01
1.427856e+02 1.150400e-06 9.536370e+01 -8.018865e-01
1.433868e+02 1.134352e-06 9.554040e+01 -7.990836e-01
1.439880e+02 1.118583e-06 9.571610e+01 -7.962989e-01
1.445892e+02 1.103088e-06 9.589082e+01 -7.935323e-01
1.451904e+02 1.087861e-06 9.606456e+01 -7.907837e-01
1.457916e+02 1.072896e-06 9.623733e+01 -7.880528e-01
1.463928e+02 1.058188e-06 9.640913e+01 -7.853395e-01
1.469940e+02 1.043731e-06 9.657999e+01 -7.826436e-01
1.475952e+02 1.029522e-06 9.674990e+01 -7.799649e-01
1.481964e+02 1.015553e-06 9.691887e+01 -7.773033e-01
1.487976e+02 1.001821e-06 9.708691e+01 -7.746586e-01
1.493988e+02 9.883212e-07 9.725402e+01 -7.720307e-01
1.500000e+02 9.750482e-07 9.742023e+01 -7.694194e-01
1.506012e+02 9.619976e-07 9.758552e+01 -7.668245e-01
1.512024e+02 9.491650e-07 9.774991e+01 -7.642459e-01
1.518036e+02 9.365460e-07 9.791340e+01 -7.616834e-01
1.524048e+02 9.241364e-07 9.807601e+01 -7.591369e-01
1.530060e+02 9.119321e-07 9.823774e+01 -7.566062e-01
1.536072e+02 8.999289e-07 9.839860e+01 -7.540912e-01
1.542084e+02 8.881228e-07 9.855859e+01 -7.515918e-01
1.548096e+02 8.765101e-07 9.871772e+01 -7.491077e-01
1.554108e+02 8.650868e-07 9.887600e+01 -7.466389e-01
1.560120e+02 8.538494e-07 9.903343e+01 -7.441853e-01
1.566132e+02 8.427941e-07 9.919002e+01 -7.417465e-01
1.572144e+02 8.319174e-07 9.934578e+01 -7.393227e-01
1.578156e+02 8.212160e-07 9.950071e+01 -7.369135e-01
1.584168e+02 8.106863e-07 9.965483e+01 -7.345189e-01
1.590180e+02 8.003251e-07 9.980812e+01 -7.321387e-01
1.596192e+02 7.901291e-07 9.996062e+01 -7.297729e-01
1.602204e+02 7.800953e-07 1.001123e+02 -7.274212e-01
1.608216e+02 7.702205e-07 1.002632e+02 -7.250836e-01
1.614228e+02 7.605016e-07 1.004133e+02 -7.227599e-01
1.620240e+02 7.509358e-07 1.005626e+02 -7.204500e-01
1.626253e+02 7.415202e-07 1.007112e+02 -7.181538e-01
1.632265e+02 7.322519e-07 1.008590e+02 -7.158712e-01
1.638277e+02 7.231281e-07 1.010060e+02 -7.136020e-01
1.644289e+02 7.141462e-07 1.011522e+02 -7.113461e-01
1.650301e+02 7.053036e-07 1.012977e+02 -7.091034e-01
1.656313e+02 6.965975e-07 1.014425e+02 -7.068738e-01
1.662325e+02 6.880256e-07 1.015865e+02 -7.046572e-01
1.668337e+02 6.795853e-07 1.017297e+02 -7.024534e-01
1.674349e+02 6.712742e-07 1.018723e+02 -7.002624e-01
1.680361e+02 6.630899e-07 1.020141e+02 -6.980840e-01
1.686373e+02 6.550302e-07 1.021552e+02 -6.959182e-01
1.692385e+02 6.470927e-07 1.022956e+02 -6.937648e-01
1.698397e+02 6.392752e-07 1.024352e+02 -6.916237e-01
1.704409e+02 6.315756e-07 1.025742e+02 -6.894948e-01
1.710421e+02 6.239917e-07 1.027125e+02 -6.873780e-01
1.716433e+02 6.165214e-07 1.028500e+02 -6.852733e-01
1.722445e+02 6.091627e-07 1.029869e+02 -6.831804e-01
1.728457e+02 6.019137e-07 1.031231e+02 -6.810993e-01
1.734469e+02 5.947722e-07 1.032586e+02 -6.790299e-01
1.740481e+02 5.877365e-07 1.033935e+02 -6.769722e-01
1.746493e+02 5.808047e-07 1.035276e+02 -6.749259e-01
1.752505e+02 5.739749e-07 1.036612e+02 -6.728911e-01
1.758517e+02 5.672452e-07 1.037940e+02 -6.708675e-01
1.764529e+02 5.606141e-07 1.039262e+02 -6.688552e-01
1.770541e+02 5.540797e-07 1.040578e+02 -6.668541e-01
1.776553e+02 5.476403e-07 1.041887e+02 -6.648639e-01
1.782565e+02 5.412943e-07 1.043189e+02 -6.628847e-01
1.788577e+02 5.350400e-07 1.044485e+02 -6.609164e-01
1.794589e+02 5.288759e-07 1.045775e+02 -6.589588e-01
1.800601e+02 5.228005e-07 1.047059e+02 -6.570119e-01
1.806613e+02 5.168121e-07 1.048337e+02 -6.550756e-01
1.812625e+02 5.109093e-07 1.049608e+02 -6.531498e-01
1.818637e+02 5.050906e-07 1.050873e+02 -6.512344e-01
1.824649e+02 4.993547e-07 1.052132e+02 -6.493293e-01
1.830661e+02 4.937000e-07 1.053385e+02 -6.474345e-01
1.836673e+02 4.881252e-07 1.054632e+02 -6.455499e-01
1.842685e+02 4.826289e-07 1.055873e+02 -6.436754e-01
1.848697e+02 4.772099e-07 1.057108e+02 -6.418108e-01
1.854709e+02 4.718668e-07 1.058338e+02 -6.399562e-01
1.860721e+02 4.665983e-07 1.059561e+02 -6.381115e-01
1.866733e+02 4.614033e-07 1.060779e+02 -6.362765e-01
1.872745e+02 4.562804e-07 1.061990e+02 -6.344512e-01
1.878758e+02 4.512285e-07 1.063197e+02 -6.326355e-01
1.884770e+02 4.462463e-07 1.064397e+02 -6.308294e-01
1.890782e+02 4.413329e-07 1.065592e+02 -6.290327e-01
1.896794e+02 4.364869e-07 1.066781e+02 -6.272454e-01
1.902806e+02 4.317073e-07 1.067965e+02 -6.254675e-01
1.908818e+02 4.269930e-07 1.069143e+02 -6.236987e-01
1.914830e+02 4.223430e-07 1.070315e+02 -6.219392e-01
1.920842e+02 4.177561e-07 1.071483e+02 -6.201888e-01
1.926854e+02 4.132314e-07 1.072644e+02 -6.184473e-01
1.932866e+02 4.087678e-07 1.073801e+02 -6.167149e-01
1.938878e+02 4.043644e-07 1.074952e+02 -6.149913e-01
1.944890e+02 4.000202e-07 1.076098e+02 -6.132766e-01
1.950902e+02 3.957342e-07 1.077238e+02 -6.115706e-01
1.956914e+02 3.915056e-07 1.078374e+02 -6.098733e-01
1.962926e+02 3.873333e-07 1.079504e+02 -6.081847e-01
1.968938e+02 3.832164e-07 1.080629e+02 -6.065046e-01
1.974950e+02 3.791542e-07 1.081748e+02 -6.048330e-01
1.980962e+02 3.751457e-07 1.082863e+02 -6.031698e-01
1.986974e+02 3.711901e-07 1.083973e+02 -6.015150e-01
1.992986e+02 3.672865e-07 1.085078e+02 -5.998685e-01
1.998998e+02 3.634342e-07 1.086177e+02 -5.982302e-01
2.005010e+02 3.596322e-07 1.087272e+02 -5.966001e-01
2.011022e+02 3.558799e-07 1.088362e+02 -5.949781e-01
2.017034e+02 3.521764e-07 1.089447e+02 -5.933642e-01
2.023046e+02 3.485211e-07 1.090527e+02 -5.917583e-01
2.029058e+02 3.449130e-07 1.091602e+02 -5.901603e-01
2.035070e+02 3.413516e-07 1.092672e+02 -5.885702e-01
2.041082e+02 3.378360e-07 1.093738e+02 -5.869879e-01
2.047094e+02 3.343657e-07 1.094799e+02 -5.854134e-01
2.053106e+02 3.309398e-07 1.095855e+02 -5.838466e-01
2.059118e+02 3.275577e-07 1.096907e+02 -5.822875e-01
2.065130e+02 3.242187e-07 1.097954e+02 -5.807359e-01
2.071142e+02 3.209222e-07 1.098996e+02 -5.791919e-01
2.077154e+02 3.176675e-07 1.100034e+02 -5.776553e-01
2.083166e+02 3.144540e-07 1.101067e+02 -5.761262e-01
2.089178e+02 3.112811e-07 1.102096e+02 -5.746045e-01
2.095190e+02 3.081481e-07 1.103120e+02 -5.730901e-01
2.101202e+02 3.050544e-07 1.104140e+02 -5.715830e-01
2.107214e+02 3.019995e-07 1.105155e+02 -5.700830e-01
2.113226e+02 2.989828e-07 1.106166e+02 -5.685903e-01
2.119238e+02 2.960037e-07 1.107172e+02 -5.671046e-01
2.125251e+02 2.930616e-07 1.108175e+02 -5.656261e-01
2.131263e+02 2.901560e-07 1.109173e+02 -5.641545e-01
2.137275e+02 2.872863e-07 1.110166e+02 -5.626899e-01
2.143287e+02 2.844521e-07 1.111155e+02 -5.612322e-01
2.149299e+02 2.816527e-07 1.112141e+02 -5.597814e-01
2.155311e+02 2.788877e-07 1.113121e+02 -5.583374e-01
2.161323e+02 2.761566e-07 1.114098e+02 -5.569002e-01
2.167335e+02 2.734589e-07 1.115071e+02 -5.554697e-01
2.173347e+02 2.707940e-07 1.116039e+02 -5.540459e-01
2.179359e+02 2.681615e-07 1.117003e+02 -5.526287e-01
2.185371e+02 2.655610e-07 1.117963e+02 -5.512181e-01
2.191383e+02 2.629919e-07 1.118920e+02 -5.498140e-01
2.197395e+02 2.604539e-07 1.119872e+02 -5.484164e-01
2.203407e+02 2.579464e-07 1.120820e+02 -5.470253e-01
2.209419e+02 2.554690e-07 1.121764e+02 -5.456405e-01
2.215431e+02 2.530213e-07 1.122704e+02 -5.442621e-01
2.221443e+02 2.506029e-07 1.123640e+02 -5.428901e-01
2.227455e+02 2.482133e-07 1.124573e+02 -5.415243e-01
2.233467e+02 2.458521e-07 1.125501e+02 -5.401647e-01
2.239479e+02 2.435190e-07 1.126426e+02 -5.388113e-01
2.245491e+02 2.412135e-07 1.127347e+02 -5.374641e-01
2.251503e+02 2.389352e-07 1.128264e+02 -5.361230e-01
2.257515e+02 2.366838e-07 1.129177e+02 -5.347879e-01
2.263527e+02 2.344589e-07 1.130086e+02 -5.334589e-01
2.269539e+02 2.322600e-07 1.130992e+02 -5.321358e-01
2.275551e+02 2.300869e-07 1.131894e+02 -5.308187e-01
2.281563e+02 2.279391e-07 1.132792e+02 -5.295074e-01
2.287575e+02 2.258164e-07 1.133687e+02 -5.282020e-01
2.293587e+02 2.237183e-07 1.134578e+02 -5.269025e-01
2.299599e+02 2.216445e-07 1.135465e+02 -5.256087e-01
2.305611e+02 2.195947e-07 1.136349e+02 -5.243207e-01
2.311623e+02 2.175686e-07 1.137229e+02 -5.230384e-01
2.317635e+02 2.155658e-07 1.138105e+02 -5.217617e-01
2.323647e+02 2.135860e-07 1.138978e+02 -5.204907e-01
2.329659e+02 2.116289e-07 1.139848e+02 -5.192253e-01
2.335671e+02 2.096942e-07 1.140714e+02 -5.179654e-01
2.341683e+02 2.077815e-07 1.141576e+02 -5.167110e-01
2.347695e+02 2.058906e-07 1.142436e+02 -5.154621e-01
2.353707e+02 2.040212e-07 1.143291e+02 -5.142187e-01
2.359719e+02 2.021730e-07 1.144143e+02 -5.129807e-01
2.365731e+02 2.003456e-07 1.144992e+02 -5.117481e-01
2.371743e+02 1.985389e-07 1.145838e+02 -5.105208e-01
2.377756e+02 1.967524e-07 1.146680e+02 -5.092988e-01
2.383768e+02 1.949861e-07 1.147518e+02 -5.080820e-01
2.389780e+02 1.932395e-07 1.148354e+02 -5.068706e-01
2.395792e+02 1.915124e-07 1.149186e+02 -5.056643e-01
2.401804e+02 1.898046e-07 1.150015e+02 -5.044632e-01
2.407816e+02 1.881158e-07 1.150840e+02 -5.032672e-01
2.413828e+02 1.864458e-07 1.151663e+02 -5.020763e-01
2.419840e+02 1.847942e-07 1.152482e+02 -5.008906e-01
2.425852e+02 1.831610e-07 1.153298e+02 -4.997098e-01
2.431864e+02 1.815457e-07 1.154110e+02 -4.985341e-01
2.437876e+02 1.799482e-07 1.154920e+02 -4.973633e-01
2.443888e+02 1.783682e-07 1.155726e+02 -4.961975e-01
2.449900e+02 1.768055e-07 1.156530e+02 -4.950366e-01
2.455912e+02 1.752599e-07 1.157330e+02 -4.938805e-01
2.461924e+02 1.737312e-07 1.158127e+02 -4.927294e-01
2.467936e+02 1.722191e-07 1.158921e+02 -4.915830e-01
2.473948e+02 1.707235e-07 1.159712e+02 -4.904415e-01
2.479960e+02 1.692440e-07 1.160500e+02 -4.893047e-01
2.485972e+02 1.677805e-07 1.161285e+02 -4.881726e-01
2.491984e+02 1.663329e-07 1.162067e+02 -4.870452e-01
2.497996e+02 1.649008e-07 1.162845e+02 -4.859225e-01
2.504008e+02 1.634841e-07 1.163621e+02 -4.848045e-01
2.510020e+02 1.620826e-07 1.164394e+02 -4.836911e-01
2.516032e+02 1.606960e-07 1.165164e+02 -4.825822e-01
2.522044e+02 1.593243e-07 1.165931e+02 -4.814779e-01
2.528056e+02 1.579672e-07 1.166696e+02 -4.803782e-01
2.534068e+02 1.566245e-07 1.167457e+02 -4.792829e-01
2.540080e+02 1.552960e-07 1.168215e+02 -4.781921e-01
2.546092e+02 1.539817e-07 1.168971e+02 -4.771058e-01
2.552104e+02 1.526811e-07 1.169723e+02 -4.760239e-01
2.558116e+02 1.513943e-07 1.170473e+02 -4.749464e-01
2.564128e+02 1.501211e-07 1.171220e+02 -4.738732e-01
2.570140e+02 1.488611e-07 1.171965e+02 -4.728044e-01
2.576152e+02 1.476144e-07 1.172706e+02 -4.717399e-01
2.582164e+02 1.463807e-07 1.173445e+02 -4.706797e-01
2.588176e+02 1.451599e-07 1.174181e+02 -4.696238e-01
2.594188e+02 1.439518e-07 1.174914e+02 -4.685720e-01
2.600200e+02 1.427562e-07 1.175645e+02 -4.675245e-01
2.606212e+02 1.415730e-07 1.176373e+02 -4.664812e-01
2.612224e+02 1.404020e-07 1.177098e+02 -4.654421e-01
2.618236e+02 1.392432e-07 1.177820e+02 -4.644071e-01
2.624248e+02 1.380962e-07 1.178540e+02 -4.633762e-01
2.630261e+02 1.369611e-07 1.179257e+02 -4.623493e-01
2.636273e+02 1.358376e-07 1.179972e+02 -4.613266e-01
2.642285e+02 1.347256e-07 1.180684e+02 -4.603079e-01
2.648297e+02 1.336249e-07 1.181393e+02 -4.592932e-01
2.654309e+02 1.325355e-07 1.182100e+02 -4.582824e-01
2.660321e+02 1.314572e-07 1.182804e+02 -4.572757e-01
2.666333e+02 1.303898e-07 1.183506e+02 -4.562729e-01
2.672345e+02 1.293332e-07 1.184205e+02 -4.552740e-01
2.678357e+02 1.282873e-07 1.184901e+02 -4.542790e-01
2.684369e+02 1.272519e-07 1.185595e+02 -4.532879e-01
2.690381e+02 1.262270e-07 1.186287e+02 -4.523007e-01
2.696393e+02 1.252124e-07 1.186976e+02 -4.513173e-01
2.702405e+02 1.242079e-07 1.187662e+02 -4.503377e-01
2.708417e+02 1.232135e-07 1.188346e+02 -4.493618e-01
2.714429e+02 1.222291e-07 1.189028e+02 -4.483898e-01
2.720441e+02 1.212544e-07 1.189707e+02 -4.474214e-01
2.726453e+02 1.202895e-07 1.190384e+02 -4.464568e-01
2.732465e+02 1.193341e-07 1.191058e+02 -4.454959e-01
2.738477e+02 1.183882e-07 1.191730e+02 -4.445387e-01
2.744489e+02 1.174517e-07 1.192400e+02 -4.435852e-01
2.750501e+02 1.165244e-07 1.193067e+02 -4.426352e-01
2.756513e+02 1.156062e-07 1.193732e+02 -4.416889e-01
2.762525e+02 1.146971e-07 1.194394e+02 -4.407462e-01
2.768537e+02 1.137969e-07 1.195054e+02 -4.398071e-01
2.774549e+02 1.129055e-07 1.195712e+02 -4.388715e-01
2.780561e+02 1.120228e-07 1.196368e+02 -4.379394e-01
2.786573e+02 1.111487e-07 1.197021e+02 -4.370109e-01
2.792585e+02 1.102831e-07 1.197672e+02 -4.360858e-01
2.798597e+02 1.094260e-07 1.198320e+02 -4.351642e-01
2.804609e+02 1.085771e-07 1.198967e+02 -4.342461e-01
2.810621e+02 1.077365e-07 1.199611e+02 -4.333314e-01
2.816633e+02 1.069040e-07 1.200253e+02 -4.324202e-01
2.822645e+02 1.060795e-07 1.200892e+02 -4.315123e-01
2.828657e+02 1.052630e-07 1.201530e+02 -4.306078e-01
2.834669e+02 1.044542e-07 1.202165e+02 -4.297067e-01
2.840681e+02 1.036533e-07 1.202798e+02 -4.288089e-01
2.846693e+02 1.028600e-07 1.203429e+02 -4.279144e-01
2.852705e+02 1.020743e-07 1.204057e+02 -4.270233e-01
2.858717e+02 1.012961e-07 1.204684e+02 -4.261354e-01
2.864729e+02 1.005253e-07 1.205308e+02 -4.252508e-01
2.870741e+02 9.976175e-08 1.205930e+02 -4.243694e-01
2.876754e+02 9.900548e-08 1.206550e+02 -4.234913e-01
2.882766e+02 9.825637e-08 1.207168e+02 -4.226164e-01
2.888778e+02 9.751433e-08 1.207784e+02 -4.217447e-01
2.894790e+02 9.677928e-08 1.208398e+02 -4.208761e-01
2.900802e+02 9.605115e-08 1.209010e+02 -4.200108e-01
2.906814e+02 9.532985e-08 1.209619e+02 -4.191485e-01
2.912826e+02 9.461531e-08 1.210227e+02 -4.182894e-01
2.918838e+02 9.390745e-08 1.210832e+02 -4.174334e-01
2.924850e+02 9.320620e-08 1.211436e+02 -4.165805e-01
2.930862e+02 9.251148e-08 1.212037e+02 -4.157307e-01
2.936874e+02 9.182323e-08 1.212636e+02 -4.148839e-01
2.942886e+02 9.114136e-08 1.213234e+02 -4.140402e-01
2.948898e+02 9.046582e-08 1.213829e+02 -4.131995e-01
2.954910e+02 8.979652e-08 1.214422e+02 -4.123618e-01
2.960922e+02 8.913340e-08 1.215014e+02 -4.115271e-01
2.966934e+02 8.847638e-08 1.215603e+02 -4.106954e-01
2.972946e+02 8.782542e-08 1.216191e+02 -4.098667e-01
2.978958e+02 8.718043e-08 1.216776e+02 -4.090409e-01
2.984970e+02 8.654134e-08 1.217360e+02 -4.082180e-01
2.990982e+02 8.590811e-08 1.217941e+02 -4.073980e-01
2.996994e+02 8.528066e-08 1.218521e+02 -4.065810e-01
