3.614031842409919093e-02
1.511171280075341607e-02
8.826126037748004485e-03
6.115116438765065381e-03
4.586591812379719156e-03
3.603785105765269347e-03
2.925586800459179827e-03
2.435276182435144356e-03
2.073997690619422494e-03
1.780158874834950793e-03
1.549706518107398867e-03
1.363432465963563666e-03
1.212241958552606183e-03
1.080917301669212429e-03
9.679638090615089391e-04
8.741715048400121096e-04
7.915368782732935208e-04
7.210701969237088725e-04
6.589139859999682079e-04
6.025057734289813744e-04
5.539732830686776863e-04
5.107588981796715253e-04
4.716791854261683653e-04
4.370121370833398200e-04
4.067298057478022349e-04
3.783862409005861330e-04
3.521382003636403879e-04
3.286418025141929163e-04
3.073202116847285892e-04
2.874568045872064373e-04
2.692290522711160449e-04
2.536699510969338354e-04
2.383362421956517342e-04
2.251004344286123833e-04
2.114976799439923568e-04
1.999232750849231461e-04
1.892393703787254196e-04
1.792842476186443524e-04
1.697350758106737519e-04
1.600656473709870643e-04
1.520930839257558667e-04
1.447923424423062065e-04
1.373112039181426396e-04
1.307874054713451591e-04
1.238712701637469040e-04
1.181456772798903347e-04
1.128108112964499416e-04
1.077312163736571666e-04
1.024352353295840846e-04
9.820184062692052102e-05
9.386926167781295502e-05
8.963891135723682654e-05
8.564827893922760909e-05
8.210166440029178754e-05
7.861795727803580784e-05
7.523927647659106762e-05
7.210027300013750154e-05
6.923066432288297190e-05
6.662325525655839198e-05
6.388380588365991921e-05
6.121658608452184777e-05
5.879475879228354972e-05
5.665662846920471816e-05
5.444246183948755666e-05
5.248269857797432681e-05
5.063618266909289276e-05
4.861871212377997598e-05
4.695553177562703244e-05
4.532189254668350940e-05
4.361494864274276896e-05
4.193477384452378142e-05
4.049783248072633720e-05
3.910240517094846103e-05
3.778318279923831204e-05
3.664934249768705916e-05
3.527714820880572329e-05
3.408520813606430173e-05
3.292845556735676793e-05
3.192371377083127093e-05
3.072162308092742209e-05
2.981802408659397097e-05
2.898605551503354575e-05
2.801608998783492667e-05
2.717375755168716103e-05
2.624602357708805863e-05
2.543483719034846639e-05
2.466233123292901978e-05
2.395788730586080294e-05
2.325276433554506852e-05
2.245702351313011479e-05
2.182515551475338334e-05
2.119870877454346382e-05
2.058659309363048453e-05
1.999807113838252191e-05
1.931333362332009112e-05
1.885002503763557035e-05
1.834496837004076679e-05
1.778455335009164676e-05
1.732305369813855655e-05
1.684777665026388261e-05
1.638069954001326300e-05
1.594344806948635985e-05
1.548043491638146729e-05
1.505859515692841664e-05
1.468337801145565360e-05
1.429262896496343285e-05
1.388298350297554942e-05
1.352411448999048578e-05
1.320524781554901597e-05
1.289047726120271454e-05
1.252676669507022249e-05
1.218902880375626159e-05
1.186446734051625830e-05
1.157705379818515461e-05
1.133235091437693363e-05
1.105330074108477333e-05
1.077470977441495597e-05
1.047249307753883353e-05
1.020506410515907072e-05
9.957799768931705519e-06
9.757999662177836519e-06
9.536147442562951644e-06
9.317975037655186290e-06
9.032317216545980169e-06
8.850311095996475717e-06
8.645795268645920718e-06
8.436837236116524020e-06
8.265312807002203832e-06
8.072704432239114649e-06
7.911192928510729874e-06
7.720689469109970563e-06
7.539729306819871354e-06
7.373835277606196478e-06
7.182888531011685969e-06
7.037402953888304386e-06
6.898761656485868846e-06
6.763112907892667706e-06
6.594017127313084416e-06
6.425586538468247459e-06
6.285123327120974721e-06
6.196823356533464873e-06
6.055682587364444330e-06
5.894626718899200015e-06
5.776667623853715267e-06
5.649087614836401000e-06
5.552699727642034636e-06
5.452159585486138793e-06
5.324289677932523697e-06
5.225457406940362486e-06
5.123033865846709633e-06
5.022368684038423834e-06
4.905525181238708763e-06
4.800795276919803313e-06
4.705128082873527367e-06
4.630606076450853394e-06
4.535651909880345459e-06
4.453689933371607788e-06
4.364652061947739622e-06
4.261484780914234889e-06
4.195477392967313367e-06
4.116679359837109207e-06
4.035863132972139146e-06
3.953438322893351267e-06
3.860284543612437495e-06
3.805853382267786014e-06
3.731438930814749077e-06
3.662765166452738643e-06
3.602032983824114660e-06
3.537166353629695318e-06
3.462975279231814631e-06
3.400463944474698820e-06
3.331571479946746498e-06
3.287141300917909848e-06
3.216687624551735289e-06
3.155152244232243166e-06
3.102154143457066511e-06
3.036429116306987195e-06
2.991316114566489983e-06
2.944039222927120204e-06
2.897453811695219287e-06
2.840654702688440400e-06
2.788235719354312525e-06
2.746271073909798792e-06
2.691777157524913349e-06
2.645687100190809561e-06
2.602786420155664921e-06
2.541854840979977992e-06
2.502972750437257937e-06
2.472712221947876271e-06
2.438670162359283865e-06
2.390191943762874822e-06
2.346323832589603051e-06
2.320878855602485790e-06
2.284490944410321051e-06
2.242892227680444457e-06
2.208163401881732919e-06
2.159624125167256601e-06
2.125489906802560580e-06
2.090797648111199226e-06
2.054024856390630530e-06
2.012528291879742002e-06
1.990813308789112046e-06
1.968201625509167943e-06
1.935817179407625623e-06
1.904237726666804632e-06
1.861204876390925368e-06
1.841125705542263724e-06
1.805058702728298616e-06
1.780266011016748358e-06
1.763438540283331003e-06
1.733230039633201596e-06
1.709571206394716568e-06
1.678298316836027361e-06
1.656545244717269776e-06
1.625833103010586510e-06
1.598686625240671194e-06
1.576501343263899854e-06
1.549221952157646105e-06
1.529689939747510571e-06
1.508361126272093714e-06
1.474253506513168686e-06
1.458124689964064895e-06
1.434550304047169500e-06
1.417714782542242372e-06
1.397684656074366959e-06
1.384271900766395785e-06
1.361238128780359613e-06
1.334992105544773030e-06
1.315466708624636700e-06
1.297927658857714301e-06
1.273333250228673979e-06
1.264128840742161697e-06
1.244904911786323407e-06
1.228986624304583073e-06
1.204097767353051262e-06
1.191525873294081039e-06
1.177274872685286762e-06
1.161140770499251669e-06
1.140863798159482248e-06
1.123173595803071232e-06
1.119745851801790418e-06
1.096838807954749578e-06
1.082110061723446131e-06
1.065983638728707085e-06
1.053916724378708515e-06
1.040388153636753350e-06
1.027319867375358056e-06
1.014063504539951020e-06
9.973672709399491131e-07
9.819827738843830335e-07
9.695276715896205831e-07
9.569741899720748899e-07
9.447202345751322546e-07
9.322381756676721713e-07
9.181541568984874334e-07
9.091407482875657933e-07
8.977342125119962765e-07
8.810835696582685068e-07
8.703913937224485599e-07
8.645259072773289650e-07
8.557191035705703574e-07
8.429356967949623453e-07
8.293487478670658647e-07
8.219391172515740130e-07
8.095856653680321461e-07
8.013186104201768527e-07
7.851274549808570250e-07
7.764180071255523951e-07
7.651421832733787311e-07
7.586666605948714613e-07
7.497074655637132084e-07
7.430578342398885871e-07
7.290355520698532523e-07
7.254696482396324938e-07
7.146316160388674035e-07
7.025327320625179027e-07
6.968390515788262479e-07
6.856578967485706654e-07
6.753755369792317183e-07
6.701938000722936415e-07
6.610915254876565336e-07
6.520309290810323906e-07
6.452874018857588951e-07
6.417860194642103086e-07
6.318973758581069972e-07
6.257646708657609113e-07
6.157195561601412016e-07
6.119507726260263465e-07
5.997937781814043274e-07
5.942904877032490808e-07
5.865642165801873139e-07
5.835659697012105270e-07
5.753699473297022438e-07
5.681151719801885253e-07
5.571120107716079216e-07
5.542116607412408324e-07
5.462527298579179666e-07
5.424287791734638626e-07
5.326859690448194013e-07
5.305675301893879965e-07
5.184716314000571520e-07
5.171280843524700073e-07
5.065394972012853726e-07
5.032373445164475805e-07
4.970145334767038502e-07
4.936164035602482614e-07
4.856421000811761378e-07
4.796519871885577315e-07
4.777510795176551823e-07
4.722479383706338721e-07
4.681677139650610112e-07
4.623736337118198343e-07
4.553851714421158441e-07
4.558959698571344916e-07
4.483970976962288121e-07
4.430329871218871410e-07
4.368071935923088455e-07
4.286276552314986152e-07
4.267390675525782737e-07
4.220192013918115306e-07
4.192538090681543872e-07
4.148927671684274823e-07
4.114104299807185398e-07
4.038250566124358394e-07
4.012338547238974429e-07
3.964253446784494703e-07
3.907508095238953817e-07
3.892538643629518798e-07
3.837030071683612221e-07
3.813518075601636408e-07
3.731645224376039880e-07
3.741454488192459289e-07
3.684866562947357869e-07
3.619594518599052146e-07
3.606474999762933748e-07
3.575327460726487531e-07
3.541771733480083316e-07
3.510512614121974451e-07
3.471270038761825734e-07
3.420065665642024660e-07
3.387475653928380989e-07
3.350895859913301399e-07
3.329928112588944014e-07
3.261078903528395901e-07
3.273720138629144402e-07
3.197687040206740835e-07
3.195313470130326267e-07
3.156126296685539064e-07
3.103302913973560698e-07
3.079622818803856921e-07
3.072309366463265179e-07
3.023646527378594559e-07
2.990775690290533075e-07
2.948390225154849397e-07
2.920663446477557608e-07
2.921720151009262045e-07
2.872596456159726580e-07
2.835780729571690379e-07
2.811504340806767505e-07
2.773834324031387354e-07
2.776095594001274561e-07
2.753488997178359816e-07
2.717056411389184914e-07
2.706779481472328089e-07
2.671970110601459771e-07
2.645657217138642092e-07
2.613351233861516534e-07
2.587356530675589840e-07
2.567777664251505554e-07
2.535889565021483497e-07
2.525272075641474267e-07
2.481126665478226870e-07
2.460574241651243553e-07
2.463037927101556189e-07
2.424601908669545960e-07
2.401401228763490198e-07
2.384128416694180107e-07
2.353476701193637422e-07
2.343007559002777157e-07
2.310112322009205538e-07
2.278880922866367154e-07
2.264837988903145972e-07
2.252247323545795994e-07
2.217150473571843265e-07
2.217160861725723147e-07
2.177660283369327277e-07
2.173139447528539396e-07
2.144447220391055355e-07
2.135272934374233593e-07
2.107932313484318645e-07
2.093852092635553163e-07
2.069497715598955544e-07
2.046814906823818214e-07
2.032996680880072665e-07
2.014803968865630836e-07
1.989802930770526315e-07
1.987065194767906731e-07
1.961342541474831230e-07
1.945001541909057455e-07
1.931075140009703772e-07
1.901935049894306633e-07
1.886926490569632353e-07
1.878596864918931704e-07
1.857970947458354357e-07
1.836671989961650385e-07
1.823206528015794554e-07
1.805285966894493810e-07
1.806868225362521630e-07
1.778108510163493161e-07
1.745442490713404842e-07
1.745736412102176759e-07
1.735776999858714818e-07
1.717355190112697193e-07
1.703993231886960937e-07
1.674966119305001820e-07
1.666427904364638731e-07
1.660851360681328272e-07
1.635753748431259423e-07
1.626031577447854866e-07
1.619399937500867514e-07
1.605228411203904271e-07
1.583624424494834738e-07
1.575667298368810658e-07
1.569481157405238254e-07
1.565196311137094478e-07
1.535317444728090257e-07
1.522596820683415028e-07
1.510436913652038700e-07
1.503699593527295060e-07
1.487163815239518159e-07
1.470614518790631183e-07
1.460054705184947548e-07
1.434939054995277285e-07
1.440666518763865499e-07
1.421611445780599289e-07
1.399917047388010745e-07
1.410960152813796961e-07
1.395613291117795404e-07
1.380682196744584442e-07
1.373393872076975186e-07
1.352622558807138449e-07
1.350802197090387496e-07
1.334858217346598332e-07
1.324299863503005909e-07
1.312126006476269687e-07
1.296528636512167530e-07
1.299276416390736716e-07
1.281477493238692478e-07
1.277158332870533844e-07
1.252676040206136584e-07
1.256757600877266956e-07
1.243795637620936040e-07
1.231891018791511144e-07
1.222524511514507052e-07
1.210252831842185828e-07
1.196999727535505771e-07
1.191761225072128054e-07
1.181885025942118043e-07
1.179526199858207301e-07
1.157195386038631536e-07
1.147168431051244058e-07
1.148892627630498040e-07
1.143668585405662844e-07
1.127034269307883958e-07
1.116877602305076852e-07
1.114662889414700529e-07
1.094739738187106796e-07
1.080601473409295768e-07
1.091777493167810605e-07
1.073696176973861557e-07
1.071282558595226102e-07
1.058574251598368503e-07
1.055975435640591848e-07
1.047407482437581858e-07
1.036420450394157389e-07
1.028729329591968274e-07
1.016048403195739943e-07
1.011919698970262385e-07
1.002691485501225448e-07
1.000943970866039509e-07
9.935147033470400865e-08
9.885486672415608558e-08
9.765345370804692057e-08
9.619818942789610669e-08
9.634900156206304722e-08
9.599991739405633953e-08
9.521611510986160661e-08
9.462602948376450019e-08
9.355993799074709027e-08
9.342292911115759881e-08
9.234561542342838705e-08
9.231719743408612661e-08
9.045676686197184117e-08
9.036587647614100623e-08
8.925808750221447900e-08
8.783986472451067110e-08
8.784906970615342842e-08
8.693184348348665782e-08
8.692071392297239483e-08
