1.920182943344116211e+00 3.535300254821777344e+00 -1.922229886054992676e+00 1.081077337265014648e+00 2.896396636962890625e+00 -1.024368643760681152e+00
1.931239008903503418e+00 3.592879533767700195e+00 -1.931231856346130371e+00 1.112719655036926270e+00 3.107271909713745117e+00 -9.650136828422546387e-01
1.952119469642639160e+00 3.658459186553955078e+00 -1.955285072326660156e+00 1.137653708457946777e+00 3.113259315490722656e+00 -8.009002804756164551e-01
1.970703959465026855e+00 3.713585138320922852e+00 -1.975781083106994629e+00 1.107355713844299316e+00 3.052867412567138672e+00 -6.227702498435974121e-01
1.996713638305664062e+00 3.765915393829345703e+00 -1.991292834281921387e+00 1.263225674629211426e+00 3.118006944656372070e+00 -4.915991425514221191e-01
2.023225307464599609e+00 3.841115236282348633e+00 -1.982152581214904785e+00 1.215423703193664551e+00 3.337553977966308594e+00 -4.487659037113189697e-01
2.035403490066528320e+00 3.906675338745117188e+00 -1.992925405502319336e+00 1.219684123992919922e+00 3.314248800277709961e+00 -3.848513066768646240e-01
2.063970804214477539e+00 3.976110219955444336e+00 -2.004551172256469727e+00 1.189500451087951660e+00 3.444884538650512695e+00 -1.112289428710937500e-01
2.076308012008666992e+00 4.042932033538818359e+00 -2.009426832199096680e+00 1.257486820220947266e+00 3.719591379165649414e+00 -4.414169117808341980e-02
2.089597940444946289e+00 4.099243164062500000e+00 -2.005948543548583984e+00 1.217972040176391602e+00 3.905235052108764648e+00 -3.701459616422653198e-02
2.120455741882324219e+00 4.177694797515869141e+00 -1.997844099998474121e+00 1.113339066505432129e+00 4.204609870910644531e+00 -7.496837526559829712e-02
2.155460834503173828e+00 4.301800727844238281e+00 -2.004831075668334961e+00 1.038709282875061035e+00 4.296650409698486328e+00 2.791967093944549561e-01
2.186622381210327148e+00 4.368381500244140625e+00 -2.000986576080322266e+00 1.191140890121459961e+00 4.522838592529296875e+00 3.225255608558654785e-01
2.213210582733154297e+00 4.461225509643554688e+00 -1.990164637565612793e+00 1.130767822265625000e+00 4.832814216613769531e+00 4.487124979496002197e-01
2.229030370712280273e+00 4.558658123016357422e+00 -1.973142147064208984e+00 1.048245310783386230e+00 4.844982147216796875e+00 6.227447986602783203e-01
2.255127429962158203e+00 4.661174774169921875e+00 -1.976021289825439453e+00 1.055224180221557617e+00 4.987826824188232422e+00 6.625025868415832520e-01
2.276726245880126953e+00 4.750632762908935547e+00 -1.953507304191589355e+00 1.071466207504272461e+00 5.296348094940185547e+00 4.698641896247863770e-01
2.285626173019409180e+00 4.860297679901123047e+00 -1.946495890617370605e+00 1.082431435585021973e+00 5.591789722442626953e+00 7.083696722984313965e-01
2.321375131607055664e+00 4.966306686401367188e+00 -1.938652992248535156e+00 1.115047097206115723e+00 5.788559436798095703e+00 9.306036829948425293e-01
2.335611581802368164e+00 5.082495212554931641e+00 -1.920318007469177246e+00 1.169013261795043945e+00 6.055536270141601562e+00 9.204626083374023438e-01
2.373016595840454102e+00 5.207778930664062500e+00 -1.889305710792541504e+00 1.030783772468566895e+00 6.373068809509277344e+00 1.106352567672729492e+00
2.388388633728027344e+00 5.332459449768066406e+00 -1.876679182052612305e+00 1.049455046653747559e+00 6.462572574615478516e+00 1.131705164909362793e+00
2.404924869537353516e+00 5.457668781280517578e+00 -1.858335614204406738e+00 1.151737093925476074e+00 6.688460350036621094e+00 1.303818225860595703e+00
2.434844255447387695e+00 5.589643001556396484e+00 -1.836315274238586426e+00 1.263769745826721191e+00 6.959537506103515625e+00 1.369123697280883789e+00
2.448236465454101562e+00 5.727569103240966797e+00 -1.809713840484619141e+00 1.304978132247924805e+00 7.066975116729736328e+00 1.254212975502014160e+00
2.468470573425292969e+00 5.864937782287597656e+00 -1.788207292556762695e+00 1.252500057220458984e+00 7.299140453338623047e+00 1.204595565795898438e+00
2.505345344543457031e+00 6.008045196533203125e+00 -1.759714484214782715e+00 1.547862529754638672e+00 7.647090435028076172e+00 1.128592848777770996e+00
2.533477544784545898e+00 6.169896125793457031e+00 -1.732360243797302246e+00 1.448279738426208496e+00 7.853747844696044922e+00 1.574484944343566895e+00
2.558867931365966797e+00 6.325281620025634766e+00 -1.707741618156433105e+00 1.274500131607055664e+00 7.950059890747070312e+00 1.677499175071716309e+00
2.584202289581298828e+00 6.484167098999023438e+00 -1.686137437820434570e+00 1.219204425811767578e+00 8.307595252990722656e+00 1.530366778373718262e+00
2.602648019790649414e+00 6.646892070770263672e+00 -1.644422173500061035e+00 1.444839119911193848e+00 8.600296974182128906e+00 1.684618592262268066e+00
2.633597612380981445e+00 6.826834678649902344e+00 -1.613143920898437500e+00 1.486239433288574219e+00 8.930814743041992188e+00 1.737556219100952148e+00
2.669599771499633789e+00 7.078247070312500000e+00 -1.562079071998596191e+00 1.348310708999633789e+00 9.197805404663085938e+00 1.848359346389770508e+00
2.680082798004150391e+00 7.271680831909179688e+00 -1.528487086296081543e+00 1.474204659461975098e+00 9.456797599792480469e+00 1.878220558166503906e+00
2.733725309371948242e+00 7.460615634918212891e+00 -1.487618923187255859e+00 1.476229786872863770e+00 9.766049385070800781e+00 2.010715961456298828e+00
2.744554042816162109e+00 7.659680843353271484e+00 -1.456362128257751465e+00 1.531052708625793457e+00 1.009767341613769531e+01 2.042984724044799805e+00
2.785613298416137695e+00 7.862356662750244141e+00 -1.415412187576293945e+00 1.529657006263732910e+00 1.026969909667968750e+01 2.229378461837768555e+00
2.799994707107543945e+00 8.058744430541992188e+00 -1.373309850692749023e+00 1.562821626663208008e+00 1.052809810638427734e+01 2.286443471908569336e+00
2.840140819549560547e+00 8.265142440795898438e+00 -1.325660228729248047e+00 1.491409778594970703e+00 1.085387897491455078e+01 2.286125898361206055e+00
2.888284206390380859e+00 8.473889350891113281e+00 -1.286856532096862793e+00 1.672807931900024414e+00 1.108898448944091797e+01 2.241818428039550781e+00
2.914568185806274414e+00 8.690068244934082031e+00 -1.241120815277099609e+00 1.646242618560791016e+00 1.155072975158691406e+01 2.249998092651367188e+00
2.940980434417724609e+00 8.923062324523925781e+00 -1.196414709091186523e+00 1.749673724174499512e+00 1.190860652923583984e+01 2.461149930953979492e+00
2.974574565887451172e+00 9.158180236816406250e+00 -1.155313968658447266e+00 1.750268578529357910e+00 1.201147556304931641e+01 2.469123601913452148e+00
2.999675512313842773e+00 9.392625808715820312e+00 -1.112643480300903320e+00 1.632932305335998535e+00 1.233564662933349609e+01 2.394588232040405273e+00
3.031294345855712891e+00 9.639158248901367188e+00 -1.052868843078613281e+00 1.641397237777709961e+00 1.255488681793212891e+01 2.379841089248657227e+00
3.080845832824707031e+00 9.887089729309082031e+00 -1.012130975723266602e+00 1.849073052406311035e+00 1.307495021820068359e+01 2.372753381729125977e+00
3.106374502182006836e+00 1.014253616333007812e+01 -9.775772094726562500e-01 1.873304605484008789e+00 1.328881549835205078e+01 2.645340442657470703e+00
3.161385774612426758e+00 1.040249443054199219e+01 -9.286904931068420410e-01 1.898394465446472168e+00 1.362110519409179688e+01 2.739652633666992188e+00
3.204221725463867188e+00 1.067497825622558594e+01 -8.813441991806030273e-01 1.895212769508361816e+00 1.395812320709228516e+01 2.613069534301757812e+00
3.230376005172729492e+00 1.094886207580566406e+01 -8.385764956474304199e-01 2.073590278625488281e+00 1.415707206726074219e+01 2.568096399307250977e+00
3.272669553756713867e+00 1.123483848571777344e+01 -7.688099741935729980e-01 1.933496713638305664e+00 1.459348392486572266e+01 2.372094631195068359e+00
3.298036575317382812e+00 1.152486228942871094e+01 -7.401617169380187988e-01 1.891353487968444824e+00 1.488400745391845703e+01 2.296532154083251953e+00
3.342420101165771484e+00 1.180918598175048828e+01 -6.895037293434143066e-01 1.965868234634399414e+00 1.525924873352050781e+01 2.451590299606323242e+00
3.401082754135131836e+00 1.226907730102539062e+01 -6.146486997604370117e-01 2.084797859191894531e+00 1.581537723541259766e+01 2.590631008148193359e+00
3.447996377944946289e+00 1.258016490936279297e+01 -5.657282471656799316e-01 1.983040452003479004e+00 1.602396583557128906e+01 2.385194778442382812e+00
3.479442119598388672e+00 1.290693473815917969e+01 -5.200791954994201660e-01 2.117125272750854492e+00 1.640241241455078125e+01 2.326271295547485352e+00
3.533101320266723633e+00 1.323816394805908203e+01 -4.739272296428680420e-01 2.218739032745361328e+00 1.709717559814453125e+01 2.200205087661743164e+00
3.577244997024536133e+00 1.357420063018798828e+01 -4.435714483261108398e-01 2.147692203521728516e+00 1.736673164367675781e+01 2.189319610595703125e+00
3.602754354476928711e+00 1.391811180114746094e+01 -3.995731770992279053e-01 2.086129665374755859e+00 1.758390808105468750e+01 2.181827545166015625e+00
3.662166357040405273e+00 1.425859355926513672e+01 -3.470504879951477051e-01 2.341085195541381836e+00 1.789370918273925781e+01 2.137370824813842773e+00
3.697436809539794922e+00 1.461646938323974609e+01 -3.033982515335083008e-01 2.489066839218139648e+00 1.835514640808105469e+01 2.266471624374389648e+00
3.750593662261962891e+00 1.498023223876953125e+01 -2.713306546211242676e-01 2.518650293350219727e+00 1.881322860717773438e+01 2.042492866516113281e+00
3.807955980300903320e+00 1.534792613983154297e+01 -2.300764471292495728e-01 2.593524694442749023e+00 1.921964836120605469e+01 2.068239450454711914e+00
3.845643520355224609e+00 1.571638584136962891e+01 -1.936913430690765381e-01 2.591856956481933594e+00 1.963247680664062500e+01 2.113082885742187500e+00
3.908874273300170898e+00 1.611079216003417969e+01 -1.568391621112823486e-01 2.690688848495483398e+00 2.021043968200683594e+01 2.021868228912353516e+00
3.958545446395874023e+00 1.650337219238281250e+01 -1.299403756856918335e-01 2.642334699630737305e+00 2.062410926818847656e+01 2.027562856674194336e+00
4.017117977142333984e+00 1.692298507690429688e+01 -8.791892975568771362e-02 2.473161935806274414e+00 2.090891647338867188e+01 1.817144155502319336e+00
4.084066867828369141e+00 1.732305335998535156e+01 -5.260518938302993774e-02 2.510714292526245117e+00 2.125982475280761719e+01 1.739716053009033203e+00
4.128404617309570312e+00 1.774529266357421875e+01 -1.506442110985517502e-02 2.579937458038330078e+00 2.169621658325195312e+01 1.601683616638183594e+00
4.167100429534912109e+00 1.816918754577636719e+01 1.616643555462360382e-02 2.965252876281738281e+00 2.214069557189941406e+01 1.672173380851745605e+00
4.239605903625488281e+00 1.860152626037597656e+01 3.695346042513847351e-02 3.092645883560180664e+00 2.266717910766601562e+01 1.540500760078430176e+00
4.288340091705322266e+00 1.905673217773437500e+01 6.308649480342864990e-02 3.037345170974731445e+00 2.303786849975585938e+01 1.372525691986083984e+00
4.345182895660400391e+00 1.951407623291015625e+01 9.477441757917404175e-02 3.000948190689086914e+00 2.363981628417968750e+01 1.178700804710388184e+00
4.429783344268798828e+00 2.021440505981445312e+01 1.278184652328491211e-01 3.258834838867187500e+00 2.442483139038085938e+01 1.035634040832519531e+00
4.493718624114990234e+00 2.071429443359375000e+01 1.392707526683807373e-01 3.469512939453125000e+00 2.488647460937500000e+01 7.901203632354736328e-01
4.554870128631591797e+00 2.118777465820312500e+01 1.409426927566528320e-01 3.503352403640747070e+00 2.545471763610839844e+01 4.245794415473937988e-01
4.627833366394042969e+00 2.169791412353515625e+01 1.526339352130889893e-01 3.404861927032470703e+00 2.601139831542968750e+01 2.311978787183761597e-01
4.689965248107910156e+00 2.221709060668945312e+01 1.593757569789886475e-01 3.447623968124389648e+00 2.653787612915039062e+01 8.025423437356948853e-02
4.762913227081298828e+00 2.273664093017578125e+01 1.573142409324645996e-01 3.701858043670654297e+00 2.708163833618164062e+01 7.737111300230026245e-02
4.839438915252685547e+00 2.327108764648437500e+01 1.549010425806045532e-01 3.771449565887451172e+00 2.755845642089843750e+01 -1.391694545745849609e-01
4.904842376708984375e+00 2.380862617492675781e+01 1.521436125040054321e-01 3.897357463836669922e+00 2.833716964721679688e+01 -4.233047068119049072e-01
4.978331089019775391e+00 2.437579345703125000e+01 1.350945681333541870e-01 4.061122417449951172e+00 2.900095367431640625e+01 -7.284088730812072754e-01
5.082661151885986328e+00 2.493682670593261719e+01 1.161944270133972168e-01 4.002439975738525391e+00 2.943597030639648438e+01 -1.079136490821838379e+00
5.145759105682373047e+00 2.551014900207519531e+01 9.870108962059020996e-02 4.031497001647949219e+00 3.009929275512695312e+01 -1.326939463615417480e+00
5.243908882141113281e+00 2.609610748291015625e+01 6.440311670303344727e-02 4.029904365539550781e+00 3.070828247070312500e+01 -1.550724387168884277e+00
5.324964523315429688e+00 2.671684265136718750e+01 1.878101564943790436e-02 4.364347934722900391e+00 3.141151618957519531e+01 -1.965163350105285645e+00
5.419253349304199219e+00 2.734560966491699219e+01 -2.758136577904224396e-02 4.642467021942138672e+00 3.219091033935546875e+01 -2.324238777160644531e+00
5.491106986999511719e+00 2.796175956726074219e+01 -7.307526469230651855e-02 4.780943870544433594e+00 3.288479232788085938e+01 -2.929880857467651367e+00
5.589164733886718750e+00 2.861118316650390625e+01 -1.304055899381637573e-01 4.991081237792968750e+00 3.349477767944335938e+01 -3.426734685897827148e+00
5.683191776275634766e+00 2.926157760620117188e+01 -2.080220282077789307e-01 4.790201187133789062e+00 3.426568984985351562e+01 -3.970088243484497070e+00
5.784716606140136719e+00 2.993776130676269531e+01 -2.955970168113708496e-01 4.932107448577880859e+00 3.494734191894531250e+01 -4.673818111419677734e+00
5.877861976623535156e+00 3.064122390747070312e+01 -4.011152088642120361e-01 5.187922000885009766e+00 3.576800155639648438e+01 -5.327062129974365234e+00
5.983199119567871094e+00 3.133477020263671875e+01 -5.053614377975463867e-01 5.372554779052734375e+00 3.654362869262695312e+01 -5.936856746673583984e+00
6.093771934509277344e+00 3.206089782714843750e+01 -6.382780671119689941e-01 5.527657508850097656e+00 3.740748977661132812e+01 -6.807934761047363281e+00
6.268967151641845703e+00 3.318691635131835938e+01 -8.692486882209777832e-01 5.974446773529052734e+00 3.892806243896484375e+01 -8.023563385009765625e+00
6.395559310913085938e+00 3.393573379516601562e+01 -1.031913280487060547e+00 6.102962493896484375e+00 3.960645294189453125e+01 -9.152299880981445312e+00
6.522966861724853516e+00 3.471863937377929688e+01 -1.245922088623046875e+00 6.454520225524902344e+00 4.045405578613281250e+01 -1.021759510040283203e+01
6.653575420379638672e+00 3.552660751342773438e+01 -1.458204627037048340e+00 6.777193546295166016e+00 4.134205245971679688e+01 -1.150167560577392578e+01
6.786571979522705078e+00 3.633599472045898438e+01 -1.702941417694091797e+00 6.971173286437988281e+00 4.207256317138671875e+01 -1.287393760681152344e+01
6.923830986022949219e+00 3.717089080810546875e+01 -1.972047209739685059e+00 7.167370796203613281e+00 4.302325820922851562e+01 -1.453991127014160156e+01
7.052970409393310547e+00 3.804282760620117188e+01 -2.287029981613159180e+00 7.469998836517333984e+00 4.394228744506835938e+01 -1.622904968261718750e+01
7.196655273437500000e+00 3.889073562622070312e+01 -2.631741523742675781e+00 8.043974876403808594e+00 4.462380218505859375e+01 -1.805160903930664062e+01
7.348481655120849609e+00 3.977116775512695312e+01 -3.012807846069335938e+00 8.381271362304687500e+00 4.524833297729492188e+01 -2.048294258117675781e+01
7.516597747802734375e+00 4.063612365722656250e+01 -3.439387559890747070e+00 8.782544136047363281e+00 4.569120407104492188e+01 -2.275853919982910156e+01
7.702724456787109375e+00 4.153938293457031250e+01 -3.926806688308715820e+00 9.150225639343261719e+00 4.588717269897460938e+01 -2.540502166748046875e+01
7.874522686004638672e+00 4.244686508178710938e+01 -4.469188213348388672e+00 9.413519859313964844e+00 4.610927963256835938e+01 -2.822936248779296875e+01
8.058441162109375000e+00 4.333616256713867188e+01 -5.060641765594482422e+00 9.654003143310546875e+00 4.578103637695312500e+01 -3.111473464965820312e+01
8.260385513305664062e+00 4.421354293823242188e+01 -5.715847015380859375e+00 1.005904865264892578e+01 4.463990783691406250e+01 -3.417356109619140625e+01
8.459077835083007812e+00 4.507350158691406250e+01 -6.422498226165771484e+00 1.033443450927734375e+01 4.331860733032226562e+01 -3.704264831542968750e+01
8.678232192993164062e+00 4.589534759521484375e+01 -7.192834854125976562e+00 1.044010925292968750e+01 4.157136917114257812e+01 -3.973638153076171875e+01
8.880043983459472656e+00 4.669308853149414062e+01 -8.017798423767089844e+00 1.060789680480957031e+01 3.950134658813476562e+01 -4.222017669677734375e+01
9.088006019592285156e+00 4.744288635253906250e+01 -8.878720283508300781e+00 1.061714553833007812e+01 3.731611251831054688e+01 -4.424209976196289062e+01
9.307891845703125000e+00 4.814004898071289062e+01 -9.795338630676269531e+00 1.052811431884765625e+01 3.493877410888671875e+01 -4.564691162109375000e+01
9.521631240844726562e+00 4.879465103149414062e+01 -1.072530841827392578e+01 1.042133903503417969e+01 3.250648117065429688e+01 -4.679605102539062500e+01
9.721398353576660156e+00 4.939363479614257812e+01 -1.167643737792968750e+01 1.025475215911865234e+01 3.010848999023437500e+01 -4.730455780029296875e+01
1.003200721740722656e+01 5.020600128173828125e+01 -1.313009834289550781e+01 9.925298690795898438e+00 2.678985214233398438e+01 -4.803569793701171875e+01
1.022559356689453125e+01 5.070475006103515625e+01 -1.409328746795654297e+01 9.596648216247558594e+00 2.465143394470214844e+01 -4.792445755004882812e+01
1.041056060791015625e+01 5.115784454345703125e+01 -1.506636333465576172e+01 9.336054801940917969e+00 2.269221878051757812e+01 -4.767395401000976562e+01
1.059837913513183594e+01 5.156926727294921875e+01 -1.601996231079101562e+01 9.094610214233398438e+00 2.092199134826660156e+01 -4.713685607910156250e+01
1.077824211120605469e+01 5.194775772094726562e+01 -1.694912910461425781e+01 9.020650863647460938e+00 1.910686874389648438e+01 -4.649627304077148438e+01
1.094182682037353516e+01 5.229437255859375000e+01 -1.787469291687011719e+01 8.463011741638183594e+00 1.744000625610351562e+01 -4.577493667602539062e+01
1.110045814514160156e+01 5.259750747680664062e+01 -1.875652313232421875e+01 8.104461669921875000e+00 1.596625423431396484e+01 -4.483934402465820312e+01
1.124279975891113281e+01 5.287657546997070312e+01 -1.963240432739257812e+01 7.932077884674072266e+00 1.463307380676269531e+01 -4.373939895629882812e+01
1.140924167633056641e+01 5.313838958740234375e+01 -2.047600746154785156e+01 7.542066097259521484e+00 1.350866508483886719e+01 -4.293598937988281250e+01
1.154452514648437500e+01 5.338735961914062500e+01 -2.129975509643554688e+01 7.261608600616455078e+00 1.239579868316650391e+01 -4.165626144409179688e+01
1.167972373962402344e+01 5.360883331298828125e+01 -2.209075355529785156e+01 7.095739364624023438e+00 1.125227451324462891e+01 -4.035681533813476562e+01
1.179497528076171875e+01 5.378911209106445312e+01 -2.285506439208984375e+01 6.789009094238281250e+00 1.040565013885498047e+01 -3.928451156616210938e+01
1.193596458435058594e+01 5.397000885009765625e+01 -2.360924911499023438e+01 6.740611076354980469e+00 9.438956260681152344e+00 -3.813080978393554688e+01
1.206710338592529297e+01 5.414932250976562500e+01 -2.431739616394042969e+01 6.484593868255615234e+00 8.810759544372558594e+00 -3.703625106811523438e+01
1.218654441833496094e+01 5.430950164794921875e+01 -2.501990699768066406e+01 6.133658409118652344e+00 8.155280113220214844e+00 -3.598503494262695312e+01
1.229572868347167969e+01 5.446408462524414062e+01 -2.568196868896484375e+01 5.713863849639892578e+00 7.390036582946777344e+00 -3.473009490966796875e+01
1.240849113464355469e+01 5.459255218505859375e+01 -2.633972358703613281e+01 5.694493293762207031e+00 6.528752326965332031e+00 -3.361393356323242188e+01
1.251706218719482422e+01 5.471545791625976562e+01 -2.695837593078613281e+01 5.686754226684570312e+00 5.971683025360107422e+00 -3.245866394042968750e+01
1.262844848632812500e+01 5.482284927368164062e+01 -2.758086204528808594e+01 5.564352512359619141e+00 5.507760047912597656e+00 -3.151867485046386719e+01
1.274234771728515625e+01 5.493755722045898438e+01 -2.816082000732421875e+01 5.341367244720458984e+00 5.130606651306152344e+00 -3.052688789367675781e+01
1.283195686340332031e+01 5.503738021850585938e+01 -2.873504829406738281e+01 5.049833774566650391e+00 4.619558811187744141e+00 -2.955619812011718750e+01
1.298166656494140625e+01 5.514255523681640625e+01 -2.957334518432617188e+01 4.597714424133300781e+00 3.934514045715332031e+00 -2.811248207092285156e+01
1.306553554534912109e+01 5.522219848632812500e+01 -3.008053207397460938e+01 4.685781955718994141e+00 3.490788936614990234e+00 -2.709691619873046875e+01
1.316117191314697266e+01 5.528936004638671875e+01 -3.059816551208496094e+01 4.513062953948974609e+00 3.008323669433593750e+00 -2.640466308593750000e+01
1.325126838684082031e+01 5.534762954711914062e+01 -3.108751296997070312e+01 4.366756916046142578e+00 2.595265626907348633e+00 -2.550731658935546875e+01
1.332507610321044922e+01 5.540056991577148438e+01 -3.156751251220703125e+01 4.261764049530029297e+00 2.436584234237670898e+00 -2.489804077148437500e+01
1.340919017791748047e+01 5.544347763061523438e+01 -3.204613494873046875e+01 4.017939090728759766e+00 2.165029048919677734e+00 -2.406239891052246094e+01
1.348516368865966797e+01 5.547942352294921875e+01 -3.248191070556640625e+01 3.952581405639648438e+00 1.719925403594970703e+00 -2.315848350524902344e+01
1.354531097412109375e+01 5.551210021972656250e+01 -3.291701889038085938e+01 3.929975032806396484e+00 1.466307401657104492e+00 -2.221915054321289062e+01
1.362256050109863281e+01 5.554746627807617188e+01 -3.334016036987304688e+01 3.723882913589477539e+00 1.365353822708129883e+00 -2.156676101684570312e+01
1.369933032989501953e+01 5.556176376342773438e+01 -3.373901367187500000e+01 3.589896440505981445e+00 8.541837334632873535e-01 -2.078475189208984375e+01
1.374393272399902344e+01 5.558044815063476562e+01 -3.412705612182617188e+01 3.314052820205688477e+00 7.592293620109558105e-01 -2.020862770080566406e+01
1.382001113891601562e+01 5.558906936645507812e+01 -3.450064849853515625e+01 3.320737838745117188e+00 5.503799319267272949e-01 -1.954176139831542969e+01
1.388148117065429688e+01 5.560043716430664062e+01 -3.486194229125976562e+01 3.294090270996093750e+00 4.862923622131347656e-01 -1.881970596313476562e+01
1.393911552429199219e+01 5.562622451782226562e+01 -3.522218704223632812e+01 3.138748645782470703e+00 5.215451121330261230e-01 -1.815695190429687500e+01
1.399435329437255859e+01 5.563886260986328125e+01 -3.555958175659179688e+01 3.107464790344238281e+00 2.537765502929687500e-01 -1.746862411499023438e+01
1.406387519836425781e+01 5.563851928710937500e+01 -3.588453674316406250e+01 2.935820817947387695e+00 2.785890400409698486e-01 -1.685521888732910156e+01
1.412126159667968750e+01 5.564499282836914062e+01 -3.620634078979492188e+01 2.842129707336425781e+00 2.610970139503479004e-01 -1.621222877502441406e+01
1.416313552856445312e+01 5.565641784667968750e+01 -3.649383544921875000e+01 2.886242151260375977e+00 3.231345415115356445e-01 -1.573515987396240234e+01
1.422661018371582031e+01 5.567254638671875000e+01 -3.679378890991210938e+01 2.661185026168823242e+00 4.628841876983642578e-01 -1.514193630218505859e+01
1.427932643890380859e+01 5.569131851196289062e+01 -3.707909393310546875e+01 2.525300502777099609e+00 6.231087446212768555e-01 -1.464107036590576172e+01
1.433646678924560547e+01 5.571825790405273438e+01 -3.734326171875000000e+01 2.609879255294799805e+00 5.031878948211669922e-01 -1.419803905487060547e+01
1.440225982666015625e+01 5.577022552490234375e+01 -3.773600006103515625e+01 2.357360839843750000e+00 6.421553492546081543e-01 -1.357040023803710938e+01
1.443931961059570312e+01 5.578379440307617188e+01 -3.798007202148437500e+01 2.189779758453369141e+00 6.307851672172546387e-01 -1.314005661010742188e+01
1.447528362274169922e+01 5.581018829345703125e+01 -3.822945404052734375e+01 2.205106496810913086e+00 7.922186851501464844e-01 -1.252199459075927734e+01
1.450389385223388672e+01 5.582721328735351562e+01 -3.847061157226562500e+01 2.109337568283081055e+00 8.265785574913024902e-01 -1.226595592498779297e+01
1.454406833648681641e+01 5.586898040771484375e+01 -3.869749069213867188e+01 2.332698583602905273e+00 9.226714968681335449e-01 -1.193678951263427734e+01
1.459815025329589844e+01 5.588698959350585938e+01 -3.893007278442382812e+01 2.201400756835937500e+00 8.641697764396667480e-01 -1.181925010681152344e+01
1.464614391326904297e+01 5.593437957763671875e+01 -3.913925552368164062e+01 2.073216199874877930e+00 1.028803706169128418e+00 -1.163233947753906250e+01
1.469519901275634766e+01 5.596756362915039062e+01 -3.935445022583007812e+01 2.023481130599975586e+00 1.248880147933959961e+00 -1.135992908477783203e+01
1.473085021972656250e+01 5.600390243530273438e+01 -3.957146835327148438e+01 1.969757676124572754e+00 1.312264084815979004e+00 -1.106940078735351562e+01
1.477348995208740234e+01 5.603772735595703125e+01 -3.977447128295898438e+01 2.110474109649658203e+00 1.193205714225769043e+00 -1.076820659637451172e+01
1.480335044860839844e+01 5.607933425903320312e+01 -3.997095108032226562e+01 1.945711970329284668e+00 1.134783864021301270e+00 -1.046933174133300781e+01
1.485091972351074219e+01 5.610650253295898438e+01 -4.017522048950195312e+01 2.032441139221191406e+00 1.078356981277465820e+00 -1.026562500000000000e+01
1.488869380950927734e+01 5.614273071289062500e+01 -4.036916351318359375e+01 2.092629671096801758e+00 9.931626319885253906e-01 -9.976066589355468750e+00
1.493177413940429688e+01 5.616607666015625000e+01 -4.056372070312500000e+01 1.953344225883483887e+00 1.180602550506591797e+00 -9.864856719970703125e+00
1.496522521972656250e+01 5.619126510620117188e+01 -4.075810623168945312e+01 1.952337503433227539e+00 1.283502340316772461e+00 -9.600993156433105469e+00
1.501341533660888672e+01 5.622717285156250000e+01 -4.093833923339843750e+01 2.090623378753662109e+00 1.252782702445983887e+00 -9.343091011047363281e+00
1.507151317596435547e+01 5.625915145874023438e+01 -4.112277221679687500e+01 2.127412796020507812e+00 1.117869496345520020e+00 -9.281412124633789062e+00
1.509933567047119141e+01 5.628385162353515625e+01 -4.130733489990234375e+01 2.092424869537353516e+00 1.015972614288330078e+00 -9.208562850952148438e+00
1.513786792755126953e+01 5.631087112426757812e+01 -4.147709655761718750e+01 1.942401647567749023e+00 1.020997285842895508e+00 -8.985840797424316406e+00
1.517318534851074219e+01 5.633865737915039062e+01 -4.165151596069335938e+01 1.800559163093566895e+00 9.925590157508850098e-01 -8.827450752258300781e+00
1.521253299713134766e+01 5.636014938354492188e+01 -4.181807708740234375e+01 1.908013343811035156e+00 8.424881100654602051e-01 -8.894191741943359375e+00
1.526342105865478516e+01 5.638990402221679688e+01 -4.207234191894531250e+01 1.815897941589355469e+00 1.032733678817749023e+00 -8.581499099731445312e+00
1.528732967376708984e+01 5.640740203857421875e+01 -4.222537994384765625e+01 1.771129250526428223e+00 8.308616280555725098e-01 -8.352217674255371094e+00
1.532639884948730469e+01 5.642576217651367188e+01 -4.238137817382812500e+01 1.786413192749023438e+00 7.911326885223388672e-01 -8.208039283752441406e+00
1.536133003234863281e+01 5.643574905395507812e+01 -4.254650878906250000e+01 1.646004557609558105e+00 7.886604070663452148e-01 -8.072055816650390625e+00
1.539608478546142578e+01 5.643944931030273438e+01 -4.269484329223632812e+01 1.582537889480590820e+00 6.692454814910888672e-01 -7.971165657043457031e+00
1.544674396514892578e+01 5.645856094360351562e+01 -4.283732604980468750e+01 1.731734633445739746e+00 6.129567623138427734e-01 -7.766290664672851562e+00
1.546877861022949219e+01 5.647034835815429688e+01 -4.300698852539062500e+01 1.849824786186218262e+00 5.219694972038269043e-01 -7.595009326934814453e+00
1.551499176025390625e+01 5.647808837890625000e+01 -4.315217208862304688e+01 1.677572607994079590e+00 4.128103554248809814e-01 -7.553324699401855469e+00
1.554976844787597656e+01 5.648982238769531250e+01 -4.329903030395507812e+01 1.812530040740966797e+00 5.409666299819946289e-01 -7.297434806823730469e+00
1.556875896453857422e+01 5.649918365478515625e+01 -4.342956542968750000e+01 1.732209444046020508e+00 5.138037800788879395e-01 -7.118994712829589844e+00
1.560801792144775391e+01 5.650922775268554688e+01 -4.357152175903320312e+01 1.511708498001098633e+00 5.285485982894897461e-01 -7.192232608795166016e+00
1.563140964508056641e+01 5.652431869506835938e+01 -4.371252822875976562e+01 1.508849024772644043e+00 3.671046793460845947e-01 -7.084771156311035156e+00
1.566443824768066406e+01 5.651148223876953125e+01 -4.384545898437500000e+01 1.476384639739990234e+00 5.262352824211120605e-01 -6.703217029571533203e+00
1.570362854003906250e+01 5.652694702148437500e+01 -4.396993255615234375e+01 1.464954257011413574e+00 6.715666055679321289e-01 -6.363749504089355469e+00
1.573955440521240234e+01 5.652394104003906250e+01 -4.408681869506835938e+01 1.576857924461364746e+00 6.344653964042663574e-01 -6.128133773803710938e+00
1.576691055297851562e+01 5.656376647949218750e+01 -4.420104980468750000e+01 1.724169492721557617e+00 5.917456150054931641e-01 -6.022092819213867188e+00
1.580435180664062500e+01 5.656507873535156250e+01 -4.430449676513671875e+01 1.574273347854614258e+00 4.903933703899383545e-01 -5.813413619995117188e+00
1.581625461578369141e+01 5.657367706298828125e+01 -4.440946578979492188e+01 1.551977038383483887e+00 6.185105443000793457e-01 -5.569961547851562500e+00
1.584356307983398438e+01 5.658097839355468750e+01 -4.451518630981445312e+01 1.509792089462280273e+00 6.807699203491210938e-01 -5.186629772186279297e+00
1.586653614044189453e+01 5.660192489624023438e+01 -4.459774398803710938e+01 1.199424028396606445e+00 7.206825613975524902e-01 -4.572314262390136719e+00
1.589384555816650391e+01 5.662325286865234375e+01 -4.472071075439453125e+01 1.234427571296691895e+00 6.617119908332824707e-01 -4.294974803924560547e+00
1.591135787963867188e+01 5.662627792358398438e+01 -4.480501937866210938e+01 1.205335736274719238e+00 1.066180586814880371e+00 -3.974322557449340820e+00
1.594759845733642578e+01 5.664903259277343750e+01 -4.486001968383789062e+01 1.124635934829711914e+00 1.298867702484130859e+00 -3.463407278060913086e+00
1.597545814514160156e+01 5.666765975952148438e+01 -4.492901992797851562e+01 1.331511497497558594e+00 1.145210146903991699e+00 -3.160051822662353516e+00
1.601833343505859375e+01 5.669075012207031250e+01 -4.496187973022460938e+01 1.234182953834533691e+00 1.557697653770446777e+00 -2.312359094619750977e+00
1.603579521179199219e+01 5.671437454223632812e+01 -4.500338363647460938e+01 1.216920971870422363e+00 2.142603397369384766e+00 -1.714293956756591797e+00
1.605636215209960938e+01 5.677475738525390625e+01 -4.501676559448242188e+01 1.178279757499694824e+00 2.763340473175048828e+00 -1.264319539070129395e+00
1.608295249938964844e+01 5.682322311401367188e+01 -4.504196548461914062e+01 1.048537850379943848e+00 3.413086414337158203e+00 -6.361343860626220703e-01
1.608738136291503906e+01 5.690034484863281250e+01 -4.503998565673828125e+01 1.037515521049499512e+00 4.143835544586181641e+00 -3.993815742433071136e-03
1.612246322631835938e+01 5.700101470947265625e+01 -4.502005386352539062e+01 1.197945594787597656e+00 5.367908000946044922e+00 5.403678417205810547e-01
1.613249206542968750e+01 5.712224197387695312e+01 -4.500998306274414062e+01 1.256425857543945312e+00 6.965311050415039062e+00 5.392974019050598145e-01
1.615123939514160156e+01 5.727789306640625000e+01 -4.498547744750976562e+01 1.353058457374572754e+00 8.479553222656250000e+00 6.957693099975585938e-01
1.618595886230468750e+01 5.746858596801757812e+01 -4.496248245239257812e+01 1.584740757942199707e+00 1.022196769714355469e+01 5.012488961219787598e-01
1.622949790954589844e+01 5.770702743530273438e+01 -4.495187377929687500e+01 1.926105737686157227e+00 1.172338104248046875e+01 -5.723155140876770020e-01
1.626924896240234375e+01 5.796469879150390625e+01 -4.495930862426757812e+01 2.381327629089355469e+00 1.256156921386718750e+01 -1.858215332031250000e+00
1.632548332214355469e+01 5.822868728637695312e+01 -4.499433135986328125e+01 2.716767072677612305e+00 1.289931774139404297e+01 -3.056532144546508789e+00
1.638205718994140625e+01 5.852286148071289062e+01 -4.505677795410156250e+01 2.733460903167724609e+00 1.319575977325439453e+01 -4.151843547821044922e+00
1.643967437744140625e+01 5.881151962280273438e+01 -4.514706802368164062e+01 2.924460172653198242e+00 1.331260204315185547e+01 -4.944660186767578125e+00
1.649863815307617188e+01 5.907869720458984375e+01 -4.523718261718750000e+01 3.029440402984619141e+00 1.311576461791992188e+01 -5.703145503997802734e+00
1.655641746520996094e+01 5.938383483886718750e+01 -4.537850952148437500e+01 3.074884414672851562e+00 1.302479743957519531e+01 -6.397604942321777344e+00
1.663014411926269531e+01 5.964566040039062500e+01 -4.551208114624023438e+01 3.206722497940063477e+00 1.274545097351074219e+01 -7.196838855743408203e+00
1.673493766784667969e+01 6.003437423706054688e+01 -4.576370620727539062e+01 3.118314504623413086e+00 1.207256889343261719e+01 -8.428750038146972656e+00
1.676692771911621094e+01 6.026573181152343750e+01 -4.594926834106445312e+01 3.088398456573486328e+00 1.170463371276855469e+01 -9.109563827514648438e+00
1.682802391052246094e+01 6.047881317138671875e+01 -4.611991119384765625e+01 3.006295204162597656e+00 1.127488231658935547e+01 -9.567830085754394531e+00
1.689861488342285156e+01 6.068133163452148438e+01 -4.632947921752929688e+01 3.328693628311157227e+00 1.066452217102050781e+01 -9.973597526550292969e+00
1.696282196044921875e+01 6.085343551635742188e+01 -4.653617095947265625e+01 3.167824506759643555e+00 1.014878368377685547e+01 -1.025787830352783203e+01
1.703161811828613281e+01 6.105035400390625000e+01 -4.675437545776367188e+01 3.208520174026489258e+00 9.552547454833984375e+00 -1.068847656250000000e+01
1.708448410034179688e+01 6.121341705322265625e+01 -4.697528076171875000e+01 3.294019699096679688e+00 8.926511764526367188e+00 -1.118404579162597656e+01
1.714619445800781250e+01 6.136778259277343750e+01 -4.719159698486328125e+01 3.178680419921875000e+00 8.676205635070800781e+00 -1.133224105834960938e+01
1.719860458374023438e+01 6.151714706420898438e+01 -4.742662811279296875e+01 3.145210504531860352e+00 8.257839202880859375e+00 -1.158074188232421875e+01
1.725806808471679688e+01 6.167008209228515625e+01 -4.765413665771484375e+01 3.060167551040649414e+00 7.636909008026123047e+00 -1.196037769317626953e+01
1.731355094909667969e+01 6.179928588867187500e+01 -4.789874267578125000e+01 3.071711301803588867e+00 7.197896480560302734e+00 -1.228279209136962891e+01
1.735043144226074219e+01 6.191873931884765625e+01 -4.814498901367187500e+01 3.058176994323730469e+00 6.793848037719726562e+00 -1.239321041107177734e+01
1.741530799865722656e+01 6.201695632934570312e+01 -4.838880920410156250e+01 3.019317150115966797e+00 6.412825584411621094e+00 -1.255952262878417969e+01
1.747057151794433594e+01 6.212493515014648438e+01 -4.864113616943359375e+01 2.967439174652099609e+00 5.927762508392333984e+00 -1.273001670837402344e+01
1.752313041687011719e+01 6.223222732543945312e+01 -4.889601135253906250e+01 2.909968376159667969e+00 5.443394184112548828e+00 -1.297067928314208984e+01
1.759099960327148438e+01 6.232474899291992188e+01 -4.916039657592773438e+01 3.101600170135498047e+00 5.140054702758789062e+00 -1.330112838745117188e+01
1.764212799072265625e+01 6.241799545288085938e+01 -4.941977691650390625e+01 3.053070545196533203e+00 4.892335891723632812e+00 -1.351219654083251953e+01
1.770459747314453125e+01 6.248855209350585938e+01 -4.968219757080078125e+01 2.956419467926025391e+00 4.605930805206298828e+00 -1.346195030212402344e+01
1.775865364074707031e+01 6.256925201416015625e+01 -4.994688034057617188e+01 2.790330648422241211e+00 4.134619712829589844e+00 -1.364388084411621094e+01
1.780247116088867188e+01 6.263755416870117188e+01 -5.022000885009765625e+01 2.978016853332519531e+00 3.867914915084838867e+00 -1.362484836578369141e+01
1.787250709533691406e+01 6.271684646606445312e+01 -5.048389816284179688e+01 2.977055311203002930e+00 3.840794801712036133e+00 -1.366970539093017578e+01
1.796780586242675781e+01 6.280256271362304688e+01 -5.090074157714843750e+01 2.904907226562500000e+00 3.590666770935058594e+00 -1.364741420745849609e+01
1.801999855041503906e+01 6.285748672485351562e+01 -5.116975784301757812e+01 2.682439804077148438e+00 3.419882059097290039e+00 -1.378329277038574219e+01
1.805890274047851562e+01 6.291347503662109375e+01 -5.145170974731445312e+01 2.760113000869750977e+00 2.960688829421997070e+00 -1.391860771179199219e+01
1.813352584838867188e+01 6.295216751098632812e+01 -5.172113800048828125e+01 2.997410058975219727e+00 2.504028320312500000e+00 -1.392757415771484375e+01
1.818372917175292969e+01 6.300108337402343750e+01 -5.198352050781250000e+01 2.820971727371215820e+00 2.140824794769287109e+00 -1.390513515472412109e+01
1.823131752014160156e+01 6.302941894531250000e+01 -5.226160430908203125e+01 2.737714290618896484e+00 2.149821519851684570e+00 -1.386584377288818359e+01
1.829263114929199219e+01 6.305716705322265625e+01 -5.253057479858398438e+01 2.723694324493408203e+00 1.965745449066162109e+00 -1.405439758300781250e+01
1.832930755615234375e+01 6.308105850219726562e+01 -5.279812622070312500e+01 2.816697597503662109e+00 1.679564118385314941e+00 -1.427840042114257812e+01
1.839418220520019531e+01 6.309874343872070312e+01 -5.307218170166015625e+01 2.800645112991333008e+00 1.518594264984130859e+00 -1.407454299926757812e+01
1.845642662048339844e+01 6.311247634887695312e+01 -5.334510040283203125e+01 2.665222644805908203e+00 1.184971451759338379e+00 -1.387273216247558594e+01
1.851232910156250000e+01 6.312595748901367188e+01 -5.361127853393554688e+01 2.566432237625122070e+00 9.067078828811645508e-01 -1.410904026031494141e+01
1.856232833862304688e+01 6.314796447753906250e+01 -5.389031600952148438e+01 2.456561326980590820e+00 7.875752449035644531e-01 -1.411801147460937500e+01
1.859636306762695312e+01 6.315948104858398438e+01 -5.415744781494140625e+01 2.397463560104370117e+00 5.285586118698120117e-01 -1.401289939880371094e+01
1.865309143066406250e+01 6.314921188354492188e+01 -5.441938018798828125e+01 2.384587287902832031e+00 1.660131216049194336e-01 -1.374870872497558594e+01
1.868850326538085938e+01 6.314451217651367188e+01 -5.466670608520507812e+01 2.289284229278564453e+00 1.123002171516418457e-01 -1.349990463256835938e+01
1.873151397705078125e+01 6.313124465942382812e+01 -5.492474365234375000e+01 2.348266363143920898e+00 3.857683762907981873e-02 -1.326102256774902344e+01
1.879366683959960938e+01 6.310918426513671875e+01 -5.517898559570312500e+01 2.252069950103759766e+00 -1.054323613643646240e-01 -1.308129119873046875e+01
1.884506034851074219e+01 6.310610198974609375e+01 -5.541679000854492188e+01 2.269293546676635742e+00 -3.306290507316589355e-01 -1.267517089843750000e+01
1.887902832031250000e+01 6.308955764770507812e+01 -5.566504669189453125e+01 2.500218629837036133e+00 -4.666979908943176270e-01 -1.239396095275878906e+01
1.892674636840820312e+01 6.306816864013671875e+01 -5.590492630004882812e+01 2.308743953704833984e+00 -5.942403674125671387e-01 -1.235314083099365234e+01
1.896844100952148438e+01 6.305250167846679688e+01 -5.614075088500976562e+01 2.056479930877685547e+00 -7.594050765037536621e-01 -1.198715877532958984e+01
1.902035331726074219e+01 6.302562713623046875e+01 -5.646853637695312500e+01 2.204825162887573242e+00 -5.897512435913085938e-01 -1.169711017608642578e+01
1.905433082580566406e+01 6.300790023803710938e+01 -5.668232727050781250e+01 1.977480888366699219e+00 -6.175884604454040527e-01 -1.146890163421630859e+01
1.911418533325195312e+01 6.299264526367187500e+01 -5.690619659423828125e+01 2.216957569122314453e+00 -4.356364011764526367e-01 -1.127107048034667969e+01
1.915648651123046875e+01 6.298132324218750000e+01 -5.711563491821289062e+01 2.399259090423583984e+00 -2.069659084081649780e-01 -1.110811424255371094e+01
1.920070838928222656e+01 6.297022628784179688e+01 -5.731433105468750000e+01 2.323879957199096680e+00 -1.727665513753890991e-01 -1.082839202880859375e+01
1.924138069152832031e+01 6.297767257690429688e+01 -5.752280426025390625e+01 2.199041604995727539e+00 -9.735845029354095459e-02 -1.079075908660888672e+01
1.926965713500976562e+01 6.297026062011718750e+01 -5.774470901489257812e+01 2.300141334533691406e+00 -1.514699403196573257e-02 -1.069354438781738281e+01
1.931435394287109375e+01 6.297563934326171875e+01 -5.793644714355468750e+01 2.141035556793212891e+00 9.807153046131134033e-02 -1.038408470153808594e+01
1.934063148498535156e+01 6.298196792602539062e+01 -5.812645339965820312e+01 2.067181825637817383e+00 2.542780041694641113e-01 -1.032212924957275391e+01
1.937135124206542969e+01 6.298792266845703125e+01 -5.833771514892578125e+01 1.967679023742675781e+00 2.557391524314880371e-01 -1.030285358428955078e+01
1.940498924255371094e+01 6.299548339843750000e+01 -5.855079650878906250e+01 1.933782458305358887e+00 4.563291072845458984e-01 -1.032187652587890625e+01
1.946265411376953125e+01 6.301042175292968750e+01 -5.874227905273437500e+01 1.999296545982360840e+00 6.702032089233398438e-01 -1.042282676696777344e+01
1.949039840698242188e+01 6.302490997314453125e+01 -5.895645904541015625e+01 2.148479700088500977e+00 8.539331555366516113e-01 -1.043436908721923828e+01
1.953705596923828125e+01 6.302741622924804688e+01 -5.917200088500976562e+01 2.125059843063354492e+00 9.418852329254150391e-01 -1.050865554809570312e+01
1.956589889526367188e+01 6.306090927124023438e+01 -5.936922073364257812e+01 2.139333724975585938e+00 9.285297393798828125e-01 -1.049553394317626953e+01
1.961335754394531250e+01 6.308884811401367188e+01 -5.957411956787109375e+01 2.267916679382324219e+00 1.043048977851867676e+00 -1.051430988311767578e+01
1.966002082824707031e+01 6.311476898193359375e+01 -5.977806091308593750e+01 2.177221059799194336e+00 9.234638810157775879e-01 -1.051906013488769531e+01
1.969613456726074219e+01 6.311670684814453125e+01 -5.997930908203125000e+01 2.069886207580566406e+00 7.344249486923217773e-01 -1.053923034667968750e+01
1.974120330810546875e+01 6.314656829833984375e+01 -6.018383026123046875e+01 1.938052058219909668e+00 8.824933767318725586e-01 -1.042522907257080078e+01
1.978978919982910156e+01 6.317684555053710938e+01 -6.039751434326171875e+01 1.895418047904968262e+00 1.194008231163024902e+00 -1.017685127258300781e+01
1.984177398681640625e+01 6.320997619628906250e+01 -6.058486175537109375e+01 1.841438174247741699e+00 1.470700621604919434e+00 -1.018996238708496094e+01
1.987781906127929688e+01 6.324164962768554688e+01 -6.088808059692382812e+01 1.951542258262634277e+00 1.665996909141540527e+00 -1.035617637634277344e+01
1.991724205017089844e+01 6.328953933715820312e+01 -6.108686828613281250e+01 2.004275321960449219e+00 1.617771267890930176e+00 -1.040760993957519531e+01
1.994939804077148438e+01 6.330712127685546875e+01 -6.129667282104492188e+01 2.416857957839965820e+00 1.764958858489990234e+00 -1.066972732543945312e+01
1.999401473999023438e+01 6.335145568847656250e+01 -6.149684524536132812e+01 2.461616754531860352e+00 1.965600490570068359e+00 -1.079963207244873047e+01
2.003062438964843750e+01 6.338893890380859375e+01 -6.170847702026367188e+01 2.514139890670776367e+00 2.283813714981079102e+00 -1.111838531494140625e+01
2.008565330505371094e+01 6.342525482177734375e+01 -6.194313049316406250e+01 2.546412467956542969e+00 2.463243961334228516e+00 -1.112226867675781250e+01
2.013907814025878906e+01 6.350635147094726562e+01 -6.215817642211914062e+01 2.421753883361816406e+00 2.641097545623779297e+00 -1.129433059692382812e+01
2.020714187622070312e+01 6.354095840454101562e+01 -6.238715362548828125e+01 2.648037672042846680e+00 2.812618494033813477e+00 -1.161904907226562500e+01
2.026115989685058594e+01 6.360939407348632812e+01 -6.262007904052734375e+01 2.494421482086181641e+00 3.021052360534667969e+00 -1.195540142059326172e+01
2.029672813415527344e+01 6.367203903198242188e+01 -6.287128448486328125e+01 2.531227350234985352e+00 2.876709699630737305e+00 -1.203264331817626953e+01
2.035247039794921875e+01 6.374145889282226562e+01 -6.311070251464843750e+01 2.609755992889404297e+00 3.054255962371826172e+00 -1.234409236907958984e+01
2.040036964416503906e+01 6.378643798828125000e+01 -6.335887145996093750e+01 2.592945575714111328e+00 3.219921588897705078e+00 -1.243187808990478516e+01
2.045099449157714844e+01 6.386011505126953125e+01 -6.362355041503906250e+01 2.594973087310791016e+00 3.338533639907836914e+00 -1.254524612426757812e+01
2.050860214233398438e+01 6.392275238037109375e+01 -6.387563323974609375e+01 2.663328647613525391e+00 3.242911100387573242e+00 -1.310591506958007812e+01
2.057376480102539062e+01 6.400002288818359375e+01 -6.413586425781250000e+01 2.805699348449707031e+00 3.372238636016845703e+00 -1.334658908843994141e+01
2.062340927124023438e+01 6.407328796386718750e+01 -6.441512298583984375e+01 2.621965646743774414e+00 3.314253568649291992e+00 -1.345415592193603516e+01
2.066907882690429688e+01 6.412621307373046875e+01 -6.468491363525390625e+01 2.447221994400024414e+00 3.240432024002075195e+00 -1.362510013580322266e+01
2.070975875854492188e+01 6.420504760742187500e+01 -6.493796539306640625e+01 2.478635787963867188e+00 3.096380710601806641e+00 -1.382063674926757812e+01
2.076297950744628906e+01 6.424765777587890625e+01 -6.522489166259765625e+01 2.457221984863281250e+00 2.919699192047119141e+00 -1.410296821594238281e+01
2.081409645080566406e+01 6.428938293457031250e+01 -6.550032043457031250e+01 2.512059688568115234e+00 2.801603555679321289e+00 -1.398087787628173828e+01
2.087612342834472656e+01 6.432843780517578125e+01 -6.578941345214843750e+01 2.779868125915527344e+00 2.564149379730224609e+00 -1.417164039611816406e+01
2.097000694274902344e+01 6.438376617431640625e+01 -6.621007537841796875e+01 2.943121671676635742e+00 2.274416685104370117e+00 -1.406047534942626953e+01
2.102029418945312500e+01 6.442285919189453125e+01 -6.649603271484375000e+01 3.036681890487670898e+00 2.421540737152099609e+00 -1.412961769104003906e+01
2.108754539489746094e+01 6.447190856933593750e+01 -6.677402496337890625e+01 3.093482017517089844e+00 2.584398031234741211e+00 -1.429563617706298828e+01
2.116744232177734375e+01 6.450514221191406250e+01 -6.705636596679687500e+01 2.842345237731933594e+00 2.412922382354736328e+00 -1.456410121917724609e+01
2.120461654663085938e+01 6.456386566162109375e+01 -6.734360504150390625e+01 2.658530712127685547e+00 2.357349634170532227e+00 -1.424300670623779297e+01
2.126804733276367188e+01 6.460996246337890625e+01 -6.762206268310546875e+01 2.770622968673706055e+00 2.216240167617797852e+00 -1.392459678649902344e+01
2.132124137878417969e+01 6.463607025146484375e+01 -6.789193725585937500e+01 2.797271728515625000e+00 2.299191474914550781e+00 -1.398157691955566406e+01
2.138573646545410156e+01 6.468588256835937500e+01 -6.816968536376953125e+01 2.808536767959594727e+00 2.219110727310180664e+00 -1.379118728637695312e+01
2.143819236755371094e+01 6.473767089843750000e+01 -6.844565582275390625e+01 2.781101465225219727e+00 2.211346387863159180e+00 -1.399191856384277344e+01
2.148128509521484375e+01 6.476419830322265625e+01 -6.871192169189453125e+01 2.686984777450561523e+00 2.247629404067993164e+00 -1.395117092132568359e+01
2.152914428710937500e+01 6.481060791015625000e+01 -6.897624969482421875e+01 2.621232271194458008e+00 2.240869998931884766e+00 -1.402173137664794922e+01
2.156196784973144531e+01 6.485290527343750000e+01 -6.924923706054687500e+01 2.523496866226196289e+00 2.152562618255615234e+00 -1.400328922271728516e+01
2.161207389831542969e+01 6.490772247314453125e+01 -6.951910400390625000e+01 2.409189462661743164e+00 2.361167669296264648e+00 -1.394378757476806641e+01
2.165646743774414062e+01 6.493376922607421875e+01 -6.980667877197265625e+01 2.574211120605468750e+00 2.128688573837280273e+00 -1.386327075958251953e+01
2.170573616027832031e+01 6.496292114257812500e+01 -7.007355499267578125e+01 2.638022422790527344e+00 2.028832912445068359e+00 -1.374841022491455078e+01
2.175597381591796875e+01 6.500841522216796875e+01 -7.034535980224609375e+01 2.859182596206665039e+00 2.241594552993774414e+00 -1.376163482666015625e+01
2.181666564941406250e+01 6.505654144287109375e+01 -7.062531280517578125e+01 2.966459989547729492e+00 2.275733709335327148e+00 -1.367057323455810547e+01
2.188768386840820312e+01 6.510305023193359375e+01 -7.089113616943359375e+01 2.851800441741943359e+00 2.268761634826660156e+00 -1.368869781494140625e+01
2.193194770812988281e+01 6.516860961914062500e+01 -7.116526031494140625e+01 2.862740993499755859e+00 2.453735828399658203e+00 -1.378789138793945312e+01
2.198659133911132812e+01 6.521678924560546875e+01 -7.143814849853515625e+01 3.051313877105712891e+00 2.692279577255249023e+00 -1.398651409149169922e+01
2.208257865905761719e+01 6.531816864013671875e+01 -7.186150360107421875e+01 2.771921634674072266e+00 2.795917749404907227e+00 -1.428961467742919922e+01
2.214135551452636719e+01 6.537712860107421875e+01 -7.213188171386718750e+01 2.815588951110839844e+00 2.690816402435302734e+00 -1.419716167449951172e+01
2.218083381652832031e+01 6.543196105957031250e+01 -7.241668701171875000e+01 2.745328903198242188e+00 2.465867042541503906e+00 -1.409654235839843750e+01
2.224363899230957031e+01 6.549067687988281250e+01 -7.268985748291015625e+01 2.541124820709228516e+00 2.323992967605590820e+00 -1.414665794372558594e+01
2.228166580200195312e+01 6.551919555664062500e+01 -7.296488189697265625e+01 2.506243467330932617e+00 2.137563228607177734e+00 -1.412960529327392578e+01
2.231779861450195312e+01 6.555591583251953125e+01 -7.324318695068359375e+01 2.720725059509277344e+00 1.771269679069519043e+00 -1.403215980529785156e+01
2.237901878356933594e+01 6.558672332763671875e+01 -7.352286529541015625e+01 2.722392559051513672e+00 1.547449946403503418e+00 -1.397119712829589844e+01
2.243488121032714844e+01 6.560688781738281250e+01 -7.379982757568359375e+01 2.688439846038818359e+00 1.550250887870788574e+00 -1.400069046020507812e+01
2.248673629760742188e+01 6.563772583007812500e+01 -7.408087158203125000e+01 2.765428066253662109e+00 1.370465636253356934e+00 -1.393712806701660156e+01
2.255840110778808594e+01 6.566349029541015625e+01 -7.435771179199218750e+01 2.874850034713745117e+00 1.320155501365661621e+00 -1.376934528350830078e+01
2.262607955932617188e+01 6.568893432617187500e+01 -7.461081695556640625e+01 2.698420524597167969e+00 1.646681308746337891e+00 -1.343859481811523438e+01
2.264961624145507812e+01 6.572468566894531250e+01 -7.487303161621093750e+01 2.659873723983764648e+00 1.342514634132385254e+00 -1.331221199035644531e+01
2.270699691772460938e+01 6.574291992187500000e+01 -7.514115142822265625e+01 2.502043008804321289e+00 1.004389286041259766e+00 -1.331100463867187500e+01
2.275095939636230469e+01 6.576199340820312500e+01 -7.539792633056640625e+01 2.251938343048095703e+00 8.333831429481506348e-01 -1.287766742706298828e+01
2.278253173828125000e+01 6.575847625732421875e+01 -7.564129638671875000e+01 2.179270982742309570e+00 6.360847949981689453e-01 -1.263719272613525391e+01
2.282237243652343750e+01 6.577548217773437500e+01 -7.589834594726562500e+01 2.355976104736328125e+00 3.792318999767303467e-01 -1.261911487579345703e+01
2.287458801269531250e+01 6.577292633056640625e+01 -7.613272094726562500e+01 2.433923482894897461e+00 4.770746827125549316e-01 -1.230913829803466797e+01
2.292748069763183594e+01 6.576877593994140625e+01 -7.636504364013671875e+01 2.297843456268310547e+00 5.508923530578613281e-01 -1.225654792785644531e+01
2.297737121582031250e+01 6.577919006347656250e+01 -7.660960388183593750e+01 2.147724151611328125e+00 3.792681097984313965e-01 -1.208251380920410156e+01
2.301848411560058594e+01 6.579001617431640625e+01 -7.684575653076171875e+01 2.092051506042480469e+00 3.749149441719055176e-01 -1.173117637634277344e+01
2.306126594543457031e+01 6.581462097167968750e+01 -7.706262207031250000e+01 2.098445177078247070e+00 2.394848018884658813e-01 -1.156460189819335938e+01
2.311696243286132812e+01 6.582384490966796875e+01 -7.739708709716796875e+01 2.055255889892578125e+00 3.070792853832244873e-01 -1.154719734191894531e+01
2.316679763793945312e+01 6.582595062255859375e+01 -7.761069488525390625e+01 2.149464130401611328e+00 3.384069800376892090e-01 -1.138034629821777344e+01
2.320192718505859375e+01 6.583766937255859375e+01 -7.783128356933593750e+01 2.084279060363769531e+00 4.456251263618469238e-01 -1.125396537780761719e+01
2.325336456298828125e+01 6.585552215576171875e+01 -7.803919219970703125e+01 2.059282541275024414e+00 4.565128087997436523e-01 -1.084214591979980469e+01
2.328993415832519531e+01 6.586082458496093750e+01 -7.825118255615234375e+01 2.040389060974121094e+00 3.992957770824432373e-01 -1.086566543579101562e+01
2.332721138000488281e+01 6.586543273925781250e+01 -7.844728851318359375e+01 2.087192535400390625e+00 4.087058901786804199e-01 -1.064361381530761719e+01
2.336330413818359375e+01 6.588214874267578125e+01 -7.866129302978515625e+01 2.194983482360839844e+00 3.345271646976470947e-01 -1.060785865783691406e+01
2.340904045104980469e+01 6.587390899658203125e+01 -7.885855102539062500e+01 1.921703100204467773e+00 4.574744403362274170e-01 -1.041402339935302734e+01
2.343467330932617188e+01 6.587779998779296875e+01 -7.905314636230468750e+01 1.856752634048461914e+00 3.300272226333618164e-01 -1.019200134277343750e+01
2.347571372985839844e+01 6.588594055175781250e+01 -7.925756072998046875e+01 1.960925221443176270e+00 1.780174076557159424e-01 -1.029506778717041016e+01
2.351137733459472656e+01 6.589035034179687500e+01 -7.945549011230468750e+01 2.046513557434082031e+00 3.191210031509399414e-01 -1.011815166473388672e+01
2.355590820312500000e+01 6.590647888183593750e+01 -7.965042114257812500e+01 1.886437058448791504e+00 3.905711770057678223e-01 -9.816619873046875000e+00
2.359523582458496094e+01 6.589862060546875000e+01 -7.984245300292968750e+01 1.906804084777832031e+00 2.616416513919830322e-01 -9.884245872497558594e+00
2.364055824279785156e+01 6.591674804687500000e+01 -8.002726745605468750e+01 2.098531723022460938e+00 4.526387155055999756e-01 -9.612172126770019531e+00
2.366776847839355469e+01 6.592543792724609375e+01 -8.021090698242187500e+01 2.020955085754394531e+00 5.000585317611694336e-01 -9.530356407165527344e+00
2.371826744079589844e+01 6.593114471435546875e+01 -8.039521789550781250e+01 1.960363864898681641e+00 4.063439369201660156e-01 -9.568361282348632812e+00
2.375472259521484375e+01 6.595388793945312500e+01 -8.058552551269531250e+01 2.056846141815185547e+00 6.376459002494812012e-01 -9.235026359558105469e+00
2.379597663879394531e+01 6.597060394287109375e+01 -8.076152801513671875e+01 2.199197530746459961e+00 6.838923096656799316e-01 -9.310245513916015625e+00
2.383603286743164062e+01 6.598418426513671875e+01 -8.094119262695312500e+01 2.072326660156250000e+00 8.662778735160827637e-01 -9.162162780761718750e+00
2.386203193664550781e+01 6.599560546875000000e+01 -8.111859130859375000e+01 2.078662633895874023e+00 1.016357302665710449e+00 -9.192441940307617188e+00
2.390324783325195312e+01 6.602814483642578125e+01 -8.130043792724609375e+01 1.985285043716430664e+00 9.049823880195617676e-01 -9.305858612060546875e+00
2.396182823181152344e+01 6.605960845947265625e+01 -8.156867218017578125e+01 1.908694505691528320e+00 1.121827363967895508e+00 -9.057898521423339844e+00
2.401757621765136719e+01 6.607280731201171875e+01 -8.173535156250000000e+01 1.986012101173400879e+00 1.268867373466491699e+00 -9.135981559753417969e+00
2.406147956848144531e+01 6.611509704589843750e+01 -8.191184997558593750e+01 2.159763336181640625e+00 1.550649166107177734e+00 -9.167942047119140625e+00
2.409253501892089844e+01 6.613860321044921875e+01 -8.209002685546875000e+01 2.014373064041137695e+00 1.660776376724243164e+00 -9.126296043395996094e+00
2.414505958557128906e+01 6.618929290771484375e+01 -8.225104522705078125e+01 1.864785671234130859e+00 1.726882219314575195e+00 -9.135146141052246094e+00
2.415787124633789062e+01 6.622769165039062500e+01 -8.243408203125000000e+01 1.798701524734497070e+00 1.554643869400024414e+00 -9.195274353027343750e+00
2.419813156127929688e+01 6.627388763427734375e+01 -8.259978485107421875e+01 1.909723043441772461e+00 1.564009070396423340e+00 -8.989223480224609375e+00
2.421981811523437500e+01 6.630886077880859375e+01 -8.278270721435546875e+01 1.787002801895141602e+00 1.605125069618225098e+00 -8.925968170166015625e+00
2.423606109619140625e+01 6.634233856201171875e+01 -8.296807098388671875e+01 1.740155696868896484e+00 1.584504008293151855e+00 -8.965032577514648438e+00
2.427930641174316406e+01 6.637235260009765625e+01 -8.314007568359375000e+01 1.848605155944824219e+00 1.774798274040222168e+00 -8.913489341735839844e+00
2.432353782653808594e+01 6.639443969726562500e+01 -8.331449127197265625e+01 1.918988108634948730e+00 1.840412974357604980e+00 -8.995122909545898438e+00
2.436085700988769531e+01 6.644224548339843750e+01 -8.349600982666015625e+01 2.139510393142700195e+00 1.929883599281311035e+00 -9.024170875549316406e+00
2.444138526916503906e+01 6.647943878173828125e+01 -8.367983245849609375e+01 2.112838506698608398e+00 1.828643798828125000e+00 -9.424131393432617188e+00
2.448113250732421875e+01 6.652267456054687500e+01 -8.386467742919921875e+01 2.399933099746704102e+00 2.229674100875854492e+00 -9.488275527954101562e+00
2.452800369262695312e+01 6.658274078369140625e+01 -8.404442596435546875e+01 2.405146121978759766e+00 2.323974847793579102e+00 -9.675750732421875000e+00
2.458789634704589844e+01 6.665830230712890625e+01 -8.424884033203125000e+01 2.360362291336059570e+00 2.556843519210815430e+00 -9.637288093566894531e+00
2.461736488342285156e+01 6.671679687500000000e+01 -8.444322967529296875e+01 2.107336759567260742e+00 2.596380710601806641e+00 -9.666481018066406250e+00
2.464830398559570312e+01 6.676606750488281250e+01 -8.463947296142578125e+01 1.855620384216308594e+00 2.570514440536499023e+00 -9.748691558837890625e+00
2.467921066284179688e+01 6.682281494140625000e+01 -8.483364105224609375e+01 1.901237845420837402e+00 2.482953548431396484e+00 -9.819409370422363281e+00
2.472328948974609375e+01 6.688478088378906250e+01 -8.503052520751953125e+01 2.079025506973266602e+00 2.592699527740478516e+00 -9.908225059509277344e+00
2.475044822692871094e+01 6.690892791748046875e+01 -8.522714233398437500e+01 2.009965181350708008e+00 2.363451480865478516e+00 -1.007139110565185547e+01
2.478803253173828125e+01 6.696909332275390625e+01 -8.553641510009765625e+01 2.017200708389282227e+00 2.303323745727539062e+00 -1.034663677215576172e+01
2.484554100036621094e+01 6.701594543457031250e+01 -8.573574829101562500e+01 1.986737489700317383e+00 2.218886613845825195e+00 -1.032414722442626953e+01
2.489595794677734375e+01 6.704302215576171875e+01 -8.594218444824218750e+01 2.154288768768310547e+00 2.075265645980834961e+00 -1.053516483306884766e+01
2.495742416381835938e+01 6.708248901367187500e+01 -8.614754486083984375e+01 2.313794136047363281e+00 1.944020509719848633e+00 -1.051900482177734375e+01
2.500570487976074219e+01 6.713065338134765625e+01 -8.635369873046875000e+01 2.272721529006958008e+00 2.039096832275390625e+00 -1.063270282745361328e+01
2.505061912536621094e+01 6.717623901367187500e+01 -8.656100463867187500e+01 2.388224601745605469e+00 2.110838174819946289e+00 -1.079674720764160156e+01
2.509879875183105469e+01 6.721344757080078125e+01 -8.676464080810546875e+01 2.609151601791381836e+00 2.200096130371093750e+00 -1.071087169647216797e+01
2.515011596679687500e+01 6.725485992431640625e+01 -8.698299407958984375e+01 2.525171279907226562e+00 2.165112972259521484e+00 -1.080425453186035156e+01
2.518482971191406250e+01 6.729175567626953125e+01 -8.720056152343750000e+01 2.121455430984497070e+00 1.935650229454040527e+00 -1.096157455444335938e+01
2.522884559631347656e+01 6.732580566406250000e+01 -8.741851806640625000e+01 2.225656032562255859e+00 1.928313851356506348e+00 -1.093427658081054688e+01
2.526731681823730469e+01 6.737545776367187500e+01 -8.764469909667968750e+01 2.330190181732177734e+00 1.968595862388610840e+00 -1.109010219573974609e+01
2.532051849365234375e+01 6.739214324951171875e+01 -8.786302185058593750e+01 2.346214532852172852e+00 1.994247674942016602e+00 -1.114926242828369141e+01
2.536370086669921875e+01 6.743681335449218750e+01 -8.807232666015625000e+01 2.300168514251708984e+00 1.766092181205749512e+00 -1.127968025207519531e+01
2.541407966613769531e+01 6.745458984375000000e+01 -8.828946685791015625e+01 2.205721378326416016e+00 1.775026440620422363e+00 -1.117878723144531250e+01
2.545950889587402344e+01 6.749269866943359375e+01 -8.852326202392578125e+01 2.399989843368530273e+00 1.827539443969726562e+00 -1.121252727508544922e+01
2.551283836364746094e+01 6.751815032958984375e+01 -8.873660278320312500e+01 2.465334415435791016e+00 1.967147588729858398e+00 -1.127687549591064453e+01
2.555676269531250000e+01 6.756798553466796875e+01 -8.896811676025390625e+01 2.402995347976684570e+00 1.959990859031677246e+00 -1.119402599334716797e+01
2.559685897827148438e+01 6.760376739501953125e+01 -8.918811798095703125e+01 2.341819763183593750e+00 1.878122925758361816e+00 -1.125443458557128906e+01
2.563180923461914062e+01 6.763856506347656250e+01 -8.939291381835937500e+01 2.251143693923950195e+00 1.802243590354919434e+00 -1.115227222442626953e+01
2.569342803955078125e+01 6.769435882568359375e+01 -8.960527038574218750e+01 2.363441467285156250e+00 1.949485659599304199e+00 -1.109417915344238281e+01
2.572920799255371094e+01 6.772226715087890625e+01 -8.981871032714843750e+01 2.207279920578002930e+00 1.967628717422485352e+00 -1.095415878295898438e+01
2.579434967041015625e+01 6.779290771484375000e+01 -9.015287017822265625e+01 2.008044481277465820e+00 1.972136139869689941e+00 -1.095911693572998047e+01
2.582903480529785156e+01 6.783237457275390625e+01 -9.035378265380859375e+01 2.228519439697265625e+00 1.899054884910583496e+00 -1.113812732696533203e+01
2.587285423278808594e+01 6.785478210449218750e+01 -9.057125854492187500e+01 2.332173109054565430e+00 1.553573966026306152e+00 -1.102976703643798828e+01
2.591890144348144531e+01 6.787355804443359375e+01 -9.078114318847656250e+01 2.366232872009277344e+00 1.616602540016174316e+00 -1.102607727050781250e+01
2.596718788146972656e+01 6.792134094238281250e+01 -9.099996948242187500e+01 2.552351951599121094e+00 1.813611745834350586e+00 -1.097531223297119141e+01
2.602486610412597656e+01 6.795188140869140625e+01 -9.121631622314453125e+01 2.650651693344116211e+00 1.740878224372863770e+00 -1.106039905548095703e+01
2.607130622863769531e+01 6.796687316894531250e+01 -9.142595672607421875e+01 2.508989810943603516e+00 1.663061022758483887e+00 -1.078922462463378906e+01
2.612813186645507812e+01 6.800717926025390625e+01 -9.162761688232421875e+01 2.457589626312255859e+00 1.845642089843750000e+00 -1.055420970916748047e+01
2.617252731323242188e+01 6.804560852050781250e+01 -9.184552001953125000e+01 2.346529483795166016e+00 1.774103283882141113e+00 -1.057249927520751953e+01
2.623004913330078125e+01 6.806316375732421875e+01 -9.205104064941406250e+01 2.457659482955932617e+00 1.820456624031066895e+00 -1.055667591094970703e+01
2.627103996276855469e+01 6.809677886962890625e+01 -9.225725555419921875e+01 2.730039358139038086e+00 1.704285264015197754e+00 -1.047253990173339844e+01
2.634714317321777344e+01 6.814077758789062500e+01 -9.244966888427734375e+01 2.421731948852539062e+00 1.737258672714233398e+00 -1.028215122222900391e+01
2.638694381713867188e+01 6.817967224121093750e+01 -9.264250946044921875e+01 2.098111867904663086e+00 1.871160745620727539e+00 -1.015416240692138672e+01
2.641467857360839844e+01 6.822206115722656250e+01 -9.282816314697265625e+01 2.043488502502441406e+00 1.916091918945312500e+00 -1.007529830932617188e+01
2.644277381896972656e+01 6.827955627441406250e+01 -9.302524566650390625e+01 1.833632469177246094e+00 2.072019100189208984e+00 -9.669827461242675781e+00
2.647967338562011719e+01 6.830326843261718750e+01 -9.320413970947265625e+01 1.863439202308654785e+00 2.055721759796142578e+00 -9.680374145507812500e+00
2.651520729064941406e+01 6.834640502929687500e+01 -9.338234710693359375e+01 1.604224085807800293e+00 2.007423162460327148e+00 -9.738414764404296875e+00
2.654237174987792969e+01 6.837650299072265625e+01 -9.356945037841796875e+01 1.548254132270812988e+00 1.719564557075500488e+00 -9.453481674194335938e+00
2.655829048156738281e+01 6.841951751708984375e+01 -9.374462890625000000e+01 1.654308199882507324e+00 1.481677293777465820e+00 -9.230480194091796875e+00
2.657734870910644531e+01 6.843365478515625000e+01 -9.392968750000000000e+01 1.729999661445617676e+00 1.327970504760742188e+00 -9.129233360290527344e+00
2.661283493041992188e+01 6.845148468017578125e+01 -9.409131622314453125e+01 1.649998903274536133e+00 1.370879292488098145e+00 -9.110424041748046875e+00
2.665648651123046875e+01 6.848474884033203125e+01 -9.435035705566406250e+01 1.677870273590087891e+00 1.311498522758483887e+00 -8.952537536621093750e+00
2.670317459106445312e+01 6.848776245117187500e+01 -9.451950073242187500e+01 1.931408047676086426e+00 1.319839835166931152e+00 -8.703212738037109375e+00
2.674907112121582031e+01 6.851978302001953125e+01 -9.467525482177734375e+01 2.348447322845458984e+00 1.354915857315063477e+00 -8.571516990661621094e+00
2.680260658264160156e+01 6.852961730957031250e+01 -9.483518218994140625e+01 2.570779085159301758e+00 1.550650715827941895e+00 -8.544301033020019531e+00
2.685493087768554688e+01 6.856631469726562500e+01 -9.500058746337890625e+01 2.563168287277221680e+00 1.677864193916320801e+00 -8.414871215820312500e+00
2.691261291503906250e+01 6.858981323242187500e+01 -9.516176605224609375e+01 2.796876430511474609e+00 1.893172264099121094e+00 -8.166026115417480469e+00
2.697968101501464844e+01 6.862554168701171875e+01 -9.530132293701171875e+01 2.604616165161132812e+00 2.058835983276367188e+00 -7.968263626098632812e+00
2.702905273437500000e+01 6.869281768798828125e+01 -9.546012878417968750e+01 2.514677524566650391e+00 2.531559228897094727e+00 -8.051651000976562500e+00
2.708679771423339844e+01 6.876052093505859375e+01 -9.562016296386718750e+01 2.389632701873779297e+00 2.988124370574951172e+00 -8.352869033813476562e+00
2.713182640075683594e+01 6.882463836669921875e+01 -9.577097320556640625e+01 2.156101465225219727e+00 3.248199462890625000e+00 -8.327251434326171875e+00
2.715674972534179688e+01 6.892185211181640625e+01 -9.593598937988281250e+01 1.796808242797851562e+00 3.444880723953247070e+00 -8.064169883728027344e+00
2.717592811584472656e+01 6.898883056640625000e+01 -9.609094238281250000e+01 1.564226269721984863e+00 3.404076814651489258e+00 -8.034193038940429688e+00
2.717983627319335938e+01 6.904330444335937500e+01 -9.624359893798828125e+01 1.516173243522644043e+00 3.287457466125488281e+00 -7.993279933929443359e+00
2.720770454406738281e+01 6.911219787597656250e+01 -9.639727783203125000e+01 1.446917176246643066e+00 3.114030599594116211e+00 -7.966267108917236328e+00
2.720226860046386719e+01 6.915943145751953125e+01 -9.655054473876953125e+01 1.259303092956542969e+00 2.819934606552124023e+00 -7.905809402465820312e+00
2.721700668334960938e+01 6.918719482421875000e+01 -9.671386718750000000e+01 1.522889375686645508e+00 2.653858900070190430e+00 -8.058613777160644531e+00
2.723023605346679688e+01 6.923023986816406250e+01 -9.687255096435546875e+01 1.766788005828857422e+00 2.581350803375244141e+00 -8.097521781921386719e+00
2.727160072326660156e+01 6.925980377197265625e+01 -9.701640319824218750e+01 1.808929920196533203e+00 2.479215621948242188e+00 -8.088633537292480469e+00
2.733084869384765625e+01 6.930593872070312500e+01 -9.718096923828125000e+01 2.264510631561279297e+00 2.868428707122802734e+00 -7.991042137145996094e+00
2.738342666625976562e+01 6.936530303955078125e+01 -9.732632446289062500e+01 2.517384052276611328e+00 3.172096014022827148e+00 -8.122867584228515625e+00
2.747953033447265625e+01 6.944757843017578125e+01 -9.757336425781250000e+01 2.609085559844970703e+00 3.493563652038574219e+00 -8.369313240051269531e+00
2.755120277404785156e+01 6.952253723144531250e+01 -9.773526763916015625e+01 2.711748838424682617e+00 3.799068927764892578e+00 -8.628187179565429688e+00
2.762383651733398438e+01 6.961000823974609375e+01 -9.790776062011718750e+01 2.799643278121948242e+00 4.001550197601318359e+00 -8.699619293212890625e+00
2.768691444396972656e+01 6.971295928955078125e+01 -9.806912994384765625e+01 2.759943962097167969e+00 4.343585968017578125e+00 -8.635278701782226562e+00
2.773577117919921875e+01 6.980651855468750000e+01 -9.823973083496093750e+01 2.703809976577758789e+00 4.760606765747070312e+00 -8.880049705505371094e+00
2.780556297302246094e+01 6.990742492675781250e+01 -9.841445922851562500e+01 2.531935214996337891e+00 4.896135807037353516e+00 -9.000318527221679688e+00
2.783984565734863281e+01 7.002940368652343750e+01 -9.860820007324218750e+01 2.175081014633178711e+00 4.890100955963134766e+00 -9.147707939147949219e+00
2.787982368469238281e+01 7.013732910156250000e+01 -9.878675842285156250e+01 2.064896821975708008e+00 4.848599910736083984e+00 -9.378090858459472656e+00
2.790570449829101562e+01 7.022306823730468750e+01 -9.898612976074218750e+01 1.850589632987976074e+00 4.911274433135986328e+00 -9.477024078369140625e+00
2.793779754638671875e+01 7.031204223632812500e+01 -9.916374969482421875e+01 2.010762214660644531e+00 4.502995967864990234e+00 -9.475711822509765625e+00
2.795956993103027344e+01 7.039134216308593750e+01 -9.935157012939453125e+01 1.817065119743347168e+00 4.077886104583740234e+00 -9.827054977416992188e+00
2.799776840209960938e+01 7.046852874755859375e+01 -9.956643676757812500e+01 1.736104726791381836e+00 3.855232477188110352e+00 -9.899239540100097656e+00
2.802912521362304688e+01 7.051935577392578125e+01 -9.975671386718750000e+01 1.811692714691162109e+00 3.780575752258300781e+00 -9.858268737792968750e+00
2.808186149597167969e+01 7.057602691650390625e+01 -9.994973754882812500e+01 1.785597920417785645e+00 3.546910524368286133e+00 -9.786715507507324219e+00
2.810930061340332031e+01 7.063936614990234375e+01 -1.001420898437500000e+02 2.206652641296386719e+00 3.285526990890502930e+00 -9.907333374023437500e+00
2.817014694213867188e+01 7.068815612792968750e+01 -1.003399124145507812e+02 2.352425098419189453e+00 3.176101684570312500e+00 -9.929472923278808594e+00
2.821273422241210938e+01 7.074169921875000000e+01 -1.005347595214843750e+02 2.556030035018920898e+00 3.093753814697265625e+00 -1.006991767883300781e+01
2.826861572265625000e+01 7.080475616455078125e+01 -1.007455673217773438e+02 2.599637985229492188e+00 3.097553491592407227e+00 -1.000156974792480469e+01
2.831416320800781250e+01 7.086411285400390625e+01 -1.009368362426757812e+02 2.566433906555175781e+00 3.005477666854858398e+00 -9.901458740234375000e+00
2.836988639831542969e+01 7.091166687011718750e+01 -1.011348571777343750e+02 2.974885940551757812e+00 3.095277547836303711e+00 -1.017678642272949219e+01
2.844386672973632812e+01 7.099389648437500000e+01 -1.013320083618164062e+02 3.052012681961059570e+00 3.393488168716430664e+00 -1.030242919921875000e+01
2.854494476318359375e+01 7.108446502685546875e+01 -1.016525192260742188e+02 3.101439952850341797e+00 3.458012819290161133e+00 -1.034159564971923828e+01
2.861353111267089844e+01 7.116257476806640625e+01 -1.018559799194335938e+02 2.927559375762939453e+00 3.745610475540161133e+00 -1.056237602233886719e+01
2.867470359802246094e+01 7.125572967529296875e+01 -1.020670928955078125e+02 2.949823141098022461e+00 3.862452745437622070e+00 -1.050631046295166016e+01
2.872950172424316406e+01 7.134284973144531250e+01 -1.022725524902343750e+02 2.814465045928955078e+00 3.854798078536987305e+00 -1.039368438720703125e+01
2.876974296569824219e+01 7.143007659912109375e+01 -1.024791564941406250e+02 2.712739706039428711e+00 4.040363788604736328e+00 -1.033983421325683594e+01
2.881195259094238281e+01 7.150832366943359375e+01 -1.026880111694335938e+02 2.271091222763061523e+00 3.940623044967651367e+00 -1.032920074462890625e+01
2.883044242858886719e+01 7.158096313476562500e+01 -1.028920822143554688e+02 2.061665058135986328e+00 3.886457204818725586e+00 -1.053060817718505859e+01
2.884541893005371094e+01 7.165967559814453125e+01 -1.031052322387695312e+02 2.066172122955322266e+00 3.786338806152343750e+00 -1.068344116210937500e+01
2.887367820739746094e+01 7.171554565429687500e+01 -1.033017654418945312e+02 1.869926691055297852e+00 3.660005331039428711e+00 -1.051463413238525391e+01
2.890124130249023438e+01 7.176651000976562500e+01 -1.035138702392578125e+02 1.700848340988159180e+00 3.455978155136108398e+00 -1.077265739440917969e+01
2.891575241088867188e+01 7.181636810302734375e+01 -1.037103881835937500e+02 1.772256135940551758e+00 3.037480592727661133e+00 -1.068898487091064453e+01
2.896060371398925781e+01 7.185140991210937500e+01 -1.039214859008789062e+02 1.905450701713562012e+00 2.653482437133789062e+00 -1.060923385620117188e+01
2.899423980712890625e+01 7.188356781005859375e+01 -1.041265258789062500e+02 2.248534679412841797e+00 2.681394577026367188e+00 -1.048981761932373047e+01
2.905650711059570312e+01 7.191608428955078125e+01 -1.043302383422851562e+02 2.499658584594726562e+00 2.575904369354248047e+00 -1.060258483886718750e+01
2.912773513793945312e+01 7.195323944091796875e+01 -1.045437011718750000e+02 2.771437168121337891e+00 2.590577840805053711e+00 -1.061479091644287109e+01
2.920747375488281250e+01 7.199433135986328125e+01 -1.047518615722656250e+02 3.039963006973266602e+00 2.739223241806030273e+00 -1.073973655700683594e+01
2.927186203002929688e+01 7.205562591552734375e+01 -1.049684677124023438e+02 3.009114980697631836e+00 2.783499240875244141e+00 -1.061126232147216797e+01
2.935870361328125000e+01 7.212004852294921875e+01 -1.051781539916992188e+02 3.048690557479858398e+00 3.209673643112182617e+00 -1.051792240142822266e+01
2.941617012023925781e+01 7.219036865234375000e+01 -1.053850860595703125e+02 2.829007625579833984e+00 3.413801670074462891e+00 -1.071875095367431641e+01
2.947916984558105469e+01 7.227683258056640625e+01 -1.055904541015625000e+02 2.792226076126098633e+00 3.546013593673706055e+00 -1.059756183624267578e+01
2.952282714843750000e+01 7.235378265380859375e+01 -1.058117599487304688e+02 2.704210996627807617e+00 3.452027320861816406e+00 -1.064770603179931641e+01
2.959634208679199219e+01 7.246334075927734375e+01 -1.061113433837890625e+02 2.328144311904907227e+00 3.583822727203369141e+00 -1.045424747467041016e+01
2.962501716613769531e+01 7.254161071777343750e+01 -1.063223800659179688e+02 1.781798839569091797e+00 3.481929779052734375e+00 -1.026621437072753906e+01
2.963096427917480469e+01 7.259539794921875000e+01 -1.065212554931640625e+02 1.581279873847961426e+00 3.139706134796142578e+00 -1.034018611907958984e+01
2.966273498535156250e+01 7.265692138671875000e+01 -1.067160797119140625e+02 1.689583778381347656e+00 3.044606685638427734e+00 -1.016378688812255859e+01
2.968423080444335938e+01 7.271099853515625000e+01 -1.069146423339843750e+02 1.931546926498413086e+00 2.904804706573486328e+00 -1.036277198791503906e+01
2.972903060913085938e+01 7.274642944335937500e+01 -1.071105575561523438e+02 1.991196036338806152e+00 2.797573804855346680e+00 -1.013049030303955078e+01
2.975645065307617188e+01 7.280402374267578125e+01 -1.073023223876953125e+02 2.027848720550537109e+00 2.905474185943603516e+00 -9.992328643798828125e+00
2.978855133056640625e+01 7.284685516357421875e+01 -1.075114746093750000e+02 2.042361259460449219e+00 2.980819225311279297e+00 -1.006668376922607422e+01
2.984529495239257812e+01 7.289517211914062500e+01 -1.077129516601562500e+02 2.415221929550170898e+00 2.986959695816040039e+00 -1.008306789398193359e+01
2.991262435913085938e+01 7.296341705322265625e+01 -1.079096450805664062e+02 2.567509174346923828e+00 3.079877376556396484e+00 -1.009618949890136719e+01
2.995640182495117188e+01 7.300643920898437500e+01 -1.081103820800781250e+02 2.566860198974609375e+00 3.138465404510498047e+00 -1.026071739196777344e+01
