1.912887096405029297e+00 3.541435003280639648e+00 -1.923536062240600586e+00 9.506731033325195312e-01 3.023791551589965820e+00 -1.072273254394531250e+00
1.928443908691406250e+00 3.599103212356567383e+00 -1.942619562149047852e+00 7.675297260284423828e-01 2.838168859481811523e+00 -9.024404883384704590e-01
1.946011662483215332e+00 3.651577949523925781e+00 -1.956458806991577148e+00 9.305225014686584473e-01 2.685792446136474609e+00 -7.040321230888366699e-01
1.966659545898437500e+00 3.707884311676025391e+00 -1.970638036727905273e+00 1.322979331016540527e+00 3.009165287017822266e+00 -7.018527984619140625e-01
1.991324782371520996e+00 3.769492864608764648e+00 -1.980004668235778809e+00 1.362510681152343750e+00 3.238852500915527344e+00 -6.215114593505859375e-01
2.019729137420654297e+00 3.839111089706420898e+00 -1.991446137428283691e+00 1.153163909912109375e+00 3.693496227264404297e+00 -3.716201782226562500e-01
2.037046432495117188e+00 3.910889387130737305e+00 -1.995897769927978516e+00 8.854932188987731934e-01 3.516415834426879883e+00 -3.001543879508972168e-01
2.057739257812500000e+00 3.978095054626464844e+00 -2.001416206359863281e+00 1.111296653747558594e+00 3.578769683837890625e+00 -8.887122571468353271e-02
2.072697639465332031e+00 4.048020362854003906e+00 -2.003215074539184570e+00 5.201792716979980469e-01 3.379758119583129883e+00 -9.798453003168106079e-02
2.090624570846557617e+00 4.110724925994873047e+00 -2.003488063812255859e+00 1.367228150367736816e+00 3.211403846740722656e+00 -2.253920733928680420e-01
2.119745254516601562e+00 4.182642459869384766e+00 -2.002976179122924805e+00 1.412681102752685547e+00 4.043712139129638672e+00 1.287343949079513550e-01
2.156445503234863281e+00 4.300660133361816406e+00 -1.995485186576843262e+00 1.182758688926696777e+00 3.852818965911865234e+00 2.823229432106018066e-01
2.183650255203247070e+00 4.377059936523437500e+00 -1.991085529327392578e+00 1.537999987602233887e+00 4.118953227996826172e+00 6.421145051717758179e-02
2.209765672683715820e+00 4.464230060577392578e+00 -1.989344835281372070e+00 1.176840186119079590e+00 4.752123355865478516e+00 1.340486556291580200e-01
2.233587026596069336e+00 4.559511184692382812e+00 -1.984275341033935547e+00 1.179608941078186035e+00 4.856005668640136719e+00 2.902278006076812744e-01
2.256256341934204102e+00 4.656485557556152344e+00 -1.975738525390625000e+00 1.235488653182983398e+00 5.171529769897460938e+00 4.645808041095733643e-01
2.276539802551269531e+00 4.757049083709716797e+00 -1.963745713233947754e+00 9.734287858009338379e-01 5.412417888641357422e+00 8.101644515991210938e-01
2.295028448104858398e+00 4.863657474517822266e+00 -1.948118329048156738e+00 9.720425605773925781e-01 5.436569213867187500e+00 8.285982608795166016e-01
2.318824052810668945e+00 4.971913337707519531e+00 -1.932636022567749023e+00 1.235455155372619629e+00 5.790138244628906250e+00 8.464866876602172852e-01
2.343272924423217773e+00 5.085005283355712891e+00 -1.914883971214294434e+00 1.220329403877258301e+00 5.911095142364501953e+00 9.402899146080017090e-01
2.369169235229492188e+00 5.202745914459228516e+00 -1.901064038276672363e+00 1.320977330207824707e+00 6.317012310028076172e+00 8.551040887832641602e-01
2.393819093704223633e+00 5.332441329956054688e+00 -1.881283283233642578e+00 9.173574447631835938e-01 6.763645648956298828e+00 1.093904018402099609e+00
2.408326148986816406e+00 5.463139057159423828e+00 -1.858738064765930176e+00 5.933439135551452637e-01 6.577886581420898438e+00 1.262243986129760742e+00
2.427332401275634766e+00 5.589428424835205078e+00 -1.836275577545166016e+00 1.339882731437683105e+00 6.627334117889404297e+00 1.121073365211486816e+00
2.451046228408813477e+00 5.724004745483398438e+00 -1.815925121307373047e+00 1.082789897918701172e+00 6.997210502624511719e+00 1.204989910125732422e+00
2.475605964660644531e+00 5.860970020294189453e+00 -1.788841366767883301e+00 1.707179307937622070e+00 7.122581481933593750e+00 1.441456198692321777e+00
2.508637189865112305e+00 6.009737014770507812e+00 -1.760451912879943848e+00 1.353365302085876465e+00 8.095165252685546875e+00 1.410400748252868652e+00
2.529242515563964844e+00 6.169965744018554688e+00 -1.735715866088867188e+00 9.386066198348999023e-01 8.156273841857910156e+00 1.253397107124328613e+00
2.548941135406494141e+00 6.326872348785400391e+00 -1.706784248352050781e+00 1.353070974349975586e+00 8.040236473083496094e+00 1.438013195991516113e+00
2.576123237609863281e+00 6.487569808959960938e+00 -1.678259730339050293e+00 1.446248054504394531e+00 8.354725837707519531e+00 1.584048271179199219e+00
2.601551294326782227e+00 6.652850151062011719e+00 -1.648877739906311035e+00 1.160621523857116699e+00 8.489892005920410156e+00 1.694010615348815918e+00
2.628136396408081055e+00 6.821804523468017578e+00 -1.618341803550720215e+00 1.528156995773315430e+00 8.952178955078125000e+00 1.524980425834655762e+00
2.671131134033203125e+00 7.091943740844726562e+00 -1.567613124847412109e+00 1.401599168777465820e+00 9.271928787231445312e+00 1.609089493751525879e+00
2.697465658187866211e+00 7.276545524597167969e+00 -1.534927845001220703e+00 1.244609832763671875e+00 9.511217117309570312e+00 1.687654018402099609e+00
2.722351789474487305e+00 7.464775562286376953e+00 -1.498094201087951660e+00 1.359941482543945312e+00 9.724771499633789062e+00 2.116276025772094727e+00
2.750112056732177734e+00 7.657830715179443359e+00 -1.455309748649597168e+00 1.317146182060241699e+00 1.007957744598388672e+01 2.020934581756591797e+00
2.775398254394531250e+00 7.853944778442382812e+00 -1.415254354476928711e+00 1.336075544357299805e+00 1.009959411621093750e+01 2.166537761688232422e+00
2.805010557174682617e+00 8.052433967590332031e+00 -1.371978878974914551e+00 1.670330524444580078e+00 1.036377620697021484e+01 2.241494417190551758e+00
2.839107036590576172e+00 8.260638236999511719e+00 -1.328765392303466797e+00 1.682309508323669434e+00 1.087948322296142578e+01 2.199850320816040039e+00
2.872777700424194336e+00 8.473356246948242188e+00 -1.284744739532470703e+00 1.788564801216125488e+00 1.090739631652832031e+01 2.411824703216552734e+00
2.908054590225219727e+00 8.691958427429199219e+00 -1.239160895347595215e+00 1.861854553222656250e+00 1.147219944000244141e+01 2.168330669403076172e+00
2.940418243408203125e+00 8.923812866210937500e+00 -1.197834610939025879e+00 1.532964825630187988e+00 1.200236988067626953e+01 2.024770259857177734e+00
2.971371650695800781e+00 9.157091140747070312e+00 -1.155780196189880371e+00 1.731147527694702148e+00 1.195151710510253906e+01 2.303420305252075195e+00
3.005733489990234375e+00 9.397642135620117188e+00 -1.108374238014221191e+00 1.601356625556945801e+00 1.241846561431884766e+01 2.391582250595092773e+00
3.037041664123535156e+00 9.641978263854980469e+00 -1.061909914016723633e+00 1.812163710594177246e+00 1.257641410827636719e+01 2.531341791152954102e+00
3.075335025787353516e+00 9.889951705932617188e+00 -1.014191031455993652e+00 1.930646300315856934e+00 1.285353469848632812e+01 2.453693389892578125e+00
3.115043878555297852e+00 1.014401912689208984e+01 -9.658269286155700684e-01 2.203302621841430664e+00 1.309931087493896484e+01 2.566787481307983398e+00
3.159379482269287109e+00 1.040433311462402344e+01 -9.187768101692199707e-01 2.122931480407714844e+00 1.375264167785644531e+01 2.399560689926147461e+00
3.199036598205566406e+00 1.067839717864990234e+01 -8.717974424362182617e-01 1.843382000923156738e+00 1.415213966369628906e+01 2.383728027343750000e+00
3.232750892639160156e+00 1.095517253875732422e+01 -8.278868198394775391e-01 1.689349889755249023e+00 1.423249053955078125e+01 2.188484191894531250e+00
3.265937566757202148e+00 1.123671150207519531e+01 -7.825450301170349121e-01 1.707180023193359375e+00 1.462507343292236328e+01 2.333077192306518555e+00
3.299837589263916016e+00 1.152137565612792969e+01 -7.332931756973266602e-01 2.030386686325073242e+00 1.457646083831787109e+01 2.601341485977172852e+00
3.341825723648071289e+00 1.180988597869873047e+01 -6.842128634452819824e-01 2.262710332870483398e+00 1.494040966033935547e+01 2.304681062698364258e+00
3.404846668243408203e+00 1.226218891143798828e+01 -6.148034930229187012e-01 2.242185831069946289e+00 1.588680362701416016e+01 2.365749835968017578e+00
3.445860147476196289e+00 1.258120918273925781e+01 -5.688363313674926758e-01 2.011678457260131836e+00 1.659610748291015625e+01 2.230217933654785156e+00
3.482678651809692383e+00 1.290779304504394531e+01 -5.230596065521240234e-01 1.960827827453613281e+00 1.663577651977539062e+01 2.309061050415039062e+00
3.525414943695068359e+00 1.323762607574462891e+01 -4.787804484367370605e-01 2.299904823303222656e+00 1.709954643249511719e+01 2.163198471069335938e+00
3.571009397506713867e+00 1.357251071929931641e+01 -4.378865659236907959e-01 2.173218011856079102e+00 1.739442253112792969e+01 2.098541975021362305e+00
3.613488912582397461e+00 1.391550636291503906e+01 -3.956114649772644043e-01 2.319045066833496094e+00 1.776131820678710938e+01 1.981495618820190430e+00
3.659733772277832031e+00 1.426290321350097656e+01 -3.546375930309295654e-01 2.399947166442871094e+00 1.796018218994140625e+01 2.234813690185546875e+00
3.707998752593994141e+00 1.461776351928710938e+01 -3.151873946189880371e-01 2.447077274322509766e+00 1.842176628112792969e+01 1.914858460426330566e+00
3.754616498947143555e+00 1.498283672332763672e+01 -2.741105258464813232e-01 2.462659358978271484e+00 1.894678688049316406e+01 2.072243452072143555e+00
3.801296234130859375e+00 1.535363388061523438e+01 -2.357313185930252075e-01 2.261784076690673828e+00 1.911773681640625000e+01 2.072696685791015625e+00
3.848976612091064453e+00 1.572773647308349609e+01 -1.981661766767501831e-01 2.636276006698608398e+00 1.920884132385253906e+01 1.917548179626464844e+00
3.906057834625244141e+00 1.610756111145019531e+01 -1.629611253738403320e-01 2.900254487991333008e+00 1.969749450683593750e+01 1.756034135818481445e+00
3.960420846939086914e+00 1.649923324584960938e+01 -1.277856230735778809e-01 2.780398845672607422e+00 2.045711898803710938e+01 1.932567238807678223e+00
4.018025398254394531e+00 1.690523719787597656e+01 -8.950755745172500610e-02 3.063363075256347656e+00 2.113402748107910156e+01 1.861358284950256348e+00
4.075852870941162109e+00 1.732492065429687500e+01 -5.347964540123939514e-02 2.764081954956054688e+00 2.168574523925781250e+01 1.869437813758850098e+00
4.122559070587158203e+00 1.775008010864257812e+01 -2.002326026558876038e-02 2.235767126083374023e+00 2.175805854797363281e+01 1.658741712570190430e+00
4.167587280273437500e+00 1.817273521423339844e+01 1.357486099004745483e-02 2.612989902496337891e+00 2.174483108520507812e+01 1.665284991264343262e+00
4.221456050872802734e+00 1.860562324523925781e+01 4.196870699524879456e-02 2.882450342178344727e+00 2.283510589599609375e+01 1.343077063560485840e+00
4.278681278228759766e+00 1.905970001220703125e+01 6.703947484493255615e-02 2.956195116043090820e+00 2.340530395507812500e+01 1.336262464523315430e+00
4.336655616760253906e+00 1.951726150512695312e+01 9.025875478982925415e-02 3.142795801162719727e+00 2.362077331542968750e+01 9.345980882644653320e-01
4.429411411285400391e+00 2.022252273559570312e+01 1.176005974411964417e-01 3.030679941177368164e+00 2.434576988220214844e+01 9.081721305847167969e-01
4.489159584045410156e+00 2.070581626892089844e+01 1.337964087724685669e-01 3.163864612579345703e+00 2.489833450317382812e+01 6.736198663711547852e-01
4.551739692687988281e+00 2.119583511352539062e+01 1.450670510530471802e-01 3.300715446472167969e+00 2.520771598815917969e+01 3.990664780139923096e-01
4.619692325592041016e+00 2.169368553161621094e+01 1.512815654277801514e-01 3.743516921997070312e+00 2.572438240051269531e+01 3.194526135921478271e-01
4.695194721221923828e+00 2.220565795898437500e+01 1.594737768173217773e-01 3.772764205932617188e+00 2.672819900512695312e+01 3.633653223514556885e-01
4.767594814300537109e+00 2.273554992675781250e+01 1.608994007110595703e-01 3.534871339797973633e+00 2.743075561523437500e+01 4.953488707542419434e-03
4.836325645446777344e+00 2.327567481994628906e+01 1.572547554969787598e-01 3.512476444244384766e+00 2.786011886596679688e+01 -4.772991538047790527e-01
4.903630256652832031e+00 2.381945419311523438e+01 1.486760079860687256e-01 3.496892929077148438e+00 2.774537849426269531e+01 -4.641067087650299072e-01
4.979915142059326172e+00 2.436273002624511719e+01 1.362762451171875000e-01 4.258872032165527344e+00 2.822160148620605469e+01 -7.058781981468200684e-01
5.069490909576416016e+00 2.492679405212402344e+01 1.182252168655395508e-01 4.715575695037841797e+00 2.945774650573730469e+01 -1.228713393211364746e+00
5.161674499511718750e+00 2.551107025146484375e+01 9.588675945997238159e-02 4.617110252380371094e+00 3.037596321105957031e+01 -1.279220461845397949e+00
5.249795436859130859e+00 2.610870170593261719e+01 6.267731636762619019e-02 4.528301239013671875e+00 3.086462020874023438e+01 -1.818146109580993652e+00
5.336319923400878906e+00 2.671831321716308594e+01 2.706395275890827179e-02 4.313235282897949219e+00 3.145513916015625000e+01 -2.199709653854370117e+00
5.418530464172363281e+00 2.733726692199707031e+01 -2.377418242394924164e-02 4.030692577362060547e+00 3.193121910095214844e+01 -2.585502624511718750e+00
5.497895240783691406e+00 2.796286964416503906e+01 -7.628110796213150024e-02 4.400091171264648438e+00 3.229853439331054688e+01 -2.986693382263183594e+00
5.587037563323974609e+00 2.860243034362792969e+01 -1.383857131004333496e-01 4.747509479522705078e+00 3.337789916992187500e+01 -3.370394468307495117e+00
5.682977676391601562e+00 2.926555442810058594e+01 -2.149100154638290405e-01 4.936610221862792969e+00 3.431232452392578125e+01 -4.266271114349365234e+00
5.778087615966796875e+00 2.994260978698730469e+01 -3.016314506530761719e-01 5.027232646942138672e+00 3.503906250000000000e+01 -4.591928482055664062e+00
5.877937793731689453e+00 3.063357353210449219e+01 -3.997865319252014160e-01 5.120002746582031250e+00 3.577469253540039062e+01 -5.347545623779296875e+00
5.981970310211181641e+00 3.133919715881347656e+01 -5.108388066291809082e-01 5.511355400085449219e+00 3.648897552490234375e+01 -6.275175571441650391e+00
6.092495441436767578e+00 3.205727767944335938e+01 -6.418687105178833008e-01 6.029565811157226562e+00 3.717017364501953125e+01 -7.073506355285644531e+00
6.277149200439453125e+00 3.317448043823242188e+01 -8.699132800102233887e-01 6.091815471649169922e+00 3.891342926025390625e+01 -8.575771331787109375e+00
6.393761157989501953e+00 3.394169616699218750e+01 -1.046502709388732910e+00 6.044231891632080078e+00 3.952999114990234375e+01 -9.421346664428710938e+00
6.512593746185302734e+00 3.472222137451171875e+01 -1.240248322486877441e+00 6.192625999450683594e+00 4.038732147216796875e+01 -1.047388839721679688e+01
6.640095233917236328e+00 3.551958465576171875e+01 -1.456016421318054199e+00 6.731418609619140625e+00 4.122022247314453125e+01 -1.169622898101806641e+01
6.776197433471679688e+00 3.633517837524414062e+01 -1.699588298797607422e+00 7.231547355651855469e+00 4.239161682128906250e+01 -1.325182914733886719e+01
6.916783809661865234e+00 3.717837905883789062e+01 -1.975393414497375488e+00 7.123205184936523438e+00 4.349252700805664062e+01 -1.496604824066162109e+01
7.054873466491699219e+00 3.803415298461914062e+01 -2.285371065139770508e+00 7.201399326324462891e+00 4.403496551513671875e+01 -1.669222450256347656e+01
7.195155620574951172e+00 3.889712524414062500e+01 -2.629454851150512695e+00 7.370272159576416016e+00 4.429662704467773438e+01 -1.868267250061035156e+01
7.346706867218017578e+00 3.976283264160156250e+01 -3.014287471771240234e+00 8.243806838989257812e+00 4.452491760253906250e+01 -2.087276268005371094e+01
7.520442485809326172e+00 4.064507293701171875e+01 -3.447826147079467773e+00 9.282341003417968750e+00 4.584448242187500000e+01 -2.346220970153808594e+01
7.700098991394042969e+00 4.154778289794921875e+01 -3.931009769439697266e+00 8.980099678039550781e+00 4.641707229614257812e+01 -2.602700805664062500e+01
7.875826835632324219e+00 4.244878387451171875e+01 -4.467552661895751953e+00 9.062450408935546875e+00 4.566172409057617188e+01 -2.892321395874023438e+01
8.061382293701171875e+00 4.333084106445312500e+01 -5.060332775115966797e+00 1.003269386291503906e+01 4.483183670043945312e+01 -3.196298408508300781e+01
8.265748023986816406e+00 4.419851303100585938e+01 -5.714227199554443359e+00 1.060762310028076172e+01 4.432376480102539062e+01 -3.506132888793945312e+01
8.470604896545410156e+00 4.506044006347656250e+01 -6.424650192260742188e+00 1.034667587280273438e+01 4.356905364990234375e+01 -3.787825012207031250e+01
8.672225952148437500e+00 4.589476013183593750e+01 -7.197952270507812500e+00 1.044113159179687500e+01 4.159675216674804688e+01 -4.080106735229492188e+01
8.882293701171875000e+00 4.668556213378906250e+01 -8.019073486328125000e+00 1.091798973083496094e+01 3.961797714233398438e+01 -4.319688034057617188e+01
9.094044685363769531e+00 4.743879699707031250e+01 -8.885502815246582031e+00 1.087590217590332031e+01 3.747641372680664062e+01 -4.558462142944335938e+01
9.300263404846191406e+00 4.814854049682617188e+01 -9.794125556945800781e+00 1.038556671142578125e+01 3.488583374023437500e+01 -4.726679229736328125e+01
9.505270004272460938e+00 4.879744338989257812e+01 -1.072958946228027344e+01 1.069546604156494141e+01 3.192103385925292969e+01 -4.850447463989257812e+01
9.717490196228027344e+00 4.939402008056640625e+01 -1.168513584136962891e+01 1.082983779907226562e+01 2.925547027587890625e+01 -4.925111770629882812e+01
1.003035736083984375e+01 5.020635604858398438e+01 -1.313698101043701172e+01 1.041919136047363281e+01 2.628245735168457031e+01 -4.955792999267578125e+01
1.023066520690917969e+01 5.070182037353515625e+01 -1.410392761230468750e+01 9.971578598022460938e+00 2.425744819641113281e+01 -4.947296905517578125e+01
1.041874027252197266e+01 5.115288925170898438e+01 -1.506932640075683594e+01 9.470265388488769531e+00 2.198415946960449219e+01 -4.912993621826171875e+01
1.059992504119873047e+01 5.156488800048828125e+01 -1.602283859252929688e+01 9.068113327026367188e+00 2.024998092651367188e+01 -4.841590881347656250e+01
1.077019023895263672e+01 5.194201278686523438e+01 -1.695948219299316406e+01 8.582229614257812500e+00 1.831394195556640625e+01 -4.759113311767578125e+01
1.093747043609619141e+01 5.228194808959960938e+01 -1.787584114074707031e+01 8.596139907836914062e+00 1.663126373291015625e+01 -4.612099456787109375e+01
1.110262775421142578e+01 5.259505844116210938e+01 -1.876377868652343750e+01 8.185395240783691406e+00 1.546767616271972656e+01 -4.503100585937500000e+01
1.125694179534912109e+01 5.288116836547851562e+01 -1.963322830200195312e+01 7.723992347717285156e+00 1.381301116943359375e+01 -4.374104690551757812e+01
1.140146923065185547e+01 5.314099502563476562e+01 -2.047858428955078125e+01 7.118979454040527344e+00 1.267497444152832031e+01 -4.270623397827148438e+01
1.153925132751464844e+01 5.337937164306640625e+01 -2.129531669616699219e+01 7.015719890594482422e+00 1.174105262756347656e+01 -4.118881988525390625e+01
1.167002391815185547e+01 5.359633255004882812e+01 -2.208879661560058594e+01 6.683396339416503906e+00 1.050131797790527344e+01 -4.006574630737304688e+01
1.180173873901367188e+01 5.379344177246093750e+01 -2.285716056823730469e+01 6.606770992279052734e+00 9.785042762756347656e+00 -3.875845336914062500e+01
1.192746734619140625e+01 5.397785186767578125e+01 -2.359876251220703125e+01 6.621331691741943359e+00 9.025707244873046875e+00 -3.739200210571289062e+01
1.205760288238525391e+01 5.414868927001953125e+01 -2.431606483459472656e+01 6.635780334472656250e+00 8.420098304748535156e+00 -3.600029373168945312e+01
1.218355751037597656e+01 5.430821990966796875e+01 -2.500568389892578125e+01 6.272996425628662109e+00 7.893659114837646484e+00 -3.490024566650390625e+01
1.230046558380126953e+01 5.445613861083984375e+01 -2.567931747436523438e+01 5.835792541503906250e+00 7.423278331756591797e+00 -3.391362762451171875e+01
1.240979480743408203e+01 5.459725189208984375e+01 -2.633074188232421875e+01 5.487103462219238281e+00 6.812958717346191406e+00 -3.272417068481445312e+01
1.251645374298095703e+01 5.472020339965820312e+01 -2.696019554138183594e+01 5.370011806488037109e+00 5.937305450439453125e+00 -3.180875587463378906e+01
1.262401199340820312e+01 5.483017730712890625e+01 -2.757201576232910156e+01 5.564818382263183594e+00 5.468567371368408203e+00 -3.089128875732421875e+01
1.273212814331054688e+01 5.493554687500000000e+01 -2.816413497924804688e+01 5.382256507873535156e+00 5.269180774688720703e+00 -2.982183074951171875e+01
1.283254814147949219e+01 5.503445434570312500e+01 -2.873861312866210938e+01 4.982448101043701172e+00 4.504789829254150391e+00 -2.881614875793457031e+01
1.298314571380615234e+01 5.514939498901367188e+01 -2.956256866455078125e+01 4.980293750762939453e+00 3.761152982711791992e+00 -2.739791488647460938e+01
1.307506561279296875e+01 5.522357940673828125e+01 -3.009155845642089844e+01 4.553302288055419922e+00 3.561939716339111328e+00 -2.669920158386230469e+01
1.316205978393554688e+01 5.528723144531250000e+01 -3.060070228576660156e+01 4.460603237152099609e+00 2.949123859405517578e+00 -2.545253372192382812e+01
1.325111389160156250e+01 5.534412002563476562e+01 -3.109367942810058594e+01 4.416806697845458984e+00 3.111743450164794922e+00 -2.492407608032226562e+01
1.333265686035156250e+01 5.539953994750976562e+01 -3.157052993774414062e+01 3.916695356369018555e+00 2.383299112319946289e+00 -2.403785133361816406e+01
1.340838909149169922e+01 5.544199752807617188e+01 -3.203245925903320312e+01 4.006466388702392578e+00 2.039712429046630859e+00 -2.317454528808593750e+01
1.348260498046875000e+01 5.548177337646484375e+01 -3.247871017456054688e+01 3.642830133438110352e+00 1.834211826324462891e+00 -2.268438529968261719e+01
1.355414962768554688e+01 5.551373291015625000e+01 -3.291602325439453125e+01 3.859571695327758789e+00 1.397717475891113281e+00 -2.184695816040039062e+01
1.362735652923583984e+01 5.553920745849609375e+01 -3.333388137817382812e+01 3.599683284759521484e+00 1.225089788436889648e+00 -2.106768226623535156e+01
1.369635200500488281e+01 5.556399536132812500e+01 -3.373958969116210938e+01 3.439540386199951172e+00 1.298314213752746582e+00 -2.050649642944335938e+01
1.375569343566894531e+01 5.558341598510742188e+01 -3.413257980346679688e+01 2.940763473510742188e+00 7.312444448471069336e-01 -1.967104148864746094e+01
1.381763458251953125e+01 5.559756469726562500e+01 -3.450999069213867188e+01 3.317162275314331055e+00 6.148252487182617188e-01 -1.884158325195312500e+01
1.388274478912353516e+01 5.560948562622070312e+01 -3.487200927734375000e+01 3.219392061233520508e+00 7.209094166755676270e-01 -1.825043678283691406e+01
1.394099426269531250e+01 5.562279129028320312e+01 -3.522163391113281250e+01 2.898762464523315430e+00 5.101143121719360352e-01 -1.771153259277343750e+01
1.399763488769531250e+01 5.562882232666015625e+01 -3.555960083007812500e+01 2.855689287185668945e+00 2.762012779712677002e-01 -1.697556495666503906e+01
1.406104087829589844e+01 5.563463973999023438e+01 -3.588522720336914062e+01 3.347296237945556641e+00 4.530334174633026123e-01 -1.637623596191406250e+01
1.412261009216308594e+01 5.564912033081054688e+01 -3.620326995849609375e+01 2.904485464096069336e+00 1.069328665733337402e+00 -1.585554122924804688e+01
1.417435836791992188e+01 5.566827011108398438e+01 -3.650377273559570312e+01 2.572208642959594727e+00 7.398986220359802246e-01 -1.519480323791503906e+01
1.422949409484863281e+01 5.567991256713867188e+01 -3.679571151733398438e+01 2.935373783111572266e+00 5.467064380645751953e-01 -1.475493621826171875e+01
1.428844451904296875e+01 5.569750213623046875e+01 -3.707682800292968750e+01 2.715628147125244141e+00 9.708971381187438965e-01 -1.406597900390625000e+01
1.433587646484375000e+01 5.572064208984375000e+01 -3.734731292724609375e+01 2.382043600082397461e+00 1.339532732963562012e+00 -1.369369792938232422e+01
1.439643096923828125e+01 5.576449584960937500e+01 -3.773477935791015625e+01 1.667592525482177734e+00 1.396717190742492676e+00 -1.285477828979492188e+01
1.442943477630615234e+01 5.578702545166015625e+01 -3.798141860961914062e+01 2.083376169204711914e+00 8.894732594490051270e-01 -1.249644374847412109e+01
1.447163391113281250e+01 5.580719375610351562e+01 -3.822609710693359375e+01 2.096986293792724609e+00 1.353173375129699707e+00 -1.245257568359375000e+01
1.451134681701660156e+01 5.583918380737304688e+01 -3.846574020385742188e+01 2.038326025009155273e+00 1.598890781402587891e+00 -1.202699756622314453e+01
1.455030441284179688e+01 5.586833190917968750e+01 -3.869665908813476562e+01 1.968685746192932129e+00 1.486187458038330078e+00 -1.167606258392333984e+01
1.459085273742675781e+01 5.589603424072265625e+01 -3.892070007324218750e+01 2.323256492614746094e+00 1.676911830902099609e+00 -1.141402816772460938e+01
1.463829135894775391e+01 5.593327331542968750e+01 -3.913994598388671875e+01 2.335223913192749023e+00 1.877921819686889648e+00 -1.123554992675781250e+01
1.468395709991455078e+01 5.597093200683593750e+01 -3.935857391357421875e+01 2.287342309951782227e+00 1.957584500312805176e+00 -1.110653781890869141e+01
1.472683048248291016e+01 5.600838470458984375e+01 -3.956887054443359375e+01 2.091223955154418945e+00 1.928074836730957031e+00 -1.068947219848632812e+01
1.476525497436523438e+01 5.604674530029296875e+01 -3.977521514892578125e+01 2.024967908859252930e+00 1.806216835975646973e+00 -1.044123268127441406e+01
1.480248737335205078e+01 5.608022689819335938e+01 -3.997703552246093750e+01 1.956752657890319824e+00 1.489537000656127930e+00 -1.023954296112060547e+01
1.484691810607910156e+01 5.610795593261718750e+01 -4.017828369140625000e+01 2.443671226501464844e+00 1.592668890953063965e+00 -1.016387557983398438e+01
1.489143371582031250e+01 5.614160919189453125e+01 -4.037491607666015625e+01 2.043230295181274414e+00 1.746979117393493652e+00 -1.000080585479736328e+01
1.493107986450195312e+01 5.617328643798828125e+01 -4.056838607788085938e+01 2.102327823638916016e+00 1.551011085510253906e+00 -9.732216835021972656e+00
1.497175121307373047e+01 5.620067596435546875e+01 -4.075563049316406250e+01 2.296204566955566406e+00 1.175992012023925781e+00 -9.530199050903320312e+00
1.501971817016601562e+01 5.622334671020507812e+01 -4.094387817382812500e+01 2.532519340515136719e+00 1.248118638992309570e+00 -9.685820579528808594e+00
1.506991386413574219e+01 5.625356674194335938e+01 -4.113021469116210938e+01 2.459119319915771484e+00 1.851828694343566895e+00 -9.437289237976074219e+00
1.510984706878662109e+01 5.629093551635742188e+01 -4.131081771850585938e+01 1.640248775482177734e+00 1.784520506858825684e+00 -9.083934783935546875e+00
1.513839530944824219e+01 5.631995773315429688e+01 -4.148463439941406250e+01 1.496837615966796875e+00 1.247760415077209473e+00 -8.779630661010742188e+00
1.517421531677246094e+01 5.634348297119140625e+01 -4.165538787841796875e+01 2.033085107803344727e+00 1.286887407302856445e+00 -8.481957435607910156e+00
1.521002197265625000e+01 5.636682510375976562e+01 -4.182047653198242188e+01 1.674936056137084961e+00 1.033930778503417969e+00 -8.411234855651855469e+00
1.526409530639648438e+01 5.639159774780273438e+01 -4.206578063964843750e+01 1.740833401679992676e+00 8.046271204948425293e-01 -8.172074317932128906e+00
1.529865550994873047e+01 5.640969467163085938e+01 -4.222712707519531250e+01 1.784429192543029785e+00 1.204386830329895020e+00 -8.316308975219726562e+00
1.532989215850830078e+01 5.643282699584960938e+01 -4.238659286499023438e+01 1.307464003562927246e+00 7.989948987960815430e-01 -8.272499084472656250e+00
1.535875415802001953e+01 5.643990325927734375e+01 -4.254372787475585938e+01 1.674762964248657227e+00 2.913312613964080811e-01 -7.936232089996337891e+00
1.539792251586914062e+01 5.644740676879882812e+01 -4.269995880126953125e+01 1.998767375946044922e+00 4.589683413505554199e-01 -7.994286060333251953e+00
1.543769645690917969e+01 5.645896911621093750e+01 -4.285517883300781250e+01 2.044918775558471680e+00 6.793239116668701172e-01 -7.707784175872802734e+00
1.547569370269775391e+01 5.647110366821289062e+01 -4.300382995605468750e+01 1.862751007080078125e+00 3.808199763298034668e-01 -7.663494586944580078e+00
1.551109600067138672e+01 5.647941207885742188e+01 -4.315067672729492188e+01 1.844372630119323730e+00 5.025727748870849609e-01 -7.395323276519775391e+00
1.554289722442626953e+01 5.649204254150390625e+01 -4.329376983642578125e+01 1.402909517288208008e+00 5.486821532249450684e-01 -7.431901454925537109e+00
1.557026386260986328e+01 5.650031280517578125e+01 -4.343909835815429688e+01 1.618486881256103516e+00 3.473618626594543457e-01 -7.390620708465576172e+00
1.560280895233154297e+01 5.650958633422851562e+01 -4.357770538330078125e+01 1.554767370223999023e+00 5.307295322418212891e-01 -6.921354770660400391e+00
1.563186550140380859e+01 5.651797103881835938e+01 -4.371385955810546875e+01 1.487232923507690430e+00 3.536773324012756348e-01 -6.767465114593505859e+00
1.566296482086181641e+01 5.652019119262695312e+01 -4.384247589111328125e+01 1.822409033775329590e+00 5.231983587145805359e-02 -6.370305061340332031e+00
1.570134735107421875e+01 5.652460098266601562e+01 -4.396465301513671875e+01 2.027354955673217773e+00 3.996834456920623779e-01 -6.342607021331787109e+00
1.573678302764892578e+01 5.653393173217773438e+01 -4.408907318115234375e+01 1.629080772399902344e+00 5.333971977233886719e-01 -6.214490890502929688e+00
1.576721000671386719e+01 5.654608154296875000e+01 -4.420718765258789062e+01 1.569145321846008301e+00 6.986296176910400391e-01 -5.753638267517089844e+00
1.579681682586669922e+01 5.656094360351562500e+01 -4.431546020507812500e+01 1.446399211883544922e+00 8.091614246368408203e-01 -5.365920066833496094e+00
1.582136631011962891e+01 5.657802581787109375e+01 -4.441817092895507812e+01 1.198185563087463379e+00 8.155388236045837402e-01 -5.102779865264892578e+00
1.584306907653808594e+01 5.659418487548828125e+01 -4.451320266723632812e+01 1.033606410026550293e+00 8.609599471092224121e-01 -4.796508789062500000e+00
1.586302471160888672e+01 5.660798645019531250e+01 -4.460451507568359375e+01 9.849194884300231934e-01 7.607506513595581055e-01 -4.623711585998535156e+00
1.588643932342529297e+01 5.662242507934570312e+01 -4.472838973999023438e+01 1.307961583137512207e+00 1.566255092620849609e-01 -3.891228675842285156e+00
1.591967201232910156e+01 5.662946319580078125e+01 -4.479792785644531250e+01 1.663099288940429688e+00 7.552251815795898438e-01 -3.398935317993164062e+00
1.594881153106689453e+01 5.664319992065429688e+01 -4.486265945434570312e+01 1.413587212562561035e+00 5.848367810249328613e-01 -3.125144958496093750e+00
1.597950935363769531e+01 5.665971755981445312e+01 -4.491640853881835938e+01 1.532517910003662109e+00 1.242402911186218262e+00 -2.517723560333251953e+00
1.600598526000976562e+01 5.668664550781250000e+01 -4.496237182617187500e+01 1.322397708892822266e+00 1.516148686408996582e+00 -2.211975574493408203e+00
1.603299713134765625e+01 5.672425460815429688e+01 -4.500159072875976562e+01 1.411767482757568359e+00 2.145849943161010742e+00 -1.740050435066223145e+00
1.605893898010253906e+01 5.677234268188476562e+01 -4.502930831909179688e+01 1.256680488586425781e+00 2.601920127868652344e+00 -1.149502396583557129e+00
1.608149147033691406e+01 5.682880401611328125e+01 -4.504087066650390625e+01 1.156010270118713379e+00 3.149360656738281250e+00 -1.639191061258316040e-01
1.610337066650390625e+01 5.690247726440429688e+01 -4.504147720336914062e+01 1.128749728202819824e+00 4.443428039550781250e+00 2.170042842626571655e-01
1.612259292602539062e+01 5.700243759155273438e+01 -4.503109741210937500e+01 8.278034329414367676e-01 5.714331150054931641e+00 9.496521353721618652e-01
1.613875770568847656e+01 5.713001251220703125e+01 -4.500761032104492188e+01 1.061547875404357910e+00 7.328786373138427734e+00 1.327829837799072266e+00
1.615851402282714844e+01 5.728919601440429688e+01 -4.498139572143554688e+01 1.135351896286010742e+00 8.898151397705078125e+00 1.208750247955322266e+00
1.618605232238769531e+01 5.747659683227539062e+01 -4.496075057983398438e+01 1.653033971786499023e+00 1.034197235107421875e+01 8.473407030105590820e-01
1.622534751892089844e+01 5.769711303710937500e+01 -4.495067214965820312e+01 2.300556182861328125e+00 1.240830612182617188e+01 1.303680241107940674e-02
1.627274894714355469e+01 5.795582580566406250e+01 -4.496294021606445312e+01 2.453253507614135742e+00 1.374913024902343750e+01 -1.058056592941284180e+00
1.632729530334472656e+01 5.823132324218750000e+01 -4.499099731445312500e+01 3.112084865570068359e+00 1.468954753875732422e+01 -2.114550113677978516e+00
1.638832855224609375e+01 5.852571105957031250e+01 -4.504936981201171875e+01 2.946295976638793945e+00 1.522811508178710938e+01 -3.522059440612792969e+00
1.644398689270019531e+01 5.881921005249023438e+01 -4.513341522216796875e+01 2.803578853607177734e+00 1.490782546997070312e+01 -5.084312438964843750e+00
1.650009727478027344e+01 5.910608291625976562e+01 -4.524151992797851562e+01 3.031931638717651367e+00 1.459855747222900391e+01 -5.976144313812255859e+00
1.656244087219238281e+01 5.938527297973632812e+01 -4.537168502807617188e+01 3.354427814483642578e+00 1.397892189025878906e+01 -7.170204639434814453e+00
1.662996101379394531e+01 5.965462493896484375e+01 -4.552018737792968750e+01 3.456183195114135742e+00 1.356604480743408203e+01 -8.080488204956054688e+00
1.671735382080078125e+01 6.004015350341796875e+01 -4.576797866821289062e+01 2.811340332031250000e+00 1.247998714447021484e+01 -8.829383850097656250e+00
1.677343177795410156e+01 6.027177047729492188e+01 -4.594544982910156250e+01 2.829786062240600586e+00 1.120695209503173828e+01 -9.382966995239257812e+00
1.683318519592285156e+01 6.047607421875000000e+01 -4.613362503051757812e+01 3.288767099380493164e+00 9.969362258911132812e+00 -9.831048011779785156e+00
1.689801979064941406e+01 6.066958236694335938e+01 -4.633004760742187500e+01 3.306658029556274414e+00 9.942150115966796875e+00 -1.022374343872070312e+01
1.696266937255859375e+01 6.086120605468750000e+01 -4.653738021850585938e+01 3.007967710494995117e+00 9.533447265625000000e+00 -1.088206768035888672e+01
1.701974678039550781e+01 6.104114913940429688e+01 -4.675271987915039062e+01 2.937063932418823242e+00 8.881018638610839844e+00 -1.116793632507324219e+01
1.707823371887207031e+01 6.120703887939453125e+01 -4.696911621093750000e+01 2.987363815307617188e+00 8.189680099487304688e+00 -1.120483684539794922e+01
1.713760185241699219e+01 6.136457061767578125e+01 -4.719367218017578125e+01 3.182666540145874023e+00 7.934822082519531250e+00 -1.185680389404296875e+01
1.719965744018554688e+01 6.151615142822265625e+01 -4.742735290527343750e+01 2.993854522705078125e+00 7.592036247253417969e+00 -1.175893688201904297e+01
1.725502204895019531e+01 6.165950775146484375e+01 -4.766027832031250000e+01 2.899659872055053711e+00 7.010996818542480469e+00 -1.227561759948730469e+01
1.730778884887695312e+01 6.179472351074218750e+01 -4.790082168579101562e+01 2.556082248687744141e+00 6.636295795440673828e+00 -1.226967716217041016e+01
1.735361289978027344e+01 6.191986846923828125e+01 -4.814562988281250000e+01 2.459155559539794922e+00 5.769502639770507812e+00 -1.255254745483398438e+01
1.740999984741210938e+01 6.202130126953125000e+01 -4.839286041259765625e+01 3.155471324920654297e+00 5.169395446777343750e+00 -1.274009323120117188e+01
1.746796417236328125e+01 6.211904907226562500e+01 -4.864471054077148438e+01 2.969590187072753906e+00 4.838664054870605469e+00 -1.304325866699218750e+01
1.752631950378417969e+01 6.221587371826171875e+01 -4.890302658081054688e+01 2.950259208679199219e+00 4.941786766052246094e+00 -1.332239627838134766e+01
1.758526229858398438e+01 6.231253051757812500e+01 -4.915999984741210938e+01 2.886737108230590820e+00 5.030681133270263672e+00 -1.330028247833251953e+01
1.764006423950195312e+01 6.240999984741210938e+01 -4.941837692260742188e+01 2.694318532943725586e+00 4.771333694458007812e+00 -1.319204711914062500e+01
1.769103431701660156e+01 6.249316406250000000e+01 -4.967946624755859375e+01 2.800913095474243164e+00 3.590158939361572266e+00 -1.371406841278076172e+01
1.775430679321289062e+01 6.256389999389648438e+01 -4.994898223876953125e+01 3.400203943252563477e+00 3.833462953567504883e+00 -1.371384429931640625e+01
1.781560134887695312e+01 6.263509368896484375e+01 -5.021783828735351562e+01 3.040715217590332031e+00 3.447879076004028320e+00 -1.369574451446533203e+01
1.788109397888183594e+01 6.270783233642578125e+01 -5.048704910278320312e+01 3.298213243484497070e+00 3.873330116271972656e+00 -1.394014549255371094e+01
1.796828269958496094e+01 6.281267547607421875e+01 -5.089922714233398438e+01 2.441984891891479492e+00 3.027041673660278320e+00 -1.419286823272705078e+01
1.801607894897460938e+01 6.286437988281250000e+01 -5.117418289184570312e+01 2.574986696243286133e+00 2.371210813522338867e+00 -1.400478935241699219e+01
1.806761932373046875e+01 6.290679168701171875e+01 -5.144548416137695312e+01 2.714174270629882812e+00 2.144300937652587891e+00 -1.393789291381835938e+01
1.812211418151855469e+01 6.294596862792968750e+01 -5.171565246582031250e+01 2.831820249557495117e+00 1.937352776527404785e+00 -1.382986068725585938e+01
1.818026161193847656e+01 6.299079513549804688e+01 -5.198855209350585938e+01 2.947165250778198242e+00 2.465711355209350586e+00 -1.395343780517578125e+01
1.823593711853027344e+01 6.303176879882812500e+01 -5.225970840454101562e+01 2.766929388046264648e+00 1.689723968505859375e+00 -1.386638164520263672e+01
1.828745841979980469e+01 6.306499862670898438e+01 -5.252896118164062500e+01 2.625553846359252930e+00 1.460277199745178223e+00 -1.374466705322265625e+01
1.833668136596679688e+01 6.308549499511718750e+01 -5.279803848266601562e+01 2.725065231323242188e+00 7.156186699867248535e-01 -1.387890243530273438e+01
1.839469146728515625e+01 6.309639739990234375e+01 -5.307104110717773438e+01 3.063532114028930664e+00 5.329807996749877930e-01 -1.385968589782714844e+01
1.845680809020996094e+01 6.311046981811523438e+01 -5.334264755249023438e+01 3.316544294357299805e+00 8.154281973838806152e-01 -1.391270542144775391e+01
1.851883316040039062e+01 6.312808990478515625e+01 -5.361334228515625000e+01 3.042237043380737305e+00 8.108566403388977051e-01 -1.375403881072998047e+01
1.857302284240722656e+01 6.314517211914062500e+01 -5.388339614868164062e+01 2.478394269943237305e+00 7.389556765556335449e-01 -1.386748600006103516e+01
1.861389923095703125e+01 6.315269470214843750e+01 -5.414886093139648438e+01 1.861106157302856445e+00 -8.980375528335571289e-02 -1.339249515533447266e+01
1.865351295471191406e+01 6.314797592163085938e+01 -5.441081237792968750e+01 2.236354827880859375e+00 -1.819005906581878662e-01 -1.350629138946533203e+01
1.869794273376464844e+01 6.314514160156250000e+01 -5.467150878906250000e+01 2.088888883590698242e+00 -4.243872165679931641e-01 -1.301636314392089844e+01
1.874112129211425781e+01 6.312926864624023438e+01 -5.492592239379882812e+01 2.339713573455810547e+00 -8.338833451271057129e-01 -1.291972255706787109e+01
1.878811645507812500e+01 6.311417388916015625e+01 -5.517309951782226562e+01 2.428286314010620117e+00 -7.555923461914062500e-01 -1.248954963684082031e+01
1.883964157104492188e+01 6.309832382202148438e+01 -5.541862106323242188e+01 2.674361228942871094e+00 -6.975399851799011230e-01 -1.243471717834472656e+01
1.888783645629882812e+01 6.308993148803710938e+01 -5.565864562988281250e+01 2.073557853698730469e+00 -2.321106791496276855e-01 -1.227732658386230469e+01
1.892446136474609375e+01 6.308054351806640625e+01 -5.589300537109375000e+01 1.842955946922302246e+00 -7.983499765396118164e-01 -1.174118900299072266e+01
1.895933723449707031e+01 6.305890274047851562e+01 -5.612654495239257812e+01 2.066936254501342773e+00 -1.111385464668273926e+00 -1.163718986511230469e+01
1.901964950561523438e+01 6.303129959106445312e+01 -5.646434020996093750e+01 2.044084787368774414e+00 -1.127326488494873047e+00 -1.142354583740234375e+01
1.906391143798828125e+01 6.300260543823242188e+01 -5.668423461914062500e+01 2.541645526885986328e+00 -1.377049684524536133e+00 -1.131364631652832031e+01
1.911568260192871094e+01 6.298295974731445312e+01 -5.690097045898437500e+01 2.374093532562255859e+00 -6.333263516426086426e-01 -1.085081768035888672e+01
1.916134262084960938e+01 6.297333526611328125e+01 -5.711303710937500000e+01 2.323462724685668945e+00 -3.344768285751342773e-01 -1.080209827423095703e+01
1.920415687561035156e+01 6.297216033935546875e+01 -5.732112121582031250e+01 2.005811691284179688e+00 2.124415934085845947e-01 -1.076248455047607422e+01
1.924213218688964844e+01 6.297616195678710938e+01 -5.752899932861328125e+01 1.833948612213134766e+00 -6.642138212919235229e-02 -1.053095722198486328e+01
1.927528572082519531e+01 6.297613525390625000e+01 -5.773143768310546875e+01 1.658365845680236816e+00 3.794820308685302734e-01 -1.025553035736083984e+01
1.930323600769042969e+01 6.298712921142578125e+01 -5.793246078491210938e+01 1.470668554306030273e+00 4.968403279781341553e-01 -1.049560260772705078e+01
1.933454513549804688e+01 6.299421310424804688e+01 -5.813776397705078125e+01 1.424948334693908691e+00 1.801375448703765869e-01 -1.048618316650390625e+01
1.936400794982910156e+01 6.299699401855468750e+01 -5.834265136718750000e+01 1.676379323005676270e+00 1.236172839999198914e-01 -1.052123737335205078e+01
1.939695930480957031e+01 6.299596405029296875e+01 -5.854901123046875000e+01 2.124230623245239258e+00 -3.812489286065101624e-02 -1.034272098541259766e+01
1.944882583618164062e+01 6.300501632690429688e+01 -5.875220108032226562e+01 2.594748735427856445e+00 7.195388078689575195e-01 -1.060321140289306641e+01
1.949290466308593750e+01 6.302035140991210938e+01 -5.895813751220703125e+01 2.043328523635864258e+00 8.981670141220092773e-01 -1.056139945983886719e+01
1.953317451477050781e+01 6.304101181030273438e+01 -5.916387557983398438e+01 2.068878412246704102e+00 9.832658171653747559e-01 -1.048933315277099609e+01
1.957125282287597656e+01 6.306247329711914062e+01 -5.937083053588867188e+01 2.043705463409423828e+00 9.563430547714233398e-01 -1.056949043273925781e+01
1.961246490478515625e+01 6.308050537109375000e+01 -5.957623672485351562e+01 2.056874990463256836e+00 7.687846422195434570e-01 -1.060445785522460938e+01
1.965827751159667969e+01 6.309646606445312500e+01 -5.978149795532226562e+01 2.422503948211669922e+00 1.200045585632324219e+00 -1.058059597015380859e+01
1.970194816589355469e+01 6.312141036987304688e+01 -5.998910140991210938e+01 2.249736785888671875e+00 1.257789850234985352e+00 -1.050881576538085938e+01
1.974773406982421875e+01 6.314717483520507812e+01 -6.019185256958007812e+01 2.275845289230346680e+00 1.287839531898498535e+00 -1.027828598022460938e+01
1.979112625122070312e+01 6.317606353759765625e+01 -6.038996124267578125e+01 2.286512851715087891e+00 1.704596042633056641e+00 -1.009032154083251953e+01
1.983283805847167969e+01 6.321421051025390625e+01 -6.058888626098632812e+01 1.834808945655822754e+00 1.888510346412658691e+00 -1.008367919921875000e+01
1.987948989868164062e+01 6.325827407836914062e+01 -6.088804244995117188e+01 1.623047828674316406e+00 1.281931638717651367e+00 -1.024037551879882812e+01
1.991093826293945312e+01 6.328520965576171875e+01 -6.108847427368164062e+01 1.868148207664489746e+00 1.518220663070678711e+00 -1.032526302337646484e+01
1.994888496398925781e+01 6.331278610229492188e+01 -6.129422760009765625e+01 1.936189532279968262e+00 1.485781669616699219e+00 -1.052679061889648438e+01
1.998871040344238281e+01 6.334580993652343750e+01 -6.150043106079101562e+01 2.026217699050903320e+00 2.092434644699096680e+00 -1.085091400146484375e+01
2.003046035766601562e+01 6.338278198242187500e+01 -6.171595764160156250e+01 2.447823762893676758e+00 1.925385951995849609e+00 -1.107077598571777344e+01
2.008518600463867188e+01 6.343293380737304688e+01 -6.193404388427734375e+01 2.823419094085693359e+00 2.945991039276123047e+00 -1.147082614898681641e+01
2.014094924926757812e+01 6.349320602416992188e+01 -6.216175842285156250e+01 2.773056983947753906e+00 2.932107686996459961e+00 -1.166522598266601562e+01
2.019960403442382812e+01 6.354906845092773438e+01 -6.239207839965820312e+01 2.980159997940063477e+00 3.080503702163696289e+00 -1.212155437469482422e+01
2.025136756896972656e+01 6.361329269409179688e+01 -6.262459182739257812e+01 2.677043199539184570e+00 3.358978271484375000e+00 -1.220467758178710938e+01
2.030358314514160156e+01 6.367811965942382812e+01 -6.286541748046875000e+01 2.530472278594970703e+00 3.194480895996093750e+00 -1.228178501129150391e+01
2.035562324523925781e+01 6.374107742309570312e+01 -6.310871505737304688e+01 2.729825496673583984e+00 3.329311847686767578e+00 -1.261426830291748047e+01
2.040407180786132812e+01 6.380401229858398438e+01 -6.335963058471679688e+01 2.304139375686645508e+00 2.999967575073242188e+00 -1.318718624114990234e+01
2.045530509948730469e+01 6.385986328125000000e+01 -6.361575698852539062e+01 2.797388315200805664e+00 3.041895389556884766e+00 -1.311478996276855469e+01
2.051401329040527344e+01 6.392367935180664062e+01 -6.387677383422851562e+01 3.307905912399291992e+00 3.436900377273559570e+00 -1.326681900024414062e+01
2.057549667358398438e+01 6.399984741210937500e+01 -6.414183044433593750e+01 2.591676473617553711e+00 4.152709484100341797e+00 -1.369991397857666016e+01
2.062365341186523438e+01 6.407471466064453125e+01 -6.441077423095703125e+01 2.600925207138061523e+00 3.359381437301635742e+00 -1.393844413757324219e+01
2.067076492309570312e+01 6.413831329345703125e+01 -6.468126678466796875e+01 2.187221765518188477e+00 3.130832672119140625e+00 -1.395019245147705078e+01
2.071043777465820312e+01 6.419528198242187500e+01 -6.495742797851562500e+01 2.119731426239013672e+00 2.727950096130371094e+00 -1.416592025756835938e+01
2.075868606567382812e+01 6.424230194091796875e+01 -6.523367309570312500e+01 2.828888654708862305e+00 2.306998252868652344e+00 -1.407751369476318359e+01
2.081207466125488281e+01 6.428794097900390625e+01 -6.550835418701171875e+01 2.545984506607055664e+00 2.317280530929565430e+00 -1.422170829772949219e+01
2.086552429199218750e+01 6.432816314697265625e+01 -6.578707122802734375e+01 3.115493774414062500e+00 1.996628165245056152e+00 -1.405289649963378906e+01
2.095825004577636719e+01 6.438154602050781250e+01 -6.620928192138671875e+01 3.172264814376831055e+00 1.812385439872741699e+00 -1.466450405120849609e+01
2.102715682983398438e+01 6.441859436035156250e+01 -6.649297332763671875e+01 3.616954565048217773e+00 2.024677753448486328e+00 -1.448875045776367188e+01
2.109455871582031250e+01 6.446469116210937500e+01 -6.677784729003906250e+01 3.420493364334106445e+00 2.482689142227172852e+00 -1.464448451995849609e+01
2.116107368469238281e+01 6.451065063476562500e+01 -6.705724334716796875e+01 3.453225135803222656e+00 2.357053756713867188e+00 -1.413936901092529297e+01
2.121942901611328125e+01 6.455744934082031250e+01 -6.733692932128906250e+01 2.581906080245971680e+00 2.448871135711669922e+00 -1.451260280609130859e+01
2.126986694335937500e+01 6.459961700439453125e+01 -6.761872863769531250e+01 2.887062072753906250e+00 2.026298522949218750e+00 -1.435288715362548828e+01
2.132954597473144531e+01 6.464234161376953125e+01 -6.789300537109375000e+01 3.046335458755493164e+00 2.326185226440429688e+00 -1.413564109802246094e+01
2.138281822204589844e+01 6.468455505371093750e+01 -6.817072296142578125e+01 2.542289018630981445e+00 1.992117524147033691e+00 -1.408938884735107422e+01
2.143388175964355469e+01 6.472615051269531250e+01 -6.844272613525390625e+01 2.481344699859619141e+00 2.533429384231567383e+00 -1.397405147552490234e+01
2.147994804382324219e+01 6.477276611328125000e+01 -6.871281433105468750e+01 2.577918529510498047e+00 2.069416046142578125e+00 -1.395456504821777344e+01
2.152923393249511719e+01 6.481440734863281250e+01 -6.898765563964843750e+01 2.384971141815185547e+00 2.212946414947509766e+00 -1.369450092315673828e+01
2.157098770141601562e+01 6.486325836181640625e+01 -6.925402832031250000e+01 1.932024121284484863e+00 2.486673593521118164e+00 -1.373863124847412109e+01
2.161005020141601562e+01 6.490228271484375000e+01 -6.952661132812500000e+01 2.208122491836547852e+00 1.826574802398681641e+00 -1.399372005462646484e+01
2.165400886535644531e+01 6.493578338623046875e+01 -6.980059051513671875e+01 2.173013925552368164e+00 1.680404305458068848e+00 -1.402104187011718750e+01
2.169869804382324219e+01 6.496488189697265625e+01 -7.007209777832031250e+01 2.597520828247070312e+00 1.744683980941772461e+00 -1.393783473968505859e+01
2.175711059570312500e+01 6.500533294677734375e+01 -7.034546661376953125e+01 3.102900981903076172e+00 2.225399017333984375e+00 -1.393667793273925781e+01
2.181347274780273438e+01 6.505014038085937500e+01 -7.062020111083984375e+01 2.872500658035278320e+00 2.360476493835449219e+00 -1.407699394226074219e+01
2.187637329101562500e+01 6.510195159912109375e+01 -7.089419555664062500e+01 3.402760028839111328e+00 2.701436042785644531e+00 -1.402872562408447266e+01
2.193832397460937500e+01 6.515593719482421875e+01 -7.116816711425781250e+01 3.070663452148437500e+00 2.718455076217651367e+00 -1.382631206512451172e+01
2.199766349792480469e+01 6.521732330322265625e+01 -7.143968200683593750e+01 2.961008787155151367e+00 3.378377199172973633e+00 -1.377349948883056641e+01
2.208189773559570312e+01 6.531383514404296875e+01 -7.185018920898437500e+01 2.835686922073364258e+00 3.247232198715209961e+00 -1.412134361267089844e+01
2.213109397888183594e+01 6.537482452392578125e+01 -7.212864685058593750e+01 2.281596422195434570e+00 2.909594297409057617e+00 -1.423623847961425781e+01
2.217765998840332031e+01 6.543255615234375000e+01 -7.240771484375000000e+01 2.673486709594726562e+00 3.036157369613647461e+00 -1.425389575958251953e+01
2.223208999633789062e+01 6.548558807373046875e+01 -7.268875885009765625e+01 2.429655790328979492e+00 2.176899909973144531e+00 -1.422134590148925781e+01
2.227594184875488281e+01 6.551976013183593750e+01 -7.296688079833984375e+01 2.506149291992187500e+00 1.785207390785217285e+00 -1.428986930847167969e+01
2.232475471496582031e+01 6.555679321289062500e+01 -7.324855041503906250e+01 2.402331590652465820e+00 1.947410345077514648e+00 -1.457749176025390625e+01
2.237585449218750000e+01 6.558373260498046875e+01 -7.352711486816406250e+01 3.040177583694458008e+00 1.176988244056701660e+00 -1.420375537872314453e+01
2.243769645690917969e+01 6.560601043701171875e+01 -7.380271148681640625e+01 3.061176061630249023e+00 1.312510848045349121e+00 -1.410870361328125000e+01
2.249647712707519531e+01 6.563085937500000000e+01 -7.407671356201171875e+01 3.303440570831298828e+00 1.188290715217590332e+00 -1.378808307647705078e+01
2.255891990661621094e+01 6.565803527832031250e+01 -7.434543609619140625e+01 2.904730796813964844e+00 1.630045652389526367e+00 -1.397755241394042969e+01
2.261315536499023438e+01 6.568883514404296875e+01 -7.461826324462890625e+01 2.577819585800170898e+00 1.377363801002502441e+00 -1.403127765655517578e+01
2.265956115722656250e+01 6.571450042724609375e+01 -7.488626098632812500e+01 2.336363077163696289e+00 1.112367987632751465e+00 -1.336725234985351562e+01
2.270586585998535156e+01 6.573939514160156250e+01 -7.514753723144531250e+01 2.352786302566528320e+00 1.426359295845031738e+00 -1.313298892974853516e+01
2.274756813049316406e+01 6.576029968261718750e+01 -7.539891815185546875e+01 2.039315700531005859e+00 4.829504191875457764e-01 -1.285545349121093750e+01
2.278561973571777344e+01 6.576487731933593750e+01 -7.564731597900390625e+01 1.801226139068603516e+00 1.877893060445785522e-01 -1.280511569976806641e+01
2.282464408874511719e+01 6.576785278320312500e+01 -7.589389038085937500e+01 2.040939807891845703e+00 1.599630713462829590e-01 -1.250893211364746094e+01
2.286863708496093750e+01 6.576811218261718750e+01 -7.613848876953125000e+01 2.476414442062377930e+00 -1.142052933573722839e-01 -1.255727767944335938e+01
2.291927719116210938e+01 6.577175903320312500e+01 -7.637537384033203125e+01 2.524216175079345703e+00 2.894579172134399414e-01 -1.205068397521972656e+01
2.296916007995605469e+01 6.577837371826171875e+01 -7.660688018798828125e+01 2.702790260314941406e+00 5.317448377609252930e-01 -1.175041198730468750e+01
2.301853942871093750e+01 6.579282379150390625e+01 -7.683694458007812500e+01 2.219551086425781250e+00 7.640184760093688965e-01 -1.163680839538574219e+01
2.305941963195800781e+01 6.580818176269531250e+01 -7.706493377685546875e+01 1.925498008728027344e+00 6.830530762672424316e-01 -1.160086917877197266e+01
2.311774253845214844e+01 6.582325744628906250e+01 -7.739547729492187500e+01 2.194574594497680664e+00 3.150435984134674072e-01 -1.101956558227539062e+01
2.316320610046386719e+01 6.583109283447265625e+01 -7.761203765869140625e+01 2.429140329360961914e+00 3.746747076511383057e-01 -1.103556251525878906e+01
2.320963478088378906e+01 6.583908843994140625e+01 -7.782492828369140625e+01 2.338653326034545898e+00 7.112760543823242188e-01 -1.097904872894287109e+01
2.325296974182128906e+01 6.585253906250000000e+01 -7.803730773925781250e+01 2.005516529083251953e+00 5.896218419075012207e-01 -1.074875068664550781e+01
2.329406738281250000e+01 6.585929870605468750e+01 -7.824451446533203125e+01 2.138259410858154297e+00 1.725962907075881958e-01 -1.060440254211425781e+01
2.333559989929199219e+01 6.586500549316406250e+01 -7.844976806640625000e+01 1.777953863143920898e+00 4.671964645385742188e-01 -1.051967716217041016e+01
2.336269760131835938e+01 6.587387084960937500e+01 -7.865675354003906250e+01 1.478210806846618652e+00 4.188930690288543701e-01 -1.049875736236572266e+01
2.339813613891601562e+01 6.588279724121093750e+01 -7.886059570312500000e+01 1.985265493392944336e+00 2.984279096126556396e-01 -1.015055179595947266e+01
2.344325065612792969e+01 6.588652038574218750e+01 -7.905970764160156250e+01 2.214253664016723633e+00 2.414319813251495361e-01 -1.021172046661376953e+01
2.348312950134277344e+01 6.589378356933593750e+01 -7.925624084472656250e+01 1.858740687370300293e+00 2.073628902435302734e-01 -9.925045967102050781e+00
2.352167510986328125e+01 6.589812469482421875e+01 -7.945111083984375000e+01 2.010721683502197266e+00 5.622556209564208984e-01 -9.681809425354003906e+00
2.356102371215820312e+01 6.590803527832031250e+01 -7.964528656005859375e+01 1.978193044662475586e+00 1.106808185577392578e-01 -1.013304519653320312e+01
2.359781837463378906e+01 6.590908813476562500e+01 -7.983737945556640625e+01 2.126357793807983398e+00 2.147335791960358620e-03 -9.530291557312011719e+00
2.364060401916503906e+01 6.591191101074218750e+01 -8.002532196044921875e+01 2.061935663223266602e+00 3.293489515781402588e-01 -9.786581039428710938e+00
2.368195724487304688e+01 6.592337799072265625e+01 -8.021458435058593750e+01 2.047494411468505859e+00 6.062906980514526367e-01 -9.525170326232910156e+00
2.372018814086914062e+01 6.593867492675781250e+01 -8.040214538574218750e+01 1.660154938697814941e+00 8.124725818634033203e-01 -9.493520736694335938e+00
2.375023651123046875e+01 6.595534515380859375e+01 -8.058445739746093750e+01 1.635994791984558105e+00 1.265754342079162598e+00 -9.392669677734375000e+00
2.378412818908691406e+01 6.597177886962890625e+01 -8.076645660400390625e+01 1.847218871116638184e+00 8.217869400978088379e-01 -9.286442756652832031e+00
2.382305526733398438e+01 6.598812866210937500e+01 -8.094670867919921875e+01 2.145693778991699219e+00 7.656497955322265625e-01 -9.111385345458984375e+00
2.386225128173828125e+01 6.600260162353515625e+01 -8.112237548828125000e+01 2.137799501419067383e+00 8.220063447952270508e-01 -8.961757659912109375e+00
2.390545082092285156e+01 6.601567077636718750e+01 -8.129678344726562500e+01 2.360369682312011719e+00 7.795497775077819824e-01 -8.850830078125000000e+00
2.397233009338378906e+01 6.605300140380859375e+01 -8.155958557128906250e+01 1.958361506462097168e+00 1.328684329986572266e+00 -8.997235298156738281e+00
2.401324653625488281e+01 6.607350921630859375e+01 -8.173261260986328125e+01 2.447936773300170898e+00 1.342697262763977051e+00 -8.906513214111328125e+00
2.405758094787597656e+01 6.611307525634765625e+01 -8.190901947021484375e+01 2.035225868225097656e+00 2.049593925476074219e+00 -9.073105812072753906e+00
2.410180091857910156e+01 6.614917755126953125e+01 -8.208443450927734375e+01 2.218491554260253906e+00 1.804331302642822266e+00 -9.147356986999511719e+00
2.413725852966308594e+01 6.618995666503906250e+01 -8.226024627685546875e+01 1.471743345260620117e+00 2.240015268325805664e+00 -9.152227401733398438e+00
2.416552162170410156e+01 6.623221588134765625e+01 -8.243569183349609375e+01 1.368453979492187500e+00 2.280069589614868164e+00 -8.792083740234375000e+00
2.419149971008300781e+01 6.627259063720703125e+01 -8.260971069335937500e+01 1.105677247047424316e+00 1.997642159461975098e+00 -8.924341201782226562e+00
2.421212196350097656e+01 6.630785369873046875e+01 -8.278327941894531250e+01 1.210179805755615234e+00 1.754293680191040039e+00 -8.957971572875976562e+00
2.424007415771484375e+01 6.633603668212890625e+01 -8.296024322509765625e+01 1.648112177848815918e+00 1.373304843902587891e+00 -9.010145187377929688e+00
2.427623176574707031e+01 6.636576080322265625e+01 -8.313790893554687500e+01 2.131871700286865234e+00 1.839501261711120605e+00 -9.060870170593261719e+00
2.432373809814453125e+01 6.640097045898437500e+01 -8.331565093994140625e+01 2.327800750732421875e+00 1.687040448188781738e+00 -9.203505516052246094e+00
2.437449455261230469e+01 6.643103027343750000e+01 -8.349751281738281250e+01 2.723799467086791992e+00 1.751162171363830566e+00 -9.228615760803222656e+00
2.442907333374023438e+01 6.647425842285156250e+01 -8.368270111083984375e+01 2.933472156524658203e+00 2.628117322921752930e+00 -9.552263259887695312e+00
2.448410224914550781e+01 6.652803039550781250e+01 -8.386732482910156250e+01 2.808734178543090820e+00 2.482165336608886719e+00 -9.536485671997070312e+00
2.454307556152343750e+01 6.658363342285156250e+01 -8.405768585205078125e+01 2.876101732254028320e+00 3.192190647125244141e+00 -9.567586898803710938e+00
2.458618164062500000e+01 6.665255737304687500e+01 -8.424648284912109375e+01 1.882288217544555664e+00 3.380877017974853516e+00 -9.890641212463378906e+00
2.462340164184570312e+01 6.671646118164062500e+01 -8.444415283203125000e+01 2.021156311035156250e+00 3.348326444625854492e+00 -1.013685798645019531e+01
2.466132736206054688e+01 6.678051757812500000e+01 -8.464186096191406250e+01 1.506711959838867188e+00 2.982726812362670898e+00 -1.008521270751953125e+01
2.468532371520996094e+01 6.683008575439453125e+01 -8.483405303955078125e+01 1.299266576766967773e+00 2.430768489837646484e+00 -9.983713150024414062e+00
2.471283340454101562e+01 6.687619018554687500e+01 -8.503134918212890625e+01 1.655501604080200195e+00 2.216543197631835938e+00 -1.005127811431884766e+01
2.474124145507812500e+01 6.691477966308593750e+01 -8.522878265380859375e+01 1.546016097068786621e+00 1.830922603607177734e+00 -1.019010543823242188e+01
2.479569435119628906e+01 6.696976470947265625e+01 -8.552931976318359375e+01 2.251492977142333984e+00 1.870438456535339355e+00 -1.011615371704101562e+01
2.484412956237792969e+01 6.699984741210937500e+01 -8.573007965087890625e+01 2.538005828857421875e+00 1.545814633369445801e+00 -1.023381328582763672e+01
2.489218330383300781e+01 6.703817749023437500e+01 -8.593300628662109375e+01 2.386697053909301758e+00 2.317402124404907227e+00 -1.056351947784423828e+01
2.494594383239746094e+01 6.707831573486328125e+01 -8.614102935791015625e+01 3.004672050476074219e+00 1.815489649772644043e+00 -1.058701515197753906e+01
2.500302696228027344e+01 6.712078094482421875e+01 -8.635195159912109375e+01 2.527967929840087891e+00 2.386015176773071289e+00 -1.065743637084960938e+01
2.504691505432128906e+01 6.716835021972656250e+01 -8.655916595458984375e+01 2.381939411163330078e+00 2.120400905609130859e+00 -1.073782157897949219e+01
2.509610176086425781e+01 6.720997619628906250e+01 -8.676865386962890625e+01 2.567792177200317383e+00 2.365364074707031250e+00 -1.079877471923828125e+01
2.514199447631835938e+01 6.725434112548828125e+01 -8.698438262939453125e+01 2.017598867416381836e+00 2.245385885238647461e+00 -1.088901615142822266e+01
2.518214416503906250e+01 6.729491424560546875e+01 -8.720001983642578125e+01 2.348413467407226562e+00 2.013279199600219727e+00 -1.098302364349365234e+01
2.522527694702148438e+01 6.733601379394531250e+01 -8.741658782958984375e+01 2.239730119705200195e+00 2.197475433349609375e+00 -1.120926761627197266e+01
2.526748466491699219e+01 6.737387084960937500e+01 -8.763427734375000000e+01 1.998384118080139160e+00 1.442788362503051758e+00 -1.116547203063964844e+01
2.530850601196289062e+01 6.739967346191406250e+01 -8.785527801513671875e+01 2.282358169555664062e+00 1.498393058776855469e+00 -1.130539512634277344e+01
2.535693550109863281e+01 6.743282318115234375e+01 -8.807722473144531250e+01 2.545376062393188477e+00 1.496543645858764648e+00 -1.134265804290771484e+01
2.540972900390625000e+01 6.745505523681640625e+01 -8.829780578613281250e+01 2.864335298538208008e+00 1.016807436943054199e+00 -1.140180110931396484e+01
2.546735191345214844e+01 6.748347473144531250e+01 -8.851908874511718750e+01 2.627136707305908203e+00 1.816594004631042480e+00 -1.142655849456787109e+01
2.551534271240234375e+01 6.752156066894531250e+01 -8.873894500732421875e+01 2.465058326721191406e+00 1.897150516510009766e+00 -1.129588985443115234e+01
2.556239891052246094e+01 6.755976104736328125e+01 -8.895766448974609375e+01 2.003049850463867188e+00 2.020831584930419922e+00 -1.116428565979003906e+01
2.559634399414062500e+01 6.759835815429687500e+01 -8.917341613769531250e+01 2.125536203384399414e+00 1.983244061470031738e+00 -1.091273784637451172e+01
2.564427757263183594e+01 6.764247131347656250e+01 -8.938992309570312500e+01 2.448334693908691406e+00 2.279912948608398438e+00 -1.116646099090576172e+01
2.568686294555664062e+01 6.768423461914062500e+01 -8.960607147216796875e+01 1.934031128883361816e+00 2.047436952590942383e+00 -1.119010353088378906e+01
2.572696495056152344e+01 6.772541046142578125e+01 -8.981996154785156250e+01 2.242215633392333984e+00 2.169505834579467773e+00 -1.087542247772216797e+01
2.579441261291503906e+01 6.779528808593750000e+01 -9.014202117919921875e+01 2.197104215621948242e+00 2.063760757446289062e+00 -1.110260486602783203e+01
2.583453369140625000e+01 6.783336639404296875e+01 -9.035901641845703125e+01 1.955121636390686035e+00 1.805207729339599609e+00 -1.095555877685546875e+01
2.587457847595214844e+01 6.786464691162109375e+01 -9.057019805908203125e+01 2.346158981323242188e+00 1.573541879653930664e+00 -1.070256328582763672e+01
2.592250061035156250e+01 6.789288330078125000e+01 -9.078182983398437500e+01 2.417137622833251953e+00 1.047432184219360352e+00 -1.078218078613281250e+01
2.597294998168945312e+01 6.791441345214843750e+01 -9.099585723876953125e+01 2.607178688049316406e+00 1.433370828628540039e+00 -1.106302070617675781e+01
2.602036857604980469e+01 6.794400787353515625e+01 -9.120927429199218750e+01 2.302081823348999023e+00 1.333056926727294922e+00 -1.066587638854980469e+01
2.606719398498535156e+01 6.797461700439453125e+01 -9.142127990722656250e+01 2.754112720489501953e+00 1.872146844863891602e+00 -1.069083976745605469e+01
2.612026214599609375e+01 6.800163269042968750e+01 -9.163119506835937500e+01 2.751187324523925781e+00 1.196822285652160645e+00 -1.079530048370361328e+01
2.617535591125488281e+01 6.802536010742187500e+01 -9.184056091308593750e+01 2.795710325241088867e+00 1.398953199386596680e+00 -1.062364768981933594e+01
2.622754859924316406e+01 6.805381011962890625e+01 -9.204531097412109375e+01 2.495160579681396484e+00 1.629498004913330078e+00 -1.029906082153320312e+01
2.627883720397949219e+01 6.809034729003906250e+01 -9.224886322021484375e+01 2.818090200424194336e+00 2.096420764923095703e+00 -1.025901317596435547e+01
2.633278083801269531e+01 6.813629913330078125e+01 -9.244653320312500000e+01 2.629284381866455078e+00 2.686985254287719727e+00 -9.925189018249511719e+00
2.638036918640136719e+01 6.818489837646484375e+01 -9.263984680175781250e+01 2.347888231277465820e+00 2.358583688735961914e+00 -9.808694839477539062e+00
2.641924858093261719e+01 6.823304748535156250e+01 -9.283123016357421875e+01 1.752419590950012207e+00 2.565630912780761719e+00 -9.702654838562011719e+00
2.645476341247558594e+01 6.827997589111328125e+01 -9.301955413818359375e+01 1.627392530441284180e+00 2.230510711669921875e+00 -9.813058853149414062e+00
2.648306846618652344e+01 6.831343841552734375e+01 -9.320657348632812500e+01 1.607612371444702148e+00 1.591319203376770020e+00 -9.284898757934570312e+00
2.651243782043457031e+01 6.834824371337890625e+01 -9.338571166992187500e+01 1.359425187110900879e+00 1.723032951354980469e+00 -9.257722854614257812e+00
2.653676033020019531e+01 6.838178253173828125e+01 -9.356579589843750000e+01 1.204685568809509277e+00 1.667239546775817871e+00 -9.155634880065917969e+00
2.655578422546386719e+01 6.841222381591796875e+01 -9.374581909179687500e+01 1.051000833511352539e+00 1.303717613220214844e+00 -9.133095741271972656e+00
2.657715034484863281e+01 6.843512725830078125e+01 -9.392167663574218750e+01 1.293648242950439453e+00 1.143523931503295898e+00 -9.062041282653808594e+00
2.660658454895019531e+01 6.845467376708984375e+01 -9.409559631347656250e+01 1.675628304481506348e+00 8.120877146720886230e-01 -8.798396110534667969e+00
2.665603256225585938e+01 6.847711944580078125e+01 -9.434913635253906250e+01 1.748389124870300293e+00 6.852656602859497070e-01 -8.425166130065917969e+00
2.669709587097167969e+01 6.848918151855468750e+01 -9.451511383056640625e+01 2.450865268707275391e+00 5.352053046226501465e-01 -8.547920227050781250e+00
2.674617385864257812e+01 6.850762939453125000e+01 -9.467686462402343750e+01 2.435508728027343750e+00 1.191259622573852539e+00 -8.105357170104980469e+00
2.679555702209472656e+01 6.852943420410156250e+01 -9.483852386474609375e+01 2.796015977859497070e+00 1.135105013847351074e+00 -8.248686790466308594e+00
2.685357666015625000e+01 6.855901336669921875e+01 -9.499885559082031250e+01 3.004638433456420898e+00 1.653217077255249023e+00 -7.835585594177246094e+00
2.691563034057617188e+01 6.858939361572265625e+01 -9.515358734130859375e+01 3.213922500610351562e+00 1.652118563652038574e+00 -8.137086868286132812e+00
2.697853851318359375e+01 6.863253021240234375e+01 -9.531390380859375000e+01 3.072211980819702148e+00 2.844423055648803711e+00 -8.023434638977050781e+00
2.703605651855468750e+01 6.869224548339843750e+01 -9.546812438964843750e+01 2.737100124359130859e+00 3.382015466690063477e+00 -7.766972541809082031e+00
2.708777427673339844e+01 6.876372528076171875e+01 -9.561984252929687500e+01 2.501680850982666016e+00 3.708177566528320312e+00 -7.877616405487060547e+00
2.713168334960937500e+01 6.883687591552734375e+01 -9.577345275878906250e+01 1.901160001754760742e+00 3.884259223937988281e+00 -7.773365020751953125e+00
2.716539382934570312e+01 6.891429901123046875e+01 -9.593055725097656250e+01 1.522524476051330566e+00 3.709288597106933594e+00 -8.077926635742187500e+00
2.718094062805175781e+01 6.898939514160156250e+01 -9.608432769775390625e+01 1.449746936559677124e-01 3.675900936126708984e+00 -7.915321350097656250e+00
2.718197059631347656e+01 6.905365753173828125e+01 -9.624104309082031250e+01 1.891631186008453369e-01 3.076821565628051758e+00 -8.105896949768066406e+00
2.718799400329589844e+01 6.910990142822265625e+01 -9.639905548095703125e+01 4.562479853630065918e-01 2.882098674774169922e+00 -8.002876281738281250e+00
2.719746589660644531e+01 6.915855407714843750e+01 -9.655379486083984375e+01 4.767935574054718018e-01 2.260317325592041016e+00 -8.015314102172851562e+00
2.721121597290039062e+01 6.919290161132812500e+01 -9.671209716796875000e+01 1.109618425369262695e+00 1.522427439689636230e+00 -7.792527675628662109e+00
2.723620223999023438e+01 6.922438812255859375e+01 -9.686389160156250000e+01 1.596453785896301270e+00 1.806347489356994629e+00 -7.910851955413818359e+00
2.727584648132324219e+01 6.925913238525390625e+01 -9.702083587646484375e+01 2.323535203933715820e+00 1.832320690155029297e+00 -7.998016357421875000e+00
2.732679939270019531e+01 6.929911804199218750e+01 -9.717662811279296875e+01 2.800566911697387695e+00 2.201707601547241211e+00 -8.087306976318359375e+00
2.738281822204589844e+01 6.934940338134765625e+01 -9.733335113525390625e+01 3.147006511688232422e+00 2.840534448623657227e+00 -8.130298614501953125e+00
2.748701286315917969e+01 6.944019317626953125e+01 -9.757420349121093750e+01 3.871352910995483398e+00 3.501933813095092773e+00 -8.157967567443847656e+00
2.756277847290039062e+01 6.951619720458984375e+01 -9.773380279541015625e+01 3.666751146316528320e+00 4.176865577697753906e+00 -8.210093498229980469e+00
2.762747192382812500e+01 6.960742187500000000e+01 -9.789717864990234375e+01 3.019203901290893555e+00 4.968790054321289062e+00 -8.578019142150878906e+00
2.768812370300292969e+01 6.970644378662109375e+01 -9.806713867187500000e+01 3.148751258850097656e+00 5.132867336273193359e+00 -9.010263442993164062e+00
2.775097656250000000e+01 6.981014251708984375e+01 -9.824057769775390625e+01 3.172185182571411133e+00 5.714325428009033203e+00 -8.852048873901367188e+00
2.780260848999023438e+01 6.992156982421875000e+01 -9.842022705078125000e+01 2.538937807083129883e+00 5.452644348144531250e+00 -9.441181182861328125e+00
2.784645843505859375e+01 7.003115081787109375e+01 -9.860224151611328125e+01 2.040757656097412109e+00 5.395660400390625000e+00 -9.715853691101074219e+00
2.788007926940917969e+01 7.013378143310546875e+01 -9.879019927978515625e+01 1.474094986915588379e+00 5.129065513610839844e+00 -9.412925720214843750e+00
2.790896034240722656e+01 7.022793579101562500e+01 -9.897953796386718750e+01 1.484077215194702148e+00 4.526953220367431641e+00 -9.563576698303222656e+00
2.793676376342773438e+01 7.031449127197265625e+01 -9.916930389404296875e+01 1.402229070663452148e+00 4.216997146606445312e+00 -9.801078796386718750e+00
2.796202468872070312e+01 7.039117431640625000e+01 -9.936042785644531250e+01 1.365937590599060059e+00 3.608962774276733398e+00 -9.870237350463867188e+00
2.799386978149414062e+01 7.046070098876953125e+01 -9.955255126953125000e+01 1.426467061042785645e+00 3.597706794738769531e+00 -9.921001434326171875e+00
2.802645683288574219e+01 7.052143859863281250e+01 -9.974623107910156250e+01 2.106132507324218750e+00 2.724128723144531250e+00 -1.002076053619384766e+01
2.807266235351562500e+01 7.057592010498046875e+01 -9.994409179687500000e+01 2.340050220489501953e+00 2.970560073852539062e+00 -1.015028858184814453e+01
2.811793518066406250e+01 7.063278961181640625e+01 -1.001422653198242188e+02 2.375018835067749023e+00 2.953451395034790039e+00 -1.014575099945068359e+01
2.816041374206542969e+01 7.069212341308593750e+01 -1.003428497314453125e+02 1.959041595458984375e+00 2.889734029769897461e+00 -1.025602054595947266e+01
2.820528030395507812e+01 7.074529266357421875e+01 -1.005426940917968750e+02 2.715788125991821289e+00 2.716127872467041016e+00 -1.014864444732666016e+01
2.825975608825683594e+01 7.080200195312500000e+01 -1.007414093017578125e+02 2.721135139465332031e+00 2.913863897323608398e+00 -1.021469211578369141e+01
2.831729125976562500e+01 7.086019897460937500e+01 -1.009413909912109375e+02 3.150282144546508789e+00 3.009290695190429688e+00 -1.038349628448486328e+01
2.837991905212402344e+01 7.092089080810546875e+01 -1.011438827514648438e+02 3.051532030105590820e+00 3.189090251922607422e+00 -1.027469730377197266e+01
2.844392204284667969e+01 7.098447418212890625e+01 -1.013459777832031250e+02 3.591830492019653320e+00 3.405227899551391602e+00 -1.035154914855957031e+01
2.855045127868652344e+01 7.109221649169921875e+01 -1.016514129638671875e+02 3.281232833862304688e+00 3.600522279739379883e+00 -1.043793392181396484e+01
2.861110305786132812e+01 7.116452026367187500e+01 -1.018553619384765625e+02 3.168664455413818359e+00 4.041382789611816406e+00 -1.055850887298583984e+01
2.867494964599609375e+01 7.124780273437500000e+01 -1.020599288940429688e+02 3.063590764999389648e+00 4.307997226715087891e+00 -1.052078533172607422e+01
2.872871398925781250e+01 7.133314514160156250e+01 -1.022661819458007812e+02 2.591144800186157227e+00 4.565079689025878906e+00 -1.056733226776123047e+01
2.877215576171875000e+01 7.142913818359375000e+01 -1.024774169921875000e+02 1.882726073265075684e+00 4.673249244689941406e+00 -1.104924011230468750e+01
2.880840492248535156e+01 7.151281738281250000e+01 -1.026861648559570312e+02 1.910863518714904785e+00 4.025528907775878906e+00 -1.060898685455322266e+01
2.883877182006835938e+01 7.159103393554687500e+01 -1.028919754028320312e+02 1.138438105583190918e+00 4.157099723815917969e+00 -1.059779739379882812e+01
2.885238265991210938e+01 7.166796112060546875e+01 -1.031004257202148438e+02 7.061851620674133301e-01 3.436225175857543945e+00 -1.046981239318847656e+01
2.886823081970214844e+01 7.172726440429687500e+01 -1.033051605224609375e+02 1.004236221313476562e+00 2.734955310821533203e+00 -1.068404579162597656e+01
2.888770675659179688e+01 7.177494049072265625e+01 -1.035125808715820312e+02 1.191758751869201660e+00 2.128316164016723633e+00 -1.061654758453369141e+01
2.891693305969238281e+01 7.181105041503906250e+01 -1.037167129516601562e+02 1.857076764106750488e+00 1.649745106697082520e+00 -1.035862255096435547e+01
2.895667648315429688e+01 7.184334564208984375e+01 -1.039171905517578125e+02 2.144515037536621094e+00 1.785825014114379883e+00 -1.032581996917724609e+01
2.900016403198242188e+01 7.187567138671875000e+01 -1.041244201660156250e+02 2.735696315765380859e+00 1.554409623146057129e+00 -1.050254821777343750e+01
2.906069374084472656e+01 7.191024780273437500e+01 -1.043285980224609375e+02 3.246276378631591797e+00 2.006625652313232422e+00 -1.033736991882324219e+01
2.912487983703613281e+01 7.194196319580078125e+01 -1.045356216430664062e+02 3.587777853012084961e+00 1.780562281608581543e+00 -1.074030780792236328e+01
2.920235061645507812e+01 7.198700714111328125e+01 -1.047450866699218750e+02 4.178237438201904297e+00 2.799825191497802734e+00 -1.076693248748779297e+01
2.928057098388671875e+01 7.204785156250000000e+01 -1.049568328857421875e+02 4.040904521942138672e+00 3.204336166381835938e+00 -1.086139011383056641e+01
2.936106300354003906e+01 7.211663055419921875e+01 -1.051720352172851562e+02 3.834996461868286133e+00 3.866847753524780273e+00 -1.105690860748291016e+01
2.943108367919921875e+01 7.219458007812500000e+01 -1.053851547241210938e+02 3.119663000106811523e+00 3.911458730697631836e+00 -1.083082008361816406e+01
2.949417686462402344e+01 7.227299499511718750e+01 -1.056000823974609375e+02 3.020651817321777344e+00 4.146760463714599609e+00 -1.087847042083740234e+01
2.954175186157226562e+01 7.235628509521484375e+01 -1.058098297119140625e+02 2.146726846694946289e+00 4.345565319061279297e+00 -1.057207012176513672e+01
2.958761978149414062e+01 7.247226715087890625e+01 -1.061173400878906250e+02 1.423194646835327148e+00 3.716178178787231445e+00 -1.035848617553710938e+01
2.961358642578125000e+01 7.254170989990234375e+01 -1.063182601928710938e+02 9.355425834655761719e-01 3.348080873489379883e+00 -1.035058307647705078e+01
2.963493728637695312e+01 7.260517883300781250e+01 -1.065186996459960938e+02 1.388562560081481934e+00 3.181433200836181641e+00 -1.035628700256347656e+01
2.966315650939941406e+01 7.266424560546875000e+01 -1.067206726074218750e+02 1.214781522750854492e+00 2.878241539001464844e+00 -1.008839702606201172e+01
2.968175125122070312e+01 7.271758270263671875e+01 -1.069157333374023438e+02 1.108794689178466797e+00 2.418703556060791016e+00 -1.016204929351806641e+01
2.971050643920898438e+01 7.276073455810546875e+01 -1.071125869750976562e+02 1.644523024559020996e+00 2.320165872573852539e+00 -9.940318107604980469e+00
2.974486541748046875e+01 7.280762481689453125e+01 -1.073073501586914062e+02 1.950583219528198242e+00 2.354363203048706055e+00 -1.005632209777832031e+01
2.978665924072265625e+01 7.285185241699218750e+01 -1.075065383911132812e+02 2.469411611557006836e+00 2.257053852081298828e+00 -1.011186408996582031e+01
2.984107398986816406e+01 7.289786529541015625e+01 -1.077052917480468750e+02 3.026354312896728516e+00 2.776822328567504883e+00 -1.024185562133789062e+01
2.990328788757324219e+01 7.295657348632812500e+01 -1.079047470092773438e+02 2.955898046493530273e+00 3.123130798339843750e+00 -1.034324073791503906e+01
2.995946884155273438e+01 7.301682281494140625e+01 -1.081052474975585938e+02 2.964380741119384766e+00 3.162514925003051758e+00 -1.020907306671142578e+01
