1.121649384498596191e+00 2.250982761383056641e+00 -6.599459052085876465e-02
1.122116088867187500e+00 2.305220365524291992e+00 -6.051116436719894409e-02
1.114568471908569336e+00 2.323312520980834961e+00 -6.629376858472824097e-02
1.132432579994201660e+00 2.374202728271484375e+00 -5.545185878872871399e-02
1.148192882537841797e+00 2.388710260391235352e+00 -5.399242788553237915e-02
1.136306405067443848e+00 2.449426889419555664e+00 -1.213478296995162964e-02
1.169539093971252441e+00 2.489767789840698242e+00 -3.472634591162204742e-03
1.177772879600524902e+00 2.571619510650634766e+00 7.089278660714626312e-03
1.164232850074768066e+00 2.606818914413452148e+00 9.814452379941940308e-03
1.171120166778564453e+00 2.665010929107666016e+00 4.516142606735229492e-02
1.215906381607055664e+00 2.738642692565917969e+00 6.409370154142379761e-02
1.244653463363647461e+00 2.842043161392211914e+00 1.004821136593818665e-01
1.251854777336120605e+00 2.925006628036499023e+00 1.317033767700195312e-01
1.250909566879272461e+00 3.031496763229370117e+00 1.378021538257598877e-01
1.270506381988525391e+00 3.105909109115600586e+00 1.954190731048583984e-01
1.282997250556945801e+00 3.198147058486938477e+00 1.969386637210845947e-01
1.308307170867919922e+00 3.324396133422851562e+00 2.341114878654479980e-01
1.328944325447082520e+00 3.392497539520263672e+00 2.714086472988128662e-01
1.340596318244934082e+00 3.487922191619873047e+00 3.084746003150939941e-01
1.341811895370483398e+00 3.614411115646362305e+00 3.499278128147125244e-01
1.363960146903991699e+00 3.744735002517700195e+00 3.650517165660858154e-01
1.372665643692016602e+00 3.841312170028686523e+00 4.150628447532653809e-01
1.421505451202392578e+00 3.962907314300537109e+00 4.437425732612609863e-01
1.437682509422302246e+00 4.086237907409667969e+00 4.921073615550994873e-01
1.444285988807678223e+00 4.218257904052734375e+00 5.417067408561706543e-01
1.474055767059326172e+00 4.376455783843994141e+00 5.584785342216491699e-01
1.494328498840332031e+00 4.486253261566162109e+00 6.149353981018066406e-01
1.511897921562194824e+00 4.611468315124511719e+00 6.520106196403503418e-01
1.534749388694763184e+00 4.780863761901855469e+00 7.015889883041381836e-01
1.565962672233581543e+00 4.955945014953613281e+00 7.504197359085083008e-01
1.585215926170349121e+00 5.094114303588867188e+00 7.854467034339904785e-01
1.592192888259887695e+00 5.242412090301513672e+00 8.459905982017517090e-01
1.641180276870727539e+00 5.515695571899414062e+00 9.201479554176330566e-01
1.669482469558715820e+00 5.704576969146728516e+00 9.557868242263793945e-01
1.679764628410339355e+00 5.870303153991699219e+00 1.013634443283081055e+00
1.713222026824951172e+00 6.060610294342041016e+00 1.055805087089538574e+00
1.740043401718139648e+00 6.274263381958007812e+00 1.119402527809143066e+00
1.757752299308776855e+00 6.445343971252441406e+00 1.167158246040344238e+00
1.775775790214538574e+00 6.656932353973388672e+00 1.222882986068725586e+00
1.822964787483215332e+00 6.854677677154541016e+00 1.300600886344909668e+00
1.837527990341186523e+00 7.061578750610351562e+00 1.353442072868347168e+00
1.870718002319335938e+00 7.297550201416015625e+00 1.417165160179138184e+00
1.881913542747497559e+00 7.511747360229492188e+00 1.482865810394287109e+00
1.928756952285766602e+00 7.747826576232910156e+00 1.550886869430541992e+00
1.949003219604492188e+00 7.985432147979736328e+00 1.620503664016723633e+00
1.980746030807495117e+00 8.217492103576660156e+00 1.669981241226196289e+00
2.016979455947875977e+00 8.482885360717773438e+00 1.719873189926147461e+00
2.034110784530639648e+00 8.718294143676757812e+00 1.796464323997497559e+00
2.078398227691650391e+00 8.997324943542480469e+00 1.860457539558410645e+00
2.102516651153564453e+00 9.247323989868164062e+00 1.914768695831298828e+00
2.122945308685302734e+00 9.506690025329589844e+00 1.980462551116943359e+00
2.178362369537353516e+00 9.797362327575683594e+00 2.043258190155029297e+00
2.189982175827026367e+00 1.008365631103515625e+01 2.120778083801269531e+00
2.264205217361450195e+00 1.053180313110351562e+01 2.196861982345581055e+00
2.272107839584350586e+00 1.085391521453857422e+01 2.273674249649047852e+00
2.333714962005615234e+00 1.113257217407226562e+01 2.332515239715576172e+00
2.372863054275512695e+00 1.147384643554687500e+01 2.392755031585693359e+00
2.404810905456542969e+00 1.177999782562255859e+01 2.465981960296630859e+00
2.439838886260986328e+00 1.211964988708496094e+01 2.511719226837158203e+00
2.451190948486328125e+00 1.244232940673828125e+01 2.577256679534912109e+00
2.534135103225708008e+00 1.280935764312744141e+01 2.650678157806396484e+00
2.575262069702148438e+00 1.312999343872070312e+01 2.701655864715576172e+00
2.616936922073364258e+00 1.351155948638916016e+01 2.759385347366333008e+00
2.653935670852661133e+00 1.385987281799316406e+01 2.832041740417480469e+00
2.714667797088623047e+00 1.425387001037597656e+01 2.883966207504272461e+00
2.757030248641967773e+00 1.462109756469726562e+01 2.947844505310058594e+00
2.817772150039672852e+00 1.503589057922363281e+01 3.012474298477172852e+00
2.854882478713989258e+00 1.543523597717285156e+01 3.052981138229370117e+00
2.882052183151245117e+00 1.581782341003417969e+01 3.096823453903198242e+00
2.946848630905151367e+00 1.624288749694824219e+01 3.151960134506225586e+00
2.999391317367553711e+00 1.667343902587890625e+01 3.202260017395019531e+00
3.027990102767944336e+00 1.711364364624023438e+01 3.240430831909179688e+00
3.090695381164550781e+00 1.757146644592285156e+01 3.296764135360717773e+00
3.168943881988525391e+00 1.822438049316406250e+01 3.339668035507202148e+00
3.268260717391967773e+00 1.870711708068847656e+01 3.370342969894409180e+00
3.322171926498413086e+00 1.919412994384765625e+01 3.413392066955566406e+00
3.359488010406494141e+00 1.970789146423339844e+01 3.432840347290039062e+00
3.417123079299926758e+00 2.020178413391113281e+01 3.470356941223144531e+00
3.468828439712524414e+00 2.068103981018066406e+01 3.468163728713989258e+00
3.566773414611816406e+00 2.120627975463867188e+01 3.489317417144775391e+00
3.627879858016967773e+00 2.174545288085937500e+01 3.516787528991699219e+00
3.716880321502685547e+00 2.228221702575683594e+01 3.492872476577758789e+00
3.751508235931396484e+00 2.284675788879394531e+01 3.497442007064819336e+00
3.846673250198364258e+00 2.339076232910156250e+01 3.507927417755126953e+00
3.934466123580932617e+00 2.397750854492187500e+01 3.480096578598022461e+00
3.995834112167358398e+00 2.454706954956054688e+01 3.453523874282836914e+00
4.095459461212158203e+00 2.515492057800292969e+01 3.430845975875854492e+00
4.157340526580810547e+00 2.575505447387695312e+01 3.399753093719482422e+00
4.249186515808105469e+00 2.638533020019531250e+01 3.345509529113769531e+00
4.338808059692382812e+00 2.704613113403320312e+01 3.303067684173583984e+00
4.431639671325683594e+00 2.770490837097167969e+01 3.235631942749023438e+00
4.504918575286865234e+00 2.836212921142578125e+01 3.157828092575073242e+00
4.635107994079589844e+00 2.902647209167480469e+01 3.067754745483398438e+00
4.728574275970458984e+00 2.974333190917968750e+01 2.966185092926025391e+00
4.861227989196777344e+00 3.080594444274902344e+01 2.780410289764404297e+00
4.966108322143554688e+00 3.156059455871582031e+01 2.631259679794311523e+00
5.124507427215576172e+00 3.231103515625000000e+01 2.482466220855712891e+00
5.235938072204589844e+00 3.309218978881835938e+01 2.294853448867797852e+00
5.355545997619628906e+00 3.386688613891601562e+01 2.100992202758789062e+00
5.483839035034179688e+00 3.467871475219726562e+01 1.871038079261779785e+00
5.624795436859130859e+00 3.548114395141601562e+01 1.577018499374389648e+00
5.783654689788818359e+00 3.628988647460937500e+01 1.282969355583190918e+00
5.913523197174072266e+00 3.719147491455078125e+01 9.764090180397033691e-01
6.088316917419433594e+00 3.801083755493164062e+01 5.710009336471557617e-01
6.245404243469238281e+00 3.887403106689453125e+01 1.655883044004440308e-01
6.432306289672851562e+00 3.972763824462890625e+01 -3.021172583103179932e-01
6.597410678863525391e+00 4.061258697509765625e+01 -8.287060856819152832e-01
6.777089118957519531e+00 4.146136474609375000e+01 -1.388605594635009766e+00
6.962948322296142578e+00 4.229177856445312500e+01 -2.021024942398071289e+00
7.162485599517822266e+00 4.311238098144531250e+01 -2.727639913558959961e+00
7.364845752716064453e+00 4.391628265380859375e+01 -3.470674037933349609e+00
7.549201011657714844e+00 4.467022323608398438e+01 -4.251533031463623047e+00
7.767388820648193359e+00 4.538167953491210938e+01 -5.089253425598144531e+00
7.957470893859863281e+00 4.605206298828125000e+01 -5.947801113128662109e+00
8.145283699035644531e+00 4.669309997558593750e+01 -6.841312885284423828e+00
8.455336570739746094e+00 4.750210189819335938e+01 -8.203662872314453125e+00
8.638747215270996094e+00 4.801877975463867188e+01 -9.122961997985839844e+00
8.815398216247558594e+00 4.844466018676757812e+01 -1.003574657440185547e+01
9.005757331848144531e+00 4.885272216796875000e+01 -1.091841411590576172e+01
9.165450096130371094e+00 4.921804428100585938e+01 -1.178808593750000000e+01
9.321214675903320312e+00 4.955753326416015625e+01 -1.266156578063964844e+01
9.473127365112304688e+00 4.986203384399414062e+01 -1.347393608093261719e+01
9.625269889831542969e+00 5.012858200073242188e+01 -1.428998851776123047e+01
9.774187088012695312e+00 5.037403106689453125e+01 -1.504164409637451172e+01
9.913911819458007812e+00 5.061497879028320312e+01 -1.580827331542968750e+01
1.001391029357910156e+01 5.081168365478515625e+01 -1.653139877319335938e+01
1.014614486694335938e+01 5.101703262329101562e+01 -1.723493003845214844e+01
1.026989841461181641e+01 5.117178726196289062e+01 -1.789850997924804688e+01
1.038239097595214844e+01 5.132577133178710938e+01 -1.853382301330566406e+01
1.049889373779296875e+01 5.147843933105468750e+01 -1.915277671813964844e+01
1.058347892761230469e+01 5.160615539550781250e+01 -1.975975036621093750e+01
1.069989871978759766e+01 5.172420120239257812e+01 -2.031375312805175781e+01
1.081077766418457031e+01 5.182814788818359375e+01 -2.088541984558105469e+01
1.090229511260986328e+01 5.191931915283203125e+01 -2.142390823364257812e+01
1.099390888214111328e+01 5.200831222534179688e+01 -2.194349288940429688e+01
1.107883739471435547e+01 5.208065795898437500e+01 -2.243938636779785156e+01
1.121813011169433594e+01 5.220202636718750000e+01 -2.313667869567871094e+01
1.127364253997802734e+01 5.223588562011718750e+01 -2.357975006103515625e+01
1.137100219726562500e+01 5.231272888183593750e+01 -2.401377105712890625e+01
1.143157100677490234e+01 5.234835815429687500e+01 -2.442063903808593750e+01
1.149492263793945312e+01 5.239242172241210938e+01 -2.485031700134277344e+01
1.155869293212890625e+01 5.243244934082031250e+01 -2.522755432128906250e+01
1.164539432525634766e+01 5.244461822509765625e+01 -2.559284019470214844e+01
1.170569896697998047e+01 5.246464538574218750e+01 -2.595328521728515625e+01
1.177500438690185547e+01 5.251266098022460938e+01 -2.631063842773437500e+01
1.180399703979492188e+01 5.251176071166992188e+01 -2.665657806396484375e+01
1.186327838897705078e+01 5.253174209594726562e+01 -2.695285606384277344e+01
1.190071678161621094e+01 5.252999877929687500e+01 -2.725811195373535156e+01
1.195597267150878906e+01 5.251492691040039062e+01 -2.756560325622558594e+01
1.200898742675781250e+01 5.253791809082031250e+01 -2.782695960998535156e+01
1.205517768859863281e+01 5.254698181152343750e+01 -2.809739303588867188e+01
1.210007286071777344e+01 5.256462478637695312e+01 -2.834933471679687500e+01
1.213949012756347656e+01 5.255068588256835938e+01 -2.857518577575683594e+01
1.219515800476074219e+01 5.260527420043945312e+01 -2.880807304382324219e+01
1.223057746887207031e+01 5.262636566162109375e+01 -2.903330230712890625e+01
1.226242256164550781e+01 5.264661788940429688e+01 -2.923846244812011719e+01
1.230061340332031250e+01 5.265304565429687500e+01 -2.943416595458984375e+01
1.234460735321044922e+01 5.267262268066406250e+01 -2.971993446350097656e+01
1.237571334838867188e+01 5.272331619262695312e+01 -2.990170478820800781e+01
1.242606735229492188e+01 5.276818084716796875e+01 -3.006990814208984375e+01
1.245657634735107422e+01 5.278154754638671875e+01 -3.023950958251953125e+01
1.248248195648193359e+01 5.279442214965820312e+01 -3.041375541687011719e+01
1.252095890045166016e+01 5.282530593872070312e+01 -3.059729385375976562e+01
1.255985069274902344e+01 5.284546279907226562e+01 -3.074751472473144531e+01
1.260709857940673828e+01 5.285497283935546875e+01 -3.091244125366210938e+01
1.264818000793457031e+01 5.290823745727539062e+01 -3.108938026428222656e+01
1.265236568450927734e+01 5.292829132080078125e+01 -3.124320030212402344e+01
1.268584918975830078e+01 5.293830108642578125e+01 -3.137458229064941406e+01
1.271814346313476562e+01 5.294922256469726562e+01 -3.152630615234375000e+01
1.276225376129150391e+01 5.293091201782226562e+01 -3.167550659179687500e+01
1.278820419311523438e+01 5.294996643066406250e+01 -3.185400772094726562e+01
1.279919052124023438e+01 5.293209075927734375e+01 -3.196504974365234375e+01
1.285425662994384766e+01 5.293933868408203125e+01 -3.212075805664062500e+01
1.288419818878173828e+01 5.294952011108398438e+01 -3.224213027954101562e+01
1.290361881256103516e+01 5.295790100097656250e+01 -3.237880325317382812e+01
1.295250701904296875e+01 5.294722747802734375e+01 -3.252101135253906250e+01
1.297896194458007812e+01 5.293782424926757812e+01 -3.265297698974609375e+01
1.300279045104980469e+01 5.292106246948242188e+01 -3.278283691406250000e+01
1.304585838317871094e+01 5.290837478637695312e+01 -3.296358871459960938e+01
1.307887554168701172e+01 5.287700271606445312e+01 -3.309697341918945312e+01
1.311244297027587891e+01 5.284657669067382812e+01 -3.320449066162109375e+01
1.313196277618408203e+01 5.285352706909179688e+01 -3.332700729370117188e+01
1.316377925872802734e+01 5.283570861816406250e+01 -3.344222640991210938e+01
1.318155670166015625e+01 5.281875610351562500e+01 -3.355986022949218750e+01
1.319234943389892578e+01 5.281948471069335938e+01 -3.364709854125976562e+01
1.322246932983398438e+01 5.278937530517578125e+01 -3.375900650024414062e+01
1.326808357238769531e+01 5.275733947753906250e+01 -3.387082290649414062e+01
1.328427791595458984e+01 5.275158691406250000e+01 -3.395413589477539062e+01
1.331001567840576172e+01 5.273432159423828125e+01 -3.402310180664062500e+01
1.333206939697265625e+01 5.274506378173828125e+01 -3.413256454467773438e+01
1.334859275817871094e+01 5.270576095581054688e+01 -3.419085693359375000e+01
1.336129283905029297e+01 5.269400405883789062e+01 -3.426800918579101562e+01
1.336074733734130859e+01 5.266878128051757812e+01 -3.435261154174804688e+01
1.340147781372070312e+01 5.265488433837890625e+01 -3.439776992797851562e+01
1.340356636047363281e+01 5.262588882446289062e+01 -3.446604537963867188e+01
1.342498874664306641e+01 5.260670471191406250e+01 -3.450203323364257812e+01
1.344426250457763672e+01 5.258911514282226562e+01 -3.455482482910156250e+01
1.347678661346435547e+01 5.260022735595703125e+01 -3.457538604736328125e+01
1.346769523620605469e+01 5.258866119384765625e+01 -3.456502914428710938e+01
1.348773765563964844e+01 5.260515594482421875e+01 -3.458218765258789062e+01
1.349101543426513672e+01 5.264179611206054688e+01 -3.453893661499023438e+01
1.352752113342285156e+01 5.267523193359375000e+01 -3.450658416748046875e+01
1.351205635070800781e+01 5.275878906250000000e+01 -3.445146560668945312e+01
1.353873538970947266e+01 5.284179306030273438e+01 -3.437696838378906250e+01
1.355617618560791016e+01 5.300624465942382812e+01 -3.430825042724609375e+01
1.356986236572265625e+01 5.320680999755859375e+01 -3.421908569335937500e+01
1.360250282287597656e+01 5.344612503051757812e+01 -3.416931915283203125e+01
1.363002014160156250e+01 5.372322845458984375e+01 -3.417950820922851562e+01
1.372029018402099609e+01 5.401580047607421875e+01 -3.420639801025390625e+01
1.375167846679687500e+01 5.433246994018554688e+01 -3.426815795898437500e+01
1.381082439422607422e+01 5.459749984741210938e+01 -3.435600662231445312e+01
1.385316658020019531e+01 5.487612915039062500e+01 -3.446280288696289062e+01
1.390326118469238281e+01 5.509286880493164062e+01 -3.458918380737304688e+01
1.396652507781982422e+01 5.530339813232421875e+01 -3.473846435546875000e+01
1.401085186004638672e+01 5.546777725219726562e+01 -3.491135406494140625e+01
1.406198978424072266e+01 5.564735412597656250e+01 -3.508309555053710938e+01
1.415112209320068359e+01 5.578751754760742188e+01 -3.527359008789062500e+01
1.415788841247558594e+01 5.592998886108398438e+01 -3.545649719238281250e+01
1.423235797882080078e+01 5.602087020874023438e+01 -3.566278076171875000e+01
1.430161857604980469e+01 5.617596054077148438e+01 -3.595318222045898438e+01
1.432900333404541016e+01 5.626248168945312500e+01 -3.616395568847656250e+01
1.440709018707275391e+01 5.635820770263671875e+01 -3.637849426269531250e+01
1.442828273773193359e+01 5.645347976684570312e+01 -3.659749221801757812e+01
1.447484683990478516e+01 5.652443695068359375e+01 -3.680751419067382812e+01
1.452032089233398438e+01 5.661032867431640625e+01 -3.706600952148437500e+01
1.455679893493652344e+01 5.667393112182617188e+01 -3.727825164794921875e+01
1.460097122192382812e+01 5.674805450439453125e+01 -3.752336883544921875e+01
1.462462425231933594e+01 5.677795028686523438e+01 -3.774329757690429688e+01
1.472254848480224609e+01 5.684341430664062500e+01 -3.797581863403320312e+01
1.474416065216064453e+01 5.689742279052734375e+01 -3.820037460327148438e+01
1.482531261444091797e+01 5.695684432983398438e+01 -3.844849777221679688e+01
1.487193775177001953e+01 5.698620605468750000e+01 -3.872110366821289062e+01
1.492587375640869141e+01 5.704933547973632812e+01 -3.896609497070312500e+01
1.499256324768066406e+01 5.710202789306640625e+01 -3.919666290283203125e+01
1.503797817230224609e+01 5.715293121337890625e+01 -3.945818328857421875e+01
1.506224727630615234e+01 5.719497299194335938e+01 -3.974383926391601562e+01
1.509733200073242188e+01 5.722195053100585938e+01 -3.998605346679687500e+01
1.516468143463134766e+01 5.722863769531250000e+01 -4.022483825683593750e+01
1.519906902313232422e+01 5.721607589721679688e+01 -4.049656677246093750e+01
1.525783252716064453e+01 5.721435928344726562e+01 -4.074026489257812500e+01
1.531696605682373047e+01 5.721621322631835938e+01 -4.112427139282226562e+01
1.538138771057128906e+01 5.723963546752929688e+01 -4.134693527221679688e+01
1.542880153656005859e+01 5.722258758544921875e+01 -4.159634017944335938e+01
1.545020580291748047e+01 5.721479034423828125e+01 -4.185467910766601562e+01
1.550548267364501953e+01 5.717578887939453125e+01 -4.210256576538085938e+01
1.553276634216308594e+01 5.717576599121093750e+01 -4.234896087646484375e+01
1.554756259918212891e+01 5.716219329833984375e+01 -4.260596084594726562e+01
1.560504150390625000e+01 5.713800811767578125e+01 -4.283175659179687500e+01
1.562059879302978516e+01 5.710432434082031250e+01 -4.307778549194335938e+01
1.565462207794189453e+01 5.706639862060546875e+01 -4.331349945068359375e+01
1.572131443023681641e+01 5.702615356445312500e+01 -4.353715896606445312e+01
1.575773334503173828e+01 5.700469970703125000e+01 -4.380250930786132812e+01
1.580702590942382812e+01 5.696443176269531250e+01 -4.401060104370117188e+01
1.584708499908447266e+01 5.693478012084960938e+01 -4.423133468627929688e+01
1.587472438812255859e+01 5.693625259399414062e+01 -4.445599365234375000e+01
1.591816139221191406e+01 5.690389251708984375e+01 -4.466314315795898438e+01
1.591771602630615234e+01 5.686865997314453125e+01 -4.489983367919921875e+01
1.597904491424560547e+01 5.682490921020507812e+01 -4.509458541870117188e+01
1.598451709747314453e+01 5.683589172363281250e+01 -4.531477355957031250e+01
1.603389549255371094e+01 5.680852508544921875e+01 -4.549822616577148438e+01
1.605974006652832031e+01 5.681083679199218750e+01 -4.568359756469726562e+01
1.612542152404785156e+01 5.678097915649414062e+01 -4.598263931274414062e+01
1.618222045898437500e+01 5.680819702148437500e+01 -4.620314788818359375e+01
1.619610214233398438e+01 5.683754348754882812e+01 -4.640906143188476562e+01
1.621743774414062500e+01 5.685351943969726562e+01 -4.660102844238281250e+01
1.624633216857910156e+01 5.683193969726562500e+01 -4.680609893798828125e+01
1.630390167236328125e+01 5.686311721801757812e+01 -4.698906707763671875e+01
1.632139968872070312e+01 5.688976669311523438e+01 -4.716687774658203125e+01
1.636794471740722656e+01 5.688995742797851562e+01 -4.735187149047851562e+01
1.641511154174804688e+01 5.693103408813476562e+01 -4.754365921020507812e+01
1.647102546691894531e+01 5.697370910644531250e+01 -4.773088836669921875e+01
1.652585792541503906e+01 5.701247024536132812e+01 -4.793149948120117188e+01
1.654650497436523438e+01 5.709610748291015625e+01 -4.812931823730468750e+01
1.658219337463378906e+01 5.713471603393554688e+01 -4.834362030029296875e+01
1.663183212280273438e+01 5.719398880004882812e+01 -4.854829406738281250e+01
1.666663551330566406e+01 5.724238967895507812e+01 -4.876950454711914062e+01
1.673023033142089844e+01 5.733133316040039062e+01 -4.898509216308593750e+01
1.676792716979980469e+01 5.740153121948242188e+01 -4.922002792358398438e+01
1.682212257385253906e+01 5.747649383544921875e+01 -4.944082641601562500e+01
1.688982772827148438e+01 5.758100509643554688e+01 -4.966476058959960938e+01
1.694757461547851562e+01 5.762992858886718750e+01 -4.991998672485351562e+01
1.698172378540039062e+01 5.772050094604492188e+01 -5.016230010986328125e+01
1.705696105957031250e+01 5.782679748535156250e+01 -5.051044082641601562e+01
1.711889076232910156e+01 5.791407012939453125e+01 -5.076591491699218750e+01
1.718902015686035156e+01 5.800119400024414062e+01 -5.104055023193359375e+01
1.725443649291992188e+01 5.809030914306640625e+01 -5.129843902587890625e+01
1.730339431762695312e+01 5.819384765625000000e+01 -5.156264114379882812e+01
1.735395812988281250e+01 5.827556228637695312e+01 -5.179297256469726562e+01
1.739754867553710938e+01 5.835633850097656250e+01 -5.204478836059570312e+01
1.743189430236816406e+01 5.838826751708984375e+01 -5.230337524414062500e+01
1.748603248596191406e+01 5.849129104614257812e+01 -5.254284667968750000e+01
1.754570579528808594e+01 5.854782485961914062e+01 -5.281608963012695312e+01
1.759474945068359375e+01 5.863136291503906250e+01 -5.308145141601562500e+01
1.762999916076660156e+01 5.867625045776367188e+01 -5.333084106445312500e+01
1.767515754699707031e+01 5.877513504028320312e+01 -5.359209442138671875e+01
1.774590301513671875e+01 5.881733703613281250e+01 -5.385888290405273438e+01
1.778916931152343750e+01 5.885780715942382812e+01 -5.411822891235351562e+01
1.785389709472656250e+01 5.892628479003906250e+01 -5.438727951049804688e+01
1.788506698608398438e+01 5.898096847534179688e+01 -5.464254760742187500e+01
1.795145606994628906e+01 5.901208877563476562e+01 -5.490393066406250000e+01
1.800707435607910156e+01 5.905942153930664062e+01 -5.513783264160156250e+01
1.803892517089843750e+01 5.911907196044921875e+01 -5.539055252075195312e+01
1.807238006591796875e+01 5.915386962890625000e+01 -5.565469741821289062e+01
1.817327117919921875e+01 5.923295974731445312e+01 -5.603556442260742188e+01
1.822791099548339844e+01 5.925825881958007812e+01 -5.626593017578125000e+01
1.826765823364257812e+01 5.934513092041015625e+01 -5.652851104736328125e+01
1.829279136657714844e+01 5.935980987548828125e+01 -5.675911712646484375e+01
1.834987449645996094e+01 5.937809371948242188e+01 -5.703034591674804688e+01
1.840667915344238281e+01 5.943750381469726562e+01 -5.726569747924804688e+01
1.846542739868164062e+01 5.948366928100585938e+01 -5.750921630859375000e+01
1.850052452087402344e+01 5.952486038208007812e+01 -5.776516342163085938e+01
1.853962898254394531e+01 5.958493041992187500e+01 -5.802252578735351562e+01
1.860082054138183594e+01 5.959073257446289062e+01 -5.825800323486328125e+01
1.863622283935546875e+01 5.964323806762695312e+01 -5.850472640991210938e+01
1.869324684143066406e+01 5.967965316772460938e+01 -5.877572631835937500e+01
1.872545051574707031e+01 5.971250534057617188e+01 -5.904347610473632812e+01
1.878700447082519531e+01 5.975865173339843750e+01 -5.927466201782226562e+01
1.883436203002929688e+01 5.976493453979492188e+01 -5.953862380981445312e+01
1.886258316040039062e+01 5.979122161865234375e+01 -5.976841735839843750e+01
1.890807533264160156e+01 5.981445312500000000e+01 -6.002517700195312500e+01
1.896435737609863281e+01 5.982783508300781250e+01 -6.024087142944335938e+01
1.900807189941406250e+01 5.983087539672851562e+01 -6.049768447875976562e+01
1.904997062683105469e+01 5.985547637939453125e+01 -6.070896530151367188e+01
1.911400222778320312e+01 5.985492324829101562e+01 -6.106917190551757812e+01
1.913976478576660156e+01 5.985161590576171875e+01 -6.128345108032226562e+01
1.917274093627929688e+01 5.984738922119140625e+01 -6.150921630859375000e+01
1.924566650390625000e+01 5.986129379272460938e+01 -6.170872879028320312e+01
1.926352882385253906e+01 5.985578918457031250e+01 -6.193727111816406250e+01
1.930445098876953125e+01 5.986109924316406250e+01 -6.214299011230468750e+01
1.934653854370117188e+01 5.984900283813476562e+01 -6.232283401489257812e+01
1.939543914794921875e+01 5.985111618041992188e+01 -6.255084609985351562e+01
1.945063781738281250e+01 5.984873962402343750e+01 -6.272906875610351562e+01
1.946191787719726562e+01 5.987633895874023438e+01 -6.294741058349609375e+01
1.951692962646484375e+01 5.989009857177734375e+01 -6.314927673339843750e+01
1.953342628479003906e+01 5.989688873291015625e+01 -6.336846160888671875e+01
1.953656768798828125e+01 5.985583114624023438e+01 -6.356700134277343750e+01
1.959660720825195312e+01 5.984848022460937500e+01 -6.377772903442382812e+01
1.965230941772460938e+01 5.982870864868164062e+01 -6.396126556396484375e+01
1.972441291809082031e+01 5.979522705078125000e+01 -6.415425872802734375e+01
1.978440666198730469e+01 5.980739212036132812e+01 -6.435464477539062500e+01
1.984957504272460938e+01 5.981583786010742188e+01 -6.455928802490234375e+01
1.986103820800781250e+01 5.985289764404296875e+01 -6.476363372802734375e+01
1.984958457946777344e+01 5.984635162353515625e+01 -6.494790649414062500e+01
1.987161636352539062e+01 5.980915069580078125e+01 -6.512305450439453125e+01
1.988921928405761719e+01 5.977399826049804688e+01 -6.540087127685546875e+01
1.995693016052246094e+01 5.976172256469726562e+01 -6.559709167480468750e+01
2.001029968261718750e+01 5.974867630004882812e+01 -6.577314758300781250e+01
2.004862594604492188e+01 5.979043960571289062e+01 -6.594891357421875000e+01
2.007728576660156250e+01 5.980781173706054688e+01 -6.614763641357421875e+01
2.010040855407714844e+01 5.983005142211914062e+01 -6.629981994628906250e+01
2.013665199279785156e+01 5.983398818969726562e+01 -6.648763275146484375e+01
2.015078926086425781e+01 5.983473205566406250e+01 -6.666521453857421875e+01
2.020246887207031250e+01 5.985445785522460938e+01 -6.681566619873046875e+01
2.025862884521484375e+01 5.987292861938476562e+01 -6.697621917724609375e+01
2.030209922790527344e+01 5.989563369750976562e+01 -6.715635681152343750e+01
2.033338928222656250e+01 5.995307159423828125e+01 -6.730923461914062500e+01
2.034858703613281250e+01 5.999874496459960938e+01 -6.747389221191406250e+01
2.034601020812988281e+01 6.004362487792968750e+01 -6.765023040771484375e+01
2.036224365234375000e+01 6.004285812377929688e+01 -6.780480194091796875e+01
2.040147972106933594e+01 6.004787445068359375e+01 -6.796145629882812500e+01
2.043900299072265625e+01 6.007342529296875000e+01 -6.812995910644531250e+01
2.050643157958984375e+01 6.005972671508789062e+01 -6.828997039794921875e+01
2.053873252868652344e+01 6.011868667602539062e+01 -6.847113800048828125e+01
2.062342262268066406e+01 6.014665603637695312e+01 -6.863384246826171875e+01
2.067147636413574219e+01 6.021228027343750000e+01 -6.880078125000000000e+01
2.069285964965820312e+01 6.033934020996093750e+01 -6.907264709472656250e+01
2.070947074890136719e+01 6.036853790283203125e+01 -6.926486968994140625e+01
2.074432373046875000e+01 6.044983291625976562e+01 -6.945310211181640625e+01
2.072951316833496094e+01 6.047342300415039062e+01 -6.964162445068359375e+01
2.077039909362792969e+01 6.045131301879882812e+01 -6.982153320312500000e+01
2.079530334472656250e+01 6.045366287231445312e+01 -7.000659942626953125e+01
2.087258148193359375e+01 6.044433593750000000e+01 -7.019319152832031250e+01
2.093960189819335938e+01 6.049612045288085938e+01 -7.038253021240234375e+01
2.100343704223632812e+01 6.050479125976562500e+01 -7.057982635498046875e+01
2.108784675598144531e+01 6.055774688720703125e+01 -7.076412963867187500e+01
2.111589813232421875e+01 6.062417221069335938e+01 -7.098506927490234375e+01
2.115475082397460938e+01 6.068127441406250000e+01 -7.119960021972656250e+01
2.120526695251464844e+01 6.072393798828125000e+01 -7.140969085693359375e+01
2.118801689147949219e+01 6.075340270996093750e+01 -7.161508941650390625e+01
2.123678779602050781e+01 6.074560165405273438e+01 -7.180089569091796875e+01
2.128863716125488281e+01 6.078001022338867188e+01 -7.201029968261718750e+01
2.134232139587402344e+01 6.082359313964843750e+01 -7.221121215820312500e+01
2.133907318115234375e+01 6.087501907348632812e+01 -7.241638946533203125e+01
2.136445617675781250e+01 6.089828109741210938e+01 -7.262341308593750000e+01
2.139425659179687500e+01 6.090168380737304688e+01 -7.283557128906250000e+01
2.143809318542480469e+01 6.092103195190429688e+01 -7.304416656494140625e+01
2.153373908996582031e+01 6.094282913208007812e+01 -7.335646057128906250e+01
2.159030151367187500e+01 6.100368118286132812e+01 -7.356401062011718750e+01
2.160662651062011719e+01 6.104362106323242188e+01 -7.376512145996093750e+01
2.166010665893554688e+01 6.107341766357421875e+01 -7.398486328125000000e+01
2.172245597839355469e+01 6.110889434814453125e+01 -7.417366027832031250e+01
2.175950050354003906e+01 6.116016387939453125e+01 -7.437715911865234375e+01
2.183036041259765625e+01 6.121461105346679688e+01 -7.456689453125000000e+01
2.186524963378906250e+01 6.124684906005859375e+01 -7.477214050292968750e+01
2.187702560424804688e+01 6.127497482299804688e+01 -7.497499847412109375e+01
2.192440223693847656e+01 6.129535293579101562e+01 -7.516043853759765625e+01
2.194826507568359375e+01 6.129781723022460938e+01 -7.532735443115234375e+01
2.198704719543457031e+01 6.129677581787109375e+01 -7.552289581298828125e+01
2.203574562072753906e+01 6.132954788208007812e+01 -7.572654724121093750e+01
2.207278060913085938e+01 6.132763671875000000e+01 -7.590906524658203125e+01
2.209439849853515625e+01 6.135481262207031250e+01 -7.609028625488281250e+01
2.212773895263671875e+01 6.138870620727539062e+01 -7.625563049316406250e+01
2.218271064758300781e+01 6.140059280395507812e+01 -7.642012786865234375e+01
2.220525741577148438e+01 6.141389083862304688e+01 -7.658917999267578125e+01
2.222362709045410156e+01 6.144721603393554688e+01 -7.677037048339843750e+01
2.226991081237792969e+01 6.145174789428710938e+01 -7.694383239746093750e+01
2.230945777893066406e+01 6.146701812744140625e+01 -7.709069824218750000e+01
2.237186050415039062e+01 6.154528045654296875e+01 -7.732598876953125000e+01
2.241009712219238281e+01 6.157355880737304688e+01 -7.747964477539062500e+01
2.239696693420410156e+01 6.161026763916015625e+01 -7.764391326904296875e+01
2.242611503601074219e+01 6.162660217285156250e+01 -7.778953552246093750e+01
2.243761253356933594e+01 6.166043472290039062e+01 -7.793785095214843750e+01
2.248044204711914062e+01 6.164701461791992188e+01 -7.808467864990234375e+01
2.256739997863769531e+01 6.169458007812500000e+01 -7.822179412841796875e+01
2.260578155517578125e+01 6.173738861083984375e+01 -7.840204620361328125e+01
2.266710662841796875e+01 6.180976486206054688e+01 -7.853923797607421875e+01
2.268335151672363281e+01 6.186140823364257812e+01 -7.868790435791015625e+01
2.267947959899902344e+01 6.192279434204101562e+01 -7.884807586669921875e+01
2.273106956481933594e+01 6.198301315307617188e+01 -7.899486541748046875e+01
2.275094413757324219e+01 6.203530120849609375e+01 -7.916072082519531250e+01
2.276790809631347656e+01 6.210010528564453125e+01 -7.930045318603515625e+01
2.280294418334960938e+01 6.216336441040039062e+01 -7.945505523681640625e+01
2.283911705017089844e+01 6.219972991943359375e+01 -7.965328979492187500e+01
2.286552810668945312e+01 6.226463699340820312e+01 -7.979671478271484375e+01
2.290662956237792969e+01 6.228310012817382812e+01 -7.995769500732421875e+01
2.297628402709960938e+01 6.236094284057617188e+01 -8.009741210937500000e+01
2.306641197204589844e+01 6.246416473388671875e+01 -8.027419281005859375e+01
2.310523033142089844e+01 6.256295394897460938e+01 -8.044071197509765625e+01
2.315637779235839844e+01 6.268968582153320312e+01 -8.071073150634765625e+01
2.320198631286621094e+01 6.276570510864257812e+01 -8.087187194824218750e+01
2.322348594665527344e+01 6.286029052734375000e+01 -8.105398559570312500e+01
2.320465850830078125e+01 6.290918731689453125e+01 -8.123121643066406250e+01
2.326784324645996094e+01 6.296752166748046875e+01 -8.141082000732421875e+01
2.326882362365722656e+01 6.300761032104492188e+01 -8.159686279296875000e+01
2.334011077880859375e+01 6.305251312255859375e+01 -8.174978637695312500e+01
2.342333030700683594e+01 6.311544036865234375e+01 -8.191598510742187500e+01
2.350396728515625000e+01 6.320142745971679688e+01 -8.211930084228515625e+01
2.356311798095703125e+01 6.329837036132812500e+01 -8.230234527587890625e+01
2.361523437500000000e+01 6.340255355834960938e+01 -8.249142456054687500e+01
2.364175796508789062e+01 6.351011657714843750e+01 -8.265911865234375000e+01
2.364699172973632812e+01 6.362383270263671875e+01 -8.286784362792968750e+01
2.366310119628906250e+01 6.367546463012695312e+01 -8.304781341552734375e+01
2.368909835815429688e+01 6.375415039062500000e+01 -8.323539733886718750e+01
2.370663833618164062e+01 6.375984191894531250e+01 -8.342155456542968750e+01
2.373740196228027344e+01 6.378911590576171875e+01 -8.361579132080078125e+01
2.382448005676269531e+01 6.384561157226562500e+01 -8.379949951171875000e+01
2.387011718750000000e+01 6.387521362304687500e+01 -8.398783111572265625e+01
2.393498420715332031e+01 6.395502090454101562e+01 -8.415756225585937500e+01
2.403695106506347656e+01 6.405605316162109375e+01 -8.444469451904296875e+01
2.410370445251464844e+01 6.411454772949218750e+01 -8.463166809082031250e+01
2.414730453491210938e+01 6.424250793457031250e+01 -8.482711791992187500e+01
2.416628074645996094e+01 6.430400085449218750e+01 -8.500694274902343750e+01
2.419924545288085938e+01 6.438003540039062500e+01 -8.516160583496093750e+01
2.424395179748535156e+01 6.446880340576171875e+01 -8.536305236816406250e+01
2.428063774108886719e+01 6.455187988281250000e+01 -8.555307006835937500e+01
2.428796195983886719e+01 6.460638427734375000e+01 -8.572780609130859375e+01
2.431019592285156250e+01 6.464500427246093750e+01 -8.590772247314453125e+01
2.434457969665527344e+01 6.470008087158203125e+01 -8.609188079833984375e+01
2.434843254089355469e+01 6.475019836425781250e+01 -8.628975677490234375e+01
2.441428756713867188e+01 6.480464935302734375e+01 -8.646670532226562500e+01
2.444410896301269531e+01 6.483409118652343750e+01 -8.665917205810546875e+01
2.451125144958496094e+01 6.486862182617187500e+01 -8.683975982666015625e+01
2.458731651306152344e+01 6.494260406494140625e+01 -8.701760864257812500e+01
2.466565513610839844e+01 6.502164459228515625e+01 -8.720238494873046875e+01
2.472715187072753906e+01 6.509879302978515625e+01 -8.736732482910156250e+01
2.475655937194824219e+01 6.521176910400390625e+01 -8.756517028808593750e+01
2.478590202331542969e+01 6.526637268066406250e+01 -8.773011779785156250e+01
2.481659317016601562e+01 6.533476257324218750e+01 -8.791944885253906250e+01
2.481874275207519531e+01 6.542423248291015625e+01 -8.809304046630859375e+01
2.484752082824707031e+01 6.550188446044921875e+01 -8.834604644775390625e+01
2.486368560791015625e+01 6.554656219482421875e+01 -8.851430511474609375e+01
2.490087699890136719e+01 6.556629943847656250e+01 -8.870048522949218750e+01
2.494093894958496094e+01 6.560303497314453125e+01 -8.886611938476562500e+01
2.499259376525878906e+01 6.566667175292968750e+01 -8.902823638916015625e+01
2.505568122863769531e+01 6.570913696289062500e+01 -8.919535064697265625e+01
2.513194274902343750e+01 6.574618530273437500e+01 -8.935592651367187500e+01
2.519143295288085938e+01 6.585224914550781250e+01 -8.953490447998046875e+01
2.524342155456542969e+01 6.592622375488281250e+01 -8.970955657958984375e+01
2.530427932739257812e+01 6.600128173828125000e+01 -8.986289978027343750e+01
2.531357955932617188e+01 6.607744598388671875e+01 -9.004363250732421875e+01
2.535675621032714844e+01 6.618056488037109375e+01 -9.020101928710937500e+01
2.540642356872558594e+01 6.627586364746093750e+01 -9.038330078125000000e+01
2.541361045837402344e+01 6.634697723388671875e+01 -9.053701782226562500e+01
2.544930267333984375e+01 6.644076538085937500e+01 -9.070925140380859375e+01
2.547215652465820312e+01 6.652940368652343750e+01 -9.090739440917968750e+01
2.546682739257812500e+01 6.661255645751953125e+01 -9.107158660888671875e+01
2.549703598022460938e+01 6.666785430908203125e+01 -9.125465393066406250e+01
2.554286956787109375e+01 6.669995117187500000e+01 -9.141861724853515625e+01
2.555212974548339844e+01 6.675485229492187500e+01 -9.158806610107421875e+01
2.562845039367675781e+01 6.680995941162109375e+01 -9.176105499267578125e+01
2.568985557556152344e+01 6.691649627685546875e+01 -9.203512573242187500e+01
2.579265785217285156e+01 6.699100494384765625e+01 -9.222481536865234375e+01
2.583576583862304688e+01 6.704312896728515625e+01 -9.239418029785156250e+01
2.591807746887207031e+01 6.714342498779296875e+01 -9.256938171386718750e+01
2.600220870971679688e+01 6.723819732666015625e+01 -9.276076507568359375e+01
2.603918647766113281e+01 6.730937957763671875e+01 -9.294308471679687500e+01
2.607824134826660156e+01 6.741677856445312500e+01 -9.311424255371093750e+01
2.607583236694335938e+01 6.751018524169921875e+01 -9.330211639404296875e+01
2.610136985778808594e+01 6.758684539794921875e+01 -9.346922302246093750e+01
2.612636947631835938e+01 6.765093994140625000e+01 -9.364060974121093750e+01
2.612256622314453125e+01 6.771445465087890625e+01 -9.382311248779296875e+01
