1.893706466635911578e+00 3.533105865551657843e+00 -1.931905148670378436e+00
1.924718542924559017e+00 3.612755818629425075e+00 -1.933763487285877769e+00
1.947129732303269023e+00 3.655014356847752666e+00 -1.954866740077220832e+00
1.966890681460338408e+00 3.707254329142890104e+00 -1.983205783203243033e+00
1.987650759430908520e+00 3.767656501239228906e+00 -1.974736967225782625e+00
2.014733220220011223e+00 3.848460513738143352e+00 -1.992334934759571574e+00
2.037413726401858582e+00 3.899705042001044397e+00 -2.008061022817806407e+00
2.054590979941112394e+00 3.973263763357245626e+00 -2.001427516868048873e+00
2.065872103561615436e+00 4.056008784407931778e+00 -2.009060759929562678e+00
2.088809569116166553e+00 4.096630804058229103e+00 -2.009570893966022176e+00
2.114358177899810176e+00 4.186906177331512602e+00 -2.002804599417392861e+00
2.161267764525379054e+00 4.297622495445899027e+00 -1.992133368330272658e+00
2.190597383310670221e+00 4.380339667484649091e+00 -1.988460652214858460e+00
2.218161886558079665e+00 4.468283666214809102e+00 -1.980818664216676739e+00
2.231090637351585748e+00 4.554581766123541264e+00 -1.985461803249920276e+00
2.258749764843440033e+00 4.653648217792127006e+00 -1.977917274465860631e+00
2.280313848875780813e+00 4.749850493279081931e+00 -1.965418012751681154e+00
2.294518039436551415e+00 4.867917987330475427e+00 -1.952679350822592808e+00
2.321245992814019665e+00 4.965735121359863946e+00 -1.921663378351287088e+00
2.345356004917388049e+00 5.083458552894843940e+00 -1.917494002045949220e+00
2.375334886161906134e+00 5.206698294905416802e+00 -1.906925158457968950e+00
2.387151887028767572e+00 5.352643705746636726e+00 -1.867379923065044967e+00
2.394885355199670052e+00 5.456925510248516353e+00 -1.858223436476377222e+00
2.424634605309017754e+00 5.575291352395520761e+00 -1.839731427158873389e+00
2.450918201686727471e+00 5.716354044989618188e+00 -1.808779806669806423e+00
2.464791908303988865e+00 5.853187715215496745e+00 -1.780861327215357726e+00
2.503446982171462665e+00 6.003813858409425386e+00 -1.757831967120668804e+00
2.526331938855604697e+00 6.163531294682777606e+00 -1.727297271437701509e+00
2.543519483402007175e+00 6.306581047124918626e+00 -1.707196363342639911e+00
2.581840506019113413e+00 6.493020994203045682e+00 -1.677037667920075581e+00
2.603533212273628106e+00 6.652199981799681083e+00 -1.646422938166157035e+00
2.626036230501723523e+00 6.811412737499822789e+00 -1.623981138144216851e+00
2.651589778852114332e+00 7.098196330083135663e+00 -1.569790699242130882e+00
2.689790424645592815e+00 7.263077219044447475e+00 -1.544610895841032949e+00
2.703824773873412024e+00 7.458720659793471874e+00 -1.494638752730346853e+00
2.764266861385337393e+00 7.659195096208508247e+00 -1.462200470656570772e+00
2.777263659694442666e+00 7.851814219662897720e+00 -1.411590772141797956e+00
2.820984537921657598e+00 8.060084713594216410e+00 -1.376621925340018260e+00
2.827893377195622726e+00 8.257318305583050133e+00 -1.335466769552078992e+00
2.872124052783267878e+00 8.478590234596234509e+00 -1.289540384457165789e+00
2.914717064060690532e+00 8.686509508490710019e+00 -1.236422890715501710e+00
2.943587951535385994e+00 8.934396464246733061e+00 -1.204807821328263584e+00
2.988804721964064548e+00 9.149488617748302133e+00 -1.158141964868562468e+00
2.996546605129577934e+00 9.394030363020730690e+00 -1.109408961952320194e+00
3.039893273866579815e+00 9.636857179448563571e+00 -1.070251900798021572e+00
3.086692656204419904e+00 9.900936945264461997e+00 -1.007431531635045507e+00
3.116133067456833494e+00 1.015015532113975816e+01 -9.682924720476313585e-01
3.158921150626438745e+00 1.040656876770279560e+01 -9.065734979638024882e-01
3.207080877556696574e+00 1.068431051644596685e+01 -8.789465426757813171e-01
3.241841879700240181e+00 1.095801460619037471e+01 -8.371227294015479714e-01
3.268593114169171976e+00 1.124969370228070886e+01 -7.790133442031320632e-01
3.301200506069972285e+00 1.151825762111805496e+01 -7.319080612122617069e-01
3.346054200996277039e+00 1.179353874086094400e+01 -6.910557341208654059e-01
3.388878305108224964e+00 1.227456973952849495e+01 -6.308116184161844942e-01
3.444331932764053139e+00 1.257284479408090760e+01 -5.744714997046038718e-01
3.472149076201239914e+00 1.290148345972722410e+01 -5.331706229714583412e-01
3.529266510913936283e+00 1.323036405463652443e+01 -4.859728038071311484e-01
3.569085850113103753e+00 1.356626293527667393e+01 -4.392212019943881884e-01
3.604184872132894402e+00 1.392208375294676337e+01 -3.980346589396132617e-01
3.656256969055133865e+00 1.426530096482287036e+01 -3.507691595233892179e-01
3.691778810242305919e+00 1.461330487658877431e+01 -3.254673101119964218e-01
3.749449029431070279e+00 1.497904008310721125e+01 -2.694619041487194555e-01
3.813453506437455509e+00 1.536132014233399445e+01 -2.336541053090415709e-01
3.850941127102884831e+00 1.572324920838721773e+01 -2.060827330028190407e-01
3.908586856885878369e+00 1.611671130996392876e+01 -1.646835359792226394e-01
3.958619396984434768e+00 1.649758354148074702e+01 -1.235262580073440419e-01
4.020749187659061974e+00 1.690819685353588753e+01 -8.876272915605917802e-02
4.073429343574598072e+00 1.733280923596680623e+01 -5.512633303557711723e-02
4.120646803289997884e+00 1.774523771442360598e+01 -1.749260024797927998e-02
4.155439513203936563e+00 1.814639223418416947e+01 1.863330434285657977e-02
4.216032887082615588e+00 1.861610446087546578e+01 4.024582561847880879e-02
4.272911398069731526e+00 1.906713107562545417e+01 5.971030634153163402e-02
4.331873612825421382e+00 1.950053990995422737e+01 9.143503135543513960e-02
4.430208467763927516e+00 2.021249963626671331e+01 1.153609868180389408e-01
4.494398620227136654e+00 2.070454876539211142e+01 1.354524338219733892e-01
4.548415113387841657e+00 2.120486216313895511e+01 1.440866965460735893e-01
4.624852149816105928e+00 2.168487245694800336e+01 1.599849727456645887e-01
4.698866350483113408e+00 2.219686017207229867e+01 1.708403498899156159e-01
4.767007277650047392e+00 2.273647273513829958e+01 1.603598350449730314e-01
4.845298648388871143e+00 2.327577365049376823e+01 1.629228419075186562e-01
4.908814837890106197e+00 2.380707849382146080e+01 1.412997429700085517e-01
4.976516246839302937e+00 2.436582706664007958e+01 1.393944475285331941e-01
5.067810359676220067e+00 2.492522879885402887e+01 1.186870781376071216e-01
5.161627667122165697e+00 2.551064666293498817e+01 9.004639321918217476e-02
5.259516273301097833e+00 2.610652419780249645e+01 5.987895099806420096e-02
5.328033127271503133e+00 2.672143298656754240e+01 2.101254317268247754e-02
5.412535827812211764e+00 2.733637008593865048e+01 -3.123491735307999326e-02
5.485145804332552721e+00 2.796465485129495576e+01 -7.782578044838674158e-02
5.584941089739508868e+00 2.859886497783502435e+01 -1.394117946257755480e-01
5.686533438902847237e+00 2.926226996579787709e+01 -2.180806355789037532e-01
5.782224231031568351e+00 2.993920794694318843e+01 -3.053943160601310658e-01
5.880186499793270016e+00 3.063057230809511111e+01 -4.004829648847949564e-01
5.976428372105521802e+00 3.132197152199367451e+01 -5.097133534253079912e-01
6.097850111912105575e+00 3.205771096833431244e+01 -6.438008171531801604e-01
6.280849140635168304e+00 3.318470575993272575e+01 -8.718446649222041378e-01
6.387143947443359338e+00 3.394602141997643940e+01 -1.048405127274111059e+00
6.514258567107990672e+00 3.472850733060047190e+01 -1.241639112305802373e+00
6.645191175386128357e+00 3.550502091150547557e+01 -1.458170393066606563e+00
6.770817947617502774e+00 3.634023286160833521e+01 -1.701953348934421850e+00
6.907796806993337313e+00 3.717208597350573029e+01 -1.970457649697074709e+00
7.068090827329958081e+00 3.803980261382747585e+01 -2.286942116897745958e+00
7.183698732966376177e+00 3.890208905044687526e+01 -2.634602421034492270e+00
7.337264052920331459e+00 3.976409945706122784e+01 -3.019371688308774448e+00
7.523604655323216761e+00 4.064036676046704599e+01 -3.441558205248308244e+00
7.699748484633063939e+00 4.154908878451890075e+01 -3.930282083839702345e+00
7.874620697087003407e+00 4.246584792723496093e+01 -4.460358286685865536e+00
8.051955728744795593e+00 4.334782795969609737e+01 -5.053099210122888429e+00
8.262237851110265652e+00 4.419906162693064999e+01 -5.711947627134514427e+00
8.459315045213889661e+00 4.505762334060212027e+01 -6.415138951136766465e+00
8.677928216287556396e+00 4.590478948291616490e+01 -7.193211840528023870e+00
8.877540003017104553e+00 4.667835383288177553e+01 -8.013610114770001402e+00
9.103391245924006725e+00 4.745200562621664631e+01 -8.887163679270996042e+00
9.305829165504311717e+00 4.815104053009867613e+01 -9.785626379945004061e+00
9.518192249850899955e+00 4.879520151832785047e+01 -1.071602317339157473e+01
9.705541298906355863e+00 4.939235456426709447e+01 -1.168153823513521594e+01
1.002963350139609311e+01 5.021594400697448890e+01 -1.313305431437062865e+01
1.022711615220461567e+01 5.070906876570478516e+01 -1.412701134637681832e+01
1.040949268075702427e+01 5.115086497056969961e+01 -1.506536559043865253e+01
1.059899411050607121e+01 5.157495360094944914e+01 -1.601420147685871598e+01
1.076415592864151627e+01 5.193117592883518086e+01 -1.695278962834669656e+01
1.092840599591691841e+01 5.228145800718203873e+01 -1.787996223952847430e+01
1.111060662206886462e+01 5.260202536267001250e+01 -1.876406967480431831e+01
1.125572813634573066e+01 5.286709794426649012e+01 -1.963566969993109268e+01
1.139592869858951651e+01 5.314518316566596923e+01 -2.047427630203334559e+01
1.154353710425214175e+01 5.337830406972994979e+01 -2.129079918241587066e+01
1.167613215950311911e+01 5.359742975875862214e+01 -2.209533644769424754e+01
1.178448436123206022e+01 5.379346349514027992e+01 -2.286817565820643594e+01
1.194572850244689555e+01 5.398168794329244236e+01 -2.359265606011192773e+01
1.207077856464388965e+01 5.414951918513021667e+01 -2.431707747540903952e+01
1.217590070761893628e+01 5.430038991022697559e+01 -2.501531033200627263e+01
1.230923306889463120e+01 5.445736594818290399e+01 -2.569173307624654257e+01
1.241711236404896823e+01 5.460107014957745974e+01 -2.632521967721022804e+01
1.251014489882277125e+01 5.473080731581354996e+01 -2.697065796192942955e+01
1.263035781262092172e+01 5.483417704677622595e+01 -2.757645865841666222e+01
1.274525690307831560e+01 5.492791849795208492e+01 -2.817018457077182347e+01
1.284420604238548336e+01 5.503230408122353623e+01 -2.873300575621439279e+01
1.297245333789836508e+01 5.517279495754942076e+01 -2.956396354514833291e+01
1.307241913540412526e+01 5.520831598653477101e+01 -3.008289774452303078e+01
1.316213701936470848e+01 5.527750209648966262e+01 -3.059383270700598700e+01
1.325135905153029192e+01 5.534914946452411755e+01 -3.109974336049451082e+01
1.333131147129430794e+01 5.540291130782316031e+01 -3.158928138188208123e+01
1.340899300669197025e+01 5.545180787112435894e+01 -3.202561137284219939e+01
1.347888140613614993e+01 5.547570726336884661e+01 -3.247483580927269031e+01
1.354396047221072763e+01 5.550695523726658109e+01 -3.292310136011850830e+01
1.362929333974989632e+01 5.554051925164316117e+01 -3.332750942028473418e+01
1.368096370079000046e+01 5.556573294638232596e+01 -3.373911305756840306e+01
1.374025505072041931e+01 5.558340353071756823e+01 -3.413109487578184797e+01
1.383203401563387835e+01 5.559151813794867536e+01 -3.451327218736349067e+01
1.389210933323963992e+01 5.559328693223059759e+01 -3.487024841256491214e+01
1.393841102159303347e+01 5.563486562273381963e+01 -3.523496746427235138e+01
1.398581599890270510e+01 5.563349800852314786e+01 -3.555343998345483669e+01
1.404616862616400930e+01 5.564066452042388278e+01 -3.588461677097091496e+01
1.412055753868424901e+01 5.565438511971921542e+01 -3.620430430474664973e+01
1.417322386249922772e+01 5.566681473705757810e+01 -3.650096173219868945e+01
1.423077555023736274e+01 5.568298951932474239e+01 -3.678584181193510716e+01
1.429400344548706059e+01 5.569592502298691272e+01 -3.707380231987013985e+01
1.432863858326858519e+01 5.570535008769284246e+01 -3.734451609723435439e+01
1.439397661308030152e+01 5.577107505155759526e+01 -3.773710181212538117e+01
1.442003659918330705e+01 5.579539979929856486e+01 -3.797617186396848155e+01
1.447175508092172436e+01 5.580358335722753793e+01 -3.822354487359307740e+01
1.452261265438006710e+01 5.582908088730283680e+01 -3.847157426407770942e+01
1.455004798537106758e+01 5.586479949921277921e+01 -3.870182115258664624e+01
1.457875849635167498e+01 5.590901311181034572e+01 -3.891495278424689275e+01
1.463934807725351739e+01 5.593010262003443955e+01 -3.913458930612117115e+01
1.467118071601702489e+01 5.597322694767878914e+01 -3.936040939915984893e+01
1.472842921749954037e+01 5.601559451551383262e+01 -3.956658865085973531e+01
1.475828248334721948e+01 5.606471643957190309e+01 -3.977961126558021476e+01
1.479529892073692388e+01 5.606895846391687854e+01 -3.998761282003177797e+01
1.485452951923897835e+01 5.610636136979454136e+01 -4.019307364941750649e+01
1.489315466785119035e+01 5.616212904989914279e+01 -4.037820705139792210e+01
1.494569102190016530e+01 5.617094344155095342e+01 -4.057025313024271185e+01
1.496244266484450236e+01 5.618701546141367942e+01 -4.075143805529799579e+01
1.502940023277674086e+01 5.622511593259706331e+01 -4.093648718874598558e+01
1.508491732190962686e+01 5.625828459974353990e+01 -4.113492050361304564e+01
1.511765499522643097e+01 5.628523462182702275e+01 -4.131159235383251627e+01
1.513215505330868993e+01 5.632054926898383940e+01 -4.148010529954277104e+01
1.518852109197259814e+01 5.634876949350866226e+01 -4.166936212184450028e+01
1.521661510696861619e+01 5.636659817493211477e+01 -4.182270090499790172e+01
1.526336945509031473e+01 5.639012777832794399e+01 -4.205953968589425784e+01
1.530753996634464897e+01 5.642364847995550292e+01 -4.222868213312649743e+01
1.532198588337013234e+01 5.644025747876795407e+01 -4.239053744475300789e+01
1.536138377771263031e+01 5.644571445810074550e+01 -4.254345363309835193e+01
1.541001365081482533e+01 5.644661970992306976e+01 -4.269986628303979614e+01
1.543994918457378063e+01 5.647104138491790337e+01 -4.285542269985631947e+01
1.547073694017733736e+01 5.646980945760604698e+01 -4.300325961913009820e+01
1.551277757196195850e+01 5.646969917362095259e+01 -4.314757450609305778e+01
1.552888108718599725e+01 5.649643219416422824e+01 -4.330200665328067089e+01
1.556950350974453556e+01 5.648886792837699744e+01 -4.343941901178835963e+01
1.560888421233720180e+01 5.650696249587534226e+01 -4.359333875094091582e+01
1.565298216697242495e+01 5.651529862548760264e+01 -4.370837487645401609e+01
1.566223965929124873e+01 5.650181536197791843e+01 -4.384066268677398881e+01
1.570765751684303702e+01 5.652924824324032471e+01 -4.397493597008968180e+01
1.573689666040697333e+01 5.653879685220719153e+01 -4.408301657543341179e+01
1.577549578051212364e+01 5.654431529970659653e+01 -4.421887577594577579e+01
1.578763729683591244e+01 5.656429200970123361e+01 -4.431364800705612339e+01
1.581136514896853384e+01 5.658092824960528588e+01 -4.441244073469136566e+01
1.584419817442322120e+01 5.659237821620681785e+01 -4.451639601346274588e+01
1.586950456649093333e+01 5.659259300648292168e+01 -4.460592687648378529e+01
1.589620274484103568e+01 5.661730269485795475e+01 -4.473083049324123550e+01
1.591545631369133851e+01 5.662336480510302295e+01 -4.480138518426949901e+01
1.594527787139035624e+01 5.665619803238191565e+01 -4.485918557866129674e+01
1.597775897862618422e+01 5.665503729647992515e+01 -4.490234583510365951e+01
1.601098572080500304e+01 5.668031123058849374e+01 -4.496446810773742442e+01
1.604319775370714396e+01 5.671153925281573294e+01 -4.499835705983188916e+01
1.606236398876700022e+01 5.678519884255342021e+01 -4.501883269913753338e+01
1.608672575977944064e+01 5.683072244680179352e+01 -4.503689859456034128e+01
1.608280306508933677e+01 5.689489685170769917e+01 -4.503947356852555828e+01
1.612552406389018245e+01 5.699857048717880303e+01 -4.503735993984255970e+01
1.615139019303708068e+01 5.713506763908710440e+01 -4.501451861835486312e+01
1.615745394096298071e+01 5.729286620070394065e+01 -4.497197409010917113e+01
1.617052344509875184e+01 5.747343871584782704e+01 -4.495346752177474769e+01
1.621866391720552869e+01 5.770248448490798410e+01 -4.495343789229767140e+01
1.627702750959680955e+01 5.797445937051604403e+01 -4.495865823606780509e+01
1.633291564098243498e+01 5.823032176303227914e+01 -4.498455003290946053e+01
1.639238266797747556e+01 5.851357056852745586e+01 -4.503363761401585208e+01
1.646461973365549625e+01 5.881134695528101730e+01 -4.511190281400037350e+01
1.649979857531835492e+01 5.910131537784238986e+01 -4.523411343452197997e+01
1.656594073759810115e+01 5.937668009883564935e+01 -4.538310223166314472e+01
1.662754842370220132e+01 5.964803997997840668e+01 -4.552650527132908564e+01
1.671650618667819543e+01 6.003663112893308806e+01 -4.576287904928186379e+01
1.677830183757174964e+01 6.029411631650351211e+01 -4.595000986381197805e+01
1.682668253893839960e+01 6.046015573780970698e+01 -4.613473375839465263e+01
1.690731633307128590e+01 6.065959935931557112e+01 -4.632978263683623510e+01
1.696972508162918558e+01 6.086041851462857011e+01 -4.653770180665442524e+01
1.701992279680146680e+01 6.103782226251135512e+01 -4.675176000149377842e+01
1.707039971721017935e+01 6.120695249376504421e+01 -4.696479803606536052e+01
1.713660896366240394e+01 6.136653946920228009e+01 -4.719920258893309040e+01
1.720696423928291452e+01 6.150827945206003733e+01 -4.744327257101864603e+01
1.725363566012437033e+01 6.165473042095223377e+01 -4.767666587987577742e+01
1.730571907355640704e+01 6.180168548588419242e+01 -4.788454499030014944e+01
1.735369092951005854e+01 6.190994865374980094e+01 -4.814472667610528589e+01
1.739624820501919444e+01 6.200460463333186567e+01 -4.839643329845388564e+01
1.748523569891753837e+01 6.212761272247724520e+01 -4.864870941248427982e+01
1.752021070300880723e+01 6.221907085416420102e+01 -4.890018199994995030e+01
1.757253757269900163e+01 6.231397670247538656e+01 -4.913889559159522236e+01
1.762301337636020193e+01 6.241414402668551276e+01 -4.943306397938925301e+01
1.769293425936610475e+01 6.249767600790548272e+01 -4.968027488711909712e+01
1.775109675985021340e+01 6.256931825624336341e+01 -4.995334705716785351e+01
1.781838316850160808e+01 6.262855610574445819e+01 -5.022908627274405546e+01
1.788048064793382608e+01 6.271578648085395713e+01 -5.048243793772126509e+01
1.794876970936970295e+01 6.281769346960253841e+01 -5.089622840297035822e+01
1.803599098671433509e+01 6.285166359103286737e+01 -5.117252335805678598e+01
1.806901005088776913e+01 6.288342072694683793e+01 -5.144346323504327501e+01
1.811406603629122714e+01 6.294812582782093102e+01 -5.170795714726774150e+01
1.817130951603409983e+01 6.299463824401721013e+01 -5.198462789484548807e+01
1.822733392536833108e+01 6.302300148095865495e+01 -5.225950034390860566e+01
1.829570428073080635e+01 6.307466700410896010e+01 -5.252408119183660062e+01
1.832081883744312378e+01 6.307847572354435783e+01 -5.280152631503394645e+01
1.839081553397235069e+01 6.308608198638769693e+01 -5.306182130638321581e+01
1.845688466916401183e+01 6.310004601175048577e+01 -5.333737119766510659e+01
1.852827512855017034e+01 6.312586953064315054e+01 -5.361058413689195135e+01
1.857862995732889999e+01 6.313869666075581222e+01 -5.388443931709748114e+01
1.861280716492020204e+01 6.314636696508114966e+01 -5.414755022467693379e+01
1.867131557541004483e+01 6.315052228884121632e+01 -5.441619670737493664e+01
1.869208547378883623e+01 6.315370344410035841e+01 -5.466877410436358531e+01
1.873191761066593486e+01 6.312298997856888150e+01 -5.491368700027853578e+01
1.878963577477024671e+01 6.311615467790614531e+01 -5.515744332958758633e+01
1.886240333427817362e+01 6.309714195655031688e+01 -5.542041386817290771e+01
1.889097058152081132e+01 6.307789748589845402e+01 -5.565668326163851987e+01
1.891718938324259724e+01 6.308235236231514165e+01 -5.589803415820390597e+01
1.895695007484683003e+01 6.305485250295523514e+01 -5.612233677817880562e+01
1.900654517004988264e+01 6.302584494088078770e+01 -5.646505950300663557e+01
1.906389419663708296e+01 6.300455627307533746e+01 -5.669334061166679106e+01
1.912484788333211583e+01 6.298890975239475409e+01 -5.689442243957158496e+01
1.916080304356950492e+01 6.297193051022805577e+01 -5.711402391905473053e+01
1.920156905036728645e+01 6.297676490268037952e+01 -5.733226965393243546e+01
1.925026310138547458e+01 6.297143991386887762e+01 -5.752967870384659932e+01
1.925843387508875537e+01 6.298423117700296814e+01 -5.773132883652752412e+01
1.931837881976401405e+01 6.297731715629392824e+01 -5.791939811719235109e+01
1.933354969417498026e+01 6.299129546546320313e+01 -5.812495746240618644e+01
1.937807786840284052e+01 6.299777713363696563e+01 -5.833349461959945614e+01
1.937698622341929422e+01 6.301802066632670574e+01 -5.853311890381247906e+01
1.944513792078027592e+01 6.299905891093124666e+01 -5.874462774920198171e+01
1.948826990492547395e+01 6.304203846182373638e+01 -5.895638921265925347e+01
1.953616370028064253e+01 6.303324431954738571e+01 -5.916605765714267307e+01
1.956738788199769274e+01 6.304968794363194462e+01 -5.937490237827035600e+01
1.960221381634996618e+01 6.307636672709717374e+01 -5.956874108398716317e+01
1.965265262559876902e+01 6.309384991931484876e+01 -5.978044532380749843e+01
1.968324925814288306e+01 6.311662641017869646e+01 -5.998696269934549008e+01
1.974586051514985741e+01 6.312728723251569818e+01 -6.019448104257102017e+01
1.979973138573114966e+01 6.319643940219029332e+01 -6.039383491591637210e+01
1.984054350239525988e+01 6.321783835299039112e+01 -6.058489223896602738e+01
1.988312712250060699e+01 6.325494367513926619e+01 -6.088463632392196700e+01
1.990984052292912665e+01 6.328704807285446066e+01 -6.110535102602609214e+01
1.994250987132215513e+01 6.331689789176920158e+01 -6.130269260188887159e+01
1.997362054892674266e+01 6.336443065720793300e+01 -6.150079350228597974e+01
2.002832180776927373e+01 6.337353253650558571e+01 -6.171369381898001194e+01
2.008822699440681347e+01 6.341676959680938808e+01 -6.193641422461635671e+01
2.013867449764551054e+01 6.348016903920975551e+01 -6.216887081611994859e+01
2.020038709253655895e+01 6.354826877310288324e+01 -6.239038741296352697e+01
2.025381263170364576e+01 6.361037238130828797e+01 -6.262388440005493351e+01
2.029647539037775061e+01 6.368652943964828950e+01 -6.287282739137719290e+01
2.036921930623468313e+01 6.375915666634485746e+01 -6.310405795297668874e+01
2.039278102289976857e+01 6.381500483509915966e+01 -6.335953322226615825e+01
2.046295857129079110e+01 6.385425770130933643e+01 -6.362026851234047342e+01
2.051082648468577929e+01 6.391327276143410074e+01 -6.387763938669597508e+01
2.057862098113676552e+01 6.399965268661608775e+01 -6.413703026311308975e+01
2.061429129678733574e+01 6.407356438580940505e+01 -6.440733058597189142e+01
2.066801514220428260e+01 6.413920043701561724e+01 -6.469372290578156992e+01
2.070138163747843763e+01 6.419529636595601119e+01 -6.496360907414005226e+01
2.076519428290309222e+01 6.424269516681006564e+01 -6.522620475509161508e+01
2.081297979036724399e+01 6.428145098319082251e+01 -6.551357510710410281e+01
2.087255491938881846e+01 6.430974501746688077e+01 -6.579284256250116414e+01
2.095706065842322374e+01 6.436962594333833465e+01 -6.621280788610829404e+01
2.104163722162937589e+01 6.441371958107001205e+01 -6.648911022344576338e+01
2.109423384195498841e+01 6.446716644244173722e+01 -6.678544932414953905e+01
2.114072055679622153e+01 6.450184310864057124e+01 -6.705539382792879621e+01
2.121016789779439193e+01 6.454836115730638824e+01 -6.731917429252582963e+01
2.126470083853577719e+01 6.459969807726170643e+01 -6.761697492189489367e+01
2.132552443778361351e+01 6.464649324414246223e+01 -6.789359574694861976e+01
2.137323615688837108e+01 6.467820482585369746e+01 -6.817718132983945623e+01
2.144594963551844913e+01 6.472925145066136565e+01 -6.843442714050624431e+01
2.148648679274928597e+01 6.477792470545776382e+01 -6.870725706432278912e+01
2.152289813971195187e+01 6.480898102806695249e+01 -6.897884914841191062e+01
2.155600610592764355e+01 6.485204390194456892e+01 -6.925068957288991101e+01
2.160291305185749522e+01 6.490234634550363069e+01 -6.951479635507904220e+01
2.166539290484258728e+01 6.493836247176547261e+01 -6.981015392707492140e+01
2.169371623146463790e+01 6.496932895300059840e+01 -7.006204113610215245e+01
2.176662249763047896e+01 6.500487882527261263e+01 -7.035574808111911693e+01
2.182106118016322682e+01 6.504872747958764023e+01 -7.061951885902260528e+01
2.188022929160437613e+01 6.509948081558077604e+01 -7.088533511925059827e+01
2.192844543368033783e+01 6.516579153433396243e+01 -7.117844150320742358e+01
2.199351134790654783e+01 6.521669299240100770e+01 -7.143218983799275179e+01
2.209097809566494774e+01 6.531122708084538431e+01 -7.185356167861284860e+01
2.212321023113901930e+01 6.536590526398641998e+01 -7.212738731366775369e+01
2.217261303349793167e+01 6.543291046046708459e+01 -7.239797408972287940e+01
2.223007497405417965e+01 6.548942301807930733e+01 -7.271003451738066303e+01
2.228393910735556105e+01 6.552096584299891902e+01 -7.296741123344996538e+01
2.233586154525211853e+01 6.556247341233734005e+01 -7.324537854997372222e+01
2.237611978779028377e+01 6.558387981162542246e+01 -7.352314527291535740e+01
2.245051267028856756e+01 6.560650807890819181e+01 -7.380095211573511449e+01
2.248460340328002971e+01 6.562822452148206764e+01 -7.407781659852027190e+01
2.256500964185803326e+01 6.565900503386498599e+01 -7.435185720549652899e+01
2.261996958159750548e+01 6.568892038260953825e+01 -7.461049099684422004e+01
2.265922046610992524e+01 6.571573371812135633e+01 -7.489113723700953074e+01
2.270967123176213676e+01 6.574529584848950492e+01 -7.515331833656462379e+01
2.275123808736604758e+01 6.577212710506736926e+01 -7.540637635531314231e+01
2.279537639696344442e+01 6.576989482631860540e+01 -7.564694774340786410e+01
2.283162136907034423e+01 6.577787161587330900e+01 -7.590045230574290258e+01
2.286616896853982084e+01 6.577927094211419501e+01 -7.614382931741363336e+01
2.291841169307471660e+01 6.576672531175508141e+01 -7.638063934333257521e+01
2.297071438679136790e+01 6.579430672292666316e+01 -7.661556044655624476e+01
2.301597304982034942e+01 6.579841554662250758e+01 -7.684938983095753429e+01
2.305406656888001748e+01 6.582313682025004198e+01 -7.706115825693963473e+01
2.312221159056544195e+01 6.583573501271067130e+01 -7.739831784196631759e+01
2.317228842292882618e+01 6.583334839155833151e+01 -7.761214706446421019e+01
2.321395475663313945e+01 6.584688178971438788e+01 -7.781357394886009615e+01
2.323003101295211437e+01 6.585934265998453441e+01 -7.804669303389829338e+01
2.330947055909154741e+01 6.585033721852381916e+01 -7.823905982885629840e+01
2.333358556643440451e+01 6.585738098988124989e+01 -7.845127061004579616e+01
2.336446957567149241e+01 6.588954140893116573e+01 -7.866229874932886901e+01
2.340111504378970864e+01 6.587660017951827740e+01 -7.887161574565658384e+01
2.343991245239633869e+01 6.589277568453572087e+01 -7.906248228016941937e+01
2.348022991402785919e+01 6.589301993303450899e+01 -7.924644143976216526e+01
2.352350270564163282e+01 6.591501115753965223e+01 -7.946692163044751567e+01
2.355805540202167947e+01 6.590459974140470933e+01 -7.965443887432232373e+01
2.358939416139633849e+01 6.591734235658512375e+01 -7.982996458303219356e+01
2.365102739783954178e+01 6.591339379029186318e+01 -8.003065588255540774e+01
2.367928746642365567e+01 6.591594129126093549e+01 -8.021713009856938470e+01
2.370192407456753969e+01 6.592513413092616759e+01 -8.039258602962367206e+01
2.375099272020301555e+01 6.597581848793815595e+01 -8.058717602987152873e+01
2.377989322824800311e+01 6.597079774543274766e+01 -8.075926451247703142e+01
2.382022577037591660e+01 6.598739358049628834e+01 -8.094655345776526190e+01
2.385403018766403349e+01 6.601200191945581253e+01 -8.113090089827333884e+01
2.391160784479166423e+01 6.601071409884482932e+01 -8.130278069252756268e+01
2.397223240287782886e+01 6.606018991332354062e+01 -8.156770316859956438e+01
2.401588688671238003e+01 6.608659564477396486e+01 -8.173340692774982585e+01
2.405496369163314796e+01 6.610885468333833614e+01 -8.191754029708444307e+01
2.407123425520811821e+01 6.615974894056860478e+01 -8.208688255581490978e+01
2.415172156095954037e+01 6.620322250686037080e+01 -8.226124267252660616e+01
2.417637585000276346e+01 6.621456371764551818e+01 -8.241637999696742156e+01
2.420528170131176537e+01 6.626344756667916158e+01 -8.260018514671855883e+01
2.421899161364437347e+01 6.630902065104837106e+01 -8.279281587243976048e+01
2.421900084987432322e+01 6.633537171993859261e+01 -8.295846383643522870e+01
2.426970143883339048e+01 6.638033763247700847e+01 -8.313472876243547205e+01
2.431262089072368582e+01 6.639168995018196995e+01 -8.330612395994650399e+01
2.437416536991271343e+01 6.640596922115226164e+01 -8.347570957529867997e+01
2.444232693289469793e+01 6.647384379258278386e+01 -8.366794269965782860e+01
2.449678667555175693e+01 6.654486921570354241e+01 -8.386778466666103782e+01
2.454770932377535431e+01 6.658225594407966241e+01 -8.406229844432837695e+01
2.458777793078015961e+01 6.664414738294188112e+01 -8.424961474885530777e+01
2.463219614570458305e+01 6.671704748641276694e+01 -8.444309537944066335e+01
2.465358752646596585e+01 6.679474988071352470e+01 -8.463847839949258400e+01
2.467341455471790113e+01 6.682595852956835358e+01 -8.483184494457110247e+01
2.471672233355238291e+01 6.687664588651755082e+01 -8.502620277565667095e+01
2.474973497731199856e+01 6.691963921006524174e+01 -8.521736960043239151e+01
2.479371423119881612e+01 6.697778283733963178e+01 -8.553636022009905560e+01
2.483010961243984482e+01 6.699699420889045598e+01 -8.572578297880896514e+01
2.490091086293892175e+01 6.704179708336963017e+01 -8.594881106761671674e+01
2.493896922955316242e+01 6.707221978077672020e+01 -8.614916978649468149e+01
2.499865117452219465e+01 6.712568519443374271e+01 -8.635004356111977586e+01
2.503774845371896163e+01 6.716304414793671640e+01 -8.656212978437764605e+01
2.509236868123399233e+01 6.721849267285330143e+01 -8.676316184952854371e+01
2.514857669858682598e+01 6.724905297230311874e+01 -8.697811247536047574e+01
2.516894327916451957e+01 6.728838983198048140e+01 -8.721888827608802330e+01
2.521499087343403289e+01 6.733752285958902917e+01 -8.741821274408958686e+01
2.523911736011249829e+01 6.736373921537627041e+01 -8.761812488737226090e+01
2.530625028895684636e+01 6.739387880035755529e+01 -8.785394043320145840e+01
2.534618696138743488e+01 6.742675925051855756e+01 -8.807504258187537971e+01
2.541331270520928598e+01 6.745378756567552614e+01 -8.831215856764693228e+01
2.546069147859273940e+01 6.748750194062471053e+01 -8.852475399326407057e+01
2.551059045814367821e+01 6.751101859813135775e+01 -8.873063812150259366e+01
2.556353782841264888e+01 6.756365648330503859e+01 -8.896430530474326304e+01
2.562096156865599283e+01 6.760841155670993885e+01 -8.916534978714432214e+01
2.563905241854121542e+01 6.764939061515205765e+01 -8.940317794547256369e+01
2.569241467684495461e+01 6.767197519783617565e+01 -8.960754075362694948e+01
2.571787447490211420e+01 6.771975843139014728e+01 -8.981774203972217663e+01
2.579502254231135794e+01 6.781041892375279190e+01 -9.014938141320465093e+01
2.583748862783268763e+01 6.782757148171644701e+01 -9.034836634177558778e+01
2.587656974454791836e+01 6.786643374293031172e+01 -9.056933599691221559e+01
2.593517366030754445e+01 6.788347685403105913e+01 -9.079163438702822475e+01
2.595400865257254353e+01 6.791178703262016825e+01 -9.100430561988633826e+01
2.603281027120106472e+01 6.794983537494238135e+01 -9.121138500129353588e+01
2.608144628670480714e+01 6.796453389456750926e+01 -9.142140845490536094e+01
2.612577418237892957e+01 6.800149851509311816e+01 -9.164798274517850984e+01
2.617337676436837768e+01 6.802124275268776898e+01 -9.185316012521782625e+01
2.623921925056720994e+01 6.804649392906377159e+01 -9.203410118449356503e+01
2.628919909123449727e+01 6.807904685603250527e+01 -9.223670282136318122e+01
2.633507678546270370e+01 6.814405646756384272e+01 -9.242982044489153282e+01
2.637329938355875925e+01 6.817125269001650167e+01 -9.263337961919718566e+01
2.643691989964881017e+01 6.823638344090720409e+01 -9.282323432724194845e+01
2.644109435824364240e+01 6.827742780366277486e+01 -9.301815254671147670e+01
2.648172005272001428e+01 6.830478694602720680e+01 -9.320412234529224804e+01
2.650508254167363020e+01 6.835027339445288419e+01 -9.338453080407265361e+01
2.654726884358836969e+01 6.836914718939806335e+01 -9.356635742012805679e+01
2.656174554919971342e+01 6.841439361924267359e+01 -9.374543536275341182e+01
2.655691981493650644e+01 6.842829432504002796e+01 -9.393100900542326315e+01
2.661850021146269540e+01 6.845591083123750309e+01 -9.409079276543319281e+01
2.664928102125677611e+01 6.847305832179057461e+01 -9.434754246088120055e+01
2.669018758383809242e+01 6.848459210491093074e+01 -9.450532939105190167e+01
2.674409527280031540e+01 6.853107452378857545e+01 -9.469201426957189938e+01
2.676698295218779933e+01 6.853857130577924295e+01 -9.483921806300472213e+01
2.686191518767621034e+01 6.854426898652923228e+01 -9.498718936477912678e+01
2.690717863893332407e+01 6.858651869319766092e+01 -9.517265799085748768e+01
2.697887422323153572e+01 6.862585282814644927e+01 -9.532653672723509430e+01
2.703466291352390627e+01 6.868208268456409371e+01 -9.547707085522475268e+01
2.708813545909655573e+01 6.876695980785180495e+01 -9.562305825168681395e+01
2.712649388355839974e+01 6.884206728826167421e+01 -9.576628856749145768e+01
2.717276733511459952e+01 6.891527388753486605e+01 -9.590882351096820457e+01
2.716512080978876753e+01 6.898349355442009312e+01 -9.607734330497002873e+01
2.718596962203097078e+01 6.905242933446638176e+01 -9.624723573170105340e+01
2.718199358456612202e+01 6.910487723095164370e+01 -9.640080955101510085e+01
2.719753021472147481e+01 6.915462953248052713e+01 -9.656810464451051246e+01
2.721414959671172795e+01 6.920240497094363263e+01 -9.669143011317288483e+01
2.722598836822203694e+01 6.923063627546663668e+01 -9.685508740858728061e+01
2.727071094091816761e+01 6.926477531526622045e+01 -9.701944696898512177e+01
2.734648755620321126e+01 6.931392732990352101e+01 -9.718033739844175045e+01
2.738809658711820560e+01 6.935953425297729780e+01 -9.733094885934724516e+01
2.747646291021689890e+01 6.943482430400385397e+01 -9.757000807462129899e+01
2.756567493680287484e+01 6.950651295898653359e+01 -9.773587812078962145e+01
2.760728194475633046e+01 6.959863642807678730e+01 -9.790479199723142756e+01
2.767764189649362905e+01 6.971701062118327741e+01 -9.805550456679951310e+01
2.775265704733662631e+01 6.981032978455574778e+01 -9.823487431477276743e+01
2.779431273905590416e+01 6.991047234271427158e+01 -9.842124222058167504e+01
2.784141633261712911e+01 7.003708552442546420e+01 -9.860675344429866129e+01
2.788090839004745192e+01 7.012071760529414632e+01 -9.877371215631231394e+01
2.789756528791777512e+01 7.022270230081416287e+01 -9.898662367919860117e+01
2.792740321748859955e+01 7.032174183341885509e+01 -9.915458856367040141e+01
2.796207113354387275e+01 7.039051228769399415e+01 -9.935079516618949924e+01
2.799194443589876968e+01 7.045946728269206005e+01 -9.956208237370412917e+01
2.803754623514338462e+01 7.052116517465783829e+01 -9.974273533708536377e+01
2.806288506410362515e+01 7.057515960683539902e+01 -9.995034089674970801e+01
2.810323737402004696e+01 7.062352002954825991e+01 -1.001385129631894415e+02
2.817306916062703692e+01 7.070109703792367384e+01 -1.003427594007601300e+02
2.819761173237009899e+01 7.074580104755044374e+01 -1.005351434723855704e+02
2.825933607201276132e+01 7.080089784070966630e+01 -1.007625091560316122e+02
2.830699140838387251e+01 7.086700614523721242e+01 -1.009485939009523037e+02
2.837449546439724557e+01 7.090194951714332205e+01 -1.011378639324624942e+02
2.844903670724425027e+01 7.097833446128153412e+01 -1.013332467443934348e+02
2.853988775253462506e+01 7.108931577720602490e+01 -1.016471074639487284e+02
2.861721478869161928e+01 7.115692158422035618e+01 -1.018617490491090081e+02
2.868895234541328421e+01 7.122982409940443915e+01 -1.020357086241452578e+02
2.872187734107657775e+01 7.133644672520402708e+01 -1.022663607873028155e+02
2.876905496561422382e+01 7.142052834236586989e+01 -1.024767055160799885e+02
2.880624679338823668e+01 7.150614031961575279e+01 -1.026782646883842460e+02
2.883735250622054025e+01 7.159755785699067587e+01 -1.028851087755541869e+02
2.887011371072203403e+01 7.166617232031268259e+01 -1.031030749933775041e+02
2.885930582796657617e+01 7.172320337270933521e+01 -1.033008959089652166e+02
2.889510129363672064e+01 7.178457574383637052e+01 -1.035119558240081687e+02
2.891750048677576501e+01 7.180918542943371108e+01 -1.037086388803808035e+02
2.893791950475467445e+01 7.185012695765335877e+01 -1.039150115184824159e+02
2.899831080270430661e+01 7.187818224534622402e+01 -1.041253025060760251e+02
2.905502242126873824e+01 7.190783841534566534e+01 -1.043311757708609377e+02
2.913125751833672794e+01 7.194506120718899922e+01 -1.045362747899447839e+02
2.920870522908095168e+01 7.198363479911164120e+01 -1.047303059146494917e+02
2.929083954439380477e+01 7.203578971412524368e+01 -1.049443219166120542e+02
2.936577179257167103e+01 7.211120150526986095e+01 -1.051523241502088695e+02
2.942567472166282272e+01 7.220975869276703918e+01 -1.053829667830321029e+02
2.949484884847096211e+01 7.227176836221843814e+01 -1.055988787242296070e+02
2.954945179866511040e+01 7.234636652791304812e+01 -1.058121765083632368e+02
2.957248671938842577e+01 7.248194544667012451e+01 -1.061138992304872204e+02
2.963293277615272814e+01 7.253508870744866499e+01 -1.063230036380437298e+02
2.962804311622576847e+01 7.259814368443430510e+01 -1.065158587083071922e+02
2.965488253873451541e+01 7.265961077800773182e+01 -1.067013472856500442e+02
2.964805815145902912e+01 7.270947720589570906e+01 -1.069125523278413823e+02
2.970714326608003475e+01 7.274991670655658993e+01 -1.071050020937356493e+02
2.975307377617997062e+01 7.278958241592027889e+01 -1.072959882399852773e+02
2.978158948939229234e+01 7.283783826558459396e+01 -1.075147999801508831e+02
2.984994528218881271e+01 7.290420453302307635e+01 -1.077058840784960694e+02
2.990325188732697370e+01 7.294612877686083152e+01 -1.079089228030227900e+02
2.994593197824404029e+01 7.301726225601532860e+01 -1.081046549285798193e+02
