1.099378705024719238e+00 2.254475831985473633e+00 -6.433113664388656616e-02 1.200853228569030762e+00 2.166758775711059570e+00 1.136635914444923401e-01
1.114266872406005859e+00 2.300134420394897461e+00 -6.289661675691604614e-02 5.064304471015930176e-01 2.150304555892944336e+00 1.218247935175895691e-01
1.118931531906127930e+00 2.337090730667114258e+00 -5.863017588853836060e-02 3.678492307662963867e-01 1.617635011672973633e+00 3.924466073513031006e-01
1.134175777435302734e+00 2.369424819946289062e+00 -5.129971355199813843e-02 9.991474151611328125e-01 1.821100711822509766e+00 5.357182621955871582e-01
1.150074720382690430e+00 2.411018371582031250e+00 -4.078781232237815857e-02 5.475181937217712402e-01 2.504855155944824219e+00 7.005208730697631836e-01
1.150021791458129883e+00 2.459445953369140625e+00 -2.584437094628810883e-02 -5.027723964303731918e-03 2.169895648956298828e+00 6.285361647605895996e-01
1.155596971511840820e+00 2.502677679061889648e+00 -1.366139110177755356e-02 5.312974452972412109e-01 2.505870580673217773e+00 8.153061866760253906e-01
1.167769908905029297e+00 2.556497335433959961e+00 2.387519227340817451e-03 4.117436110973358154e-01 2.830203294754028320e+00 9.685855507850646973e-01
1.180443525314331055e+00 2.611534118652343750e+00 2.062193490564823151e-02 7.532065510749816895e-01 2.996867895126342773e+00 9.279373288154602051e-01
1.196026206016540527e+00 2.675136804580688477e+00 3.983638063073158264e-02 7.508873343467712402e-01 3.460421085357666016e+00 9.468938708305358887e-01
1.210453510284423828e+00 2.743984460830688477e+00 6.336744129657745361e-02 7.077771425247192383e-01 3.589455604553222656e+00 1.293566584587097168e+00
1.231415987014770508e+00 2.854220867156982422e+00 9.414253383874893188e-02 7.284749150276184082e-01 4.146394252777099609e+00 1.136939644813537598e+00
1.243295669555664062e+00 2.937361955642700195e+00 1.212397217750549316e-01 5.356535911560058594e-01 4.258240222930908203e+00 1.459872603416442871e+00
1.254940032958984375e+00 3.016959667205810547e+00 1.481383442878723145e-01 7.462049722671508789e-01 4.280251026153564453e+00 1.334095835685729980e+00
1.270693302154541016e+00 3.102671146392822266e+00 1.768489629030227661e-01 8.981324434280395508e-01 4.445388317108154297e+00 1.567996144294738770e+00
1.290147662162780762e+00 3.194414377212524414e+00 2.039980143308639526e-01 9.994232654571533203e-01 4.959072589874267578e+00 1.437198042869567871e+00
1.302811861038208008e+00 3.294247388839721680e+00 2.359860390424728394e-01 4.676605463027954102e-01 5.060335636138916016e+00 1.651921033859252930e+00
1.311486840248107910e+00 3.391957283020019531e+00 2.703705430030822754e-01 6.169889569282531738e-01 5.087030887603759766e+00 1.769370913505554199e+00
1.327621102333068848e+00 3.498826026916503906e+00 3.055183887481689453e-01 1.028702735900878906e+00 5.600180625915527344e+00 1.722321629524230957e+00
1.347937107086181641e+00 3.615024328231811523e+00 3.368662595748901367e-01 7.205317616462707520e-01 6.175118446350097656e+00 1.502031445503234863e+00
1.354760408401489258e+00 3.733002424240112305e+00 3.698691427707672119e-01 3.078788220882415771e-01 5.753553390502929688e+00 1.736186981201171875e+00
1.373121023178100586e+00 3.842683553695678711e+00 4.038148522377014160e-01 1.455029726028442383e+00 5.854363441467285156e+00 1.890522122383117676e+00
1.406350851058959961e+00 3.963822364807128906e+00 4.428721368312835693e-01 1.558572530746459961e+00 6.385048866271972656e+00 1.981222271919250488e+00
1.433767914772033691e+00 4.088549137115478516e+00 4.814963638782501221e-01 1.342296361923217773e+00 6.464432239532470703e+00 1.993596076965332031e+00
1.458803534507751465e+00 4.223035335540771484e+00 5.212621092796325684e-01 1.210011243820190430e+00 6.944695949554443359e+00 2.061183691024780273e+00
1.483107686042785645e+00 4.359111309051513672e+00 5.647196769714355469e-01 1.026951670646667480e+00 6.858837604522705078e+00 2.369362592697143555e+00
1.499228119850158691e+00 4.495716571807861328e+00 6.073843836784362793e-01 8.165673017501831055e-01 6.975861549377441406e+00 2.218674421310424805e+00
1.517237067222595215e+00 4.632367134094238281e+00 6.493397355079650879e-01 1.153182506561279297e+00 7.263550758361816406e+00 2.156140327453613281e+00
1.543283104896545410e+00 4.780086994171142578e+00 6.962949633598327637e-01 1.349839448928833008e+00 7.961859703063964844e+00 2.498487949371337891e+00
1.567326903343200684e+00 4.943099498748779297e+00 7.441949248313903809e-01 1.022295713424682617e+00 8.444531440734863281e+00 2.212561368942260742e+00
1.584129095077514648e+00 5.105965137481689453e+00 7.898629903793334961e-01 7.009828686714172363e-01 8.196330070495605469e+00 2.546556949615478516e+00
1.596565485000610352e+00 5.264038562774658203e+00 8.382351398468017578e-01 9.155097603797912598e-01 8.448631286621093750e+00 2.518770694732666016e+00
1.632077455520629883e+00 5.515965938568115234e+00 9.181738495826721191e-01 1.303351044654846191e+00 8.805492401123046875e+00 2.704678058624267578e+00
1.659478545188903809e+00 5.691446304321289062e+00 9.680979847908020020e-01 1.285002946853637695e+00 9.280413627624511719e+00 2.428611040115356445e+00
1.682596445083618164e+00 5.877941608428955078e+00 1.015822768211364746e+00 9.872522354125976562e-01 9.700593948364257812e+00 2.579558610916137695e+00
1.704554438591003418e+00 6.066152095794677734e+00 1.064982771873474121e+00 1.273014903068542480e+00 9.771522521972656250e+00 2.505158424377441406e+00
1.729847550392150879e+00 6.259764194488525391e+00 1.117966055870056152e+00 1.070901393890380859e+00 1.016184425354003906e+01 2.947328329086303711e+00
1.750345945358276367e+00 6.458097934722900391e+00 1.177924036979675293e+00 1.039744257926940918e+00 1.013634967803955078e+01 2.997791290283203125e+00
1.773800134658813477e+00 6.656024456024169922e+00 1.239490747451782227e+00 1.392969846725463867e+00 1.014431858062744141e+01 3.241761684417724609e+00
1.805109500885009766e+00 6.860612392425537109e+00 1.302106738090515137e+00 1.637829542160034180e+00 1.076043415069580078e+01 3.191597700119018555e+00
1.834751009941101074e+00 7.074213027954101562e+00 1.362147808074951172e+00 1.635483264923095703e+00 1.096297836303710938e+01 3.112313270568847656e+00
1.864440441131591797e+00 7.291219234466552734e+00 1.423235058784484863e+00 1.563040971755981445e+00 1.126826667785644531e+01 2.972009658813476562e+00
1.894934296607971191e+00 7.518025875091552734e+00 1.484134554862976074e+00 1.591087579727172852e+00 1.167403316497802734e+01 3.160261631011962891e+00
1.924913763999938965e+00 7.746747970581054688e+00 1.546430230140686035e+00 1.571400403976440430e+00 1.199589252471923828e+01 3.174844264984130859e+00
1.951083302497863770e+00 7.987057685852050781e+00 1.608157038688659668e+00 1.347886681556701660e+00 1.234001922607421875e+01 3.186176300048828125e+00
1.978138446807861328e+00 8.231431007385253906e+00 1.669749021530151367e+00 1.409828662872314453e+00 1.258582019805908203e+01 3.084906101226806641e+00
2.005954980850219727e+00 8.478058815002441406e+00 1.730273485183715820e+00 1.568394422531127930e+00 1.277941608428955078e+01 3.121572732925415039e+00
2.039329051971435547e+00 8.731923103332519531e+00 1.792036414146423340e+00 1.602277994155883789e+00 1.314920234680175781e+01 3.084969043731689453e+00
2.069956779479980469e+00 8.992753982543945312e+00 1.855288863182067871e+00 1.426017403602600098e+00 1.341955471038818359e+01 3.238523960113525391e+00
2.099057912826538086e+00 9.257465362548828125e+00 1.916312575340270996e+00 1.540775179862976074e+00 1.368939304351806641e+01 3.189282178878784180e+00
2.130234479904174805e+00 9.527816772460937500e+00 1.977149724960327148e+00 1.655965447425842285e+00 1.395157623291015625e+01 3.196236848831176758e+00
2.164566516876220703e+00 9.799431800842285156e+00 2.039193153381347656e+00 1.752509951591491699e+00 1.397201251983642578e+01 3.248683214187622070e+00
2.200814247131347656e+00 1.008110046386718750e+01 2.104732036590576172e+00 1.953112721443176270e+00 1.484183788299560547e+01 3.353162050247192383e+00
2.258186578750610352e+00 1.052701282501220703e+01 2.202725172042846680e+00 1.729142189025878906e+00 1.552511692047119141e+01 3.403496026992797852e+00
2.291213750839233398e+00 1.083278179168701172e+01 2.268421411514282227e+00 1.726968407630920410e+00 1.578936100006103516e+01 3.411349058151245117e+00
2.326101541519165039e+00 1.114350795745849609e+01 2.331681966781616211e+00 1.785290002822875977e+00 1.613661384582519531e+01 3.376856327056884766e+00
2.359756946563720703e+00 1.146193790435791016e+01 2.398449420928955078e+00 1.827347517013549805e+00 1.648199653625488281e+01 3.191440105438232422e+00
2.402199268341064453e+00 1.178478527069091797e+01 2.463869571685791016e+00 2.300991296768188477e+00 1.676510620117187500e+01 3.336527347564697266e+00
2.445490837097167969e+00 1.211939716339111328e+01 2.526425123214721680e+00 1.945525765419006348e+00 1.742193412780761719e+01 3.037802934646606445e+00
2.482049465179443359e+00 1.245563602447509766e+01 2.585278987884521484e+00 2.049774408340454102e+00 1.718437004089355469e+01 3.308449745178222656e+00
2.526734113693237305e+00 1.279140853881835938e+01 2.652376651763916016e+00 2.518304109573364258e+00 1.730672264099121094e+01 3.249979972839355469e+00
2.578229427337646484e+00 1.313992118835449219e+01 2.713176250457763672e+00 2.479171037673950195e+00 1.842889022827148438e+01 3.111593484878540039e+00
2.620285034179687500e+00 1.350748538970947266e+01 2.772969722747802734e+00 1.767008423805236816e+00 1.866230964660644531e+01 3.037881135940551758e+00
2.656054258346557617e+00 1.386903095245361328e+01 2.834089279174804688e+00 2.328311443328857422e+00 1.855718040466308594e+01 3.102260351181030273e+00
2.709196805953979492e+00 1.423985481262207031e+01 2.892775535583496094e+00 2.875614881515502930e+00 1.926950263977050781e+01 3.026125431060791016e+00
2.765967130661010742e+00 1.462413406372070312e+01 2.949565887451171875e+00 2.735638856887817383e+00 2.000043869018554688e+01 2.689883708953857422e+00
2.810095548629760742e+00 1.502411842346191406e+01 3.004324436187744141e+00 1.964310169219970703e+00 2.067400741577148438e+01 2.848262310028076172e+00
2.849562406539916992e+00 1.542741394042968750e+01 3.055979251861572266e+00 2.271785020828247070e+00 2.071038246154785156e+01 2.660636425018310547e+00
2.894067287445068359e+00 1.583653068542480469e+01 3.106477499008178711e+00 2.521290540695190430e+00 2.116521835327148438e+01 2.422806978225708008e+00
2.948229789733886719e+00 1.625692749023437500e+01 3.155696868896484375e+00 2.498629570007324219e+00 2.195994377136230469e+01 2.539277553558349609e+00
2.992697238922119141e+00 1.668626594543457031e+01 3.202587127685546875e+00 2.303212404251098633e+00 2.188511466979980469e+01 2.312800407409667969e+00
3.036869049072265625e+00 1.711627006530761719e+01 3.244649887084960938e+00 2.437484502792358398e+00 2.234268760681152344e+01 2.141744852066040039e+00
3.092554569244384766e+00 1.755815696716308594e+01 3.290523052215576172e+00 2.979213476181030273e+00 2.292960166931152344e+01 2.195407867431640625e+00
3.180993556976318359e+00 1.824756622314453125e+01 3.346839189529418945e+00 3.092020034790039062e+00 2.390913200378417969e+01 1.582951068878173828e+00
3.247654199600219727e+00 1.871841621398925781e+01 3.379353284835815430e+00 3.504232406616210938e+00 2.442005157470703125e+01 1.717187523841857910e+00
3.310751676559448242e+00 1.920385169982910156e+01 3.409262180328369141e+00 2.741168975830078125e+00 2.505694580078125000e+01 1.419044852256774902e+00
3.362125158309936523e+00 1.969237709045410156e+01 3.434785127639770508e+00 2.889379978179931641e+00 2.498359298706054688e+01 1.221336126327514648e+00
3.421344041824340820e+00 2.018778610229492188e+01 3.457066774368286133e+00 3.170948266983032227e+00 2.561234283447265625e+01 1.086218833923339844e+00
3.487925767898559570e+00 2.069300460815429688e+01 3.473998785018920898e+00 3.515254974365234375e+00 2.615173149108886719e+01 7.600389122962951660e-01
3.560468435287475586e+00 2.121217536926269531e+01 3.489509344100952148e+00 3.830809354782104492e+00 2.688572120666503906e+01 6.495483517646789551e-01
3.632069587707519531e+00 2.174238777160644531e+01 3.498358011245727539e+00 3.479887247085571289e+00 2.734593391418457031e+01 2.435564696788787842e-01
3.698380708694458008e+00 2.228222274780273438e+01 3.499459266662597656e+00 3.405989646911621094e+00 2.787598800659179688e+01 4.678521677851676941e-02
3.765211820602416992e+00 2.282913208007812500e+01 3.496695995330810547e+00 3.530177831649780273e+00 2.828250503540039062e+01 -2.189136743545532227e-01
3.837519168853759766e+00 2.338615989685058594e+01 3.489839553833007812e+00 4.072271347045898438e+00 2.896191787719726562e+01 -5.106571912765502930e-01
3.920961618423461914e+00 2.396097564697265625e+01 3.478789329528808594e+00 4.226133346557617188e+00 2.979462432861328125e+01 -7.043027281761169434e-01
4.003461360931396484e+00 2.454790687561035156e+01 3.459454536437988281e+00 4.321564674377441406e+00 3.051454162597656250e+01 -1.082148909568786621e+00
4.085613250732421875e+00 2.515339851379394531e+01 3.432314395904541016e+00 3.789712429046630859e+00 3.129549980163574219e+01 -1.714221000671386719e+00
4.158874034881591797e+00 2.576539421081542969e+01 3.397760629653930664e+00 4.028702735900878906e+00 3.158788299560546875e+01 -1.999321222305297852e+00
4.242655754089355469e+00 2.638984870910644531e+01 3.351490736007690430e+00 4.519515514373779297e+00 3.222992706298828125e+01 -2.549387454986572266e+00
4.337072849273681641e+00 2.702889060974121094e+01 3.296036481857299805e+00 4.939995765686035156e+00 3.325298309326171875e+01 -3.112040519714355469e+00
4.431467056274414062e+00 2.768621063232421875e+01 3.229773759841918945e+00 4.648318767547607422e+00 3.392944335937500000e+01 -3.645830154418945312e+00
4.518480300903320312e+00 2.835044097900390625e+01 3.153864145278930664e+00 4.626913070678710938e+00 3.413500213623046875e+01 -4.125193595886230469e+00
4.619088172912597656e+00 2.902935600280761719e+01 3.067572355270385742e+00 5.550629615783691406e+00 3.545610046386718750e+01 -4.778971195220947266e+00
4.730413436889648438e+00 2.973525810241699219e+01 2.963697910308837891e+00 5.428349971771240234e+00 3.662479019165039062e+01 -5.840928554534912109e+00
4.880534648895263672e+00 3.081454658508300781e+01 2.778980731964111328e+00 5.301561832427978516e+00 3.721245193481445312e+01 -6.801148891448974609e+00
4.991981506347656250e+00 3.155027770996093750e+01 2.636462211608886719e+00 5.885955810546875000e+00 3.817720794677734375e+01 -7.961821556091308594e+00
5.109595298767089844e+00 3.230476760864257812e+01 2.474693536758422852e+00 6.205239772796630859e+00 3.904317474365234375e+01 -8.637282371520996094e+00
5.237627029418945312e+00 3.307447814941406250e+01 2.292536497116088867e+00 6.728338241577148438e+00 3.991240692138671875e+01 -9.849907875061035156e+00
5.367760658264160156e+00 3.386780929565429688e+01 2.089332103729248047e+00 6.486093044281005859e+00 4.122940063476562500e+01 -1.113750457763671875e+01
5.490629673004150391e+00 3.467564773559570312e+01 1.857026100158691406e+00 6.468551635742187500e+00 4.120858383178710938e+01 -1.247317695617675781e+01
5.624764442443847656e+00 3.548022842407226562e+01 1.596310138702392578e+00 7.356767177581787109e+00 4.159037017822265625e+01 -1.430357742309570312e+01
5.771981716156005859e+00 3.630530929565429688e+01 1.297477602958679199e+00 7.621034145355224609e+00 4.294861602783203125e+01 -1.619552803039550781e+01
5.923645496368408203e+00 3.715555572509765625e+01 9.629977345466613770e-01 7.834692478179931641e+00 4.358750915527343750e+01 -1.800659370422363281e+01
6.079471588134765625e+00 3.800490570068359375e+01 5.909406542778015137e-01 8.193537712097167969e+00 4.355768585205078125e+01 -2.032644844055175781e+01
6.245179176330566406e+00 3.885806274414062500e+01 1.695211380720138550e-01 8.717152595520019531e+00 4.398544692993164062e+01 -2.283986473083496094e+01
6.421726703643798828e+00 3.972317886352539062e+01 -2.996244728565216064e-01 9.265241622924804688e+00 4.453071975708007812e+01 -2.528213882446289062e+01
6.602208137512207031e+00 4.059557342529296875e+01 -8.231377601623535156e-01 9.034323692321777344e+00 4.462831115722656250e+01 -2.822468185424804688e+01
6.775392532348632812e+00 4.146033096313476562e+01 -1.403469562530517578e+00 9.032780647277832031e+00 4.367309570312500000e+01 -3.110183334350585938e+01
6.957293510437011719e+00 4.229991149902343750e+01 -2.036792278289794922e+00 9.620780944824218750e+00 4.239809799194335938e+01 -3.376185226440429688e+01
7.152778148651123047e+00 4.311631774902343750e+01 -2.722258090972900391e+00 1.033613014221191406e+01 4.118057250976562500e+01 -3.651120376586914062e+01
7.357233047485351562e+00 4.390723800659179688e+01 -3.465648174285888672e+00 1.044713687896728516e+01 3.968397521972656250e+01 -3.945502853393554688e+01
7.560654163360595703e+00 4.466494369506835938e+01 -4.260694503784179688e+00 1.028273773193359375e+01 3.775498580932617188e+01 -4.166771316528320312e+01
7.760535240173339844e+00 4.538007736206054688e+01 -5.093867778778076172e+00 1.028365802764892578e+01 3.542511749267578125e+01 -4.383027648925781250e+01
7.963255882263183594e+00 4.605207824707031250e+01 -5.962934017181396484e+00 1.021363544464111328e+01 3.336761093139648438e+01 -4.499901580810546875e+01
8.158953666687011719e+00 4.667717742919921875e+01 -6.852159976959228516e+00 1.003961277008056641e+01 3.050094795227050781e+01 -4.593921661376953125e+01
8.446150779724121094e+00 4.751575469970703125e+01 -8.214975357055664062e+00 9.541537284851074219e+00 2.653640365600585938e+01 -4.676271820068359375e+01
8.631143569946289062e+00 4.800634765625000000e+01 -9.125724792480468750e+00 9.389715194702148438e+00 2.392852401733398438e+01 -4.648849105834960938e+01
8.813604354858398438e+00 4.844942855834960938e+01 -1.002940559387207031e+01 9.416286468505859375e+00 2.150992202758789062e+01 -4.601719284057617188e+01
8.996938705444335938e+00 4.885152053833007812e+01 -1.092172527313232422e+01 9.308390617370605469e+00 1.983475875854492188e+01 -4.548247528076171875e+01
9.170802116394042969e+00 4.922308349609375000e+01 -1.180028438568115234e+01 8.565148353576660156e+00 1.799261665344238281e+01 -4.411720657348632812e+01
9.332710266113281250e+00 4.955646514892578125e+01 -1.265375232696533203e+01 8.023512840270996094e+00 1.616567230224609375e+01 -4.323936843872070312e+01
9.486152648925781250e+00 4.985427474975585938e+01 -1.348201656341552734e+01 7.847054958343505859e+00 1.455790138244628906e+01 -4.166776275634765625e+01
9.633683204650878906e+00 5.012803649902343750e+01 -1.428397464752197266e+01 7.232628822326660156e+00 1.343461322784423828e+01 -4.049597549438476562e+01
9.773614883422851562e+00 5.037528991699218750e+01 -1.506321811676025391e+01 7.122479438781738281e+00 1.207945919036865234e+01 -3.916105270385742188e+01
9.909060478210449219e+00 5.060419464111328125e+01 -1.581373405456542969e+01 6.695471763610839844e+00 1.132267761230468750e+01 -3.779510879516601562e+01
1.003486251831054688e+01 5.081863021850585938e+01 -1.653534889221191406e+01 6.298826694488525391e+00 1.053500175476074219e+01 -3.620059967041015625e+01
1.015561008453369141e+01 5.101030731201171875e+01 -1.723025512695312500e+01 6.032754898071289062e+00 9.188169479370117188e+00 -3.494209289550781250e+01
1.027217102050781250e+01 5.118078613281250000e+01 -1.789838790893554688e+01 5.824185371398925781e+00 8.445294380187988281e+00 -3.371748352050781250e+01
1.038769626617431641e+01 5.133892059326171875e+01 -1.854345512390136719e+01 5.763958454132080078e+00 7.644048213958740234e+00 -3.230908584594726562e+01
1.049769210815429688e+01 5.148300933837890625e+01 -1.916333770751953125e+01 5.380483150482177734e+00 7.263059139251708984e+00 -3.123052597045898438e+01
1.059530353546142578e+01 5.161866760253906250e+01 -1.976180458068847656e+01 4.818076610565185547e+00 6.389748573303222656e+00 -3.010909080505371094e+01
1.068874740600585938e+01 5.173084259033203125e+01 -2.033607864379882812e+01 4.836148262023925781e+00 5.055813789367675781e+00 -2.878450775146484375e+01
1.078946113586425781e+01 5.182321929931640625e+01 -2.089011573791503906e+01 5.315209388732910156e+00 4.753738880157470703e+00 -2.781279945373535156e+01
1.089484786987304688e+01 5.191721343994140625e+01 -2.142178535461425781e+01 5.323285579681396484e+00 4.789986133575439453e+00 -2.687991142272949219e+01
1.099127292633056641e+01 5.200990295410156250e+01 -2.193679237365722656e+01 4.605094432830810547e+00 4.499859333038330078e+00 -2.585311317443847656e+01
1.107772350311279297e+01 5.208980178833007812e+01 -2.243208503723144531e+01 4.393522262573242188e+00 3.623644113540649414e+00 -2.487837219238281250e+01
1.120963096618652344e+01 5.219399261474609375e+01 -2.313517761230468750e+01 4.249394416809082031e+00 3.332353115081787109e+00 -2.345052719116210938e+01
1.128643035888671875e+01 5.225429534912109375e+01 -2.358633995056152344e+01 3.797750473022460938e+00 2.812129020690917969e+00 -2.258273887634277344e+01
1.136222171783447266e+01 5.230508041381835938e+01 -2.401817321777343750e+01 3.750941991806030273e+00 2.568030357360839844e+00 -2.178202056884765625e+01
1.143815517425537109e+01 5.235147476196289062e+01 -2.443688011169433594e+01 4.031063556671142578e+00 2.414844036102294922e+00 -2.110942840576171875e+01
1.150833797454833984e+01 5.239592361450195312e+01 -2.484189414978027344e+01 3.217803239822387695e+00 2.015812397003173828e+00 -2.019744491577148438e+01
1.157125663757324219e+01 5.242576599121093750e+01 -2.522805786132812500e+01 3.390372514724731445e+00 1.109789371490478516e+00 -1.951940536499023438e+01
1.164168930053710938e+01 5.244556045532226562e+01 -2.560262107849121094e+01 3.684751272201538086e+00 1.223175048828125000e+00 -1.868092346191406250e+01
1.171037673950195312e+01 5.246682739257812500e+01 -2.596074485778808594e+01 3.455440282821655273e+00 1.161348819732666016e+00 -1.802212524414062500e+01
1.177301120758056641e+01 5.249102783203125000e+01 -2.630707550048828125e+01 3.051683425903320312e+00 1.091176152229309082e+00 -1.720603752136230469e+01
1.182454872131347656e+01 5.251011276245117188e+01 -2.663766479492187500e+01 2.398613214492797852e+00 7.599268555641174316e-01 -1.656702041625976562e+01
1.186894226074218750e+01 5.252116394042968750e+01 -2.695513153076171875e+01 2.402825355529785156e+00 4.348000288009643555e-01 -1.587186813354492188e+01
1.191794776916503906e+01 5.252908706665039062e+01 -2.726053428649902344e+01 2.638619899749755859e+00 3.705376982688903809e-01 -1.533644390106201172e+01
1.196776294708251953e+01 5.253551864624023438e+01 -2.755059051513671875e+01 2.477470159530639648e+00 3.058494627475738525e-01 -1.439823627471923828e+01
1.201233577728271484e+01 5.254196166992187500e+01 -2.782669830322265625e+01 2.231739759445190430e+00 2.450391054153442383e-01 -1.392609310150146484e+01
1.205735111236572266e+01 5.254782485961914062e+01 -2.809290885925292969e+01 2.322586536407470703e+00 3.669791519641876221e-01 -1.321663093566894531e+01
1.210478687286376953e+01 5.256167984008789062e+01 -2.834393882751464844e+01 2.291563034057617188e+00 8.100711107254028320e-01 -1.265970325469970703e+01
1.214762973785400391e+01 5.257554244995117188e+01 -2.858438491821289062e+01 2.205477952957153320e+00 7.698407173156738281e-01 -1.191032218933105469e+01
1.219285202026367188e+01 5.259067916870117188e+01 -2.881068420410156250e+01 2.403125524520874023e+00 9.447685480117797852e-01 -1.145002937316894531e+01
1.223416614532470703e+01 5.261523437500000000e+01 -2.902970123291015625e+01 1.778186202049255371e+00 1.369882225990295410e+00 -1.100058650970458984e+01
1.226455783843994141e+01 5.263924407958984375e+01 -2.923812484741210938e+01 1.408817648887634277e+00 9.713471531867980957e-01 -1.039871120452880859e+01
1.229710483551025391e+01 5.265687561035156250e+01 -2.943679618835449219e+01 1.872282028198242188e+00 1.070156812667846680e+00 -9.945084571838378906e+00
1.235030460357666016e+01 5.269363784790039062e+01 -2.971979141235351562e+01 1.978711366653442383e+00 1.335595130920410156e+00 -9.540689468383789062e+00
1.239008045196533203e+01 5.272068405151367188e+01 -2.990429306030273438e+01 2.033752441406250000e+00 1.588606357574462891e+00 -9.330679893493652344e+00
1.242680168151855469e+01 5.275373077392578125e+01 -3.008122444152832031e+01 1.737586736679077148e+00 1.727293491363525391e+00 -8.847665786743164062e+00
1.245649433135986328e+01 5.278224182128906250e+01 -3.025292778015136719e+01 1.445625901222229004e+00 1.282150268554687500e+00 -8.749840736389160156e+00
1.248879814147949219e+01 5.280587387084960938e+01 -3.042247581481933594e+01 1.756589770317077637e+00 1.299222469329833984e+00 -8.450124740600585938e+00
1.252400493621826172e+01 5.283090591430664062e+01 -3.058794975280761719e+01 1.763494968414306641e+00 1.108116984367370605e+00 -8.447934150695800781e+00
1.255995559692382812e+01 5.285169219970703125e+01 -3.075168228149414062e+01 1.808631300926208496e+00 9.057194590568542480e-01 -8.512685775756835938e+00
1.259688663482666016e+01 5.287084197998046875e+01 -3.091614913940429688e+01 1.887786865234375000e+00 1.182814717292785645e+00 -8.095836639404296875e+00
1.263277721405029297e+01 5.289713287353515625e+01 -3.107109832763671875e+01 1.823015689849853516e+00 1.301880240440368652e+00 -8.041967391967773438e+00
1.266266918182373047e+01 5.291626739501953125e+01 -3.123069572448730469e+01 1.337401390075683594e+00 4.963017702102661133e-01 -8.060580253601074219e+00
1.269246673583984375e+01 5.292197036743164062e+01 -3.138626098632812500e+01 1.849522829055786133e+00 4.301693737506866455e-01 -7.724703311920166016e+00
1.272555065155029297e+01 5.293615341186523438e+01 -3.153188514709472656e+01 1.491367936134338379e+00 6.880346536636352539e-01 -7.571416854858398438e+00
1.275490093231201172e+01 5.294477081298828125e+01 -3.168272209167480469e+01 1.554768562316894531e+00 1.618870049715042114e-01 -7.646911621093750000e+00
1.278896713256835938e+01 5.294786453247070312e+01 -3.182890701293945312e+01 1.645336270332336426e+00 1.983139514923095703e-01 -7.504433631896972656e+00
1.281908988952636719e+01 5.294868087768554688e+01 -3.197498512268066406e+01 1.635346174240112305e+00 -2.682624459266662598e-01 -7.339602947235107422e+00
1.285421276092529297e+01 5.294603347778320312e+01 -3.211605072021484375e+01 1.713233709335327148e+00 3.847729787230491638e-02 -7.307379245758056641e+00
1.288316440582275391e+01 5.294407653808593750e+01 -3.225639724731445312e+01 1.440922141075134277e+00 -1.832638382911682129e-01 -7.059432983398437500e+00
1.291394329071044922e+01 5.294012832641601562e+01 -3.239093399047851562e+01 1.660725474357604980e+00 -2.472115904092788696e-01 -6.853869438171386719e+00
1.294948482513427734e+01 5.293632125854492188e+01 -3.252331924438476562e+01 1.631314754486083984e+00 4.403473436832427979e-02 -6.632581710815429688e+00
1.297816944122314453e+01 5.293635940551757812e+01 -3.265340423583984375e+01 1.201529741287231445e+00 -1.293385028839111328e-01 -6.601783275604248047e+00
1.300142192840576172e+01 5.292757797241210938e+01 -3.278208541870117188e+01 1.317273259162902832e+00 -6.184580922126770020e-01 -6.566985130310058594e+00
1.304140186309814453e+01 5.290764617919921875e+01 -3.297079086303710938e+01 1.313878655433654785e+00 -8.582650423049926758e-01 -6.463369846343994141e+00
1.307057476043701172e+01 5.288613891601562500e+01 -3.309375762939453125e+01 1.653952717781066895e+00 -1.071713566780090332e+00 -6.123889446258544922e+00
1.310124397277832031e+01 5.286802291870117188e+01 -3.321337890625000000e+01 1.528476119041442871e+00 -7.487143874168395996e-01 -6.272977828979492188e+00
1.313086605072021484e+01 5.285382461547851562e+01 -3.333267974853515625e+01 1.493988990783691406e+00 -8.650407791137695312e-01 -5.886359691619873047e+00
1.316121673583984375e+01 5.283563995361328125e+01 -3.344324111938476562e+01 1.431844115257263184e+00 -8.070470690727233887e-01 -5.629364490509033203e+00
1.318643760681152344e+01 5.282356643676757812e+01 -3.355357742309570312e+01 1.227737069129943848e+00 -6.500934958457946777e-01 -5.582885265350341797e+00
1.320622253417968750e+01 5.280739593505859375e+01 -3.366263198852539062e+01 1.308964371681213379e+00 -9.135496020317077637e-01 -5.461426734924316406e+00
1.323335933685302734e+01 5.279417419433593750e+01 -3.376722717285156250e+01 1.164303064346313477e+00 -6.097706556320190430e-01 -5.227428436279296875e+00
1.325226783752441406e+01 5.278000640869140625e+01 -3.386611938476562500e+01 8.741552829742431641e-01 -1.023051142692565918e+00 -4.903223037719726562e+00
1.327109527587890625e+01 5.275361633300781250e+01 -3.395983886718750000e+01 1.355260014533996582e+00 -1.247504353523254395e+00 -4.576507568359375000e+00
1.330063915252685547e+01 5.273319244384765625e+01 -3.404696655273437500e+01 1.717371582984924316e+00 -7.733452320098876953e-01 -4.456156253814697266e+00
1.332921981811523438e+01 5.272398757934570312e+01 -3.413224792480468750e+01 1.062989473342895508e+00 -5.809012055397033691e-01 -4.009168148040771484e+00
1.334749794006347656e+01 5.271076965332031250e+01 -3.420701980590820312e+01 1.009374618530273438e+00 -8.788413405418395996e-01 -3.859064817428588867e+00
1.336535549163818359e+01 5.269425582885742188e+01 -3.428076934814453125e+01 7.435582280158996582e-01 -7.442091703414916992e-01 -3.466100931167602539e+00
1.337454700469970703e+01 5.267609405517578125e+01 -3.434725952148437500e+01 4.162251353263854980e-01 -1.142574667930603027e+00 -3.202549457550048828e+00
1.338630962371826172e+01 5.265282440185546875e+01 -3.440720748901367188e+01 8.498905301094055176e-01 -1.212828040122985840e+00 -3.091417789459228516e+00
1.340502929687500000e+01 5.262825012207031250e+01 -3.446185302734375000e+01 9.594311118125915527e-01 -1.058592915534973145e+00 -2.501808404922485352e+00
1.342753314971923828e+01 5.261118316650390625e+01 -3.450684356689453125e+01 1.131359696388244629e+00 -6.843764781951904297e-01 -2.126356601715087891e+00
1.344663333892822266e+01 5.260104370117187500e+01 -3.454013442993164062e+01 8.144111037254333496e-01 -3.267559707164764404e-01 -1.666440725326538086e+00
1.346090412139892578e+01 5.259502410888671875e+01 -3.456807327270507812e+01 6.310182809829711914e-01 -3.230797946453094482e-01 -1.077873826026916504e+00
1.348594093322753906e+01 5.258875274658203125e+01 -3.458067703247070312e+01 8.081498146057128906e-01 3.104216158390045166e-01 1.271537095308303833e-01
1.349911785125732422e+01 5.260152053833007812e+01 -3.457364654541015625e+01 5.213616490364074707e-01 1.089533329010009766e+00 8.039833307266235352e-01
1.350380229949951172e+01 5.263248062133789062e+01 -3.454847335815429688e+01 9.485609829425811768e-02 1.911206603050231934e+00 1.649658799171447754e+00
1.350957012176513672e+01 5.267279815673828125e+01 -3.450550079345703125e+01 4.780395627021789551e-01 2.566038608551025391e+00 2.781127214431762695e+00
1.351916980743408203e+01 5.273996734619140625e+01 -3.444666290283203125e+01 5.250973105430603027e-01 4.330323219299316406e+00 3.327976942062377930e+00
1.353203010559082031e+01 5.284587478637695312e+01 -3.437412261962890625e+01 9.741573333740234375e-01 6.599597454071044922e+00 3.896179676055908203e+00
1.355311107635498047e+01 5.300499725341796875e+01 -3.429874038696289062e+01 9.269737005233764648e-01 9.535159111022949219e+00 3.837111949920654297e+00
1.356894588470458984e+01 5.321337509155273438e+01 -3.422866058349609375e+01 1.098075270652770996e+00 1.150035953521728516e+01 3.104023933410644531e+00
1.360184478759765625e+01 5.345601272583007812e+01 -3.418305587768554688e+01 2.061302661895751953e+00 1.347066974639892578e+01 1.619124174118041992e+00
1.364618587493896484e+01 5.373258972167968750e+01 -3.417025756835937500e+01 2.449391365051269531e+00 1.474201869964599609e+01 -5.019176006317138672e-01
1.370177459716796875e+01 5.402537536621093750e+01 -3.419578552246093750e+01 2.969365358352661133e+00 1.531241226196289062e+01 -2.358389616012573242e+00
1.375610160827636719e+01 5.432389831542968750e+01 -3.425983810424804688e+01 2.618993043899536133e+00 1.498081588745117188e+01 -3.834604978561401367e+00
1.380500030517578125e+01 5.460649108886718750e+01 -3.434858703613281250e+01 2.577637434005737305e+00 1.395751190185546875e+01 -5.173487186431884766e+00
1.385571956634521484e+01 5.486513519287109375e+01 -3.446068954467773438e+01 2.706206560134887695e+00 1.246880054473876953e+01 -6.369646072387695312e+00
1.391154575347900391e+01 5.509296798706054688e+01 -3.459337234497070312e+01 2.940972566604614258e+00 1.119917583465576172e+01 -7.154020786285400391e+00
1.396756839752197266e+01 5.529766464233398438e+01 -3.474351882934570312e+01 2.815990686416625977e+00 1.007260131835937500e+01 -8.114483833312988281e+00
1.402030277252197266e+01 5.548421096801757812e+01 -3.490866851806640625e+01 2.738920688629150391e+00 8.817590713500976562e+00 -8.640289306640625000e+00
1.407440090179443359e+01 5.564201354980468750e+01 -3.508576583862304688e+01 2.944747686386108398e+00 7.547604560852050781e+00 -9.449896812438964844e+00
1.413360118865966797e+01 5.578607559204101562e+01 -3.527213668823242188e+01 2.629999876022338867e+00 7.209193229675292969e+00 -9.718470573425292969e+00
1.418013477325439453e+01 5.591703033447265625e+01 -3.546376800537109375e+01 2.182639360427856445e+00 6.147785663604736328e+00 -9.891091346740722656e+00
1.422409343719482422e+01 5.602666091918945312e+01 -3.565937042236328125e+01 2.444935083389282227e+00 5.237631797790527344e+00 -1.018996143341064453e+01
1.430100154876708984e+01 5.617351531982421875e+01 -3.596511459350585938e+01 2.724939107894897461e+00 5.039101600646972656e+00 -1.058570480346679688e+01
1.435023212432861328e+01 5.627150344848632812e+01 -3.617206192016601562e+01 2.350061178207397461e+00 4.996749401092529297e+00 -1.087596797943115234e+01
1.439372444152832031e+01 5.636834335327148438e+01 -3.638869857788085938e+01 2.077412605285644531e+00 4.621023654937744141e+00 -1.109154033660888672e+01
1.443643379211425781e+01 5.645213317871093750e+01 -3.660266494750976562e+01 2.333863973617553711e+00 4.086822509765625000e+00 -1.105448532104492188e+01
1.447775077819824219e+01 5.653160476684570312e+01 -3.682230377197265625e+01 2.048496246337890625e+00 3.837013244628906250e+00 -1.141368675231933594e+01
1.451799297332763672e+01 5.660350799560546875e+01 -3.704894256591796875e+01 2.127282857894897461e+00 3.631546020507812500e+00 -1.169140148162841797e+01
1.455998420715332031e+01 5.667592239379882812e+01 -3.727643585205078125e+01 2.135421752929687500e+00 3.470376491546630859e+00 -1.162104988098144531e+01
1.460187244415283203e+01 5.674038696289062500e+01 -3.750632476806640625e+01 2.252632141113281250e+00 2.930498600006103516e+00 -1.179314517974853516e+01
1.464879035949707031e+01 5.679174041748046875e+01 -3.773662948608398438e+01 2.648348331451416016e+00 2.445271968841552734e+00 -1.182871818542480469e+01
1.470216941833496094e+01 5.683934402465820312e+01 -3.796937942504882812e+01 2.594427824020385742e+00 2.554427862167358398e+00 -1.207976818084716797e+01
1.475429058074951172e+01 5.689060211181640625e+01 -3.820539855957031250e+01 2.891865730285644531e+00 2.700765609741210938e+00 -1.209923934936523438e+01
1.481005382537841797e+01 5.694409561157226562e+01 -3.844845581054687500e+01 2.806717395782470703e+00 2.616019010543823242e+00 -1.266003322601318359e+01
1.486747360229492188e+01 5.699631500244140625e+01 -3.869831848144531250e+01 2.919089555740356445e+00 2.786816596984863281e+00 -1.281607818603515625e+01
1.492388439178466797e+01 5.705366516113281250e+01 -3.894988632202148438e+01 2.847899675369262695e+00 2.914562463760375977e+00 -1.289535140991210938e+01
1.497778701782226562e+01 5.710919570922851562e+01 -3.920368576049804688e+01 2.628384113311767578e+00 2.602752208709716797e+00 -1.305885410308837891e+01
1.502699375152587891e+01 5.715489196777343750e+01 -3.946100997924804688e+01 2.631575822830200195e+00 2.214313745498657227e+00 -1.313654994964599609e+01
1.507267189025878906e+01 5.719542312622070312e+01 -3.971844863891601562e+01 2.000136137008666992e+00 1.735081315040588379e+00 -1.339645671844482422e+01
1.510934066772460938e+01 5.721915435791015625e+01 -3.997661972045898438e+01 1.745613813400268555e+00 7.372047305107116699e-01 -1.286203956604003906e+01
1.514716625213623047e+01 5.722521591186523438e+01 -4.022817993164062500e+01 2.414867162704467773e+00 2.859362959861755371e-01 -1.286083030700683594e+01
1.519945049285888672e+01 5.722988891601562500e+01 -4.048046112060546875e+01 2.633895158767700195e+00 3.019208312034606934e-01 -1.288402271270751953e+01
1.525134563446044922e+01 5.723126983642578125e+01 -4.073273086547851562e+01 2.630305528640747070e+00 8.980156853795051575e-03 -1.290708827972412109e+01
1.532946491241455078e+01 5.722728729248046875e+01 -4.111565780639648438e+01 2.573070526123046875e+00 -1.461049616336822510e-01 -1.296387577056884766e+01
1.538037586212158203e+01 5.722570037841796875e+01 -4.136527252197265625e+01 2.561760425567626953e+00 -8.280832320451736450e-02 -1.277510070800781250e+01
1.542437458038330078e+01 5.722225952148437500e+01 -4.161054992675781250e+01 1.979630231857299805e+00 -3.356737196445465088e-01 -1.249648857116699219e+01
1.546350097656250000e+01 5.720988082885742188e+01 -4.185615539550781250e+01 1.856374263763427734e+00 -8.022064566612243652e-01 -1.258592987060546875e+01
1.549982166290283203e+01 5.719421768188476562e+01 -4.210500717163085938e+01 1.956130862236022949e+00 -7.265512943267822266e-01 -1.282107353210449219e+01
1.552940559387207031e+01 5.717972946166992188e+01 -4.235301589965820312e+01 1.097606182098388672e+00 -9.510517716407775879e-01 -1.246358871459960938e+01
1.555185031890869141e+01 5.715372085571289062e+01 -4.259681320190429688e+01 1.638688206672668457e+00 -1.604142427444458008e+00 -1.237394428253173828e+01
1.558914089202880859e+01 5.712237548828125000e+01 -4.283512115478515625e+01 2.014054059982299805e+00 -1.669289946556091309e+00 -1.246805286407470703e+01
1.563140106201171875e+01 5.708673095703125000e+01 -4.307901382446289062e+01 2.200760364532470703e+00 -1.821939587593078613e+00 -1.232620429992675781e+01
1.567488479614257812e+01 5.705215454101562500e+01 -4.331390380859375000e+01 2.308067321777343750e+00 -1.623387217521667480e+00 -1.198276901245117188e+01
1.572130393981933594e+01 5.702684020996093750e+01 -4.354875183105468750e+01 2.321289062500000000e+00 -1.104360938072204590e+00 -1.191128349304199219e+01
1.576434993743896484e+01 5.700939941406250000e+01 -4.377807617187500000e+01 2.043058395385742188e+00 -1.031337499618530273e+00 -1.168892478942871094e+01
1.580219364166259766e+01 5.698187255859375000e+01 -4.400762176513671875e+01 1.999981999397277832e+00 -1.656416416168212891e+00 -1.176833057403564453e+01
1.584416675567626953e+01 5.694883346557617188e+01 -4.423623657226562500e+01 2.235996484756469727e+00 -1.493454456329345703e+00 -1.139898109436035156e+01
1.588078975677490234e+01 5.692288589477539062e+01 -4.445836257934570312e+01 1.669933080673217773e+00 -1.219870805740356445e+00 -1.133542823791503906e+01
1.590855693817138672e+01 5.689892959594726562e+01 -4.467652893066406250e+01 1.263922095298767090e+00 -1.221841573715209961e+00 -1.114340591430664062e+01
1.593233013153076172e+01 5.687002182006835938e+01 -4.488994598388671875e+01 1.514336585998535156e+00 -1.602091670036315918e+00 -1.075095176696777344e+01
1.596563720703125000e+01 5.684138488769531250e+01 -4.509745788574218750e+01 1.851863980293273926e+00 -1.208411097526550293e+00 -1.040149974822998047e+01
1.600015830993652344e+01 5.681942367553710938e+01 -4.529735183715820312e+01 1.840294957160949707e+00 -1.094973564147949219e+00 -1.017272472381591797e+01
1.603839492797851562e+01 5.680571746826171875e+01 -4.549753570556640625e+01 1.917394161224365234e+00 -3.087502121925354004e-01 -1.020771980285644531e+01
1.607217407226562500e+01 5.680255889892578125e+01 -4.569616699218750000e+01 1.598279356956481934e+00 -2.703754305839538574e-01 -1.018915367126464844e+01
1.612207984924316406e+01 5.679659271240234375e+01 -4.599686813354492188e+01 1.844381451606750488e+00 2.479394078254699707e-01 -1.034605216979980469e+01
1.615920639038085938e+01 5.680520629882812500e+01 -4.620168304443359375e+01 1.849154949188232422e+00 3.757682144641876221e-01 -1.036712169647216797e+01
1.619605064392089844e+01 5.681839752197265625e+01 -4.640306472778320312e+01 1.664096355438232422e+00 8.749183416366577148e-01 -1.030077552795410156e+01
1.622525215148925781e+01 5.683418655395507812e+01 -4.660367965698242188e+01 1.568559885025024414e+00 5.925804376602172852e-01 -1.012576866149902344e+01
1.626179885864257812e+01 5.684402465820312500e+01 -4.680157089233398438e+01 2.105446100234985352e+00 5.928361415863037109e-01 -9.920433998107910156e+00
1.630413818359375000e+01 5.685974884033203125e+01 -4.699307632446289062e+01 2.050837039947509766e+00 7.959806919097900391e-01 -9.808066368103027344e+00
1.633811950683593750e+01 5.687583923339843750e+01 -4.718252563476562500e+01 1.610705971717834473e+00 7.436232566833496094e-01 -9.602949142456054688e+00
1.637555503845214844e+01 5.689353942871093750e+01 -4.736695861816406250e+01 2.151526212692260742e+00 1.138665080070495605e+00 -9.556038856506347656e+00
1.641810226440429688e+01 5.692360305786132812e+01 -4.755358886718750000e+01 2.074597597122192383e+00 1.917134881019592285e+00 -9.632748603820800781e+00
1.645865821838378906e+01 5.696233367919921875e+01 -4.774059295654296875e+01 2.130372047424316406e+00 2.241680860519409180e+00 -9.651808738708496094e+00
1.650214195251464844e+01 5.701435470581054688e+01 -4.793177795410156250e+01 2.137556314468383789e+00 3.034420490264892578e+00 -9.899439811706542969e+00
1.654330635070800781e+01 5.707805252075195312e+01 -4.813053131103515625e+01 1.980596423149108887e+00 3.124377965927124023e+00 -1.044512176513671875e+01
1.658167839050292969e+01 5.713807678222656250e+01 -4.833577346801757812e+01 2.218780517578125000e+00 3.227785587310791016e+00 -1.053908157348632812e+01
1.662427330017089844e+01 5.719837951660156250e+01 -4.854484176635742188e+01 2.335485219955444336e+00 2.906543493270874023e+00 -1.077760696411132812e+01
1.667695617675781250e+01 5.725537490844726562e+01 -4.875984573364257812e+01 3.003220319747924805e+00 3.359169244766235352e+00 -1.126525688171386719e+01
1.673208618164062500e+01 5.732967376708984375e+01 -4.898318481445312500e+01 2.533765316009521484e+00 3.831880092620849609e+00 -1.140802574157714844e+01
1.677890205383300781e+01 5.739886856079101562e+01 -4.920933532714843750e+01 2.353854894638061523e+00 3.565478086471557617e+00 -1.179841327667236328e+01
1.682944679260253906e+01 5.747267913818359375e+01 -4.944033813476562500e+01 2.838767290115356445e+00 4.060621738433837891e+00 -1.190030002593994141e+01
1.688665580749511719e+01 5.755693054199218750e+01 -4.967358779907226562e+01 2.880620718002319336e+00 4.407192230224609375e+00 -1.228627872467041016e+01
1.693808364868164062e+01 5.764299392700195312e+01 -4.991661071777343750e+01 2.480656385421752930e+00 4.241591930389404297e+00 -1.239472579956054688e+01
1.698517608642578125e+01 5.772381591796875000e+01 -5.016069793701171875e+01 2.277475833892822266e+00 4.049958229064941406e+00 -1.246988487243652344e+01
1.705918693542480469e+01 5.783660507202148438e+01 -5.052475738525390625e+01 3.041620731353759766e+00 3.863849163055419922e+00 -1.262883567810058594e+01
1.712335395812988281e+01 5.791506576538085938e+01 -5.077721786499023438e+01 3.199730634689331055e+00 4.225824832916259766e+00 -1.276928615570068359e+01
1.718297576904296875e+01 5.799997329711914062e+01 -5.102776718139648438e+01 3.054912090301513672e+00 4.409829616546630859e+00 -1.285041713714599609e+01
1.724725151062011719e+01 5.808764266967773438e+01 -5.128073883056640625e+01 3.270154953002929688e+00 4.623975753784179688e+00 -1.293594837188720703e+01
1.730426788330078125e+01 5.817996215820312500e+01 -5.153536605834960938e+01 2.624019384384155273e+00 4.788461208343505859e+00 -1.313444900512695312e+01
1.735274124145507812e+01 5.827424240112304688e+01 -5.179338455200195312e+01 2.235527038574218750e+00 4.579475879669189453e+00 -1.322495555877685547e+01
1.739242172241210938e+01 5.835264205932617188e+01 -5.205158615112304688e+01 2.111948251724243164e+00 3.535458326339721680e+00 -1.334212303161621094e+01
1.743550491333007812e+01 5.841490554809570312e+01 -5.231204986572265625e+01 2.510494947433471680e+00 3.240308761596679688e+00 -1.323331737518310547e+01
1.748778343200683594e+01 5.848553085327148438e+01 -5.256786346435546875e+01 2.463381290435791016e+00 3.676801681518554688e+00 -1.304396247863769531e+01
1.753512382507324219e+01 5.855240249633789062e+01 -5.282341003417968750e+01 2.582018375396728516e+00 3.367902755737304688e+00 -1.303935241699218750e+01
1.758592796325683594e+01 5.862028884887695312e+01 -5.308284378051757812e+01 2.615215063095092773e+00 3.382087469100952148e+00 -1.334795093536376953e+01
1.763965988159179688e+01 5.868656539916992188e+01 -5.334515762329101562e+01 2.828791856765747070e+00 3.457096815109252930e+00 -1.326599025726318359e+01
1.769356536865234375e+01 5.875478744506835938e+01 -5.360504913330078125e+01 2.571978569030761719e+00 3.423320055007934570e+00 -1.343191242218017578e+01
1.774097633361816406e+01 5.881682968139648438e+01 -5.386397552490234375e+01 2.419031858444213867e+00 2.838136434555053711e+00 -1.329662322998046875e+01
1.779313850402832031e+01 5.886999511718750000e+01 -5.412610626220703125e+01 2.749838113784790039e+00 2.828604221343994141e+00 -1.336121845245361328e+01
1.784448051452636719e+01 5.892578887939453125e+01 -5.438524246215820312e+01 2.448298692703247070e+00 2.591321706771850586e+00 -1.323272228240966797e+01
1.788820266723632812e+01 5.897269058227539062e+01 -5.464173889160156250e+01 2.282867431640625000e+00 2.321501731872558594e+00 -1.308085250854492188e+01
1.793767166137695312e+01 5.901718139648437500e+01 -5.489751815795898438e+01 2.654740095138549805e+00 2.359780311584472656e+00 -1.319388675689697266e+01
1.798673820495605469e+01 5.906463241577148438e+01 -5.514879226684570312e+01 2.546123027801513672e+00 2.532508850097656250e+00 -1.287512683868408203e+01
1.803253364562988281e+01 5.910993957519531250e+01 -5.540120697021484375e+01 2.486811161041259766e+00 2.093745231628417969e+00 -1.286957263946533203e+01
1.808266258239746094e+01 5.915214920043945312e+01 -5.565346527099609375e+01 2.639038562774658203e+00 2.061791658401489258e+00 -1.277349281311035156e+01
1.816073989868164062e+01 5.921486663818359375e+01 -5.602781677246093750e+01 2.758729696273803711e+00 2.197249412536621094e+00 -1.260825824737548828e+01
1.821470642089843750e+01 5.926581954956054688e+01 -5.627568435668945312e+01 2.741886138916015625e+00 2.864456892013549805e+00 -1.258813190460205078e+01
1.826333618164062500e+01 5.932210922241210938e+01 -5.652109909057617188e+01 2.326342821121215820e+00 2.542883157730102539e+00 -1.256836318969726562e+01
1.830790138244628906e+01 5.936047363281250000e+01 -5.676221084594726562e+01 2.298878669738769531e+00 1.742541790008544922e+00 -1.251055717468261719e+01
1.835721778869628906e+01 5.939638900756835938e+01 -5.700795364379882812e+01 2.609571933746337891e+00 1.947475075721740723e+00 -1.281234264373779297e+01
1.840918731689453125e+01 5.943799591064453125e+01 -5.725716781616210938e+01 2.611676692962646484e+00 2.403427362442016602e+00 -1.264152336120605469e+01
1.846091651916503906e+01 5.948940277099609375e+01 -5.750354003906250000e+01 2.403550863265991211e+00 2.594793558120727539e+00 -1.274238586425781250e+01
1.850506782531738281e+01 5.954076004028320312e+01 -5.775322341918945312e+01 2.060714244842529297e+00 2.449326276779174805e+00 -1.277629852294921875e+01
1.854237556457519531e+01 5.958098602294921875e+01 -5.800311660766601562e+01 2.167389154434204102e+00 1.707301735877990723e+00 -1.298083877563476562e+01
1.858971595764160156e+01 5.961437988281250000e+01 -5.825659942626953125e+01 2.465768098831176758e+00 1.900467991828918457e+00 -1.298172092437744141e+01
1.863657379150390625e+01 5.965160369873046875e+01 -5.851496124267578125e+01 2.394013643264770508e+00 1.908214449882507324e+00 -1.332373428344726562e+01
1.868218994140625000e+01 5.968526840209960938e+01 -5.877503204345703125e+01 2.380857944488525391e+00 1.517031908035278320e+00 -1.330530548095703125e+01
1.873309898376464844e+01 5.971421813964843750e+01 -5.903179168701171875e+01 2.619347810745239258e+00 1.569437861442565918e+00 -1.297883796691894531e+01
1.878488731384277344e+01 5.974468231201171875e+01 -5.928460311889648438e+01 2.410006999969482422e+00 1.508247256278991699e+00 -1.278255176544189453e+01
1.882917213439941406e+01 5.976637649536132812e+01 -5.953211975097656250e+01 2.320926666259765625e+00 9.134209752082824707e-01 -1.258959770202636719e+01
1.887444496154785156e+01 5.978044509887695312e+01 -5.977499771118164062e+01 2.451325416564941406e+00 7.848021388053894043e-01 -1.222250366210937500e+01
1.892627716064453125e+01 5.979983520507812500e+01 -6.001454162597656250e+01 2.516244888305664062e+00 9.813596010208129883e-01 -1.228659915924072266e+01
1.897126388549804688e+01 5.981560516357421875e+01 -6.025327301025390625e+01 2.043024301528930664e+00 7.694313526153564453e-01 -1.208642768859863281e+01
1.901055717468261719e+01 5.983041000366210938e+01 -6.048785781860351562e+01 1.994754672050476074e+00 7.074646353721618652e-01 -1.218866729736328125e+01
1.904658889770507812e+01 5.984144210815429688e+01 -6.071986007690429688e+01 1.686444044113159180e+00 4.198402464389801025e-01 -1.179322052001953125e+01
1.910365867614746094e+01 5.984229660034179688e+01 -6.105987167358398438e+01 2.163439512252807617e+00 2.916018478572368622e-02 -1.143876171112060547e+01
1.914690017700195312e+01 5.984885025024414062e+01 -6.128277587890625000e+01 2.183343172073364258e+00 5.739516019821166992e-01 -1.119578456878662109e+01
1.918742179870605469e+01 5.985477066040039062e+01 -6.149756622314453125e+01 2.026768922805786133e+00 3.526805341243743896e-02 -1.092796611785888672e+01
1.922579193115234375e+01 5.985829544067382812e+01 -6.171028900146484375e+01 1.859758853912353516e+00 2.456380724906921387e-01 -1.095111179351806641e+01
1.925748634338378906e+01 5.985721206665039062e+01 -6.192270660400390625e+01 1.571814179420471191e+00 -1.077815666794776917e-01 -1.086241912841796875e+01
1.929378509521484375e+01 5.985135650634765625e+01 -6.212982177734375000e+01 2.189190149307250977e+00 -4.242770969867706299e-01 -1.050190448760986328e+01
1.933928680419921875e+01 5.984980392456054688e+01 -6.233897018432617188e+01 2.306990146636962891e+00 1.155172847211360931e-02 -1.059042549133300781e+01
1.938614082336425781e+01 5.984841918945312500e+01 -6.254082489013671875e+01 2.425844907760620117e+00 -5.732384743168950081e-04 -1.020013046264648438e+01
1.943289566040039062e+01 5.985553359985351562e+01 -6.274345016479492188e+01 1.963462710380554199e+00 9.307783246040344238e-01 -1.047025775909423828e+01
1.946755599975585938e+01 5.987480163574218750e+01 -6.294662094116210938e+01 1.922122597694396973e+00 8.415065407752990723e-01 -1.041149520874023438e+01
1.950078392028808594e+01 5.988498306274414062e+01 -6.315462112426757812e+01 1.621032476425170898e+00 1.967679858207702637e-01 -1.086879348754882812e+01
1.952999877929687500e+01 5.988455963134765625e+01 -6.336514663696289062e+01 1.378270268440246582e+00 -3.837260007858276367e-01 -1.057529926300048828e+01
1.955788803100585938e+01 5.986955261230468750e+01 -6.357205963134765625e+01 1.645187616348266602e+00 -1.063933134078979492e+00 -1.048919582366943359e+01
1.959515953063964844e+01 5.984289550781250000e+01 -6.377633666992187500e+01 2.322280645370483398e+00 -1.529183506965637207e+00 -1.031075286865234375e+01
1.964846801757812500e+01 5.981419372558593750e+01 -6.397509765625000000e+01 2.936977624893188477e+00 -1.191885948181152344e+00 -1.016177368164062500e+01
1.971016120910644531e+01 5.979571914672851562e+01 -6.417080688476562500e+01 3.405265808105468750e+00 -4.588174819946289062e-01 -1.006682014465332031e+01
1.977717590332031250e+01 5.979903411865234375e+01 -6.436750030517578125e+01 2.978886127471923828e+00 5.243987441062927246e-01 -1.012708759307861328e+01
1.982499694824218750e+01 5.982185745239257812e+01 -6.456405639648437500e+01 1.661748170852661133e+00 1.357353925704956055e+00 -1.002915668487548828e+01
1.984228134155273438e+01 5.984463119506835938e+01 -6.476155853271484375e+01 6.554751396179199219e-01 5.384756326675415039e-01 -1.007576370239257812e+01
1.984913635253906250e+01 5.984482955932617188e+01 -6.495372009277343750e+01 3.828423917293548584e-01 -3.270235061645507812e-01 -9.698998451232910156e+00
1.985870742797851562e+01 5.982612609863281250e+01 -6.513829803466796875e+01 7.989146709442138672e-01 -1.239639163017272949e+00 -9.430522918701171875e+00
1.990018844604492188e+01 5.978253555297851562e+01 -6.541366577148437500e+01 2.309410572052001953e+00 -1.529823660850524902e+00 -9.198974609375000000e+00
1.995095634460449219e+01 5.976087188720703125e+01 -6.559532165527343750e+01 2.388056039810180664e+00 -5.152855515480041504e-01 -9.372197151184082031e+00
1.999944686889648438e+01 5.975953674316406250e+01 -6.577442932128906250e+01 2.598562002182006836e+00 2.395725995302200317e-01 -9.161640167236328125e+00
2.005409049987792969e+01 5.977257156372070312e+01 -6.595515441894531250e+01 2.725629091262817383e+00 1.049395799636840820e+00 -9.264295578002929688e+00
2.009411239624023438e+01 5.980341720581054688e+01 -6.613749694824218750e+01 1.225990414619445801e+00 1.553449153900146484e+00 -9.272235870361328125e+00
2.011166572570800781e+01 5.982909774780273438e+01 -6.631311035156250000e+01 8.998174667358398438e-01 7.996640801429748535e-01 -8.734419822692871094e+00
2.013322067260742188e+01 5.983764266967773438e+01 -6.648657226562500000e+01 1.282657265663146973e+00 5.379408001899719238e-01 -8.855366706848144531e+00
2.015845108032226562e+01 5.984395599365234375e+01 -6.665469360351562500e+01 1.488816380500793457e+00 2.305997610092163086e-01 -8.516731262207031250e+00
2.019275474548339844e+01 5.985203933715820312e+01 -6.682230377197265625e+01 1.915188193321228027e+00 7.283032536506652832e-01 -8.487442016601562500e+00
2.023969268798828125e+01 5.987047195434570312e+01 -6.698782348632812500e+01 2.617016792297363281e+00 1.393893957138061523e+00 -8.355213165283203125e+00
2.028747558593750000e+01 5.990900421142578125e+01 -6.715001678466796875e+01 1.927992463111877441e+00 2.289223432540893555e+00 -8.263451576232910156e+00
2.031912040710449219e+01 5.995439529418945312e+01 -6.731407165527343750e+01 1.301704287528991699e+00 2.240753173828125000e+00 -8.438046455383300781e+00
2.033908843994140625e+01 5.999977874755859375e+01 -6.747918701171875000e+01 6.701317429542541504e-01 2.232692480087280273e+00 -8.611360549926757812e+00
2.034501075744628906e+01 6.002763748168945312e+01 -6.764488983154296875e+01 5.088745355606079102e-01 6.666262149810791016e-01 -8.283163070678710938e+00
2.036530494689941406e+01 6.003308105468750000e+01 -6.780642700195312500e+01 1.806203246116638184e+00 4.180617034435272217e-01 -8.423229217529296875e+00
2.040553092956542969e+01 6.004257965087890625e+01 -6.797199249267578125e+01 2.194111824035644531e+00 5.882523059844970703e-01 -8.502738952636718750e+00
2.045318031311035156e+01 6.005555725097656250e+01 -6.813501739501953125e+01 2.435395479202270508e+00 9.233351349830627441e-01 -8.367344856262207031e+00
2.049989128112792969e+01 6.008136367797851562e+01 -6.829864501953125000e+01 2.338551521301269531e+00 1.787666440010070801e+00 -8.515165328979492188e+00
2.055070686340332031e+01 6.011711502075195312e+01 -6.846501922607421875e+01 2.768291473388671875e+00 1.761180400848388672e+00 -8.530973434448242188e+00
2.060469436645507812e+01 6.015917587280273438e+01 -6.863195800781250000e+01 2.648951292037963867e+00 2.483813047409057617e+00 -8.781666755676269531e+00
2.065386581420898438e+01 6.021335220336914062e+01 -6.880885314941406250e+01 2.624911308288574219e+00 2.868862390518188477e+00 -8.927604675292968750e+00
2.071185493469238281e+01 6.031560516357421875e+01 -6.908105468750000000e+01 1.228969693183898926e+00 3.593230485916137695e+00 -9.527328491210937500e+00
2.073065567016601562e+01 6.037958908081054688e+01 -6.926563262939453125e+01 7.820143103599548340e-01 2.764392852783203125e+00 -9.568681716918945312e+00
2.074104499816894531e+01 6.042384719848632812e+01 -6.945584106445312500e+01 6.074365377426147461e-01 1.907021284103393555e+00 -9.857909202575683594e+00
2.074623489379882812e+01 6.045223617553710938e+01 -6.964693450927734375e+01 5.069608688354492188e-01 9.213057160377502441e-01 -9.800361633300781250e+00
2.076835632324218750e+01 6.045923233032226562e+01 -6.983098602294921875e+01 1.485747456550598145e+00 1.911056488752365112e-01 -9.118964195251464844e+00
2.080669403076171875e+01 6.045890808105468750e+01 -7.001293945312500000e+01 2.520028352737426758e+00 -6.791742146015167236e-02 -9.467015266418457031e+00
2.086328697204589844e+01 6.046111679077148438e+01 -7.019927978515625000e+01 3.156122684478759766e+00 7.000474929809570312e-01 -9.579027175903320312e+00
2.093128013610839844e+01 6.048378753662109375e+01 -7.038900756835937500e+01 3.510797500610351562e+00 1.450883984565734863e+00 -9.852705001831054688e+00
2.099986076354980469e+01 6.051938247680664062e+01 -7.058431243896484375e+01 3.399985790252685547e+00 2.101838350296020508e+00 -1.002818679809570312e+01
2.106792068481445312e+01 6.056504058837890625e+01 -7.078586578369140625e+01 3.406721115112304688e+00 2.551203966140747070e+00 -1.025748252868652344e+01
2.112581634521484375e+01 6.062480163574218750e+01 -7.099057006835937500e+01 2.109064340591430664e+00 3.246891736984252930e+00 -1.030925846099853516e+01
2.115500831604003906e+01 6.068363952636718750e+01 -7.119841003417968750e+01 1.301623940467834473e+00 2.452013492584228516e+00 -1.060283851623535156e+01
2.118101310729980469e+01 6.072786331176757812e+01 -7.140309906005859375e+01 1.424302816390991211e+00 1.964384078979492188e+00 -1.052323341369628906e+01
2.120737838745117188e+01 6.075646972656250000e+01 -7.160729980468750000e+01 1.449113726615905762e+00 1.024861097335815430e+00 -1.039500808715820312e+01
2.124212837219238281e+01 6.076913833618164062e+01 -7.180706024169921875e+01 2.105641841888427734e+00 8.119886517524719238e-01 -1.032508563995361328e+01
2.128971672058105469e+01 6.079624557495117188e+01 -7.201004028320312500e+01 2.291391611099243164e+00 1.915824651718139648e+00 -1.048171138763427734e+01
2.132882118225097656e+01 6.083906936645507812e+01 -7.221596527099609375e+01 1.726986527442932129e+00 2.061332464218139648e+00 -1.056105136871337891e+01
2.135529136657714844e+01 6.087696075439453125e+01 -7.242129516601562500e+01 1.063515067100524902e+00 1.911922216415405273e+00 -1.047815227508544922e+01
2.137145042419433594e+01 6.090436935424804688e+01 -7.262841796875000000e+01 8.908410668373107910e-01 8.175905942916870117e-01 -1.066469478607177734e+01
2.140006828308105469e+01 6.091372299194335938e+01 -7.283477020263671875e+01 2.022336959838867188e+00 4.352487623691558838e-01 -1.049978637695312500e+01
2.144777488708496094e+01 6.092282104492187500e+01 -7.304402923583984375e+01 2.714621067047119141e+00 6.270270943641662598e-01 -1.083937835693359375e+01
2.153491973876953125e+01 6.095943450927734375e+01 -7.335410308837890625e+01 3.019505739212036133e+00 2.203587293624877930e+00 -1.068598651885986328e+01
2.158304786682128906e+01 6.101065444946289062e+01 -7.356304168701171875e+01 2.050857782363891602e+00 2.409054040908813477e+00 -1.056161403656005859e+01
2.162197685241699219e+01 6.104939651489257812e+01 -7.376544952392578125e+01 2.154041290283203125e+00 1.727527856826782227e+00 -1.046945095062255859e+01
2.166325187683105469e+01 6.108281326293945312e+01 -7.396640777587890625e+01 2.217840433120727539e+00 1.809724688529968262e+00 -1.025548267364501953e+01
2.170780181884765625e+01 6.111512374877929688e+01 -7.416436004638671875e+01 2.548005104064941406e+00 1.503043889999389648e+00 -1.019078636169433594e+01
2.176650810241699219e+01 6.115017700195312500e+01 -7.436523437500000000e+01 2.957530021667480469e+00 2.049700498580932617e+00 -1.029770088195800781e+01
2.182171630859375000e+01 6.119314956665039062e+01 -7.456448364257812500e+01 2.556636571884155273e+00 2.394185781478881836e+00 -1.015953636169433594e+01
2.186358642578125000e+01 6.124084091186523438e+01 -7.476224517822265625e+01 1.814407229423522949e+00 2.242340087890625000e+00 -1.030952358245849609e+01
2.189048576354980469e+01 6.127992630004882812e+01 -7.496051025390625000e+01 1.020051956176757812e+00 1.654203772544860840e+00 -9.945462226867675781e+00
2.191155433654785156e+01 6.130547714233398438e+01 -7.515329742431640625e+01 1.266700983047485352e+00 8.948985338211059570e-01 -9.791807174682617188e+00
2.194011497497558594e+01 6.131520080566406250e+01 -7.534307098388671875e+01 1.451639413833618164e+00 1.489394605159759521e-01 -9.884886741638183594e+00
2.197503471374511719e+01 6.131838226318359375e+01 -7.553181457519531250e+01 2.274254322052001953e+00 2.221715152263641357e-01 -9.378534317016601562e+00
2.202281379699707031e+01 6.132275009155273438e+01 -7.571537017822265625e+01 2.260781526565551758e+00 4.804100990295410156e-01 -9.573842048645019531e+00
2.206364250183105469e+01 6.133567047119140625e+01 -7.590258026123046875e+01 1.983646750450134277e+00 6.351969242095947266e-01 -9.546586036682128906e+00
2.209922218322753906e+01 6.135838317871093750e+01 -7.608651733398437500e+01 1.915702581405639648e+00 1.081739306449890137e+00 -9.317623138427734375e+00
2.213348579406738281e+01 6.137906646728515625e+01 -7.626155090332031250e+01 1.778843879699707031e+00 1.259927153587341309e+00 -8.826614379882812500e+00
2.216558837890625000e+01 6.140351104736328125e+01 -7.643452453613281250e+01 1.747720122337341309e+00 1.198823571205139160e+00 -8.909957885742187500e+00
2.220375061035156250e+01 6.142461776733398438e+01 -7.660308837890625000e+01 1.766705513000488281e+00 9.643443822860717773e-01 -8.401477813720703125e+00
2.224018287658691406e+01 6.144557952880859375e+01 -7.676623535156250000e+01 1.866775155067443848e+00 9.128686785697937012e-01 -8.469437599182128906e+00
2.227648735046386719e+01 6.146357727050781250e+01 -7.693119812011718750e+01 1.875068187713623047e+00 9.552415609359741211e-01 -8.438339233398437500e+00
2.231227493286132812e+01 6.148353195190429688e+01 -7.709284973144531250e+01 1.826218008995056152e+00 1.216881275177001953e+00 -8.160838127136230469e+00
2.237117958068847656e+01 6.152934265136718750e+01 -7.733309173583984375e+01 1.825687408447265625e+00 1.908277392387390137e+00 -8.033697128295898438e+00
2.239983558654785156e+01 6.156548309326171875e+01 -7.748812103271484375e+01 1.154035329818725586e+00 1.647719621658325195e+00 -7.883172512054443359e+00
2.241615867614746094e+01 6.160248565673828125e+01 -7.763890075683593750e+01 7.945577502250671387e-01 2.113311767578125000e+00 -7.745005607604980469e+00
2.243081092834472656e+01 6.163500595092773438e+01 -7.778890991210937500e+01 7.649216651916503906e-01 1.347171068191528320e+00 -7.641942501068115234e+00
2.245017051696777344e+01 6.165557098388671875e+01 -7.793784332275390625e+01 1.403048872947692871e+00 9.367552995681762695e-01 -7.637719154357910156e+00
2.248878097534179688e+01 6.166923141479492188e+01 -7.808647155761718750e+01 2.597926139831542969e+00 8.832738399505615234e-01 -7.473527908325195312e+00
2.254852104187011719e+01 6.169390869140625000e+01 -7.823802185058593750e+01 3.137751340866088867e+00 1.870011806488037109e+00 -7.936889648437500000e+00
2.260682868957519531e+01 6.173934936523437500e+01 -7.838861083984375000e+01 2.539091825485229492e+00 2.732344150543212891e+00 -7.530319213867187500e+00
2.265443038940429688e+01 6.180077743530273438e+01 -7.854042816162109375e+01 1.890760064125061035e+00 3.691423654556274414e+00 -7.777298927307128906e+00
2.268188095092773438e+01 6.187368774414062500e+01 -7.869551086425781250e+01 1.046202898025512695e+00 3.431286096572875977e+00 -7.754110336303710938e+00
2.269687271118164062e+01 6.193218231201171875e+01 -7.884780120849609375e+01 8.008585572242736816e-01 2.669982671737670898e+00 -7.724787235260009766e+00
2.271443748474121094e+01 6.198493194580078125e+01 -7.900007629394531250e+01 1.316048979759216309e+00 2.833278894424438477e+00 -7.862449169158935547e+00
2.273791694641113281e+01 6.204187774658203125e+01 -7.915693664550781250e+01 1.248965024948120117e+00 2.925701379776000977e+00 -8.250255584716796875e+00
2.276571846008300781e+01 6.209592056274414062e+01 -7.931529235839843750e+01 1.613835692405700684e+00 2.711884737014770508e+00 -8.011546134948730469e+00
2.279853439331054688e+01 6.215113830566406250e+01 -7.947431182861328125e+01 1.435536623001098633e+00 2.797235250473022461e+00 -8.238694190979003906e+00
2.282390785217285156e+01 6.220498275756835938e+01 -7.963366699218750000e+01 1.312679409980773926e+00 2.645274877548217773e+00 -8.113895416259765625e+00
2.285912513732910156e+01 6.225020217895507812e+01 -7.979427337646484375e+01 2.056464195251464844e+00 2.126767158508300781e+00 -8.285479545593261719e+00
2.291662216186523438e+01 6.229222488403320312e+01 -7.995509338378906250e+01 3.551819801330566406e+00 2.764912605285644531e+00 -8.427921295166015625e+00
2.299399948120117188e+01 6.236469650268554688e+01 -8.011464691162109375e+01 3.777271270751953125e+00 4.369925975799560547e+00 -8.300566673278808594e+00
2.306215667724609375e+01 6.245977020263671875e+01 -8.027642822265625000e+01 3.125924587249755859e+00 4.832877635955810547e+00 -8.391347885131835938e+00
2.311628723144531250e+01 6.255276107788085938e+01 -8.044447326660156250e+01 2.379634141921997070e+00 4.925131797790527344e+00 -8.664821624755859375e+00
2.316720390319824219e+01 6.269816970825195312e+01 -8.070066070556640625e+01 1.275701284408569336e+00 4.457428932189941406e+00 -8.906833648681640625e+00
2.318744087219238281e+01 6.277909469604492188e+01 -8.087517547607421875e+01 1.029942631721496582e+00 4.032334804534912109e+00 -8.929918289184570312e+00
2.320436477661132812e+01 6.285424041748046875e+01 -8.105068206787109375e+01 8.873924016952514648e-01 3.454053878784179688e+00 -8.979496002197265625e+00
2.322414970397949219e+01 6.292026138305664062e+01 -8.122537231445312500e+01 1.063995480537414551e+00 3.020472288131713867e+00 -9.203474998474121094e+00
2.324819755554199219e+01 6.296814727783203125e+01 -8.140483856201171875e+01 1.617941856384277344e+00 2.251439809799194336e+00 -9.116182327270507812e+00
2.328926086425781250e+01 6.300849533081054688e+01 -8.158299255371093750e+01 2.495436191558837891e+00 2.049443960189819336e+00 -9.033223152160644531e+00
2.334919166564941406e+01 6.304980468750000000e+01 -8.176197052001953125e+01 3.469450473785400391e+00 2.534070253372192383e+00 -9.078373908996582031e+00
2.342454719543457031e+01 6.310941314697265625e+01 -8.193983459472656250e+01 4.052279949188232422e+00 3.414224624633789062e+00 -9.113494873046875000e+00
2.350479125976562500e+01 6.318581771850585938e+01 -8.211936950683593750e+01 3.898949384689331055e+00 4.668086528778076172e+00 -9.412691116333007812e+00
2.357221984863281250e+01 6.329271697998046875e+01 -8.230295562744140625e+01 2.869742870330810547e+00 5.781711578369140625e+00 -9.615906715393066406e+00
2.361944389343261719e+01 6.340636825561523438e+01 -8.248934936523437500e+01 2.310514450073242188e+00 5.614781856536865234e+00 -9.384618759155273438e+00
2.364842605590820312e+01 6.351650619506835938e+01 -8.267282104492187500e+01 7.369921207427978516e-01 5.157044410705566406e+00 -9.487573623657226562e+00
2.365427970886230469e+01 6.360932922363281250e+01 -8.285663604736328125e+01 3.338035643100738525e-01 4.355596065521240234e+00 -9.551582336425781250e+00
2.366302490234375000e+01 6.368085098266601562e+01 -8.304156494140625000e+01 6.620740294456481934e-01 3.260306596755981445e+00 -9.612370491027832031e+00
2.368072700500488281e+01 6.373276138305664062e+01 -8.323055267333984375e+01 1.334146022796630859e+00 2.318948507308959961e+00 -9.719596862792968750e+00
2.371040153503417969e+01 6.376770782470703125e+01 -8.341883087158203125e+01 1.802466154098510742e+00 1.818322658538818359e+00 -9.465511322021484375e+00
2.375528907775878906e+01 6.380294799804687500e+01 -8.360726928710937500e+01 2.643041610717773438e+00 2.107243776321411133e+00 -9.650850296020507812e+00
2.381080818176269531e+01 6.384300994873046875e+01 -8.379472351074218750e+01 2.868944406509399414e+00 2.126963615417480469e+00 -9.699789047241210938e+00
2.387309455871582031e+01 6.389076232910156250e+01 -8.398565673828125000e+01 3.223520278930664062e+00 2.292479038238525391e+00 -9.772732734680175781e+00
2.394635581970214844e+01 6.394112396240234375e+01 -8.416972351074218750e+01 3.907656192779541016e+00 3.142966270446777344e+00 -9.346559524536132812e+00
2.404566574096679688e+01 6.405299377441406250e+01 -8.444570922851562500e+01 3.088398933410644531e+00 4.003254890441894531e+00 -9.473649024963378906e+00
2.410425376892089844e+01 6.413710784912109375e+01 -8.463065338134765625e+01 2.578649997711181641e+00 4.183193206787109375e+00 -9.549371719360351562e+00
2.414506340026855469e+01 6.422046661376953125e+01 -8.481672668457031250e+01 1.896333694458007812e+00 4.009438037872314453e+00 -9.519457817077636719e+00
2.418509101867675781e+01 6.430257415771484375e+01 -8.499736785888671875e+01 2.025996685028076172e+00 4.338392257690429688e+00 -9.258721351623535156e+00
2.421746253967285156e+01 6.438208770751953125e+01 -8.517758178710937500e+01 1.328294634819030762e+00 3.948444366455078125e+00 -9.294507026672363281e+00
2.424615669250488281e+01 6.446311187744140625e+01 -8.536489868164062500e+01 1.538411974906921387e+00 4.301649570465087891e+00 -9.427569389343261719e+00
2.426854515075683594e+01 6.454259490966796875e+01 -8.554913330078125000e+01 7.171198725700378418e-01 3.607310295104980469e+00 -9.277117729187011719e+00
2.428421783447265625e+01 6.460352325439453125e+01 -8.573249816894531250e+01 9.803049564361572266e-01 2.893359899520874023e+00 -9.506635665893554688e+00
2.430632972717285156e+01 6.465909576416015625e+01 -8.591798400878906250e+01 1.133558750152587891e+00 2.632466316223144531e+00 -9.427037239074707031e+00
2.433496856689453125e+01 6.471206665039062500e+01 -8.610574340820312500e+01 1.425541162490844727e+00 2.584521770477294922e+00 -9.411501884460449219e+00
2.436624717712402344e+01 6.475767517089843750e+01 -8.628936004638671875e+01 1.949618101119995117e+00 2.316291809082031250e+00 -9.603813171386718750e+00
2.440817451477050781e+01 6.479987335205078125e+01 -8.647543334960937500e+01 2.464551448822021484e+00 1.973359346389770508e+00 -9.555755615234375000e+00
2.445921897888183594e+01 6.483872985839843750e+01 -8.665722656250000000e+01 2.927504301071166992e+00 2.091641664505004883e+00 -9.110795021057128906e+00
2.452222251892089844e+01 6.487945556640625000e+01 -8.683332824707031250e+01 3.418161630630493164e+00 2.486346721649169922e+00 -9.111209869384765625e+00
2.459202575683593750e+01 6.493571472167968750e+01 -8.701690673828125000e+01 3.615198373794555664e+00 3.426125049591064453e+00 -9.244960784912109375e+00
2.465739250183105469e+01 6.500903320312500000e+01 -8.719876861572265625e+01 3.200260639190673828e+00 4.155921459197998047e+00 -9.129885673522949219e+00
2.471560096740722656e+01 6.509620666503906250e+01 -8.737651062011718750e+01 2.649240016937255859e+00 4.560211658477783203e+00 -9.143009185791015625e+00
2.475948143005371094e+01 6.518792724609375000e+01 -8.755679321289062500e+01 2.154788732528686523e+00 4.479000091552734375e+00 -9.103937149047851562e+00
2.479837417602539062e+01 6.527175140380859375e+01 -8.773406219482421875e+01 1.590159654617309570e+00 4.302150249481201172e+00 -9.207083702087402344e+00
2.481726837158203125e+01 6.535410308837890625e+01 -8.791326141357421875e+01 7.417243719100952148e-01 3.785892486572265625e+00 -8.966249465942382812e+00
2.482972335815429688e+01 6.541826629638671875e+01 -8.808759307861328125e+01 8.251433968544006348e-01 2.966445684432983398e+00 -8.782583236694335938e+00
2.485172271728515625e+01 6.549190521240234375e+01 -8.834906005859375000e+01 7.193850278854370117e-01 2.102656364440917969e+00 -8.729578971862792969e+00
2.487411117553710938e+01 6.552653503417968750e+01 -8.851795196533203125e+01 1.544263720512390137e+00 1.924292564392089844e+00 -8.677388191223144531e+00
2.490702247619628906e+01 6.557041931152343750e+01 -8.868851470947265625e+01 1.563697814941406250e+00 2.147516727447509766e+00 -8.707184791564941406e+00
2.494581985473632812e+01 6.560820007324218750e+01 -8.885408782958984375e+01 2.219806909561157227e+00 1.844347953796386719e+00 -8.567921638488769531e+00
2.499627304077148438e+01 6.564958953857421875e+01 -8.902367401123046875e+01 2.815468311309814453e+00 2.406553506851196289e+00 -8.364072799682617188e+00
2.505614852905273438e+01 6.569977569580078125e+01 -8.919194030761718750e+01 3.309089899063110352e+00 2.645148992538452148e+00 -8.870732307434082031e+00
2.512295150756835938e+01 6.575914764404296875e+01 -8.936130523681640625e+01 3.328412055969238281e+00 3.418617248535156250e+00 -8.675554275512695312e+00
2.518311500549316406e+01 6.583542633056640625e+01 -8.952828216552734375e+01 2.578274250030517578e+00 4.060068130493164062e+00 -8.470960617065429688e+00
2.523154640197753906e+01 6.591792297363281250e+01 -8.970049285888671875e+01 2.340141296386718750e+00 4.225880146026611328e+00 -8.559394836425781250e+00
2.527591133117675781e+01 6.600376892089843750e+01 -8.986983489990234375e+01 2.333253860473632812e+00 4.585140705108642578e+00 -8.952732086181640625e+00
2.532513999938964844e+01 6.609097290039062500e+01 -9.003753662109375000e+01 2.354560136795043945e+00 4.375543117523193359e+00 -8.575425148010253906e+00
2.536524963378906250e+01 6.618140411376953125e+01 -9.020549774169921875e+01 1.622596621513366699e+00 4.776090145111083984e+00 -8.587654113769531250e+00
2.539282798767089844e+01 6.627254486083984375e+01 -9.037248992919921875e+01 1.380024909973144531e+00 4.538101673126220703e+00 -8.484737396240234375e+00
2.541796684265136719e+01 6.636122894287109375e+01 -9.054481506347656250e+01 1.431879758834838867e+00 4.258563518524169922e+00 -8.846560478210449219e+00
2.544451332092285156e+01 6.644245910644531250e+01 -9.071545410156250000e+01 1.253074765205383301e+00 4.197501659393310547e+00 -8.916823387145996094e+00
2.546488380432128906e+01 6.652713775634765625e+01 -9.088846588134765625e+01 1.161180496215820312e+00 4.259715557098388672e+00 -8.889061927795410156e+00
2.548239517211914062e+01 6.660298156738281250e+01 -9.106516265869140625e+01 7.929993867874145508e-01 3.441860675811767578e+00 -8.974398612976074219e+00
2.550551986694335938e+01 6.666513061523437500e+01 -9.123960113525390625e+01 1.548764824867248535e+00 3.007500648498535156e+00 -8.937457084655761719e+00
2.553228569030761719e+01 6.672378540039062500e+01 -9.141683197021484375e+01 1.271611452102661133e+00 2.816214323043823242e+00 -8.910410881042480469e+00
2.556828880310058594e+01 6.677035522460937500e+01 -9.158898162841796875e+01 2.836354732513427734e+00 2.444693565368652344e+00 -8.876245498657226562e+00
2.563212013244628906e+01 6.682466125488281250e+01 -9.176696777343750000e+01 3.114780187606811523e+00 3.022927761077880859e+00 -9.194275856018066406e+00
2.572072219848632812e+01 6.691161346435546875e+01 -9.203211975097656250e+01 3.455119848251342773e+00 3.010896444320678711e+00 -9.011198997497558594e+00
2.579150962829589844e+01 6.697691345214843750e+01 -9.221138000488281250e+01 3.523783206939697266e+00 3.510319709777832031e+00 -9.287287712097167969e+00
2.585686302185058594e+01 6.704854583740234375e+01 -9.239118957519531250e+01 3.211586475372314453e+00 3.820978641510009766e+00 -9.318386077880859375e+00
2.592336082458496094e+01 6.713226318359375000e+01 -9.257238006591796875e+01 3.415357112884521484e+00 4.541444778442382812e+00 -9.121776580810546875e+00
2.598161506652832031e+01 6.722117614746093750e+01 -9.275045013427734375e+01 2.745945453643798828e+00 4.578151226043701172e+00 -9.078536987304687500e+00
2.603085708618164062e+01 6.731424713134765625e+01 -9.293054199218750000e+01 2.169772624969482422e+00 4.972397327423095703e+00 -9.491313934326171875e+00
2.606643486022949219e+01 6.741294097900390625e+01 -9.311527252197265625e+01 1.664454579353332520e+00 4.770712852478027344e+00 -9.188072204589843750e+00
2.609397125244140625e+01 6.750415039062500000e+01 -9.329368591308593750e+01 1.174693703651428223e+00 4.624586582183837891e+00 -9.042589187622070312e+00
2.610960769653320312e+01 6.758796691894531250e+01 -9.347097778320312500e+01 8.390244245529174805e-01 4.102449893951416016e+00 -9.248013496398925781e+00
2.612196922302246094e+01 6.766241455078125000e+01 -9.365219116210937500e+01 3.412349522113800049e-01 3.396888017654418945e+00 -8.961195945739746094e+00
2.612725448608398438e+01 6.771938323974609375e+01 -9.382571411132812500e+01 3.672167062759399414e-01 2.536556005477905273e+00 -8.916869163513183594e+00
