1.111739039421081543e+00 2.251001119613647461e+00 -5.971617624163627625e-02
1.121659159660339355e+00 2.305488586425781250e+00 -5.587669089436531067e-02
1.116976380348205566e+00 2.332380056381225586e+00 -5.224476009607315063e-02
1.134435534477233887e+00 2.358964920043945312e+00 -5.185158178210258484e-02
1.150201678276062012e+00 2.404318571090698242e+00 -4.141331464052200317e-02
1.141765117645263672e+00 2.448538064956665039e+00 -2.100887149572372437e-02
1.162995100021362305e+00 2.501063346862792969e+00 -2.059419639408588409e-02
1.172655224800109863e+00 2.555225372314453125e+00 3.462932305410504341e-03
1.181133627891540527e+00 2.607217311859130859e+00 2.603977359831333160e-02
1.198248267173767090e+00 2.674307107925415039e+00 3.611500188708305359e-02
1.209655165672302246e+00 2.742367029190063477e+00 6.313127279281616211e-02
1.235321879386901855e+00 2.849766016006469727e+00 9.607110917568206787e-02
1.237348079681396484e+00 2.935981035232543945e+00 1.194853112101554871e-01
1.246845841407775879e+00 3.018910169601440430e+00 1.529116332530975342e-01
1.268866777420043945e+00 3.102818489074707031e+00 1.828017979860305786e-01
1.288154006004333496e+00 3.195580720901489258e+00 2.009932249784469604e-01
1.296180725097656250e+00 3.296079635620117188e+00 2.419087737798690796e-01
1.307708144187927246e+00 3.391573190689086914e+00 2.716253995895385742e-01
1.321209669113159180e+00 3.497697114944458008e+00 3.054774999618530273e-01
1.348520874977111816e+00 3.623117685317993164e+00 3.322406709194183350e-01
1.351453900337219238e+00 3.734489440917968750e+00 3.698914647102355957e-01
1.373005747795104980e+00 3.843851327896118164e+00 4.076187312602996826e-01
1.405495047569274902e+00 3.964944839477539062e+00 4.415925145149230957e-01
1.435190320014953613e+00 4.086823940277099609e+00 4.841005802154541016e-01
1.458931326866149902e+00 4.218143463134765625e+00 5.255354046821594238e-01
1.478825092315673828e+00 4.362986087799072266e+00 5.737166404724121094e-01
1.504025578498840332e+00 4.503715038299560547e+00 6.065176725387573242e-01
1.519567489624023438e+00 4.625957489013671875e+00 6.514574289321899414e-01
1.550854921340942383e+00 4.773807525634765625e+00 6.982157826423645020e-01
1.564922332763671875e+00 4.942703247070312500e+00 7.513355612754821777e-01
1.588039755821228027e+00 5.106607437133789062e+00 7.949983477592468262e-01
1.597851991653442383e+00 5.265023231506347656e+00 8.424268364906311035e-01
1.629884123802185059e+00 5.514741897583007812e+00 9.137743711471557617e-01
1.662086248397827148e+00 5.697188377380371094e+00 9.625414609909057617e-01
1.686016440391540527e+00 5.885762214660644531e+00 1.011884212493896484e+00
1.705465674400329590e+00 6.070331573486328125e+00 1.062718987464904785e+00
1.728525519371032715e+00 6.260533332824707031e+00 1.114918351173400879e+00
1.749539732933044434e+00 6.457089424133300781e+00 1.178614377975463867e+00
1.771504163742065430e+00 6.659613132476806641e+00 1.236608147621154785e+00
1.811210751533508301e+00 6.852815151214599609e+00 1.302300333976745605e+00
1.833784699440002441e+00 7.074070930480957031e+00 1.363512158393859863e+00
1.859370827674865723e+00 7.291299343109130859e+00 1.423407793045043945e+00
1.887118697166442871e+00 7.516107082366943359e+00 1.487865209579467773e+00
1.929597139358520508e+00 7.750965118408203125e+00 1.549630284309387207e+00
1.956113457679748535e+00 7.986857414245605469e+00 1.613165140151977539e+00
1.978597521781921387e+00 8.234761238098144531e+00 1.666680932044982910e+00
2.005557298660278320e+00 8.476590156555175781e+00 1.722035408020019531e+00
2.032818794250488281e+00 8.729900360107421875e+00 1.794078946113586426e+00
2.063572168350219727e+00 9.000699043273925781e+00 1.857568025588989258e+00
2.100731134414672852e+00 9.248007774353027344e+00 1.919165968894958496e+00
2.128503799438476562e+00 9.521363258361816406e+00 1.981486439704895020e+00
2.173688650131225586e+00 9.796496391296386719e+00 2.033729791641235352e+00
2.202215671539306641e+00 1.008124351501464844e+01 2.105633258819580078e+00
2.255185365676879883e+00 1.052590465545654297e+01 2.203801870346069336e+00
2.291868686676025391e+00 1.083098793029785156e+01 2.265630245208740234e+00
2.327600002288818359e+00 1.113942813873291016e+01 2.328392267227172852e+00
2.363030910491943359e+00 1.146107292175292969e+01 2.388895750045776367e+00
2.409932136535644531e+00 1.177613639831542969e+01 2.464356899261474609e+00
2.448704004287719727e+00 1.211917591094970703e+01 2.529177188873291016e+00
2.476712942123413086e+00 1.245521736145019531e+01 2.583833694458007812e+00
2.528587102890014648e+00 1.279092502593994141e+01 2.645052433013916016e+00
2.572123765945434570e+00 1.313781738281250000e+01 2.711259603500366211e+00
2.623009443283081055e+00 1.350848007202148438e+01 2.775085926055908203e+00
2.653749465942382812e+00 1.386955928802490234e+01 2.837494611740112305e+00
2.712164640426635742e+00 1.423716354370117188e+01 2.891384601593017578e+00
2.768353223800659180e+00 1.462122154235839844e+01 2.952187538146972656e+00
2.805512428283691406e+00 1.502989101409912109e+01 3.004539489746093750e+00
2.851964473724365234e+00 1.542480659484863281e+01 3.059464216232299805e+00
2.889899253845214844e+00 1.583207416534423828e+01 3.100049972534179688e+00
2.946263551712036133e+00 1.625625991821289062e+01 3.155293226242065430e+00
2.990066528320312500e+00 1.668875122070312500e+01 3.203911542892456055e+00
3.035891294479370117e+00 1.711242294311523438e+01 3.245616197586059570e+00
3.088553667068481445e+00 1.756155967712402344e+01 3.286565780639648438e+00
3.180989027023315430e+00 1.824651145935058594e+01 3.345663785934448242e+00
3.256770610809326172e+00 1.871545600891113281e+01 3.384708642959594727e+00
3.309099674224853516e+00 1.920351791381835938e+01 3.414577722549438477e+00
3.358008146286010742e+00 1.969757080078125000e+01 3.436223983764648438e+00
3.423697471618652344e+00 2.019147872924804688e+01 3.453777074813842773e+00
3.483002901077270508e+00 2.068967819213867188e+01 3.472609281539916992e+00
3.556926488876342773e+00 2.120586395263671875e+01 3.487026214599609375e+00
3.629316806793212891e+00 2.175028228759765625e+01 3.500855922698974609e+00
3.699400901794433594e+00 2.228548049926757812e+01 3.501032590866088867e+00
3.764786243438720703e+00 2.283573722839355469e+01 3.496603965759277344e+00
3.846060276031494141e+00 2.339053344726562500e+01 3.487686872482299805e+00
3.921195745468139648e+00 2.396623229980468750e+01 3.483791351318359375e+00
4.002460479736328125e+00 2.455444526672363281e+01 3.458830595016479492e+00
4.089378833770751953e+00 2.515796661376953125e+01 3.435194969177246094e+00
4.159327030181884766e+00 2.576188659667968750e+01 3.395750045776367188e+00
4.236796855926513672e+00 2.638938331604003906e+01 3.354117870330810547e+00
4.334235191345214844e+00 2.702892303466796875e+01 3.294962882995605469e+00
4.433774471282958984e+00 2.768641853332519531e+01 3.238476276397705078e+00
4.515032291412353516e+00 2.834583663940429688e+01 3.155780792236328125e+00
4.629985332489013672e+00 2.903148460388183594e+01 3.067728281021118164e+00
4.734835624694824219e+00 2.973992919921875000e+01 2.963352680206298828e+00
4.886017799377441406e+00 3.081464767456054688e+01 2.775204896926879883e+00
4.999396800994873047e+00 3.155183410644531250e+01 2.636334419250488281e+00
5.104318618774414062e+00 3.230677413940429688e+01 2.480112791061401367e+00
5.236359119415283203e+00 3.307694625854492188e+01 2.295800209045410156e+00
5.363636493682861328e+00 3.386661148071289062e+01 2.096088409423828125e+00
5.488202095031738281e+00 3.467677688598632812e+01 1.852795243263244629e+00
5.618927001953125000e+00 3.547692871093750000e+01 1.596883177757263184e+00
5.772809982299804688e+00 3.629952621459960938e+01 1.294657826423645020e+00
5.923380374908447266e+00 3.716275405883789062e+01 9.654489755630493164e-01
6.077378749847412109e+00 3.800401306152343750e+01 5.932749509811401367e-01
6.242530345916748047e+00 3.886053466796875000e+01 1.769631057977676392e-01
6.420171260833740234e+00 3.972323989868164062e+01 -2.952964901924133301e-01
6.595829963684082031e+00 4.059656524658203125e+01 -8.245813250541687012e-01
6.768110275268554688e+00 4.146164703369140625e+01 -1.403641581535339355e+00
6.959083080291748047e+00 4.228828048706054688e+01 -2.042529821395874023e+00
7.148995876312255859e+00 4.311515426635742188e+01 -2.719234228134155273e+00
7.351684093475341797e+00 4.391070175170898438e+01 -3.467282533645629883e+00
7.558703899383544922e+00 4.467292022705078125e+01 -4.261076450347900391e+00
7.768039226531982422e+00 4.538050079345703125e+01 -5.089352607727050781e+00
7.963298797607421875e+00 4.605570983886718750e+01 -5.959426879882812500e+00
8.152937889099121094e+00 4.667962646484375000e+01 -6.854800224304199219e+00
8.450566291809082031e+00 4.751630020141601562e+01 -8.213214874267578125e+00
8.629940032958984375e+00 4.800660705566406250e+01 -9.128503799438476562e+00
8.813190460205078125e+00 4.845485687255859375e+01 -1.003144836425781250e+01
9.002180099487304688e+00 4.884926986694335938e+01 -1.091197204589843750e+01
9.172751426696777344e+00 4.922316741943359375e+01 -1.179664993286132812e+01
9.326919555664062500e+00 4.956250381469726562e+01 -1.264837551116943359e+01
9.484558105468750000e+00 4.985269546508789062e+01 -1.348172378540039062e+01
9.631060600280761719e+00 5.013171005249023438e+01 -1.427800464630126953e+01
9.775313377380371094e+00 5.037992477416992188e+01 -1.506825351715087891e+01
9.914540290832519531e+00 5.060852050781250000e+01 -1.581428623199462891e+01
1.003050422668457031e+01 5.082511138916015625e+01 -1.653058433532714844e+01
1.015248870849609375e+01 5.101396560668945312e+01 -1.722667884826660156e+01
1.027615261077880859e+01 5.118347167968750000e+01 -1.789297866821289062e+01
1.038728904724121094e+01 5.134200286865234375e+01 -1.854126167297363281e+01
1.049695777893066406e+01 5.148315429687500000e+01 -1.915947151184082031e+01
1.059131908416748047e+01 5.162052536010742188e+01 -1.976161766052246094e+01
1.069010257720947266e+01 5.172628784179687500e+01 -2.033371543884277344e+01
1.079043197631835938e+01 5.182838821411132812e+01 -2.089108657836914062e+01
1.089676952362060547e+01 5.191868972778320312e+01 -2.142917251586914062e+01
1.098837089538574219e+01 5.201462936401367188e+01 -2.194058990478515625e+01
1.107158851623535156e+01 5.208792877197265625e+01 -2.243299484252929688e+01
1.121771144866943359e+01 5.219524765014648438e+01 -2.313188552856445312e+01
1.127952861785888672e+01 5.225470352172851562e+01 -2.359269714355468750e+01
1.136279869079589844e+01 5.230449676513671875e+01 -2.401828002929687500e+01
1.143802165985107422e+01 5.234914779663085938e+01 -2.443610191345214844e+01
1.151296138763427734e+01 5.238848495483398438e+01 -2.484041595458984375e+01
1.156913852691650391e+01 5.242071533203125000e+01 -2.522555351257324219e+01
1.164268779754638672e+01 5.243864440917968750e+01 -2.559966850280761719e+01
1.171536064147949219e+01 5.245654678344726562e+01 -2.595716094970703125e+01
1.177193164825439453e+01 5.249612045288085938e+01 -2.630562591552734375e+01
1.181946372985839844e+01 5.250462341308593750e+01 -2.663926887512207031e+01
1.186751747131347656e+01 5.251575851440429688e+01 -2.695498085021972656e+01
1.191988849639892578e+01 5.252336502075195312e+01 -2.725590896606445312e+01
1.196459865570068359e+01 5.253639221191406250e+01 -2.755468177795410156e+01
1.201365566253662109e+01 5.254248809814453125e+01 -2.782979774475097656e+01
1.205082321166992188e+01 5.255266952514648438e+01 -2.809329795837402344e+01
1.210813903808593750e+01 5.256698989868164062e+01 -2.834195518493652344e+01
1.213588428497314453e+01 5.257697677612304688e+01 -2.858367347717285156e+01
1.219781875610351562e+01 5.259384918212890625e+01 -2.881220626831054688e+01
1.223400878906250000e+01 5.261893463134765625e+01 -2.903192329406738281e+01
1.225869655609130859e+01 5.264237594604492188e+01 -2.924021148681640625e+01
1.230096054077148438e+01 5.265907287597656250e+01 -2.943119621276855469e+01
1.234746742248535156e+01 5.268969726562500000e+01 -2.971788406372070312e+01
1.239080429077148438e+01 5.272545242309570312e+01 -2.989953804016113281e+01
1.242647743225097656e+01 5.276024246215820312e+01 -3.008480834960937500e+01
1.245080757141113281e+01 5.277750778198242188e+01 -3.025039482116699219e+01
1.248876953125000000e+01 5.280535125732421875e+01 -3.042269897460937500e+01
1.252915000915527344e+01 5.283267593383789062e+01 -3.058910179138183594e+01
1.256689929962158203e+01 5.285844039916992188e+01 -3.075737762451171875e+01
1.259336090087890625e+01 5.287120819091796875e+01 -3.091940498352050781e+01
1.262856006622314453e+01 5.290178298950195312e+01 -3.106905937194824219e+01
1.265227985382080078e+01 5.291435623168945312e+01 -3.123040962219238281e+01
1.269121551513671875e+01 5.292592239379882812e+01 -3.139152145385742188e+01
1.272805213928222656e+01 5.294181060791015625e+01 -3.152855491638183594e+01
1.275927639007568359e+01 5.295218658447265625e+01 -3.168237686157226562e+01
1.278579044342041016e+01 5.295090103149414062e+01 -3.183397102355957031e+01
1.281973266601562500e+01 5.295310211181640625e+01 -3.198013114929199219e+01
1.285687541961669922e+01 5.294604110717773438e+01 -3.211829376220703125e+01
1.288511753082275391e+01 5.294535064697265625e+01 -3.225761032104492188e+01
1.292069625854492188e+01 5.294241714477539062e+01 -3.239459991455078125e+01
1.294914817810058594e+01 5.294112014770507812e+01 -3.251736450195312500e+01
1.297956562042236328e+01 5.293738555908203125e+01 -3.265557479858398438e+01
1.300017738342285156e+01 5.292497634887695312e+01 -3.278626251220703125e+01
1.304180335998535156e+01 5.291052627563476562e+01 -3.296891784667968750e+01
1.307447147369384766e+01 5.288769912719726562e+01 -3.309468078613281250e+01
1.310673618316650391e+01 5.285878372192382812e+01 -3.321234893798828125e+01
1.313044929504394531e+01 5.285339355468750000e+01 -3.333301925659179688e+01
1.316358280181884766e+01 5.283095169067382812e+01 -3.344076156616210938e+01
1.318397808074951172e+01 5.283490371704101562e+01 -3.355433654785156250e+01
1.321027851104736328e+01 5.280857086181640625e+01 -3.365861129760742188e+01
1.323184204101562500e+01 5.279938888549804688e+01 -3.376628494262695312e+01
1.325094509124755859e+01 5.278240966796875000e+01 -3.386227416992187500e+01
1.327092361450195312e+01 5.275097274780273438e+01 -3.395750045776367188e+01
1.330111026763916016e+01 5.272816085815429688e+01 -3.404761505126953125e+01
1.333259105682373047e+01 5.272535705566406250e+01 -3.413185119628906250e+01
1.334469413757324219e+01 5.270983123779296875e+01 -3.420353317260742188e+01
1.336666584014892578e+01 5.269454956054687500e+01 -3.428147125244140625e+01
1.337078666687011719e+01 5.267279052734375000e+01 -3.434918212890625000e+01
1.338425350189208984e+01 5.265413284301757812e+01 -3.440175628662109375e+01
1.340533351898193359e+01 5.262866973876953125e+01 -3.445975494384765625e+01
1.343512821197509766e+01 5.261242675781250000e+01 -3.450734329223632812e+01
1.345085620880126953e+01 5.259786605834960938e+01 -3.453784942626953125e+01
1.345630073547363281e+01 5.259516143798828125e+01 -3.456182098388671875e+01
1.348508930206298828e+01 5.258889007568359375e+01 -3.458221817016601562e+01
1.350104045867919922e+01 5.260595703125000000e+01 -3.457473373413085938e+01
1.349976730346679688e+01 5.263536834716796875e+01 -3.454339218139648438e+01
1.351622676849365234e+01 5.267453002929687500e+01 -3.450681304931640625e+01
1.351822853088378906e+01 5.274935150146484375e+01 -3.444823455810546875e+01
1.352870464324951172e+01 5.284634780883789062e+01 -3.437035369873046875e+01
1.356183624267578125e+01 5.300735473632812500e+01 -3.429495239257812500e+01
1.357187652587890625e+01 5.322365951538085938e+01 -3.422938156127929688e+01
1.360383415222167969e+01 5.345698928833007812e+01 -3.418491363525390625e+01
1.364519786834716797e+01 5.372896957397460938e+01 -3.417494201660156250e+01
1.370674133300781250e+01 5.401835632324218750e+01 -3.419279861450195312e+01
1.375433921813964844e+01 5.432682418823242188e+01 -3.425025939941406250e+01
1.379872131347656250e+01 5.460246658325195312e+01 -3.434730911254882812e+01
1.385762596130371094e+01 5.486094284057617188e+01 -3.445635223388671875e+01
1.391441059112548828e+01 5.508975219726562500e+01 -3.458899307250976562e+01
1.397123622894287109e+01 5.529140472412109375e+01 -3.473497772216796875e+01
1.401959705352783203e+01 5.548160934448242188e+01 -3.490932083129882812e+01
1.407733154296875000e+01 5.563107299804687500e+01 -3.508800506591796875e+01
1.413288021087646484e+01 5.578696823120117188e+01 -3.527107620239257812e+01
1.417340373992919922e+01 5.591611862182617188e+01 -3.546455001831054688e+01
1.422289848327636719e+01 5.603493499755859375e+01 -3.565889358520507812e+01
1.429770660400390625e+01 5.617465591430664062e+01 -3.596042251586914062e+01
1.435552501678466797e+01 5.627385330200195312e+01 -3.616489791870117188e+01
1.439403247833251953e+01 5.637203979492187500e+01 -3.639122772216796875e+01
1.443491649627685547e+01 5.645335388183593750e+01 -3.660677337646484375e+01
1.447167015075683594e+01 5.653603744506835938e+01 -3.682492828369140625e+01
1.451311016082763672e+01 5.660344696044921875e+01 -3.704880905151367188e+01
1.456102085113525391e+01 5.667642593383789062e+01 -3.727789688110351562e+01
1.459718418121337891e+01 5.674729537963867188e+01 -3.750496292114257812e+01
1.464073467254638672e+01 5.679549789428710938e+01 -3.773257827758789062e+01
1.470527839660644531e+01 5.684415817260742188e+01 -3.797080612182617188e+01
1.475809288024902344e+01 5.689781570434570312e+01 -3.820717239379882812e+01
1.480702495574951172e+01 5.694557189941406250e+01 -3.844875717163085938e+01
1.486395740509033203e+01 5.699943923950195312e+01 -3.869742965698242188e+01
1.492410945892333984e+01 5.705854797363281250e+01 -3.895216751098632812e+01
1.497461318969726562e+01 5.712007522583007812e+01 -3.920108032226562500e+01
1.502946376800537109e+01 5.714859390258789062e+01 -3.946238327026367188e+01
1.507546138763427734e+01 5.720109176635742188e+01 -3.971698379516601562e+01
1.511213111877441406e+01 5.721664810180664062e+01 -3.997303009033203125e+01
1.515192794799804688e+01 5.721797561645507812e+01 -4.022542190551757812e+01
1.520315933227539062e+01 5.722876358032226562e+01 -4.049271774291992188e+01
1.525850486755371094e+01 5.722507476806640625e+01 -4.073442840576171875e+01
1.533219528198242188e+01 5.722740173339843750e+01 -4.111894607543945312e+01
1.539344501495361328e+01 5.722708892822265625e+01 -4.136263656616210938e+01
1.542724895477294922e+01 5.721608734130859375e+01 -4.160044860839843750e+01
1.546003627777099609e+01 5.720231628417968750e+01 -4.184983444213867188e+01
1.549845695495605469e+01 5.718425369262695312e+01 -4.210310363769531250e+01
1.553148460388183594e+01 5.717893981933593750e+01 -4.235435104370117188e+01
1.554624557495117188e+01 5.714386367797851562e+01 -4.259717941284179688e+01
1.559415626525878906e+01 5.712782669067382812e+01 -4.283490753173828125e+01
1.562248229980468750e+01 5.709013366699218750e+01 -4.307310104370117188e+01
1.567463111877441406e+01 5.704393005371093750e+01 -4.331342697143554688e+01
1.572518253326416016e+01 5.701754379272460938e+01 -4.355117416381835938e+01
1.576269340515136719e+01 5.700741195678710938e+01 -4.378648757934570312e+01
1.580044269561767578e+01 5.698337936401367188e+01 -4.400930023193359375e+01
1.585136318206787109e+01 5.694491577148437500e+01 -4.423879623413085938e+01
1.586893367767333984e+01 5.691853713989257812e+01 -4.445279693603515625e+01
1.591168689727783203e+01 5.689169311523437500e+01 -4.467336273193359375e+01
1.593015003204345703e+01 5.686862182617187500e+01 -4.489175796508789062e+01
1.595696163177490234e+01 5.685085678100585938e+01 -4.509541702270507812e+01
1.599268341064453125e+01 5.682067871093750000e+01 -4.529907608032226562e+01
1.604066848754882812e+01 5.680311203002929688e+01 -4.549695205688476562e+01
1.606293106079101562e+01 5.680781936645507812e+01 -4.569270706176757812e+01
1.611899566650390625e+01 5.679978561401367188e+01 -4.599584197998046875e+01
1.615885734558105469e+01 5.681348037719726562e+01 -4.620263290405273438e+01
1.619844245910644531e+01 5.682413482666015625e+01 -4.639729690551757812e+01
1.622168540954589844e+01 5.683664703369140625e+01 -4.660285949707031250e+01
1.626175308227539062e+01 5.684655380249023438e+01 -4.680195617675781250e+01
1.630426025390625000e+01 5.686138153076171875e+01 -4.699474716186523438e+01
1.632973670959472656e+01 5.688037490844726562e+01 -4.718802261352539062e+01
1.637329101562500000e+01 5.689451217651367188e+01 -4.736415100097656250e+01
1.641870689392089844e+01 5.693270111083984375e+01 -4.755626296997070312e+01
1.645970916748046875e+01 5.695793914794921875e+01 -4.774096298217773438e+01
1.650901412963867188e+01 5.701546096801757812e+01 -4.793474578857421875e+01
1.655086326599121094e+01 5.708309555053710938e+01 -4.812928009033203125e+01
1.658336257934570312e+01 5.713891220092773438e+01 -4.833003234863281250e+01
1.663045883178710938e+01 5.719574356079101562e+01 -4.854497528076171875e+01
1.667960166931152344e+01 5.724793243408203125e+01 -4.876267242431640625e+01
1.673315048217773438e+01 5.732781600952148438e+01 -4.898828887939453125e+01
1.677176856994628906e+01 5.739638519287109375e+01 -4.920940399169921875e+01
1.682759666442871094e+01 5.747282791137695312e+01 -4.943789291381835938e+01
1.688572311401367188e+01 5.755257797241210938e+01 -4.967864608764648438e+01
1.693963432312011719e+01 5.764293289184570312e+01 -4.991613388061523438e+01
1.698342514038085938e+01 5.772887039184570312e+01 -5.015941238403320312e+01
1.706383323669433594e+01 5.783691024780273438e+01 -5.052896499633789062e+01
1.712674903869628906e+01 5.791693878173828125e+01 -5.077186584472656250e+01
1.717431259155273438e+01 5.800212860107421875e+01 -5.102375411987304688e+01
1.724816322326660156e+01 5.808222198486328125e+01 -5.128772354125976562e+01
1.730278778076171875e+01 5.818423461914062500e+01 -5.154452896118164062e+01
1.735429954528808594e+01 5.828000259399414062e+01 -5.180057525634765625e+01
1.738794517517089844e+01 5.834990310668945312e+01 -5.204940795898437500e+01
1.742732238769531250e+01 5.841011810302734375e+01 -5.230334091186523438e+01
1.749508476257324219e+01 5.849169540405273438e+01 -5.255845260620117188e+01
1.753717041015625000e+01 5.855741882324218750e+01 -5.282024002075195312e+01
1.758608245849609375e+01 5.862027740478515625e+01 -5.308550262451171875e+01
1.764329147338867188e+01 5.868522262573242188e+01 -5.334607696533203125e+01
1.768866920471191406e+01 5.876399993896484375e+01 -5.361667633056640625e+01
1.774780082702636719e+01 5.881888961791992188e+01 -5.386284255981445312e+01
1.779952430725097656e+01 5.886336517333984375e+01 -5.412154388427734375e+01
1.784988021850585938e+01 5.892787933349609375e+01 -5.437999725341796875e+01
1.788405036926269531e+01 5.896971893310546875e+01 -5.464020919799804688e+01
1.794334602355957031e+01 5.902480316162109375e+01 -5.489621353149414062e+01
1.799083518981933594e+01 5.906843185424804688e+01 -5.514651489257812500e+01
1.803251075744628906e+01 5.911511611938476562e+01 -5.539865112304687500e+01
1.807390594482421875e+01 5.915830993652343750e+01 -5.565638351440429688e+01
1.815855979919433594e+01 5.921695327758789062e+01 -5.603007125854492188e+01
1.821651077270507812e+01 5.926638793945312500e+01 -5.627835083007812500e+01
1.826111221313476562e+01 5.933182144165039062e+01 -5.652173614501953125e+01
1.830457687377929688e+01 5.935773468017578125e+01 -5.676192855834960938e+01
1.835597610473632812e+01 5.939457702636718750e+01 -5.700859832763671875e+01
1.840266799926757812e+01 5.943933105468750000e+01 -5.726027297973632812e+01
1.846597671508789062e+01 5.949767684936523438e+01 -5.750598526000976562e+01
1.850966453552246094e+01 5.954883956909179688e+01 -5.775582122802734375e+01
1.853818321228027344e+01 5.957750320434570312e+01 -5.800038146972656250e+01
1.859167671203613281e+01 5.961664962768554688e+01 -5.825990676879882812e+01
1.864106559753417969e+01 5.965960311889648438e+01 -5.852063369750976562e+01
1.867951202392578125e+01 5.969281768798828125e+01 -5.877584838867187500e+01
1.874335479736328125e+01 5.971812438964843750e+01 -5.903413772583007812e+01
1.878834915161132812e+01 5.975205230712890625e+01 -5.928755569458007812e+01
1.883268165588378906e+01 5.976427078247070312e+01 -5.952914810180664062e+01
1.887344551086425781e+01 5.977628326416015625e+01 -5.977552795410156250e+01
1.892732238769531250e+01 5.980800247192382812e+01 -6.001708602905273438e+01
1.897720909118652344e+01 5.981877899169921875e+01 -6.025265502929687500e+01
1.901510810852050781e+01 5.983276748657226562e+01 -6.049410629272460938e+01
1.905103302001953125e+01 5.984131240844726562e+01 -6.071102905273437500e+01
1.911027717590332031e+01 5.984649658203125000e+01 -6.106186294555664062e+01
1.915001106262207031e+01 5.984982681274414062e+01 -6.127879714965820312e+01
1.919318580627441406e+01 5.985109329223632812e+01 -6.149577331542968750e+01
1.922187614440917969e+01 5.986388397216796875e+01 -6.170932388305664062e+01
1.924445533752441406e+01 5.986178207397460938e+01 -6.192339324951171875e+01
1.929301452636718750e+01 5.984492111206054688e+01 -6.213114929199218750e+01
1.934277915954589844e+01 5.985290527343750000e+01 -6.233836746215820312e+01
1.939000320434570312e+01 5.984530258178710938e+01 -6.254522705078125000e+01
1.943684196472167969e+01 5.985626983642578125e+01 -6.274633407592773438e+01
1.946805763244628906e+01 5.986746215820312500e+01 -6.294912719726562500e+01
1.949408340454101562e+01 5.988565063476562500e+01 -6.316131210327148438e+01
1.952536201477050781e+01 5.988647842407226562e+01 -6.336675262451171875e+01
1.954588127136230469e+01 5.986470031738281250e+01 -6.357035827636718750e+01
1.959120368957519531e+01 5.983733749389648438e+01 -6.377571868896484375e+01
1.965139579772949219e+01 5.980995178222656250e+01 -6.397488021850585938e+01
1.971012496948242188e+01 5.979258728027343750e+01 -6.417176055908203125e+01
1.978083610534667969e+01 5.979325485229492188e+01 -6.437091827392578125e+01
1.983440399169921875e+01 5.982479095458984375e+01 -6.456428527832031250e+01
1.984177017211914062e+01 5.984263229370117188e+01 -6.476524353027343750e+01
1.983782196044921875e+01 5.983335494995117188e+01 -6.494993591308593750e+01
1.986163330078125000e+01 5.981657409667968750e+01 -6.514775848388671875e+01
1.989960479736328125e+01 5.977224349975585938e+01 -6.541415405273437500e+01
1.994779968261718750e+01 5.975210189819335938e+01 -6.559558868408203125e+01
1.999781036376953125e+01 5.975985717773437500e+01 -6.576722717285156250e+01
2.005494308471679688e+01 5.977898788452148438e+01 -6.595249176025390625e+01
2.009562301635742188e+01 5.980681610107421875e+01 -6.613498687744140625e+01
2.011381530761718750e+01 5.983317947387695312e+01 -6.631269073486328125e+01
2.013471984863281250e+01 5.984140014648437500e+01 -6.648764038085937500e+01
2.016352081298828125e+01 5.983603286743164062e+01 -6.665871429443359375e+01
2.019582939147949219e+01 5.983859634399414062e+01 -6.681839752197265625e+01
2.025320625305175781e+01 5.986077117919921875e+01 -6.698184204101562500e+01
2.029341697692871094e+01 5.990420913696289062e+01 -6.714617919921875000e+01
2.031538200378417969e+01 5.995007324218750000e+01 -6.732392120361328125e+01
2.034353446960449219e+01 6.001123046875000000e+01 -6.748133850097656250e+01
2.034457015991210938e+01 6.002573013305664062e+01 -6.764892578125000000e+01
2.037208366394042969e+01 6.002711486816406250e+01 -6.780684661865234375e+01
2.040702056884765625e+01 6.003882598876953125e+01 -6.796544647216796875e+01
2.045070075988769531e+01 6.005642700195312500e+01 -6.813873291015625000e+01
2.050777435302734375e+01 6.008367919921875000e+01 -6.829706573486328125e+01
2.055503463745117188e+01 6.011277770996093750e+01 -6.845964813232421875e+01
2.060117340087890625e+01 6.016287231445312500e+01 -6.863366699218750000e+01
2.066090965270996094e+01 6.021598434448242188e+01 -6.880952453613281250e+01
2.071019554138183594e+01 6.032040023803710938e+01 -6.908095550537109375e+01
2.073770523071289062e+01 6.038407897949218750e+01 -6.926770782470703125e+01
2.075255775451660156e+01 6.042377090454101562e+01 -6.946023559570312500e+01
2.074726295471191406e+01 6.045572662353515625e+01 -6.964910888671875000e+01
2.078055763244628906e+01 6.046003723144531250e+01 -6.983750152587890625e+01
2.080731391906738281e+01 6.046514511108398438e+01 -7.001380157470703125e+01
2.086051559448242188e+01 6.045824813842773438e+01 -7.020063018798828125e+01
2.093566322326660156e+01 6.047525405883789062e+01 -7.039568328857421875e+01
2.100320816040039062e+01 6.052711868286132812e+01 -7.058413696289062500e+01
2.106787300109863281e+01 6.056779098510742188e+01 -7.078723144531250000e+01
2.113277626037597656e+01 6.062423706054687500e+01 -7.098676300048828125e+01
2.115064811706542969e+01 6.068695831298828125e+01 -7.119886779785156250e+01
2.118963050842285156e+01 6.073087692260742188e+01 -7.140718078613281250e+01
2.121041488647460938e+01 6.075273895263671875e+01 -7.160292053222656250e+01
2.125145530700683594e+01 6.075712203979492188e+01 -7.180683135986328125e+01
2.129595756530761719e+01 6.078469467163085938e+01 -7.201173400878906250e+01
2.133327484130859375e+01 6.084378433227539062e+01 -7.221320343017578125e+01
2.135420227050781250e+01 6.088205337524414062e+01 -7.242525482177734375e+01
2.136161041259765625e+01 6.090673446655273438e+01 -7.263071441650390625e+01
2.139759445190429688e+01 6.090529251098632812e+01 -7.283234405517578125e+01
2.144768714904785156e+01 6.091653442382812500e+01 -7.304338073730468750e+01
2.153125190734863281e+01 6.095201110839843750e+01 -7.335645294189453125e+01
2.157967376708984375e+01 6.100829696655273438e+01 -7.355825042724609375e+01
2.161336898803710938e+01 6.104426193237304688e+01 -7.376110839843750000e+01
2.165982055664062500e+01 6.107582092285156250e+01 -7.396559906005859375e+01
2.170389938354492188e+01 6.110961914062500000e+01 -7.416375732421875000e+01
2.177351379394531250e+01 6.114978027343750000e+01 -7.437138366699218750e+01
2.183680152893066406e+01 6.119210052490234375e+01 -7.456630706787109375e+01
2.186156272888183594e+01 6.124153518676757812e+01 -7.476036071777343750e+01
2.188719940185546875e+01 6.128391647338867188e+01 -7.496224212646484375e+01
2.191377830505371094e+01 6.129723739624023438e+01 -7.515087127685546875e+01
2.193433380126953125e+01 6.131779861450195312e+01 -7.533495330810546875e+01
2.198310661315917969e+01 6.131584548950195312e+01 -7.552862548828125000e+01
2.202429389953613281e+01 6.132215499877929688e+01 -7.571857452392578125e+01
2.206732559204101562e+01 6.133774566650390625e+01 -7.590090942382812500e+01
2.209452819824218750e+01 6.136102294921875000e+01 -7.609369659423828125e+01
2.213525199890136719e+01 6.138217544555664062e+01 -7.626159667968750000e+01
2.216628265380859375e+01 6.139500808715820312e+01 -7.643161773681640625e+01
2.220146179199218750e+01 6.142763519287109375e+01 -7.660380554199218750e+01
2.223715782165527344e+01 6.144828033447265625e+01 -7.676515197753906250e+01
2.228216743469238281e+01 6.146481323242187500e+01 -7.693359375000000000e+01
2.231589317321777344e+01 6.147902679443359375e+01 -7.709710693359375000e+01
2.237585258483886719e+01 6.152753829956054688e+01 -7.733653259277343750e+01
2.240002441406250000e+01 6.156791687011718750e+01 -7.748874664306640625e+01
2.240394973754882812e+01 6.160972595214843750e+01 -7.763562774658203125e+01
2.242409706115722656e+01 6.163089752197265625e+01 -7.778858184814453125e+01
2.245033454895019531e+01 6.164944076538085938e+01 -7.793553924560546875e+01
2.249979972839355469e+01 6.166316986083984375e+01 -7.808053588867187500e+01
2.255663108825683594e+01 6.168234252929687500e+01 -7.823446655273437500e+01
2.260687065124511719e+01 6.174903488159179688e+01 -7.838759613037109375e+01
2.265504074096679688e+01 6.181174087524414062e+01 -7.854196166992187500e+01
2.267374992370605469e+01 6.187033081054687500e+01 -7.870212554931640625e+01
2.269200325012207031e+01 6.192718887329101562e+01 -7.884624481201171875e+01
2.271260643005371094e+01 6.197927474975585938e+01 -7.900611877441406250e+01
2.273738479614257812e+01 6.204312133789062500e+01 -7.916248321533203125e+01
2.276491546630859375e+01 6.209395980834960938e+01 -7.931650543212890625e+01
2.280271911621093750e+01 6.214898681640625000e+01 -7.947153472900390625e+01
2.281877136230468750e+01 6.220940017700195312e+01 -7.963289642333984375e+01
2.285950469970703125e+01 6.225171661376953125e+01 -7.979962921142578125e+01
2.291722106933593750e+01 6.229366683959960938e+01 -7.995577239990234375e+01
2.300411033630371094e+01 6.236616897583007812e+01 -8.011774444580078125e+01
2.306475830078125000e+01 6.246138381958007812e+01 -8.027974700927734375e+01
2.311359596252441406e+01 6.255130767822265625e+01 -8.044740295410156250e+01
2.316211318969726562e+01 6.270198822021484375e+01 -8.070049285888671875e+01
2.319146537780761719e+01 6.277603530883789062e+01 -8.087823486328125000e+01
2.320125389099121094e+01 6.285169982910156250e+01 -8.105038452148437500e+01
2.323144531250000000e+01 6.291942977905273438e+01 -8.123272705078125000e+01
2.324816703796386719e+01 6.297568893432617188e+01 -8.140300750732421875e+01
2.327990341186523438e+01 6.300766372680664062e+01 -8.158303833007812500e+01
2.334874534606933594e+01 6.305133819580078125e+01 -8.175881958007812500e+01
2.342315673828125000e+01 6.310924911499023438e+01 -8.194190216064453125e+01
2.350941276550292969e+01 6.318340301513671875e+01 -8.212122344970703125e+01
2.357958221435546875e+01 6.329443359375000000e+01 -8.230183410644531250e+01
2.362063217163085938e+01 6.340827560424804688e+01 -8.249037933349609375e+01
2.364357185363769531e+01 6.351891708374023438e+01 -8.266645050048828125e+01
2.365272712707519531e+01 6.360983276367187500e+01 -8.285981750488281250e+01
2.366985702514648438e+01 6.367988586425781250e+01 -8.303944396972656250e+01
2.368074226379394531e+01 6.373017883300781250e+01 -8.323529815673828125e+01
2.370803833007812500e+01 6.376630020141601562e+01 -8.342387390136718750e+01
2.375307464599609375e+01 6.380344009399414062e+01 -8.359738159179687500e+01
2.380796623229980469e+01 6.384726333618164062e+01 -8.379649353027343750e+01
2.387919044494628906e+01 6.389144515991210938e+01 -8.398889923095703125e+01
2.394253349304199219e+01 6.394842147827148438e+01 -8.416567230224609375e+01
2.404073715209960938e+01 6.405537414550781250e+01 -8.444973754882812500e+01
2.410476684570312500e+01 6.413400268554687500e+01 -8.463134002685546875e+01
2.413571548461914062e+01 6.421900177001953125e+01 -8.481962585449218750e+01
2.417523574829101562e+01 6.430496978759765625e+01 -8.499613189697265625e+01
2.421889877319335938e+01 6.437539672851562500e+01 -8.517352294921875000e+01
2.424440002441406250e+01 6.446311950683593750e+01 -8.536877441406250000e+01
2.426674842834472656e+01 6.454428863525390625e+01 -8.554797363281250000e+01
2.427886199951171875e+01 6.460664367675781250e+01 -8.572998809814453125e+01
2.430527114868164062e+01 6.466013336181640625e+01 -8.591694641113281250e+01
2.434033012390136719e+01 6.471839904785156250e+01 -8.611153411865234375e+01
2.436454963684082031e+01 6.475590515136718750e+01 -8.629701232910156250e+01
2.440956878662109375e+01 6.480203247070312500e+01 -8.647787475585937500e+01
2.446091842651367188e+01 6.483318328857421875e+01 -8.665265655517578125e+01
2.452037620544433594e+01 6.487866210937500000e+01 -8.683773040771484375e+01
2.459554290771484375e+01 6.493796539306640625e+01 -8.701543426513671875e+01
2.465806007385253906e+01 6.501764678955078125e+01 -8.720165252685546875e+01
2.472110176086425781e+01 6.510292053222656250e+01 -8.736634063720703125e+01
2.476094627380371094e+01 6.519479370117187500e+01 -8.755632019042968750e+01
2.479726409912109375e+01 6.527307891845703125e+01 -8.773329925537109375e+01
2.480546188354492188e+01 6.535453796386718750e+01 -8.791815948486328125e+01
2.482473754882812500e+01 6.541823577880859375e+01 -8.808721923828125000e+01
2.484419822692871094e+01 6.549339294433593750e+01 -8.834751129150390625e+01
2.487505722045898438e+01 6.552529907226562500e+01 -8.852452087402343750e+01
2.491045951843261719e+01 6.556969451904296875e+01 -8.868943023681640625e+01
2.495092964172363281e+01 6.561103057861328125e+01 -8.885714721679687500e+01
2.499521255493164062e+01 6.564955902099609375e+01 -8.902685546875000000e+01
2.505817413330078125e+01 6.570508575439453125e+01 -8.918954467773437500e+01
2.512448120117187500e+01 6.576111602783203125e+01 -8.935596466064453125e+01
2.518302154541015625e+01 6.583836364746093750e+01 -8.953006744384765625e+01
2.522597122192382812e+01 6.591537475585937500e+01 -8.970462799072265625e+01
2.527517318725585938e+01 6.599559020996093750e+01 -8.986743927001953125e+01
2.532795143127441406e+01 6.609622192382812500e+01 -9.003061676025390625e+01
2.536956977844238281e+01 6.618163299560546875e+01 -9.021004486083984375e+01
2.540023231506347656e+01 6.626817321777343750e+01 -9.037002563476562500e+01
2.541415977478027344e+01 6.636578369140625000e+01 -9.054750823974609375e+01
2.544427299499511719e+01 6.644624328613281250e+01 -9.071283721923828125e+01
2.545701789855957031e+01 6.652871704101562500e+01 -9.088860321044921875e+01
2.548209953308105469e+01 6.660806274414062500e+01 -9.106745910644531250e+01
2.550860595703125000e+01 6.665884399414062500e+01 -9.123445892333984375e+01
2.553020095825195312e+01 6.671794891357421875e+01 -9.141682434082031250e+01
2.556665420532226562e+01 6.676844787597656250e+01 -9.159947204589843750e+01
2.563319778442382812e+01 6.682909393310546875e+01 -9.176934814453125000e+01
2.571737480163574219e+01 6.691073608398437500e+01 -9.203179168701171875e+01
2.579359626770019531e+01 6.698054504394531250e+01 -9.221587371826171875e+01
2.585654449462890625e+01 6.705294799804687500e+01 -9.239090728759765625e+01
2.592271041870117188e+01 6.713954925537109375e+01 -9.256946563720703125e+01
2.598154449462890625e+01 6.721925354003906250e+01 -9.274582672119140625e+01
2.603193855285644531e+01 6.731507110595703125e+01 -9.293051147460937500e+01
2.606485557556152344e+01 6.742030334472656250e+01 -9.311195373535156250e+01
2.609618186950683594e+01 6.749788665771484375e+01 -9.328787231445312500e+01
2.610425758361816406e+01 6.758879852294921875e+01 -9.346752166748046875e+01
2.612048149108886719e+01 6.766457366943359375e+01 -9.365621948242187500e+01
2.612690734863281250e+01 6.771800231933593750e+01 -9.382054901123046875e+01
