1.895255446434020996e+00 3.547525644302368164e+00 -1.907352209091186523e+00
1.914375305175781250e+00 3.612323760986328125e+00 -1.937859773635864258e+00
1.944145321846008301e+00 3.653664112091064453e+00 -1.953240394592285156e+00
1.977295041084289551e+00 3.713878631591796875e+00 -1.959735870361328125e+00
1.995949268341064453e+00 3.766413211822509766e+00 -1.983518719673156738e+00
2.022162914276123047e+00 3.841924428939819336e+00 -1.980855822563171387e+00
2.028245210647583008e+00 3.915532350540161133e+00 -1.995463490486145020e+00
2.055302858352661133e+00 3.989946603775024414e+00 -2.001396417617797852e+00
2.071997880935668945e+00 4.058474540710449219e+00 -2.012763261795043945e+00
2.096631288528442383e+00 4.097229003906250000e+00 -1.998944640159606934e+00
2.119336366653442383e+00 4.180030822753906250e+00 -2.006072998046875000e+00
2.167760133743286133e+00 4.305085659027099609e+00 -2.006225585937500000e+00
2.179493665695190430e+00 4.386263370513916016e+00 -1.991960167884826660e+00
2.205342054367065430e+00 4.477210998535156250e+00 -1.989504814147949219e+00
2.219905853271484375e+00 4.557701587677001953e+00 -1.981225132942199707e+00
2.238862037658691406e+00 4.664258480072021484e+00 -1.975562572479248047e+00
2.281790494918823242e+00 4.750667572021484375e+00 -1.963574051856994629e+00
2.294917583465576172e+00 4.863912105560302734e+00 -1.949967026710510254e+00
2.312559366226196289e+00 4.967576026916503906e+00 -1.932150602340698242e+00
2.347175836563110352e+00 5.072676181793212891e+00 -1.912490248680114746e+00
2.382129669189453125e+00 5.199007511138916016e+00 -1.909154891967773438e+00
2.407116651535034180e+00 5.345313072204589844e+00 -1.879320263862609863e+00
2.415761232376098633e+00 5.464622497558593750e+00 -1.844800353050231934e+00
2.428644418716430664e+00 5.584882736206054688e+00 -1.844516754150390625e+00
2.467756748199462891e+00 5.731638431549072266e+00 -1.817941904067993164e+00
2.477198839187622070e+00 5.870287895202636719e+00 -1.786744356155395508e+00
2.511244535446166992e+00 6.008260250091552734e+00 -1.757870435714721680e+00
2.524761915206909180e+00 6.175981521606445312e+00 -1.732456326484680176e+00
2.544322252273559570e+00 6.318313121795654297e+00 -1.713029980659484863e+00
2.565114736557006836e+00 6.495384216308593750e+00 -1.685118794441223145e+00
2.602132558822631836e+00 6.653472423553466797e+00 -1.653979897499084473e+00
2.630505323410034180e+00 6.834194183349609375e+00 -1.606301307678222656e+00
2.666021823883056641e+00 7.086785793304443359e+00 -1.569522380828857422e+00
2.691410779953002930e+00 7.278060436248779297e+00 -1.531674027442932129e+00
2.716859340667724609e+00 7.470984458923339844e+00 -1.480353951454162598e+00
2.748898506164550781e+00 7.664594173431396484e+00 -1.458649158477783203e+00
2.783926725387573242e+00 7.839400768280029297e+00 -1.424399614334106445e+00
2.796196222305297852e+00 8.060920715332031250e+00 -1.380908966064453125e+00
2.829066038131713867e+00 8.261344909667968750e+00 -1.326661348342895508e+00
2.861863851547241211e+00 8.488433837890625000e+00 -1.277482628822326660e+00
2.920426130294799805e+00 8.685194969177246094e+00 -1.240168452262878418e+00
2.931682348251342773e+00 8.928224563598632812e+00 -1.196259498596191406e+00
2.959217786788940430e+00 9.160167694091796875e+00 -1.163221597671508789e+00
3.001901626586914062e+00 9.398286819458007812e+00 -1.111649036407470703e+00
3.036120176315307617e+00 9.652798652648925781e+00 -1.051520466804504395e+00
3.080314397811889648e+00 9.887149810791015625e+00 -9.979038834571838379e-01
3.094676017761230469e+00 1.014004325866699219e+01 -9.593893289566040039e-01
3.155546426773071289e+00 1.040440273284912109e+01 -9.214957952499389648e-01
3.189193248748779297e+00 1.068728351593017578e+01 -8.745024204254150391e-01
3.226527214050292969e+00 1.097114467620849609e+01 -8.310170173645019531e-01
3.269868373870849609e+00 1.123598003387451172e+01 -7.694540619850158691e-01
3.300646543502807617e+00 1.151396274566650391e+01 -7.392356991767883301e-01
3.349043130874633789e+00 1.179454421997070312e+01 -6.811320185661315918e-01
3.388781309127807617e+00 1.226643466949462891e+01 -6.047489643096923828e-01
3.451249837875366211e+00 1.258016967773437500e+01 -5.653130412101745605e-01
3.472425222396850586e+00 1.290493202209472656e+01 -5.179949998855590820e-01
3.529416799545288086e+00 1.321773147583007812e+01 -4.854919314384460449e-01
3.566660642623901367e+00 1.357059001922607422e+01 -4.394889175891876221e-01
3.607695341110229492e+00 1.390753364562988281e+01 -3.807269930839538574e-01
3.653112888336181641e+00 1.426359367370605469e+01 -3.534720838069915771e-01
3.697324037551879883e+00 1.459661388397216797e+01 -3.115846216678619385e-01
3.751727581024169922e+00 1.498833370208740234e+01 -2.630150318145751953e-01
3.803084850311279297e+00 1.534763145446777344e+01 -2.400378584861755371e-01
3.849086046218872070e+00 1.572306632995605469e+01 -1.923004388809204102e-01
3.903943300247192383e+00 1.611247444152832031e+01 -1.638528257608413696e-01
3.959422588348388672e+00 1.650770950317382812e+01 -1.178842186927795410e-01
4.010193347930908203e+00 1.690888023376464844e+01 -8.809306472539901733e-02
4.066239356994628906e+00 1.733412361145019531e+01 -5.184392631053924561e-02
4.112964630126953125e+00 1.774883270263671875e+01 -5.264244042336940765e-03
4.160338401794433594e+00 1.816923713684082031e+01 4.574434366077184677e-03
4.228990077972412109e+00 1.859365844726562500e+01 4.193055257201194763e-02
4.273506164550781250e+00 1.905385398864746094e+01 6.899256259202957153e-02
4.339711666107177734e+00 1.950547218322753906e+01 8.549270033836364746e-02
4.425894737243652344e+00 2.024229621887207031e+01 1.075160652399063110e-01
4.484162807464599609e+00 2.070977020263671875e+01 1.236388832330703735e-01
4.556201934814453125e+00 2.120778846740722656e+01 1.592447906732559204e-01
4.623996734619140625e+00 2.168798828125000000e+01 1.653641164302825928e-01
4.698545932769775391e+00 2.220311355590820312e+01 1.621888875961303711e-01
4.769831657409667969e+00 2.273659324645996094e+01 1.766186803579330444e-01
4.839832305908203125e+00 2.328218269348144531e+01 1.561145782470703125e-01
4.908261775970458984e+00 2.381354331970214844e+01 1.481738090515136719e-01
4.991509914398193359e+00 2.436602210998535156e+01 1.495053470134735107e-01
5.071399688720703125e+00 2.492189216613769531e+01 1.300967186689376831e-01
5.179378986358642578e+00 2.552500152587890625e+01 9.973413497209548950e-02
5.250389099121093750e+00 2.610374832153320312e+01 6.016233935952186584e-02
5.319645404815673828e+00 2.671679496765136719e+01 2.814863063395023346e-02
5.407763481140136719e+00 2.732797431945800781e+01 -1.292822416871786118e-02
5.498076438903808594e+00 2.795783805847167969e+01 -7.192558795213699341e-02
5.589461326599121094e+00 2.860404968261718750e+01 -1.339827030897140503e-01
5.682414054870605469e+00 2.925693130493164062e+01 -2.157790213823318481e-01
5.779973506927490234e+00 2.995708656311035156e+01 -3.112623393535614014e-01
5.885968685150146484e+00 3.063520240783691406e+01 -3.917523622512817383e-01
5.995810985565185547e+00 3.133071899414062500e+01 -5.083066821098327637e-01
6.094498157501220703e+00 3.204890441894531250e+01 -6.454835534095764160e-01
6.269114971160888672e+00 3.318026351928710938e+01 -8.660818338394165039e-01
6.392676830291748047e+00 3.392468643188476562e+01 -1.050293803215026855e+00
6.509956836700439453e+00 3.472977066040039062e+01 -1.223857998847961426e+00
6.641642093658447266e+00 3.551730728149414062e+01 -1.447444438934326172e+00
6.767891883850097656e+00 3.632433319091796875e+01 -1.710264205932617188e+00
6.925728321075439453e+00 3.717322158813476562e+01 -1.977952599525451660e+00
7.055941104888916016e+00 3.804668426513671875e+01 -2.284712076187133789e+00
7.182471752166748047e+00 3.888585281372070312e+01 -2.635864734649658203e+00
7.345098495483398438e+00 3.976618194580078125e+01 -3.015850543975830078e+00
7.530169486999511719e+00 4.063785934448242188e+01 -3.439903259277343750e+00
7.707247257232666016e+00 4.154201126098632812e+01 -3.931378364562988281e+00
7.888783454895019531e+00 4.246057128906250000e+01 -4.466085910797119141e+00
8.063608169555664062e+00 4.334267044067382812e+01 -5.063359737396240234e+00
8.263132095336914062e+00 4.420416259765625000e+01 -5.707625389099121094e+00
8.474821090698242188e+00 4.507398986816406250e+01 -6.422211647033691406e+00
8.668497085571289062e+00 4.587766647338867188e+01 -7.191287040710449219e+00
8.882600784301757812e+00 4.669608688354492188e+01 -8.019632339477539062e+00
9.109954833984375000e+00 4.744025039672851562e+01 -8.879358291625976562e+00
9.292611122131347656e+00 4.813690185546875000e+01 -9.789213180541992188e+00
9.509121894836425781e+00 4.879504013061523438e+01 -1.071519279479980469e+01
9.729199409484863281e+00 4.939857101440429688e+01 -1.168291568756103516e+01
1.002534770965576172e+01 5.020570373535156250e+01 -1.312039375305175781e+01
1.022653293609619141e+01 5.070297622680664062e+01 -1.409855175018310547e+01
1.042506790161132812e+01 5.115625381469726562e+01 -1.508186912536621094e+01
1.060594844818115234e+01 5.155587768554687500e+01 -1.603726959228515625e+01
1.076155662536621094e+01 5.194374847412109375e+01 -1.697410774230957031e+01
1.093068695068359375e+01 5.227960205078125000e+01 -1.787395477294921875e+01
1.110497570037841797e+01 5.259861373901367188e+01 -1.878060150146484375e+01
1.125424194335937500e+01 5.288932418823242188e+01 -1.963525199890136719e+01
1.139653682708740234e+01 5.315852355957031250e+01 -2.047751045227050781e+01
1.154417133331298828e+01 5.337416839599609375e+01 -2.128248596191406250e+01
1.167527103424072266e+01 5.359248352050781250e+01 -2.209038352966308594e+01
1.180338382720947266e+01 5.380716705322265625e+01 -2.286149597167968750e+01
1.191445827484130859e+01 5.397632980346679688e+01 -2.360297966003417969e+01
1.205869102478027344e+01 5.414172744750976562e+01 -2.432011985778808594e+01
1.218404006958007812e+01 5.430743026733398438e+01 -2.501245498657226562e+01
1.229591178894042969e+01 5.445257568359375000e+01 -2.567173576354980469e+01
1.242197513580322266e+01 5.459833145141601562e+01 -2.633024215698242188e+01
1.251407241821289062e+01 5.470896911621093750e+01 -2.694864654541015625e+01
1.262107181549072266e+01 5.482765197753906250e+01 -2.757899665832519531e+01
1.273010826110839844e+01 5.493298721313476562e+01 -2.816488838195800781e+01
1.283164978027343750e+01 5.503057479858398438e+01 -2.873501014709472656e+01
1.297484493255615234e+01 5.513750076293945312e+01 -2.957343673706054688e+01
1.306995010375976562e+01 5.520541381835937500e+01 -3.008654022216796875e+01
1.314787483215332031e+01 5.528247451782226562e+01 -3.060111236572265625e+01
1.324668121337890625e+01 5.534032058715820312e+01 -3.109621620178222656e+01
1.332577228546142578e+01 5.540246963500976562e+01 -3.158623504638671875e+01
1.341190910339355469e+01 5.544633102416992188e+01 -3.204760360717773438e+01
1.346769809722900391e+01 5.549828338623046875e+01 -3.248394012451171875e+01
1.355290889739990234e+01 5.550583267211914062e+01 -3.289163970947265625e+01
1.364353084564208984e+01 5.554351043701171875e+01 -3.333443832397460938e+01
1.371231460571289062e+01 5.556496429443359375e+01 -3.374405288696289062e+01
1.374500083923339844e+01 5.558678054809570312e+01 -3.413238525390625000e+01
1.382993698120117188e+01 5.559376144409179688e+01 -3.450680541992187500e+01
1.389191436767578125e+01 5.560120773315429688e+01 -3.486925125122070312e+01
1.392988777160644531e+01 5.561215591430664062e+01 -3.522859191894531250e+01
1.398637199401855469e+01 5.561897659301757812e+01 -3.555358886718750000e+01
1.405612850189208984e+01 5.564828491210937500e+01 -3.587957382202148438e+01
1.412237739562988281e+01 5.564181518554687500e+01 -3.620835113525390625e+01
1.415550899505615234e+01 5.564786529541015625e+01 -3.650743484497070312e+01
1.422002983093261719e+01 5.566033172607421875e+01 -3.679401016235351562e+01
1.429147148132324219e+01 5.569968795776367188e+01 -3.706957244873046875e+01
1.434011363983154297e+01 5.570235824584960938e+01 -3.734590530395507812e+01
1.439634704589843750e+01 5.577141189575195312e+01 -3.773529434204101562e+01
1.441335868835449219e+01 5.578286743164062500e+01 -3.798491668701171875e+01
1.447973155975341797e+01 5.581385803222656250e+01 -3.822666931152343750e+01
1.450738048553466797e+01 5.584240722656250000e+01 -3.845261001586914062e+01
1.455643272399902344e+01 5.586074829101562500e+01 -3.870461273193359375e+01
1.459680175781250000e+01 5.589779663085937500e+01 -3.891645812988281250e+01
1.462454223632812500e+01 5.593386077880859375e+01 -3.914160919189453125e+01
1.469018268585205078e+01 5.597819900512695312e+01 -3.936617279052734375e+01
1.471961116790771484e+01 5.602288436889648438e+01 -3.955887603759765625e+01
1.476153373718261719e+01 5.605321121215820312e+01 -3.977147293090820312e+01
1.480088710784912109e+01 5.607884216308593750e+01 -3.998231506347656250e+01
1.484508037567138672e+01 5.610556793212890625e+01 -4.018721771240234375e+01
1.488937187194824219e+01 5.614454269409179688e+01 -4.036398315429687500e+01
1.493027782440185547e+01 5.616861343383789062e+01 -4.056747436523437500e+01
1.497015476226806641e+01 5.619201660156250000e+01 -4.076500320434570312e+01
1.501147365570068359e+01 5.622838592529296875e+01 -4.094774627685546875e+01
1.507492446899414062e+01 5.624552154541015625e+01 -4.112538528442382812e+01
1.510837841033935547e+01 5.629120254516601562e+01 -4.130575561523437500e+01
1.514899921417236328e+01 5.632460784912109375e+01 -4.148926925659179688e+01
1.518564987182617188e+01 5.634778976440429688e+01 -4.166457366943359375e+01
1.521096897125244141e+01 5.635798263549804688e+01 -4.182557678222656250e+01
1.528303623199462891e+01 5.639159774780273438e+01 -4.206481933593750000e+01
1.529834175109863281e+01 5.640602111816406250e+01 -4.223255157470703125e+01
1.534125995635986328e+01 5.643887329101562500e+01 -4.237286758422851562e+01
1.536007308959960938e+01 5.642815780639648438e+01 -4.253511810302734375e+01
1.541648960113525391e+01 5.643396759033203125e+01 -4.270251464843750000e+01
1.544134902954101562e+01 5.646887969970703125e+01 -4.283713531494140625e+01
1.547795867919921875e+01 5.646352386474609375e+01 -4.299719238281250000e+01
1.551613616943359375e+01 5.647798919677734375e+01 -4.316434097290039062e+01
1.555565261840820312e+01 5.649164962768554688e+01 -4.330400848388671875e+01
1.556807804107666016e+01 5.650411987304687500e+01 -4.344646453857421875e+01
1.560869216918945312e+01 5.651281356811523438e+01 -4.356948089599609375e+01
1.563333129882812500e+01 5.650393676757812500e+01 -4.370207214355468750e+01
1.567897605895996094e+01 5.651191711425781250e+01 -4.382122802734375000e+01
1.569841194152832031e+01 5.652092361450195312e+01 -4.396810913085937500e+01
1.573916625976562500e+01 5.651841354370117188e+01 -4.409643173217773438e+01
1.575976562500000000e+01 5.653662109375000000e+01 -4.420879745483398438e+01
1.577915096282958984e+01 5.657470321655273438e+01 -4.431898880004882812e+01
1.580323505401611328e+01 5.656678009033203125e+01 -4.441436386108398438e+01
1.583629417419433594e+01 5.659080123901367188e+01 -4.453149032592773438e+01
1.584613704681396484e+01 5.660738372802734375e+01 -4.461145401000976562e+01
1.588602256774902344e+01 5.660670471191406250e+01 -4.471950531005859375e+01
1.593261718750000000e+01 5.662411499023437500e+01 -4.479393005371093750e+01
1.594492721557617188e+01 5.665540695190429688e+01 -4.487007904052734375e+01
1.598199653625488281e+01 5.666294097900390625e+01 -4.492769241333007812e+01
1.600310325622558594e+01 5.669427490234375000e+01 -4.497144317626953125e+01
1.602765846252441406e+01 5.672369003295898438e+01 -4.501216506958007812e+01
1.605929565429687500e+01 5.677096557617187500e+01 -4.502262496948242188e+01
1.608590888977050781e+01 5.683456802368164062e+01 -4.503023529052734375e+01
1.612338638305664062e+01 5.690483856201171875e+01 -4.504657363891601562e+01
1.612373542785644531e+01 5.700152587890625000e+01 -4.504676818847656250e+01
1.612943267822265625e+01 5.712971878051757812e+01 -4.501195526123046875e+01
1.614604568481445312e+01 5.728759384155273438e+01 -4.498665618896484375e+01
1.619173240661621094e+01 5.747121047973632812e+01 -4.495987319946289062e+01
1.621895027160644531e+01 5.770297241210937500e+01 -4.495269775390625000e+01
1.627701568603515625e+01 5.795655822753906250e+01 -4.495832443237304688e+01
1.633992195129394531e+01 5.823089218139648438e+01 -4.500073623657226562e+01
1.638862419128417969e+01 5.851901245117187500e+01 -4.504210281372070312e+01
1.645559692382812500e+01 5.881484222412109375e+01 -4.513233566284179688e+01
1.649661636352539062e+01 5.910683059692382812e+01 -4.523208618164062500e+01
1.656894493103027344e+01 5.939163589477539062e+01 -4.536912536621093750e+01
1.664577484130859375e+01 5.966109848022460938e+01 -4.552693939208984375e+01
1.671737289428710938e+01 6.004592895507812500e+01 -4.576234054565429688e+01
1.677489852905273438e+01 6.026532363891601562e+01 -4.593943786621093750e+01
1.682909202575683594e+01 6.046331024169921875e+01 -4.612779617309570312e+01
1.690123176574707031e+01 6.066424942016601562e+01 -4.633082199096679688e+01
1.696204376220703125e+01 6.085128402709960938e+01 -4.653963851928710938e+01
1.701695251464843750e+01 6.103860473632812500e+01 -4.674837875366210938e+01
1.707599830627441406e+01 6.122157669067382812e+01 -4.696825408935546875e+01
1.713481140136718750e+01 6.136557388305664062e+01 -4.720206451416015625e+01
1.718924522399902344e+01 6.151729583740234375e+01 -4.742189025878906250e+01
1.726150894165039062e+01 6.166460800170898438e+01 -4.765621566772460938e+01
1.731244659423828125e+01 6.179104232788085938e+01 -4.790285110473632812e+01
1.734774017333984375e+01 6.191248321533203125e+01 -4.813832855224609375e+01
1.740392494201660156e+01 6.202610015869140625e+01 -4.839395904541015625e+01
1.747025871276855469e+01 6.211437225341796875e+01 -4.864622497558593750e+01
1.752997016906738281e+01 6.222266769409179688e+01 -4.890251922607421875e+01
1.758233261108398438e+01 6.230908966064453125e+01 -4.915899276733398438e+01
1.761905860900878906e+01 6.240228652954101562e+01 -4.942177963256835938e+01
1.767799377441406250e+01 6.249273681640625000e+01 -4.968499374389648438e+01
1.775400543212890625e+01 6.255974578857421875e+01 -4.994847869873046875e+01
1.782301902770996094e+01 6.264128494262695312e+01 -5.021344375610351562e+01
1.787454605102539062e+01 6.270680618286132812e+01 -5.048810195922851562e+01
1.796644592285156250e+01 6.280918884277343750e+01 -5.090002822875976562e+01
1.801700210571289062e+01 6.286540222167968750e+01 -5.118173980712890625e+01
1.804878616333007812e+01 6.291269302368164062e+01 -5.144662094116210938e+01
1.811558151245117188e+01 6.295126342773437500e+01 -5.171992874145507812e+01
1.816991615295410156e+01 6.299784851074218750e+01 -5.198675537109375000e+01
1.823909568786621094e+01 6.303976821899414062e+01 -5.225181198120117188e+01
1.829487419128417969e+01 6.307109832763671875e+01 -5.252534866333007812e+01
1.834377479553222656e+01 6.307631683349609375e+01 -5.279955291748046875e+01
1.837857246398925781e+01 6.308549118041992188e+01 -5.306668853759765625e+01
1.846866226196289062e+01 6.311163330078125000e+01 -5.333111190795898438e+01
1.851728439331054688e+01 6.312798690795898438e+01 -5.361000061035156250e+01
1.858650398254394531e+01 6.313553619384765625e+01 -5.389500045776367188e+01
1.861446189880371094e+01 6.314368820190429688e+01 -5.412958145141601562e+01
1.866346740722656250e+01 6.314765930175781250e+01 -5.441061782836914062e+01
1.868815040588378906e+01 6.314880371093750000e+01 -5.467440032958984375e+01
1.872883224487304688e+01 6.311719894409179688e+01 -5.492202758789062500e+01
1.877721214294433594e+01 6.311168289184570312e+01 -5.518051910400390625e+01
1.883784103393554688e+01 6.309915161132812500e+01 -5.541795349121093750e+01
1.888198280334472656e+01 6.309782409667968750e+01 -5.566603851318359375e+01
1.892535781860351562e+01 6.309231948852539062e+01 -5.589252471923828125e+01
1.896035575866699219e+01 6.306446456909179688e+01 -5.613823699951171875e+01
1.901236534118652344e+01 6.303899002075195312e+01 -5.646543884277343750e+01
1.905545043945312500e+01 6.300738143920898438e+01 -5.668007659912109375e+01
1.910860633850097656e+01 6.298571395874023438e+01 -5.690161132812500000e+01
1.917737007141113281e+01 6.298094940185546875e+01 -5.710554504394531250e+01
1.920133590698242188e+01 6.297945404052734375e+01 -5.732992935180664062e+01
1.924494361877441406e+01 6.297680282592773438e+01 -5.753159332275390625e+01
1.927182388305664062e+01 6.297995758056640625e+01 -5.773403930664062500e+01
1.929418754577636719e+01 6.297932815551757812e+01 -5.793518829345703125e+01
1.933231544494628906e+01 6.299330520629882812e+01 -5.813656997680664062e+01
1.936501312255859375e+01 6.298258209228515625e+01 -5.833987808227539062e+01
1.938398170471191406e+01 6.299274444580078125e+01 -5.854565429687500000e+01
1.944091606140136719e+01 6.300529098510742188e+01 -5.874990463256835938e+01
1.948056411743164062e+01 6.302251815795898438e+01 -5.895386505126953125e+01
1.953522109985351562e+01 6.304001235961914062e+01 -5.915725326538085938e+01
1.957338523864746094e+01 6.305794906616210938e+01 -5.937116622924804688e+01
1.961856079101562500e+01 6.307576751708984375e+01 -5.957310485839843750e+01
1.966178321838378906e+01 6.309973526000976562e+01 -5.977592849731445312e+01
1.971828842163085938e+01 6.311938476562500000e+01 -5.998883438110351562e+01
1.974813079833984375e+01 6.314855575561523438e+01 -6.018854522705078125e+01
1.979087829589843750e+01 6.317604064941406250e+01 -6.038561630249023438e+01
1.984140968322753906e+01 6.322285461425781250e+01 -6.059138107299804688e+01
1.987839698791503906e+01 6.325012969970703125e+01 -6.088262176513671875e+01
1.990990257263183594e+01 6.328518295288085938e+01 -6.107679367065429688e+01
1.995008659362792969e+01 6.330534362792968750e+01 -6.128824234008789062e+01
1.997793388366699219e+01 6.335235977172851562e+01 -6.150059509277343750e+01
2.002966499328613281e+01 6.337686538696289062e+01 -6.172006988525390625e+01
2.008752822875976562e+01 6.343740463256835938e+01 -6.193604660034179688e+01
2.014130592346191406e+01 6.348885345458984375e+01 -6.215891265869140625e+01
2.020436668395996094e+01 6.355010223388671875e+01 -6.238706207275390625e+01
2.025338363647460938e+01 6.360670852661132812e+01 -6.262344360351562500e+01
2.029093933105468750e+01 6.369260406494140625e+01 -6.285897064208984375e+01
2.035661506652832031e+01 6.375297546386718750e+01 -6.311327362060546875e+01
2.039274024963378906e+01 6.379453277587890625e+01 -6.335437774658203125e+01
2.045001220703125000e+01 6.386331558227539062e+01 -6.361473083496093750e+01
2.051919746398925781e+01 6.392855072021484375e+01 -6.388220214843750000e+01
2.057002639770507812e+01 6.400889587402343750e+01 -6.414398956298828125e+01
2.063070297241210938e+01 6.407528686523437500e+01 -6.441228485107421875e+01
2.066810226440429688e+01 6.414935302734375000e+01 -6.468620300292968750e+01
2.070590019226074219e+01 6.421272277832031250e+01 -6.495755767822265625e+01
2.076044845581054688e+01 6.424861145019531250e+01 -6.523194885253906250e+01
2.080602645874023438e+01 6.429462432861328125e+01 -6.550485229492187500e+01
2.086974334716796875e+01 6.432994842529296875e+01 -6.578236389160156250e+01
2.095786666870117188e+01 6.437565612792968750e+01 -6.621369171142578125e+01
2.104017639160156250e+01 6.441356658935546875e+01 -6.649104309082031250e+01
2.108431053161621094e+01 6.446939086914062500e+01 -6.678163909912109375e+01
2.116222000122070312e+01 6.450254821777343750e+01 -6.704477691650390625e+01
2.121511650085449219e+01 6.454977416992187500e+01 -6.733294677734375000e+01
2.126946258544921875e+01 6.460163879394531250e+01 -6.760948181152343750e+01
2.133237648010253906e+01 6.464754486083984375e+01 -6.789694976806640625e+01
2.138639640808105469e+01 6.468164062500000000e+01 -6.816657257080078125e+01
2.143155670166015625e+01 6.472817993164062500e+01 -6.843528747558593750e+01
2.148427581787109375e+01 6.476926422119140625e+01 -6.871166229248046875e+01
2.153520584106445312e+01 6.480944061279296875e+01 -6.898995208740234375e+01
2.156307220458984375e+01 6.485720825195312500e+01 -6.924033355712890625e+01
2.161268043518066406e+01 6.490310668945312500e+01 -6.952344512939453125e+01
2.163903236389160156e+01 6.493524169921875000e+01 -6.979956817626953125e+01
2.169343757629394531e+01 6.495090484619140625e+01 -7.006993103027343750e+01
2.176901054382324219e+01 6.501663208007812500e+01 -7.034497070312500000e+01
2.182413864135742188e+01 6.505368041992187500e+01 -7.061388397216796875e+01
2.187503623962402344e+01 6.511419677734375000e+01 -7.089588928222656250e+01
2.193197059631347656e+01 6.514843750000000000e+01 -7.116117858886718750e+01
2.198798561096191406e+01 6.522782897949218750e+01 -7.144361877441406250e+01
2.208058738708496094e+01 6.531060791015625000e+01 -7.185002136230468750e+01
2.213491630554199219e+01 6.538398742675781250e+01 -7.212986755371093750e+01
2.218345642089843750e+01 6.543866729736328125e+01 -7.241034698486328125e+01
2.223900222778320312e+01 6.548724365234375000e+01 -7.268871307373046875e+01
2.226726341247558594e+01 6.550771331787109375e+01 -7.296813201904296875e+01
2.233824729919433594e+01 6.555229949951171875e+01 -7.325374603271484375e+01
2.237851905822753906e+01 6.556875610351562500e+01 -7.352477264404296875e+01
2.243966293334960938e+01 6.561108398437500000e+01 -7.380204010009765625e+01
2.249148750305175781e+01 6.563956451416015625e+01 -7.408612060546875000e+01
2.255821228027343750e+01 6.567182922363281250e+01 -7.435852813720703125e+01
2.261932754516601562e+01 6.569481658935546875e+01 -7.460721588134765625e+01
2.265093803405761719e+01 6.571150970458984375e+01 -7.487936401367187500e+01
2.271311950683593750e+01 6.575077056884765625e+01 -7.514942932128906250e+01
2.274347686767578125e+01 6.576353454589843750e+01 -7.539091491699218750e+01
2.277478027343750000e+01 6.574658203125000000e+01 -7.564428710937500000e+01
2.283402061462402344e+01 6.576937866210937500e+01 -7.589949035644531250e+01
2.286546325683593750e+01 6.577553558349609375e+01 -7.614480590820312500e+01
2.291298294067382812e+01 6.576889801025390625e+01 -7.637641906738281250e+01
2.296732521057128906e+01 6.578340148925781250e+01 -7.661074829101562500e+01
2.301920127868652344e+01 6.579333496093750000e+01 -7.684420776367187500e+01
2.305853080749511719e+01 6.581714630126953125e+01 -7.706739807128906250e+01
2.313213157653808594e+01 6.582889556884765625e+01 -7.739447784423828125e+01
2.316495513916015625e+01 6.583416748046875000e+01 -7.760388946533203125e+01
2.321333694458007812e+01 6.584645080566406250e+01 -7.781988525390625000e+01
2.324964904785156250e+01 6.584902954101562500e+01 -7.803834533691406250e+01
2.329232215881347656e+01 6.586004638671875000e+01 -7.825467681884765625e+01
2.332890892028808594e+01 6.587118530273437500e+01 -7.844728851318359375e+01
2.335663414001464844e+01 6.587042236328125000e+01 -7.865215301513671875e+01
2.339992713928222656e+01 6.587747955322265625e+01 -7.886685943603515625e+01
2.343081855773925781e+01 6.588368988037109375e+01 -7.904986572265625000e+01
2.348946571350097656e+01 6.589565277099609375e+01 -7.925513458251953125e+01
2.351714706420898438e+01 6.590014648437500000e+01 -7.945128631591796875e+01
2.355647277832031250e+01 6.590541076660156250e+01 -7.964128112792968750e+01
2.360173034667968750e+01 6.591580200195312500e+01 -7.983693695068359375e+01
2.365019989013671875e+01 6.590410614013671875e+01 -8.002474212646484375e+01
2.367982101440429688e+01 6.591500091552734375e+01 -8.022251129150390625e+01
2.371436119079589844e+01 6.594913482666015625e+01 -8.040173339843750000e+01
2.376651191711425781e+01 6.595549774169921875e+01 -8.058399200439453125e+01
2.378095626831054688e+01 6.597670745849609375e+01 -8.077205657958984375e+01
2.381950378417968750e+01 6.599456787109375000e+01 -8.094583892822265625e+01
2.387097358703613281e+01 6.600162506103515625e+01 -8.112549591064453125e+01
2.390541076660156250e+01 6.601861572265625000e+01 -8.129015350341796875e+01
2.396498680114746094e+01 6.606159210205078125e+01 -8.156672668457031250e+01
2.402608299255371094e+01 6.607274627685546875e+01 -8.173807525634765625e+01
2.405910110473632812e+01 6.611154937744140625e+01 -8.190563201904296875e+01
2.408773612976074219e+01 6.615171813964843750e+01 -8.208183288574218750e+01
2.414076042175292969e+01 6.619109344482421875e+01 -8.225935363769531250e+01
2.415868759155273438e+01 6.623380279541015625e+01 -8.242796325683593750e+01
2.420135498046875000e+01 6.627948760986328125e+01 -8.260459899902343750e+01
2.420811080932617188e+01 6.631443786621093750e+01 -8.278277587890625000e+01
2.422903060913085938e+01 6.633613586425781250e+01 -8.294941711425781250e+01
2.427359771728515625e+01 6.636554718017578125e+01 -8.313430786132812500e+01
2.431790542602539062e+01 6.640124511718750000e+01 -8.331100463867187500e+01
2.437379455566406250e+01 6.641804504394531250e+01 -8.349878692626953125e+01
2.444422531127929688e+01 6.647626495361328125e+01 -8.367662048339843750e+01
2.448890113830566406e+01 6.652780914306640625e+01 -8.386466217041015625e+01
2.455323600769042969e+01 6.658007049560546875e+01 -8.405640411376953125e+01
2.458091163635253906e+01 6.665874481201171875e+01 -8.424435424804687500e+01
2.462407684326171875e+01 6.671278381347656250e+01 -8.444320678710937500e+01
2.465612602233886719e+01 6.677339172363281250e+01 -8.464051818847656250e+01
2.467875289916992188e+01 6.682973480224609375e+01 -8.482409667968750000e+01
2.473221015930175781e+01 6.688179779052734375e+01 -8.503399658203125000e+01
2.474081420898437500e+01 6.691880798339843750e+01 -8.522579193115234375e+01
2.478698921203613281e+01 6.696731567382812500e+01 -8.552927398681640625e+01
2.485002899169921875e+01 6.701247406005859375e+01 -8.573913574218750000e+01
2.490085983276367188e+01 6.702121734619140625e+01 -8.593177795410156250e+01
2.494204521179199219e+01 6.706947326660156250e+01 -8.614594268798828125e+01
2.499640274047851562e+01 6.711981201171875000e+01 -8.634860229492187500e+01
2.504035377502441406e+01 6.716837310791015625e+01 -8.656461334228515625e+01
2.511004829406738281e+01 6.721540832519531250e+01 -8.676959991455078125e+01
2.514655113220214844e+01 6.726097106933593750e+01 -8.698802947998046875e+01
2.518996620178222656e+01 6.729708099365234375e+01 -8.720114898681640625e+01
2.522121429443359375e+01 6.733143615722656250e+01 -8.741750335693359375e+01
2.526566505432128906e+01 6.737205505371093750e+01 -8.764086914062500000e+01
2.531422042846679688e+01 6.739602661132812500e+01 -8.785383605957031250e+01
2.535980796813964844e+01 6.742976379394531250e+01 -8.807197570800781250e+01
2.540926742553710938e+01 6.746134948730468750e+01 -8.829585266113281250e+01
2.547344970703125000e+01 6.749369812011718750e+01 -8.852496337890625000e+01
2.550624656677246094e+01 6.751985168457031250e+01 -8.873966979980468750e+01
2.555685806274414062e+01 6.755361938476562500e+01 -8.895820617675781250e+01
2.560404968261718750e+01 6.759075164794921875e+01 -8.917741394042968750e+01
2.565014648437500000e+01 6.765006256103515625e+01 -8.939962768554687500e+01
2.569584655761718750e+01 6.767904663085937500e+01 -8.960582733154296875e+01
2.573518562316894531e+01 6.772340393066406250e+01 -8.981205749511718750e+01
2.579099273681640625e+01 6.779129028320312500e+01 -9.013485717773437500e+01
2.584286689758300781e+01 6.783645629882812500e+01 -9.035483551025390625e+01
2.587822914123535156e+01 6.786759185791015625e+01 -9.057190704345703125e+01
2.592854690551757812e+01 6.789439392089843750e+01 -9.078324890136718750e+01
2.596979331970214844e+01 6.791106414794921875e+01 -9.099255371093750000e+01
2.602111053466796875e+01 6.794821929931640625e+01 -9.120527648925781250e+01
2.606503868103027344e+01 6.797946166992187500e+01 -9.142455291748046875e+01
2.611839866638183594e+01 6.799920654296875000e+01 -9.162900543212890625e+01
2.615858078002929688e+01 6.803073120117187500e+01 -9.183728027343750000e+01
2.622837448120117188e+01 6.805995941162109375e+01 -9.204363250732421875e+01
2.627687644958496094e+01 6.808894348144531250e+01 -9.224617004394531250e+01
2.632966995239257812e+01 6.813578796386718750e+01 -9.245083618164062500e+01
2.638525772094726562e+01 6.818347930908203125e+01 -9.263735198974609375e+01
2.641594505310058594e+01 6.822694396972656250e+01 -9.283358001708984375e+01
2.644429206848144531e+01 6.828222656250000000e+01 -9.301612854003906250e+01
2.647898101806640625e+01 6.830490875244140625e+01 -9.320259857177734375e+01
2.652569580078125000e+01 6.834944152832031250e+01 -9.338678741455078125e+01
2.652529716491699219e+01 6.838153076171875000e+01 -9.356987762451171875e+01
2.655345153808593750e+01 6.842283630371093750e+01 -9.374591064453125000e+01
2.656713676452636719e+01 6.844451141357421875e+01 -9.392008209228515625e+01
2.659657859802246094e+01 6.844987487792968750e+01 -9.409143066406250000e+01
2.665258026123046875e+01 6.846755981445312500e+01 -9.435649108886718750e+01
2.669993782043457031e+01 6.849153137207031250e+01 -9.450593566894531250e+01
2.673898315429687500e+01 6.850482177734375000e+01 -9.468568420410156250e+01
2.679368591308593750e+01 6.852398681640625000e+01 -9.484369659423828125e+01
2.684769821166992188e+01 6.855839538574218750e+01 -9.499801635742187500e+01
2.690821075439453125e+01 6.857402038574218750e+01 -9.516124725341796875e+01
2.697824478149414062e+01 6.863769531250000000e+01 -9.531364440917968750e+01
2.702941131591796875e+01 6.869615173339843750e+01 -9.546974945068359375e+01
2.708546257019042969e+01 6.876035308837890625e+01 -9.562048339843750000e+01
2.711669349670410156e+01 6.883707427978515625e+01 -9.577597808837890625e+01
2.716769027709960938e+01 6.890535736083984375e+01 -9.593098449707031250e+01
2.717436218261718750e+01 6.898574066162109375e+01 -9.607772827148437500e+01
2.717531776428222656e+01 6.905107116699218750e+01 -9.624110412597656250e+01
2.719285202026367188e+01 6.911925506591796875e+01 -9.639714050292968750e+01
2.720044517517089844e+01 6.916402435302734375e+01 -9.654226684570312500e+01
2.720468711853027344e+01 6.918591308593750000e+01 -9.670679473876953125e+01
2.723525619506835938e+01 6.922097015380859375e+01 -9.686258697509765625e+01
2.727551269531250000e+01 6.926486968994140625e+01 -9.701420593261718750e+01
2.732719230651855469e+01 6.931327819824218750e+01 -9.717725372314453125e+01
2.738624572753906250e+01 6.935176086425781250e+01 -9.733245849609375000e+01
2.749143028259277344e+01 6.943258666992187500e+01 -9.757111358642578125e+01
2.757150650024414062e+01 6.952172851562500000e+01 -9.773453521728515625e+01
2.763090896606445312e+01 6.960286712646484375e+01 -9.788832855224609375e+01
2.769393348693847656e+01 6.970658111572265625e+01 -9.807019042968750000e+01
2.775231361389160156e+01 6.982009887695312500e+01 -9.824166107177734375e+01
2.779810142517089844e+01 6.992597198486328125e+01 -9.841474151611328125e+01
2.784710884094238281e+01 7.004415130615234375e+01 -9.860301971435546875e+01
2.787950515747070312e+01 7.013591003417968750e+01 -9.879041290283203125e+01
2.791024971008300781e+01 7.022515106201171875e+01 -9.899019622802734375e+01
2.793978881835937500e+01 7.031146240234375000e+01 -9.916321563720703125e+01
2.796649551391601562e+01 7.038344573974609375e+01 -9.936450195312500000e+01
2.797966384887695312e+01 7.046486663818359375e+01 -9.954752349853515625e+01
2.802857208251953125e+01 7.050974273681640625e+01 -9.974328613281250000e+01
2.807323265075683594e+01 7.057718658447265625e+01 -9.994757080078125000e+01
2.812826538085937500e+01 7.062412261962890625e+01 -1.001473922729492188e+02
2.817127227783203125e+01 7.068975067138671875e+01 -1.003448181152343750e+02
2.820185852050781250e+01 7.073791503906250000e+01 -1.005353775024414062e+02
2.824832916259765625e+01 7.079428100585937500e+01 -1.007376480102539062e+02
2.832446098327636719e+01 7.085822296142578125e+01 -1.009510955810546875e+02
2.837268447875976562e+01 7.091340637207031250e+01 -1.011461791992187500e+02
2.843837165832519531e+01 7.098966979980468750e+01 -1.013459167480468750e+02
2.855957603454589844e+01 7.109039306640625000e+01 -1.016615905761718750e+02
2.860542488098144531e+01 7.116883087158203125e+01 -1.018581314086914062e+02
2.867605018615722656e+01 7.123915863037109375e+01 -1.020558624267578125e+02
2.872551345825195312e+01 7.133323669433593750e+01 -1.022590942382812500e+02
2.878423118591308594e+01 7.143096160888671875e+01 -1.024807281494140625e+02
2.881048202514648438e+01 7.151432800292968750e+01 -1.026838684082031250e+02
2.883378982543945312e+01 7.159923553466796875e+01 -1.028986740112304688e+02
2.884940528869628906e+01 7.166441345214843750e+01 -1.030957183837890625e+02
2.887663650512695312e+01 7.172922515869140625e+01 -1.033076171875000000e+02
2.889457702636718750e+01 7.177733612060546875e+01 -1.035110015869140625e+02
2.892727661132812500e+01 7.181388854980468750e+01 -1.037119445800781250e+02
2.896589469909667969e+01 7.184169006347656250e+01 -1.039163589477539062e+02
2.900914955139160156e+01 7.187736511230468750e+01 -1.041184082031250000e+02
2.906985855102539062e+01 7.191557312011718750e+01 -1.043338088989257812e+02
2.912335586547851562e+01 7.193910980224609375e+01 -1.045342025756835938e+02
2.920665359497070312e+01 7.198994445800781250e+01 -1.047338409423828125e+02
2.927447509765625000e+01 7.203896331787109375e+01 -1.049492492675781250e+02
2.936755371093750000e+01 7.211691284179687500e+01 -1.051721267700195312e+02
2.942334556579589844e+01 7.220117950439453125e+01 -1.053853530883789062e+02
2.948892402648925781e+01 7.226886749267578125e+01 -1.055873794555664062e+02
2.953132820129394531e+01 7.235410308837890625e+01 -1.058199386596679688e+02
2.958824920654296875e+01 7.247579193115234375e+01 -1.061212997436523438e+02
2.961036872863769531e+01 7.255077362060546875e+01 -1.063138122558593750e+02
2.963480758666992188e+01 7.260986328125000000e+01 -1.065199203491210938e+02
2.966574287414550781e+01 7.266763305664062500e+01 -1.067192306518554688e+02
2.968237495422363281e+01 7.272109985351562500e+01 -1.069040145874023438e+02
2.971206665039062500e+01 7.276059722900390625e+01 -1.071224746704101562e+02
2.974500083923339844e+01 7.280215454101562500e+01 -1.073138427734375000e+02
2.977954101562500000e+01 7.284675598144531250e+01 -1.075083770751953125e+02
2.983335113525390625e+01 7.290042877197265625e+01 -1.077063751220703125e+02
2.989213943481445312e+01 7.296679687500000000e+01 -1.079030075073242188e+02
2.995754051208496094e+01 7.300791168212890625e+01 -1.081128311157226562e+02
