1.101452946662902832e+00 2.252811193466186523e+00 -6.523809581995010376e-02 1.146889686584472656e+00 2.044509887695312500e+00 2.047679387032985687e-03
1.112851262092590332e+00 2.298269510269165039e+00 -6.215510517358779907e-02 1.008535146713256836e+00 2.174946308135986328e+00 6.337377429008483887e-02
1.111882567405700684e+00 2.326663017272949219e+00 -6.478885561227798462e-02 9.645251631736755371e-01 2.131757259368896484e+00 2.001242488622665405e-01
1.129146575927734375e+00 2.373241662979125977e+00 -5.438194423913955688e-02 7.944161891937255859e-01 2.188965082168579102e+00 4.566994905471801758e-01
1.142036795616149902e+00 2.402187824249267578e+00 -4.783866554498672485e-02 8.177152872085571289e-01 2.311212539672851562e+00 4.670777916908264160e-01
1.140164017677307129e+00 2.454486131668090820e+00 -1.960653811693191528e-02 7.859715819358825684e-01 2.418571233749389648e+00 6.502924561500549316e-01
1.165617942810058594e+00 2.504097223281860352e+00 -1.102979294955730438e-02 6.199180483818054199e-01 2.746586561203002930e+00 8.601747155189514160e-01
1.175537347793579102e+00 2.570394754409790039e+00 6.677709054201841354e-03 5.932963490486145020e-01 2.894562721252441406e+00 8.518308401107788086e-01
1.174547433853149414e+00 2.614635229110717773e+00 1.201630849391222000e-02 5.028951764106750488e-01 3.063236236572265625e+00 9.075915813446044922e-01
1.184062957763671875e+00 2.674225330352783203e+00 4.429556801915168762e-02 5.774870514869689941e-01 3.276150941848754883e+00 1.011895775794982910e+00
1.214902281761169434e+00 2.748061180114746094e+00 6.230290234088897705e-02 4.112833142280578613e-01 3.360162973403930664e+00 8.904830217361450195e-01
1.240172505378723145e+00 2.848947763442993164e+00 9.660898894071578979e-02 7.581802010536193848e-01 3.852073669433593750e+00 1.259223341941833496e+00
1.251780271530151367e+00 2.929207563400268555e+00 1.261308491230010986e-01 6.770302653312683105e-01 4.082365036010742188e+00 1.230220198631286621e+00
1.257775068283081055e+00 3.025763034820556641e+00 1.388304084539413452e-01 5.491251349449157715e-01 4.201214790344238281e+00 1.231845259666442871e+00
1.268139600753784180e+00 3.104062557220458984e+00 1.850516945123672485e-01 6.348834037780761719e-01 4.632908344268798828e+00 1.387919187545776367e+00
1.282416939735412598e+00 3.197643995285034180e+00 2.031229734420776367e-01 9.111881256103515625e-01 4.844302177429199219e+00 1.340562224388122559e+00
1.308114290237426758e+00 3.312637090682983398e+00 2.329994440078735352e-01 8.175942301750183105e-01 4.939314365386962891e+00 1.487127661705017090e+00
1.328102469444274902e+00 3.395657062530517578e+00 2.683539688587188721e-01 8.416128754615783691e-01 5.106159687042236328e+00 1.760399580001831055e+00
1.336911082267761230e+00 3.493098735809326172e+00 3.031951487064361572e-01 8.386645913124084473e-01 5.264000415802001953e+00 1.811118602752685547e+00
1.344947814941406250e+00 3.608859777450561523e+00 3.451858162879943848e-01 1.023389816284179688e+00 5.591886997222900391e+00 1.847669601440429688e+00
1.367946147918701172e+00 3.735938787460327148e+00 3.659254014492034912e-01 8.245207667350769043e-01 5.739920616149902344e+00 1.878245711326599121e+00
1.379784464836120605e+00 3.837834358215332031e+00 4.103958606719970703e-01 8.516159653663635254e-01 5.784126758575439453e+00 1.794092178344726562e+00
1.416510105133056641e+00 3.957173347473144531e+00 4.414812326431274414e-01 9.206249713897705078e-01 6.168637275695800781e+00 1.960784912109375000e+00
1.432173609733581543e+00 4.083544731140136719e+00 4.864342808723449707e-01 1.024477720260620117e+00 6.590261936187744141e+00 2.102840185165405273e+00
1.448337078094482422e+00 4.216699123382568359e+00 5.331876873970031738e-01 9.533343911170959473e-01 6.943902492523193359e+00 2.081999540328979492e+00
1.473467707633972168e+00 4.368932723999023438e+00 5.606260895729064941e-01 9.565978050231933594e-01 7.049917697906494141e+00 2.048536300659179688e+00
1.496002912521362305e+00 4.486538410186767578e+00 6.092640161514282227e-01 1.004557251930236816e+00 7.182448387145996094e+00 2.407615184783935547e+00
1.511487126350402832e+00 4.623843193054199219e+00 6.518427729606628418e-01 1.148425459861755371e+00 7.441263675689697266e+00 2.338424682617187500e+00
1.538559317588806152e+00 4.782710075378417969e+00 6.982743144035339355e-01 1.135505557060241699e+00 7.781786441802978516e+00 2.301456451416015625e+00
1.563299655914306641e+00 4.948576450347900391e+00 7.472859621047973633e-01 1.174829959869384766e+00 7.982877731323242188e+00 2.472867965698242188e+00
1.582745552062988281e+00 5.098386287689208984e+00 7.905334830284118652e-01 1.120052337646484375e+00 8.365047454833984375e+00 2.412783861160278320e+00
1.593499302864074707e+00 5.250976562500000000e+00 8.457219600677490234e-01 1.171622157096862793e+00 8.516775131225585938e+00 2.448157787322998047e+00
1.635477900505065918e+00 5.516477584838867188e+00 9.145790338516235352e-01 1.203719019889831543e+00 8.732377052307128906e+00 2.648957490921020508e+00
1.661098361015319824e+00 5.698129177093505859e+00 9.565006494522094727e-01 1.150932073593139648e+00 8.951757431030273438e+00 2.844256877899169922e+00
1.681354165077209473e+00 5.873034000396728516e+00 1.012445211410522461e+00 1.204852700233459473e+00 9.514667510986328125e+00 2.875519752502441406e+00
1.708184242248535156e+00 6.064466953277587891e+00 1.062842845916748047e+00 1.328563213348388672e+00 9.707289695739746094e+00 3.203470945358276367e+00
1.735785841941833496e+00 6.269459247589111328e+00 1.124745726585388184e+00 1.394215345382690430e+00 9.926109313964843750e+00 3.040740966796875000e+00
1.754902839660644531e+00 6.453333377838134766e+00 1.176896452903747559e+00 1.468740105628967285e+00 1.007264518737792969e+01 3.029439926147460938e+00
1.776939511299133301e+00 6.655962944030761719e+00 1.232238531112670898e+00 1.315750718116760254e+00 1.048822307586669922e+01 2.799584865570068359e+00
1.815012812614440918e+00 6.861152172088623047e+00 1.300628423690795898e+00 1.307620406150817871e+00 1.072617912292480469e+01 3.069056034088134766e+00
1.831041574478149414e+00 7.066137790679931641e+00 1.356844067573547363e+00 1.480381488800048828e+00 1.097321033477783203e+01 3.154504537582397461e+00
1.866794466972351074e+00 7.298131942749023438e+00 1.419206619262695312e+00 1.703046560287475586e+00 1.148572158813476562e+01 3.059804201126098633e+00
1.888734459877014160e+00 7.514935493469238281e+00 1.484593272209167480e+00 1.533745169639587402e+00 1.183694267272949219e+01 3.275760650634765625e+00
1.927399873733520508e+00 7.750449657440185547e+00 1.549996137619018555e+00 1.457829594612121582e+00 1.203697490692138672e+01 3.360791444778442383e+00
1.950887560844421387e+00 7.986045360565185547e+00 1.617141962051391602e+00 1.371733427047729492e+00 1.230293846130371094e+01 3.311183214187622070e+00
1.978972911834716797e+00 8.224348068237304688e+00 1.667465329170227051e+00 1.466460227966308594e+00 1.259893131256103516e+01 3.342403173446655273e+00
2.014780998229980469e+00 8.480349540710449219e+00 1.726649761199951172e+00 1.400792002677917480e+00 1.292895412445068359e+01 3.231726646423339844e+00
2.033461093902587891e+00 8.721705436706542969e+00 1.796039462089538574e+00 1.440345883369445801e+00 1.323804473876953125e+01 3.084513425827026367e+00
2.072590589523315430e+00 8.992424964904785156e+00 1.857243537902832031e+00 1.617046236991882324e+00 1.356828594207763672e+01 3.148931980133056641e+00
2.102920532226562500e+00 9.248646736145019531e+00 1.915630936622619629e+00 1.669707536697387695e+00 1.386896896362304688e+01 3.211872339248657227e+00
2.128241062164306641e+00 9.511926651000976562e+00 1.978942513465881348e+00 1.647722482681274414e+00 1.418441104888916016e+01 3.407050609588623047e+00
2.174062490463256836e+00 9.798138618469238281e+00 2.043278455734252930e+00 1.805861949920654297e+00 1.468934917449951172e+01 3.284243106842041016e+00
2.195478916168212891e+00 1.008594417572021484e+01 2.116980791091918945e+00 1.747091174125671387e+00 1.480835247039794922e+01 3.219852447509765625e+00
2.259837627410888672e+00 1.053045845031738281e+01 2.202200651168823242e+00 1.859103083610534668e+00 1.536693286895751953e+01 3.257798671722412109e+00
2.280140876770019531e+00 1.084515571594238281e+01 2.271115303039550781e+00 1.900565981864929199e+00 1.571837520599365234e+01 3.212918758392333984e+00
2.330205440521240234e+00 1.113860607147216797e+01 2.334448099136352539e+00 1.990133881568908691e+00 1.603493499755859375e+01 3.346379041671752930e+00
2.368895053863525391e+00 1.146679878234863281e+01 2.398442745208740234e+00 2.165806770324707031e+00 1.632018280029296875e+01 3.324724197387695312e+00
2.406736612319946289e+00 1.177982234954833984e+01 2.462441205978393555e+00 2.226681709289550781e+00 1.660947990417480469e+01 3.181247472763061523e+00
2.441097497940063477e+00 1.211311721801757812e+01 2.515787839889526367e+00 1.970660090446472168e+00 1.691657638549804688e+01 3.228120803833007812e+00
2.462265491485595703e+00 1.244239902496337891e+01 2.581892013549804688e+00 1.956195235252380371e+00 1.745170402526855469e+01 3.253046512603759766e+00
2.529954910278320312e+00 1.280205059051513672e+01 2.651031732559204102e+00 2.086448431015014648e+00 1.787798309326171875e+01 3.151256322860717773e+00
2.570646524429321289e+00 1.313817024230957031e+01 2.706964492797851562e+00 2.296195745468139648e+00 1.827203750610351562e+01 3.198002099990844727e+00
2.617230176925659180e+00 1.350946521759033203e+01 2.769785881042480469e+00 2.424024105072021484e+00 1.866376304626464844e+01 3.128158807754516602e+00
2.658834934234619141e+00 1.386743068695068359e+01 2.833040237426757812e+00 2.363408327102661133e+00 1.899236679077148438e+01 2.882068157196044922e+00
2.715100765228271484e+00 1.425141811370849609e+01 2.885946989059448242e+00 2.352261304855346680e+00 1.946619033813476562e+01 3.067107200622558594e+00
2.757068634033203125e+00 1.462806034088134766e+01 2.953369140625000000e+00 2.223128795623779297e+00 1.999191474914550781e+01 2.915734529495239258e+00
2.810590505599975586e+00 1.503190326690673828e+01 3.007730007171630859e+00 2.317940950393676758e+00 2.044320106506347656e+01 2.700627088546752930e+00
2.851704835891723633e+00 1.543182182312011719e+01 3.053729057312011719e+00 2.376888036727905273e+00 2.069671630859375000e+01 2.894245386123657227e+00
2.890646696090698242e+00 1.582592391967773438e+01 3.102303028106689453e+00 2.532631158828735352e+00 2.111474609375000000e+01 2.839707374572753906e+00
2.942138910293579102e+00 1.624751853942871094e+01 3.153701543807983398e+00 2.561780452728271484e+00 2.182497978210449219e+01 2.631693601608276367e+00
2.994601488113403320e+00 1.668087768554687500e+01 3.205809116363525391e+00 2.815194368362426758e+00 2.216908836364746094e+01 2.635974884033203125e+00
3.033574581146240234e+00 1.711410522460937500e+01 3.248708963394165039e+00 2.840426921844482422e+00 2.255324363708496094e+01 2.396861076354980469e+00
3.093042850494384766e+00 1.756855964660644531e+01 3.292898893356323242e+00 2.807575464248657227e+00 2.329710960388183594e+01 2.099427700042724609e+00
3.175528526306152344e+00 1.823610115051269531e+01 3.341762065887451172e+00 3.006963491439819336e+00 2.396622467041015625e+01 2.215488433837890625e+00
3.257715463638305664e+00 1.871170425415039062e+01 3.376727819442749023e+00 3.110334634780883789e+00 2.433282661437988281e+01 1.778866887092590332e+00
3.319479703903198242e+00 1.919409370422363281e+01 3.413709163665771484e+00 3.129244327545166016e+00 2.493351936340332031e+01 1.551746487617492676e+00
3.364341735839843750e+00 1.969895553588867188e+01 3.433159589767456055e+00 3.133830308914184570e+00 2.531548118591308594e+01 1.352041244506835938e+00
3.421055793762207031e+00 2.019279479980468750e+01 3.462925910949707031e+00 3.148594856262207031e+00 2.573679924011230469e+01 1.187161803245544434e+00
3.478638648986816406e+00 2.068437767028808594e+01 3.472388505935668945e+00 3.260182619094848633e+00 2.629804992675781250e+01 1.021549463272094727e+00
3.562417507171630859e+00 2.120777320861816406e+01 3.491177797317504883e+00 3.380934000015258789e+00 2.695399856567382812e+01 6.732566356658935547e-01
3.629040718078613281e+00 2.174186325073242188e+01 3.510399818420410156e+00 3.445554971694946289e+00 2.773285675048828125e+01 6.173174977302551270e-01
3.707499027252197266e+00 2.228133392333984375e+01 3.498587608337402344e+00 3.557042598724365234e+00 2.827600097656250000e+01 2.745245397090911865e-01
3.756802082061767578e+00 2.284028625488281250e+01 3.500506162643432617e+00 3.875123500823974609e+00 2.860303306579589844e+01 -1.298128068447113037e-01
3.845532417297363281e+00 2.338851928710937500e+01 3.504422426223754883e+00 4.022240161895751953e+00 2.920918464660644531e+01 -3.835577368736267090e-01
3.931789159774780273e+00 2.396957969665527344e+01 3.483880758285522461e+00 4.010097980499267578e+00 3.015361976623535156e+01 -6.867114305496215820e-01
3.998817920684814453e+00 2.454801940917968750e+01 3.460086345672607422e+00 4.038838863372802734e+00 3.068719482421875000e+01 -1.128671169281005859e+00
4.085989952087402344e+00 2.515335845947265625e+01 3.434159040451049805e+00 4.423018455505371094e+00 3.133174514770507812e+01 -1.450697660446166992e+00
4.163034439086914062e+00 2.575990867614746094e+01 3.401414155960083008e+00 4.514845848083496094e+00 3.188677978515625000e+01 -1.884544849395751953e+00
4.245972633361816406e+00 2.638792037963867188e+01 3.348579406738281250e+00 4.467714786529541016e+00 3.261397171020507812e+01 -2.389991998672485352e+00
4.337041854858398438e+00 2.703965759277343750e+01 3.301580905914306641e+00 4.616801261901855469e+00 3.320756530761718750e+01 -2.810259342193603516e+00
4.427766323089599609e+00 2.769279861450195312e+01 3.239198684692382812e+00 4.787742614746093750e+00 3.422578811645507812e+01 -3.617993116378784180e+00
4.507676601409912109e+00 2.836169624328613281e+01 3.156884431838989258e+00 5.061856269836425781e+00 3.497784042358398438e+01 -4.247281551361083984e+00
4.625434875488281250e+00 2.903161811828613281e+01 3.067987918853759766e+00 5.221545219421386719e+00 3.563275146484375000e+01 -4.740082263946533203e+00
4.724008560180664062e+00 2.974015235900878906e+01 2.965397357940673828e+00 5.432728290557861328e+00 3.649459457397460938e+01 -5.251200675964355469e+00
4.873067855834960938e+00 3.080991935729980469e+01 2.782950162887573242e+00 5.747878074645996094e+00 3.768612289428710938e+01 -6.814726352691650391e+00
4.980810642242431641e+00 3.156132507324218750e+01 2.634694099426269531e+00 5.768666267395019531e+00 3.849824905395507812e+01 -7.499386310577392578e+00
5.117048740386962891e+00 3.231138610839843750e+01 2.483292818069458008e+00 5.815115928649902344e+00 3.935539627075195312e+01 -8.469138145446777344e+00
5.234725952148437500e+00 3.308942794799804688e+01 2.301199913024902344e+00 6.263088226318359375e+00 4.022110748291015625e+01 -9.837170600891113281e+00
5.358063697814941406e+00 3.386959075927734375e+01 2.098607063293457031e+00 6.714822292327880859e+00 4.097883987426757812e+01 -1.119960117340087891e+01
5.486752033233642578e+00 3.467583847045898438e+01 1.867618799209594727e+00 7.015247344970703125e+00 4.185268783569335938e+01 -1.241175365447998047e+01
5.630135536193847656e+00 3.548586654663085938e+01 1.587846636772155762e+00 7.169747829437255859e+00 4.271767807006835938e+01 -1.406643962860107422e+01
5.779336452484130859e+00 3.629846191406250000e+01 1.294314861297607422e+00 7.486466407775878906e+00 4.342858886718750000e+01 -1.583389282226562500e+01
5.920554637908935547e+00 3.717364501953125000e+01 9.751600623130798340e-01 7.759012222290039062e+00 4.420657730102539062e+01 -1.773756599426269531e+01
6.085544109344482422e+00 3.801037979125976562e+01 5.814395546913146973e-01 8.006731033325195312e+00 4.467158508300781250e+01 -1.998077011108398438e+01
6.244272232055664062e+00 3.887253952026367188e+01 1.663507074117660522e-01 8.483125686645507812e+00 4.502844238281250000e+01 -2.221405601501464844e+01
6.425037860870361328e+00 3.973023605346679688e+01 -3.011085391044616699e-01 8.944963455200195312e+00 4.511877059936523438e+01 -2.455864143371582031e+01
6.595898628234863281e+00 4.060704040527343750e+01 -8.198079466819763184e-01 9.246633529663085938e+00 4.511248016357421875e+01 -2.732899665832519531e+01
6.777583599090576172e+00 4.146229171752929688e+01 -1.382440686225891113e+00 9.480253219604492188e+00 4.461534118652343750e+01 -3.016450881958007812e+01
6.966207981109619141e+00 4.229710769653320312e+01 -2.014788866043090820e+00 9.936634063720703125e+00 4.351403045654296875e+01 -3.333938598632812500e+01
7.164449214935302734e+00 4.311505126953125000e+01 -2.718778610229492188e+00 1.013333415985107422e+01 4.219473648071289062e+01 -3.629701614379882812e+01
7.365745067596435547e+00 4.391696929931640625e+01 -3.464049577713012695e+00 1.010202789306640625e+01 4.073680877685546875e+01 -3.855670166015625000e+01
7.552947044372558594e+00 4.467926025390625000e+01 -4.248589515686035156e+00 1.011532878875732422e+01 3.845526123046875000e+01 -4.062853240966796875e+01
7.760076522827148438e+00 4.538743209838867188e+01 -5.081238269805908203e+00 1.024512004852294922e+01 3.589466857910156250e+01 -4.241471481323242188e+01
7.956949234008789062e+00 4.605307006835937500e+01 -5.945024013519287109e+00 1.030722808837890625e+01 3.359257507324218750e+01 -4.369643783569335938e+01
8.152192115783691406e+00 4.668477630615234375e+01 -6.834754943847656250e+00 9.935373306274414062e+00 3.141540718078613281e+01 -4.434642410278320312e+01
8.452128410339355469e+00 4.750550460815429688e+01 -8.195137977600097656e+00 9.658952713012695312e+00 2.793217849731445312e+01 -4.507446670532226562e+01
8.638177871704101562e+00 4.801605606079101562e+01 -9.109947204589843750e+00 9.399303436279296875e+00 2.553181838989257812e+01 -4.536233139038085938e+01
8.818010330200195312e+00 4.845123672485351562e+01 -1.002385425567626953e+01 9.089394569396972656e+00 2.354505157470703125e+01 -4.500456237792968750e+01
9.002269744873046875e+00 4.885715866088867188e+01 -1.091166782379150391e+01 8.686646461486816406e+00 2.154939842224121094e+01 -4.443115997314453125e+01
9.162531852722167969e+00 4.922496032714843750e+01 -1.178324031829833984e+01 8.611998558044433594e+00 1.980260086059570312e+01 -4.383401107788085938e+01
9.321729660034179688e+00 4.956578445434570312e+01 -1.264705467224121094e+01 8.356415748596191406e+00 1.813632774353027344e+01 -4.307302856445312500e+01
9.476878166198730469e+00 4.986919784545898438e+01 -1.346820354461669922e+01 8.078419685363769531e+00 1.633689689636230469e+01 -4.218843078613281250e+01
9.628665924072265625e+00 5.013503265380859375e+01 -1.428242301940917969e+01 7.703236579895019531e+00 1.503389549255371094e+01 -4.113035583496093750e+01
9.773919105529785156e+00 5.038339996337890625e+01 -1.504787826538085938e+01 7.447208404541015625e+00 1.368695831298828125e+01 -3.996602630615234375e+01
9.910425186157226562e+00 5.061888122558593750e+01 -1.580594539642333984e+01 7.200571537017822266e+00 1.233638668060302734e+01 -3.879394912719726562e+01
1.002656459808349609e+01 5.081766891479492188e+01 -1.653434753417968750e+01 6.857089042663574219e+00 1.132149505615234375e+01 -3.763964080810546875e+01
1.015354537963867188e+01 5.101678466796875000e+01 -1.723222351074218750e+01 6.412983417510986328e+00 1.022795391082763672e+01 -3.641561126708984375e+01
1.027109527587890625e+01 5.117766952514648438e+01 -1.789950370788574219e+01 6.189647674560546875e+00 9.092674255371093750e+00 -3.543070220947265625e+01
1.038222980499267578e+01 5.133181381225585938e+01 -1.854302215576171875e+01 6.120318412780761719e+00 8.403985977172851562e+00 -3.425434494018554688e+01
1.049879074096679688e+01 5.148116302490234375e+01 -1.916195869445800781e+01 5.977954387664794922e+00 7.679236412048339844e+00 -3.283724212646484375e+01
1.059087944030761719e+01 5.161055374145507812e+01 -1.976421165466308594e+01 5.519009113311767578e+00 6.796474933624267578e+00 -3.170413208007812500e+01
1.070280647277832031e+01 5.172834014892578125e+01 -2.032796669006347656e+01 5.391278743743896484e+00 6.522245883941650391e+00 -3.046906089782714844e+01
1.080557155609130859e+01 5.183634185791015625e+01 -2.089220237731933594e+01 5.125790119171142578e+00 5.648608684539794922e+00 -2.949779891967773438e+01
1.089736461639404297e+01 5.192537689208984375e+01 -2.142714881896972656e+01 4.954030036926269531e+00 4.951072216033935547e+00 -2.822088241577148438e+01
1.098813533782958984e+01 5.201386642456054688e+01 -2.194099426269531250e+01 4.749481201171875000e+00 4.543375492095947266e+00 -2.728770256042480469e+01
1.107609462738037109e+01 5.208833312988281250e+01 -2.243752670288085938e+01 4.551286220550537109e+00 4.045446395874023438e+00 -2.647907066345214844e+01
1.120680713653564453e+01 5.219795989990234375e+01 -2.314402580261230469e+01 4.457246780395507812e+00 3.428903818130493164e+00 -2.506120109558105469e+01
1.127708911895751953e+01 5.224104309082031250e+01 -2.358974456787109375e+01 4.324164867401123047e+00 3.011063337326049805e+00 -2.415633201599121094e+01
1.136818408966064453e+01 5.231238937377929688e+01 -2.402053642272949219e+01 3.979147195816040039e+00 2.662362337112426758e+00 -2.315994644165039062e+01
1.143454551696777344e+01 5.235142898559570312e+01 -2.443394088745117188e+01 3.773733139038085938e+00 2.403153896331787109e+00 -2.230170631408691406e+01
1.150366497039794922e+01 5.239621353149414062e+01 -2.485207939147949219e+01 3.542727470397949219e+00 2.036123514175415039e+00 -2.152885246276855469e+01
1.156430721282958984e+01 5.243128967285156250e+01 -2.523227500915527344e+01 3.420610666275024414e+00 1.665725231170654297e+00 -2.062285995483398438e+01
1.164362239837646484e+01 5.245190048217773438e+01 -2.559944725036621094e+01 3.300473690032958984e+00 1.177489995956420898e+00 -1.996084403991699219e+01
1.170163726806640625e+01 5.246903610229492188e+01 -2.596230506896972656e+01 3.174326658248901367e+00 1.055444598197937012e+00 -1.918131065368652344e+01
1.176584339141845703e+01 5.250530624389648438e+01 -2.630882453918457031e+01 3.175321340560913086e+00 1.002115726470947266e+00 -1.834918785095214844e+01
1.181161689758300781e+01 5.251375579833984375e+01 -2.665030860900878906e+01 3.139999866485595703e+00 6.679087877273559570e-01 -1.760303688049316406e+01
1.186717224121093750e+01 5.252890396118164062e+01 -2.695866012573242188e+01 2.778314113616943359e+00 4.119468331336975098e-01 -1.691626358032226562e+01
1.191308307647705078e+01 5.253000640869140625e+01 -2.726468658447265625e+01 2.690813779830932617e+00 4.171743094921112061e-01 -1.603794097900390625e+01
1.196218299865722656e+01 5.252671813964843750e+01 -2.756024551391601562e+01 2.601413249969482422e+00 2.468640357255935669e-01 -1.524892044067382812e+01
1.201258087158203125e+01 5.254185104370117188e+01 -2.782880020141601562e+01 2.424294471740722656e+00 2.934288084506988525e-01 -1.461427593231201172e+01
1.205704021453857422e+01 5.254964065551757812e+01 -2.809537315368652344e+01 2.440579414367675781e+00 2.204874455928802490e-01 -1.424642467498779297e+01
1.210466766357421875e+01 5.256122589111328125e+01 -2.835029792785644531e+01 2.429831981658935547e+00 1.455067396163940430e-01 -1.323877048492431641e+01
1.214726543426513672e+01 5.255959701538085938e+01 -2.857857322692871094e+01 2.210821390151977539e+00 3.086929619312286377e-01 -1.259652233123779297e+01
1.219216632843017578e+01 5.259788513183593750e+01 -2.881005096435546875e+01 2.198234081268310547e+00 4.299462735652923584e-01 -1.213664436340332031e+01
1.223198318481445312e+01 5.261977386474609375e+01 -2.903511238098144531e+01 2.224702835083007812e+00 2.991286218166351318e-01 -1.160289859771728516e+01
1.226579570770263672e+01 5.263798141479492188e+01 -2.923729515075683594e+01 2.079532623291015625e+00 2.866890728473663330e-01 -1.102262878417968750e+01
1.230132007598876953e+01 5.264935302734375000e+01 -2.943363761901855469e+01 1.871871948242187500e+00 4.816829562187194824e-01 -1.086348342895507812e+01
1.234711074829101562e+01 5.267724990844726562e+01 -2.972246742248535156e+01 1.838865995407104492e+00 5.331679582595825195e-01 -1.013523197174072266e+01
1.238227462768554688e+01 5.271766662597656250e+01 -2.990711212158203125e+01 1.807958245277404785e+00 4.679676890373229980e-01 -9.588955879211425781e+00
1.242427635192871094e+01 5.275260925292968750e+01 -3.007765197753906250e+01 1.653896093368530273e+00 6.382070183753967285e-01 -9.341226577758789062e+00
1.245798206329345703e+01 5.277238082885742188e+01 -3.024594688415527344e+01 1.732962608337402344e+00 5.492666363716125488e-01 -8.966846466064453125e+00
1.248753166198730469e+01 5.278797149658203125e+01 -3.041793823242187500e+01 1.816187500953674316e+00 4.722299277782440186e-01 -8.649230003356933594e+00
1.252366256713867188e+01 5.281744766235351562e+01 -3.059223175048828125e+01 1.882225632667541504e+00 4.329472482204437256e-01 -8.224979400634765625e+00
1.256304073333740234e+01 5.283646011352539062e+01 -3.074702453613281250e+01 1.761203169822692871e+00 3.375206589698791504e-01 -8.120669364929199219e+00
1.259813499450683594e+01 5.285239791870117188e+01 -3.091033172607421875e+01 1.717678189277648926e+00 3.423971533775329590e-01 -8.071012496948242188e+00
1.263575649261474609e+01 5.288921356201171875e+01 -3.108018875122070312e+01 1.636472940444946289e+00 5.768048167228698730e-01 -7.939949989318847656e+00
1.265535354614257812e+01 5.291435623168945312e+01 -3.123515129089355469e+01 1.593609690666198730e+00 5.140717029571533203e-01 -7.723328113555908203e+00
1.268794345855712891e+01 5.292291641235351562e+01 -3.137500381469726562e+01 1.608018755912780762e+00 3.058240711688995361e-01 -7.528500556945800781e+00
1.271934318542480469e+01 5.293576431274414062e+01 -3.152996826171875000e+01 1.567272186279296875e+00 1.743590384721755981e-01 -7.571274757385253906e+00
1.276169204711914062e+01 5.293031692504882812e+01 -3.168054008483886719e+01 1.458308100700378418e+00 -1.802893006242811680e-03 -7.360947132110595703e+00
1.278445625305175781e+01 5.294108581542968750e+01 -3.184293937683105469e+01 1.423241376876831055e+00 -2.965173497796058655e-02 -7.106999874114990234e+00
1.280077171325683594e+01 5.293103408813476562e+01 -3.196406555175781250e+01 1.562168598175048828e+00 -1.812398731708526611e-01 -7.100961208343505859e+00
1.285183238983154297e+01 5.293163681030273438e+01 -3.211532211303710938e+01 1.535787343978881836e+00 4.521050304174423218e-02 -6.878712654113769531e+00
1.288335704803466797e+01 5.294173812866210938e+01 -3.224555969238281250e+01 1.567855596542358398e+00 -1.080535501241683960e-01 -6.816822052001953125e+00
1.290886497497558594e+01 5.294472503662109375e+01 -3.237943267822265625e+01 1.294987082481384277e+00 -1.255251914262771606e-01 -6.772683143615722656e+00
1.294599819183349609e+01 5.294052886962890625e+01 -3.252032852172851562e+01 1.210600733757019043e+00 -9.895788878202438354e-02 -6.582007884979248047e+00
1.297365665435791016e+01 5.292859268188476562e+01 -3.265332412719726562e+01 1.288268566131591797e+00 -2.216060906648635864e-01 -6.477476596832275391e+00
1.299740028381347656e+01 5.291616439819335938e+01 -3.277962112426757812e+01 1.433949708938598633e+00 -3.856608569622039795e-01 -6.328389644622802734e+00
1.304322147369384766e+01 5.290235519409179688e+01 -3.296519470214843750e+01 1.188089489936828613e+00 -5.162397623062133789e-01 -5.852783679962158203e+00
1.307330322265625000e+01 5.287677383422851562e+01 -3.309338760375976562e+01 1.448443412780761719e+00 -5.939399600028991699e-01 -5.939260482788085938e+00
1.310405921936035156e+01 5.284916305541992188e+01 -3.320448684692382812e+01 1.484572649002075195e+00 -6.043348908424377441e-01 -5.775031566619873047e+00
1.313000583648681641e+01 5.285412597656250000e+01 -3.332634735107421875e+01 1.457382559776306152e+00 -5.677334666252136230e-01 -5.765995502471923828e+00
1.315716361999511719e+01 5.283340454101562500e+01 -3.344058990478515625e+01 1.219334721565246582e+00 -5.482668280601501465e-01 -5.520027160644531250e+00
1.318309593200683594e+01 5.281784820556640625e+01 -3.355614852905273438e+01 1.197482585906982422e+00 -4.886319041252136230e-01 -5.435664176940917969e+00
1.319844818115234375e+01 5.281414031982421875e+01 -3.365498733520507812e+01 1.149622440338134766e+00 -6.735597252845764160e-01 -5.084218502044677734e+00
1.322263622283935547e+01 5.278796386718750000e+01 -3.375863647460937500e+01 1.102507948875427246e+00 -8.151808381080627441e-01 -4.911094665527343750e+00
1.325665283203125000e+01 5.276551055908203125e+01 -3.386330413818359375e+01 1.245568156242370605e+00 -8.027629256248474121e-01 -4.776459217071533203e+00
1.327895259857177734e+01 5.275376892089843750e+01 -3.395115280151367188e+01 1.297076940536499023e+00 -8.782761693000793457e-01 -4.437848091125488281e+00
1.330784034729003906e+01 5.273686981201171875e+01 -3.402840423583984375e+01 1.068290948867797852e+00 -7.380359172821044922e-01 -4.301476955413818359e+00
1.332814311981201172e+01 5.273508071899414062e+01 -3.412950134277343750e+01 1.048051834106445312e+00 -8.301104307174682617e-01 -4.098999977111816406e+00
1.334592151641845703e+01 5.270483016967773438e+01 -3.419736480712890625e+01 1.097475647926330566e+00 -6.343538165092468262e-01 -3.762685775756835938e+00
1.336042213439941406e+01 5.269245147705078125e+01 -3.426938247680664062e+01 9.518888592720031738e-01 -7.502661943435668945e-01 -3.567372083663940430e+00
1.336733531951904297e+01 5.267097091674804688e+01 -3.435032272338867188e+01 9.803178906440734863e-01 -7.612280845642089844e-01 -3.309778690338134766e+00
1.339836692810058594e+01 5.265528488159179688e+01 -3.440252304077148438e+01 9.950130581855773926e-01 -7.162119150161743164e-01 -2.768611431121826172e+00
1.340979290008544922e+01 5.262958145141601562e+01 -3.446287918090820312e+01 9.171275496482849121e-01 -7.086784839630126953e-01 -2.320588588714599609e+00
1.342453002929687500e+01 5.261053466796875000e+01 -3.450305175781250000e+01 7.956305146217346191e-01 -5.950484275817871094e-01 -2.230447769165039062e+00
1.344061946868896484e+01 5.259409332275390625e+01 -3.454959487915039062e+01 8.192914724349975586e-01 -5.133333206176757812e-01 -1.672956347465515137e+00
1.347063350677490234e+01 5.259436416625976562e+01 -3.457107543945312500e+01 7.862869501113891602e-01 -7.410184293985366821e-02 -1.065498113632202148e+00
1.347177124023437500e+01 5.259144973754882812e+01 -3.457293701171875000e+01 7.254467606544494629e-01 6.840868592262268066e-01 -9.247744828462600708e-02
1.348864936828613281e+01 5.260917282104492188e+01 -3.457702636718750000e+01 6.658491492271423340e-01 9.582457542419433594e-01 6.615464091300964355e-01
1.349798297882080078e+01 5.263590240478515625e+01 -3.454347991943359375e+01 6.059684157371520996e-01 1.566433787345886230e+00 1.289013147354125977e+00
1.352628135681152344e+01 5.267390441894531250e+01 -3.451002120971679688e+01 6.441070437431335449e-01 2.700405597686767578e+00 2.060333728790283203e+00
1.351970577239990234e+01 5.274903488159179688e+01 -3.445596313476562500e+01 6.372230052947998047e-01 4.336007595062255859e+00 3.060600042343139648e+00
1.353689002990722656e+01 5.284232711791992188e+01 -3.437834167480468750e+01 6.542893648147583008e-01 6.121940612792968750e+00 3.681273460388183594e+00
1.355237960815429688e+01 5.300309371948242188e+01 -3.430381393432617188e+01 9.934325218200683594e-01 8.435319900512695312e+00 3.329757213592529297e+00
1.356964778900146484e+01 5.320367431640625000e+01 -3.422553634643554688e+01 1.337131977081298828e+00 1.042618656158447266e+01 2.058018684387207031e+00
1.360195159912109375e+01 5.344619750976562500e+01 -3.417811965942382812e+01 1.949562549591064453e+00 1.158477210998535156e+01 4.154089987277984619e-01
1.363935279846191406e+01 5.372608566284179688e+01 -3.418435668945312500e+01 2.131357431411743164e+00 1.174621486663818359e+01 -9.612231254577636719e-01
1.370999050140380859e+01 5.400898361206054688e+01 -3.421140289306640625e+01 2.314157009124755859e+00 1.178545284271240234e+01 -2.166024446487426758e+00
1.374919223785400391e+01 5.430948638916015625e+01 -3.426816177368164062e+01 2.456969738006591797e+00 1.210130023956298828e+01 -3.252857208251953125e+00
1.380539131164550781e+01 5.458189773559570312e+01 -3.435472869873046875e+01 2.380842685699462891e+00 1.212253475189208984e+01 -4.399547576904296875e+00
1.385065460205078125e+01 5.485315704345703125e+01 -3.446309661865234375e+01 2.364182472229003906e+00 1.178881263732910156e+01 -5.268050193786621094e+00
1.390514183044433594e+01 5.507885360717773438e+01 -3.458919525146484375e+01 2.475147724151611328e+00 1.124978160858154297e+01 -6.193844795227050781e+00
1.396159076690673828e+01 5.529207992553710938e+01 -3.473741149902343750e+01 2.531734228134155273e+00 1.064585876464843750e+01 -7.048275947570800781e+00
1.401184463500976562e+01 5.546896743774414062e+01 -3.490869140625000000e+01 2.540474653244018555e+00 9.866309165954589844e+00 -7.713676452636718750e+00
1.406377983093261719e+01 5.564217758178710938e+01 -3.508290863037109375e+01 2.646539688110351562e+00 9.200182914733886719e+00 -8.133167266845703125e+00
1.413672924041748047e+01 5.578631973266601562e+01 -3.526742172241210938e+01 2.724639415740966797e+00 8.700611114501953125e+00 -8.631887435913085938e+00
1.416520118713378906e+01 5.592474746704101562e+01 -3.545355606079101562e+01 2.837868928909301758e+00 8.000920295715332031e+00 -9.233152389526367188e+00
1.423024368286132812e+01 5.602868652343750000e+01 -3.565670776367187500e+01 2.740806341171264648e+00 7.310153961181640625e+00 -9.486338615417480469e+00
1.430110168457031250e+01 5.618512725830078125e+01 -3.595124435424804688e+01 2.752431869506835938e+00 6.495191097259521484e+00 -1.033258056640625000e+01
1.433864116668701172e+01 5.627437973022460938e+01 -3.616558456420898438e+01 2.769895553588867188e+00 6.229222774505615234e+00 -1.051074886322021484e+01
1.440570926666259766e+01 5.636797332763671875e+01 -3.638182449340820312e+01 2.702045440673828125e+00 5.874234676361083984e+00 -1.082316589355468750e+01
1.443605041503906250e+01 5.645938873291015625e+01 -3.659940719604492188e+01 2.408027172088623047e+00 5.427077293395996094e+00 -1.093988132476806641e+01
1.447781181335449219e+01 5.653209686279296875e+01 -3.681575012207031250e+01 2.518102645874023438e+00 5.175794601440429688e+00 -1.123548889160156250e+01
1.452724266052246094e+01 5.661742019653320312e+01 -3.706097793579101562e+01 2.463204145431518555e+00 4.731642246246337891e+00 -1.125530433654785156e+01
1.456218051910400391e+01 5.667499160766601562e+01 -3.727762222290039062e+01 2.351109981536865234e+00 4.310513496398925781e+00 -1.147904872894287109e+01
1.460581779479980469e+01 5.674392700195312500e+01 -3.751239395141601562e+01 2.355398893356323242e+00 3.944824457168579102e+00 -1.162759590148925781e+01
1.463944625854492188e+01 5.678267669677734375e+01 -3.773920440673828125e+01 2.542348861694335938e+00 3.838283300399780273e+00 -1.222425365447998047e+01
1.471863174438476562e+01 5.684544372558593750e+01 -3.797303390502929688e+01 2.694501399993896484e+00 3.740018844604492188e+00 -1.223819446563720703e+01
1.475109958648681641e+01 5.690198135375976562e+01 -3.820488357543945312e+01 2.704115867614746094e+00 3.380775213241577148e+00 -1.277821063995361328e+01
1.482384490966796875e+01 5.695686340332031250e+01 -3.845441436767578125e+01 2.600341558456420898e+00 3.264151811599731445e+00 -1.278358459472656250e+01
1.487136650085449219e+01 5.699973297119140625e+01 -3.871311950683593750e+01 2.540882349014282227e+00 2.811420679092407227e+00 -1.274581813812255859e+01
1.492506122589111328e+01 5.705384445190429688e+01 -3.895970916748046875e+01 2.576495885848999023e+00 2.716366529464721680e+00 -1.294950962066650391e+01
1.498272228240966797e+01 5.710454559326171875e+01 -3.920174789428710938e+01 2.557505130767822266e+00 2.617739677429199219e+00 -1.292351436614990234e+01
1.502926731109619141e+01 5.714845275878906250e+01 -3.945949935913085938e+01 2.432574033737182617e+00 2.336220741271972656e+00 -1.307681751251220703e+01
1.506228828430175781e+01 5.718854522705078125e+01 -3.973316574096679688e+01 2.346819162368774414e+00 2.200167894363403320e+00 -1.310609149932861328e+01
1.510219192504882812e+01 5.721631240844726562e+01 -3.998077011108398438e+01 2.222401618957519531e+00 1.663434267044067383e+00 -1.325403690338134766e+01
1.515984058380126953e+01 5.722715377807617188e+01 -4.022673797607421875e+01 2.334184169769287109e+00 1.336125135421752930e+00 -1.326516914367675781e+01
1.520092296600341797e+01 5.722601318359375000e+01 -4.049438858032226562e+01 2.466488122940063477e+00 1.243395328521728516e+00 -1.316970157623291016e+01
1.525521755218505859e+01 5.722882461547851562e+01 -4.074140167236328125e+01 2.549137830734252930e+00 6.995835304260253906e-01 -1.315991783142089844e+01
1.532148361206054688e+01 5.722668075561523438e+01 -4.112135314941406250e+01 2.455520868301391602e+00 3.221837282180786133e-01 -1.320820140838623047e+01
1.537329006195068359e+01 5.723861312866210938e+01 -4.135786056518554688e+01 2.431586503982543945e+00 4.261674359440803528e-02 -1.331314086914062500e+01
1.542157649993896484e+01 5.722579193115234375e+01 -4.160929870605468750e+01 2.386589765548706055e+00 -1.351779550313949585e-01 -1.336777591705322266e+01
1.544984626770019531e+01 5.722023391723632812e+01 -4.186784744262695312e+01 2.199503660202026367e+00 -3.165538012981414795e-01 -1.331557178497314453e+01
1.549885463714599609e+01 5.719539642333984375e+01 -4.211533355712890625e+01 2.153826713562011719e+00 -6.522288918495178223e-01 -1.300493812561035156e+01
1.553229522705078125e+01 5.718535232543945312e+01 -4.235880661010742188e+01 2.279852867126464844e+00 -8.964567780494689941e-01 -1.287110328674316406e+01
1.555743503570556641e+01 5.716594314575195312e+01 -4.261009979248046875e+01 1.993149518966674805e+00 -1.240064144134521484e+00 -1.292280673980712891e+01
1.560319614410400391e+01 5.714035797119140625e+01 -4.284382629394531250e+01 1.976019501686096191e+00 -1.543831944465637207e+00 -1.275760459899902344e+01
1.562871742248535156e+01 5.710709381103515625e+01 -4.308256530761718750e+01 2.160753250122070312e+00 -1.494814753532409668e+00 -1.288507175445556641e+01
1.566877937316894531e+01 5.707078552246093750e+01 -4.332549667358398438e+01 2.166848897933959961e+00 -1.644212841987609863e+00 -1.282958984375000000e+01
1.572579860687255859e+01 5.703613662719726562e+01 -4.355408096313476562e+01 2.050520181655883789e+00 -1.523507714271545410e+00 -1.221617889404296875e+01
1.576419639587402344e+01 5.701108551025390625e+01 -4.380020141601562500e+01 1.943611502647399902e+00 -1.614777803421020508e+00 -1.201889514923095703e+01
1.580913352966308594e+01 5.697465515136718750e+01 -4.402239990234375000e+01 1.603514313697814941e+00 -1.575475573539733887e+00 -1.176737403869628906e+01
1.584138774871826172e+01 5.694562149047851562e+01 -4.424128723144531250e+01 1.576468944549560547e+00 -1.383975863456726074e+00 -1.145221805572509766e+01
1.587451457977294922e+01 5.693408966064453125e+01 -4.446689987182617188e+01 1.874940276145935059e+00 -1.195641875267028809e+00 -1.130058670043945312e+01
1.591839218139648438e+01 5.690486526489257812e+01 -4.467446517944335938e+01 1.873698353767395020e+00 -1.181158065795898438e+00 -1.111958789825439453e+01
1.593016624450683594e+01 5.687028121948242188e+01 -4.489952087402343750e+01 1.811006069183349609e+00 -1.183853745460510254e+00 -1.096257877349853516e+01
1.598129177093505859e+01 5.683425903320312500e+01 -4.509719467163085938e+01 1.807893157005310059e+00 -1.025706291198730469e+00 -1.085500526428222656e+01
1.599737930297851562e+01 5.683211135864257812e+01 -4.531281280517578125e+01 1.895501494407653809e+00 -7.600482702255249023e-01 -1.080838108062744141e+01
1.604097366333007812e+01 5.681132888793945312e+01 -4.550392150878906250e+01 1.965157866477966309e+00 -5.934541225433349609e-01 -1.050577640533447266e+01
1.607045745849609375e+01 5.680696868896484375e+01 -4.569334793090820312e+01 1.830021739006042480e+00 -2.774577736854553223e-01 -1.050136661529541016e+01
1.612513351440429688e+01 5.678981399536132812e+01 -4.599693298339843750e+01 1.819691300392150879e+00 -1.221803724765777588e-01 -1.043933582305908203e+01
1.617403793334960938e+01 5.680476379394531250e+01 -4.621012115478515625e+01 1.965834856033325195e+00 6.293376535177230835e-02 -1.025330924987792969e+01
1.619831848144531250e+01 5.682722091674804688e+01 -4.640874099731445312e+01 1.996756792068481445e+00 1.679641157388687134e-01 -1.012146854400634766e+01
1.622520065307617188e+01 5.684052658081054688e+01 -4.660353469848632812e+01 1.871710419654846191e+00 1.505383551120758057e-01 -1.025334739685058594e+01
1.625822639465332031e+01 5.683713531494140625e+01 -4.680871963500976562e+01 1.747333288192749023e+00 1.384931802749633789e-01 -1.010112571716308594e+01
1.630560874938964844e+01 5.685556793212890625e+01 -4.699520111083984375e+01 1.669011950492858887e+00 3.580888509750366211e-01 -9.806426048278808594e+00
1.633117294311523438e+01 5.687760543823242188e+01 -4.717880630493164062e+01 1.605590939521789551e+00 9.451302886009216309e-01 -9.584760665893554688e+00
1.637013816833496094e+01 5.689215469360351562e+01 -4.736357116699218750e+01 1.733135461807250977e+00 1.360381364822387695e+00 -9.462473869323730469e+00
1.641643142700195312e+01 5.693090438842773438e+01 -4.755039215087890625e+01 1.952527642250061035e+00 1.631868958473205566e+00 -9.622338294982910156e+00
1.646537590026855469e+01 5.697028350830078125e+01 -4.773594665527343750e+01 2.138329505920410156e+00 1.924644351005554199e+00 -9.961031913757324219e+00
1.651449203491210938e+01 5.701602935791015625e+01 -4.793651962280273438e+01 2.221029281616210938e+00 2.115683794021606445e+00 -1.004536724090576172e+01
1.654634666442871094e+01 5.708198165893554688e+01 -4.813041305541992188e+01 2.183116436004638672e+00 2.328944921493530273e+00 -9.995491981506347656e+00
1.658217430114746094e+01 5.712989044189453125e+01 -4.833943176269531250e+01 2.177598714828491211e+00 2.594552040100097656e+00 -1.019058704376220703e+01
1.663171577453613281e+01 5.719167709350585938e+01 -4.854547500610351562e+01 2.222336530685424805e+00 2.928762912750244141e+00 -1.062021827697753906e+01
1.667332649230957031e+01 5.724855804443359375e+01 -4.876420974731445312e+01 2.374732494354248047e+00 2.999703884124755859e+00 -1.089711761474609375e+01
1.672662925720214844e+01 5.732663345336914062e+01 -4.898402404785156250e+01 2.419284105300903320e+00 3.122660160064697266e+00 -1.109489822387695312e+01
1.676950836181640625e+01 5.739982604980468750e+01 -4.921382141113281250e+01 2.487530708312988281e+00 3.420789480209350586e+00 -1.114859390258789062e+01
1.682433509826660156e+01 5.747560119628906250e+01 -4.943984985351562500e+01 2.547913551330566406e+00 3.663091897964477539e+00 -1.139048576354980469e+01
1.688512611389160156e+01 5.756978607177734375e+01 -4.966779708862304688e+01 2.626162528991699219e+00 3.578195333480834961e+00 -1.161922645568847656e+01
1.694048881530761719e+01 5.762953186035156250e+01 -4.991510391235351562e+01 2.817756652832031250e+00 3.679662466049194336e+00 -1.183875656127929688e+01
1.698817634582519531e+01 5.771659851074218750e+01 -5.015771102905273438e+01 2.603902578353881836e+00 3.798510551452636719e+00 -1.209474563598632812e+01
1.706445503234863281e+01 5.782946777343750000e+01 -5.051418685913085938e+01 2.645175218582153320e+00 4.036603927612304688e+00 -1.228690624237060547e+01
1.712202835083007812e+01 5.791783905029296875e+01 -5.076338577270507812e+01 2.743054866790771484e+00 4.130126476287841797e+00 -1.236605262756347656e+01
1.718559455871582031e+01 5.800364685058593750e+01 -5.103003311157226562e+01 2.691925764083862305e+00 4.114564418792724609e+00 -1.248225975036621094e+01
1.724641990661621094e+01 5.809120559692382812e+01 -5.128330612182617188e+01 2.629367351531982422e+00 4.052421569824218750e+00 -1.253827571868896484e+01
1.729710388183593750e+01 5.818635177612304688e+01 -5.154330062866210938e+01 2.717129230499267578e+00 3.996525764465332031e+00 -1.278160667419433594e+01
1.734940338134765625e+01 5.826880645751953125e+01 -5.178974533081054688e+01 2.580045223236083984e+00 3.841947793960571289e+00 -1.296611976623535156e+01
1.739229774475097656e+01 5.834993362426757812e+01 -5.204110717773437500e+01 2.418061256408691406e+00 3.850813150405883789e+00 -1.298803234100341797e+01
1.743442344665527344e+01 5.839805603027343750e+01 -5.229788208007812500e+01 2.497411727905273438e+00 3.768617153167724609e+00 -1.324763393402099609e+01
1.748463439941406250e+01 5.849042892456054688e+01 -5.255006790161132812e+01 2.579797744750976562e+00 3.766627788543701172e+00 -1.338783836364746094e+01
1.754318809509277344e+01 5.855371475219726562e+01 -5.281953811645507812e+01 2.565454721450805664e+00 3.506182909011840820e+00 -1.308634090423583984e+01
1.759050178527832031e+01 5.862873840332031250e+01 -5.307891464233398438e+01 2.675770521163940430e+00 3.146888971328735352e+00 -1.291036415100097656e+01
1.763498306274414062e+01 5.867955780029296875e+01 -5.333058929443359375e+01 2.827339410781860352e+00 3.097524404525756836e+00 -1.303866863250732422e+01
1.768452453613281250e+01 5.876301956176757812e+01 -5.359177398681640625e+01 2.628823518753051758e+00 3.185974121093750000e+00 -1.310777473449707031e+01
1.774512100219726562e+01 5.881532287597656250e+01 -5.385745620727539062e+01 2.517316102981567383e+00 2.970306158065795898e+00 -1.317516899108886719e+01
1.779179573059082031e+01 5.886159515380859375e+01 -5.411577987670898438e+01 2.432396411895751953e+00 2.946825981140136719e+00 -1.317404460906982422e+01
1.784821510314941406e+01 5.892333602905273438e+01 -5.437889862060546875e+01 2.393856763839721680e+00 2.886905670166015625e+00 -1.321792316436767578e+01
1.788825798034667969e+01 5.897761917114257812e+01 -5.463835144042968750e+01 2.695517539978027344e+00 2.747541666030883789e+00 -1.318818378448486328e+01
1.794650650024414062e+01 5.901736068725585938e+01 -5.489449310302734375e+01 2.632642745971679688e+00 2.776402950286865234e+00 -1.318856620788574219e+01
1.800025939941406250e+01 5.906469726562500000e+01 -5.514019012451171875e+01 2.520414113998413086e+00 2.485300302505493164e+00 -1.332050418853759766e+01
1.803801345825195312e+01 5.911444854736328125e+01 -5.539527511596679688e+01 2.516156911849975586e+00 2.448070287704467773e+00 -1.297862720489501953e+01
1.807936096191406250e+01 5.915354156494140625e+01 -5.564781951904296875e+01 2.596345186233520508e+00 2.478517770767211914e+00 -1.285369586944580078e+01
1.816942596435546875e+01 5.922838973999023438e+01 -5.602639389038085938e+01 2.618896007537841797e+00 2.319283008575439453e+00 -1.286369419097900391e+01
1.822081375122070312e+01 5.925804901123046875e+01 -5.626428985595703125e+01 2.749809026718139648e+00 2.171024799346923828e+00 -1.278379058837890625e+01
1.826585578918457031e+01 5.932747650146484375e+01 -5.652143859863281250e+01 2.477648019790649414e+00 2.233048677444458008e+00 -1.276035118103027344e+01
1.829827499389648438e+01 5.935527801513671875e+01 -5.675978851318359375e+01 2.539628505706787109e+00 2.325760602951049805e+00 -1.287588119506835938e+01
1.835201263427734375e+01 5.938473892211914062e+01 -5.701897048950195312e+01 2.528962135314941406e+00 2.349951982498168945e+00 -1.278518104553222656e+01
1.840456962585449219e+01 5.944132614135742188e+01 -5.726112747192382812e+01 2.562891006469726562e+00 2.279681921005249023e+00 -1.294661331176757812e+01
1.846216201782226562e+01 5.948632049560546875e+01 -5.751040649414062500e+01 2.510236978530883789e+00 2.198776960372924805e+00 -1.273598003387451172e+01
1.850180244445800781e+01 5.952952575683593750e+01 -5.776113510131835938e+01 2.338812828063964844e+00 2.251119375228881836e+00 -1.274643993377685547e+01
1.854118919372558594e+01 5.958259201049804688e+01 -5.801555633544921875e+01 2.335525512695312500e+00 2.004706144332885742e+00 -1.292812252044677734e+01
1.859342002868652344e+01 5.959801101684570312e+01 -5.825644302368164062e+01 2.498707532882690430e+00 1.919689655303955078e+00 -1.291487026214599609e+01
1.863589859008789062e+01 5.964585113525390625e+01 -5.851043319702148438e+01 2.549306392669677734e+00 1.894144535064697266e+00 -1.293806171417236328e+01
1.868853378295898438e+01 5.968099212646484375e+01 -5.877349472045898438e+01 2.440432786941528320e+00 1.824291825294494629e+00 -1.294663429260253906e+01
1.872803306579589844e+01 5.971271133422851562e+01 -5.903686904907226562e+01 2.378941297531127930e+00 1.636057496070861816e+00 -1.302125740051269531e+01
1.878574943542480469e+01 5.974858474731445312e+01 -5.928065872192382812e+01 2.244261026382446289e+00 1.417302966117858887e+00 -1.294093227386474609e+01
1.882976913452148438e+01 5.976142120361328125e+01 -5.953922271728515625e+01 2.124499320983886719e+00 1.188887596130371094e+00 -1.261456775665283203e+01
1.886209297180175781e+01 5.978676986694335938e+01 -5.977398681640625000e+01 2.266467571258544922e+00 9.578069448471069336e-01 -1.240212154388427734e+01
1.890776634216308594e+01 5.980844879150390625e+01 -6.002160644531250000e+01 2.398130655288696289e+00 7.306559681892395020e-01 -1.246087360382080078e+01
1.896561050415039062e+01 5.981800460815429688e+01 -6.024752807617187500e+01 2.606629371643066406e+00 7.686379551887512207e-01 -1.246909999847412109e+01
1.900858688354492188e+01 5.982487106323242188e+01 -6.049889755249023438e+01 2.070777893066406250e+00 7.623419165611267090e-01 -1.202733802795410156e+01
1.904874801635742188e+01 5.984799957275390625e+01 -6.071566009521484375e+01 1.802988886833190918e+00 7.059506177902221680e-01 -1.178311157226562500e+01
1.910908699035644531e+01 5.985040283203125000e+01 -6.107140350341796875e+01 2.092681884765625000e+00 2.813551425933837891e-01 -1.149471473693847656e+01
1.914443969726562500e+01 5.985209655761718750e+01 -6.128158950805664062e+01 2.156413793563842773e+00 2.791174314916133881e-02 -1.134841918945312500e+01
1.917920684814453125e+01 5.984777069091796875e+01 -6.150506973266601562e+01 2.006825923919677734e+00 -2.165492624044418335e-01 -1.133368778228759766e+01
1.923558235168457031e+01 5.985212326049804688e+01 -6.171067047119140625e+01 2.103143453598022461e+00 -3.105220757424831390e-02 -1.138462257385253906e+01
1.926227951049804688e+01 5.985314559936523438e+01 -6.193601226806640625e+01 1.980190873146057129e+00 1.894344091415405273e-01 -1.097069358825683594e+01
1.930274963378906250e+01 5.985782623291015625e+01 -6.213865661621093750e+01 1.986508011817932129e+00 2.322949469089508057e-01 -1.085757064819335938e+01
1.934327888488769531e+01 5.985086822509765625e+01 -6.232850646972656250e+01 2.036143064498901367e+00 1.133333146572113037e-01 -1.077873611450195312e+01
1.939302062988281250e+01 5.985495376586914062e+01 -6.255184173583984375e+01 2.043259382247924805e+00 1.436291337013244629e-01 -1.085212039947509766e+01
1.944058418273925781e+01 5.985562133789062500e+01 -6.274190139770507812e+01 2.180373430252075195e+00 3.370153531432151794e-02 -1.037631416320800781e+01
1.946622848510742188e+01 5.987308120727539062e+01 -6.295073318481445312e+01 2.049090385437011719e+00 9.420549869537353516e-02 -1.033678913116455078e+01
1.951177978515625000e+01 5.987897872924804688e+01 -6.315459060668945312e+01 1.885631680488586426e+00 1.738668680191040039e-01 -1.037059783935546875e+01
1.953589630126953125e+01 5.988357925415039062e+01 -6.336808776855468750e+01 1.950099110603332520e+00 1.132471635937690735e-01 -1.038580036163330078e+01
1.955106544494628906e+01 5.986024856567382812e+01 -6.356988143920898438e+01 1.874694228172302246e+00 -9.487889707088470459e-02 -1.032869148254394531e+01
1.960353851318359375e+01 5.985017776489257812e+01 -6.377695846557617188e+01 1.734872937202453613e+00 -3.623260557651519775e-01 -1.021643829345703125e+01
1.965120124816894531e+01 5.983116912841796875e+01 -6.396691131591796875e+01 1.830855369567871094e+00 -5.030483007431030273e-01 -1.022169876098632812e+01
1.971352386474609375e+01 5.980908203125000000e+01 -6.416269683837890625e+01 2.031495332717895508e+00 -3.964059054851531982e-01 -1.002703666687011719e+01
1.976800727844238281e+01 5.981306457519531250e+01 -6.436190032958984375e+01 2.244563341140747070e+00 -1.828666627407073975e-01 -9.944323539733886719e+00
1.982914733886718750e+01 5.981973648071289062e+01 -6.456230926513671875e+01 2.134057521820068359e+00 -4.101673141121864319e-02 -9.864810943603515625e+00
1.984710311889648438e+01 5.984638977050781250e+01 -6.476242828369140625e+01 1.895098567008972168e+00 -1.789901703596115112e-01 -9.878339767456054688e+00
1.985118675231933594e+01 5.984067153930664062e+01 -6.495425415039062500e+01 1.603829145431518555e+00 -3.707753717899322510e-01 -9.760830879211425781e+00
1.987421798706054688e+01 5.981620788574218750e+01 -6.513642883300781250e+01 1.439379692077636719e+00 -4.489302337169647217e-01 -9.523195266723632812e+00
1.990408706665039062e+01 5.978209304809570312e+01 -6.541220092773437500e+01 1.477884531021118164e+00 -5.474915504455566406e-01 -9.174398422241210938e+00
1.995688819885253906e+01 5.977077484130859375e+01 -6.559939575195312500e+01 1.558126688003540039e+00 -3.345418274402618408e-01 -8.966359138488769531e+00
2.000511932373046875e+01 5.975967788696289062e+01 -6.577994537353515625e+01 1.723061561584472656e+00 -2.376853525638580322e-01 -8.949549674987792969e+00
2.004194831848144531e+01 5.978400421142578125e+01 -6.595092773437500000e+01 1.778995275497436523e+00 1.456231921911239624e-01 -8.720631599426269531e+00
2.007504081726074219e+01 5.980170822143554688e+01 -6.613970184326171875e+01 1.834598422050476074e+00 3.697351813316345215e-01 -8.953535079956054688e+00
2.010413169860839844e+01 5.982050323486328125e+01 -6.630686950683593750e+01 1.786073446273803711e+00 5.311564803123474121e-01 -9.026523590087890625e+00
2.013881492614746094e+01 5.983213043212890625e+01 -6.648688507080078125e+01 1.544805884361267090e+00 5.084506869316101074e-01 -8.751531600952148438e+00
2.015866851806640625e+01 5.983972930908203125e+01 -6.665966796875000000e+01 1.622580647468566895e+00 5.174084901809692383e-01 -8.502431869506835938e+00
2.019755172729492188e+01 5.985516738891601562e+01 -6.681772613525390625e+01 1.720360755920410156e+00 6.865627169609069824e-01 -8.443571090698242188e+00
2.024911689758300781e+01 5.987336730957031250e+01 -6.698331451416015625e+01 1.965724349021911621e+00 9.725232124328613281e-01 -8.384383201599121094e+00
2.028951263427734375e+01 5.989823150634765625e+01 -6.715614318847656250e+01 1.800929069519042969e+00 1.239488720893859863e+00 -8.223274230957031250e+00
2.031805992126464844e+01 5.994824981689453125e+01 -6.730921173095703125e+01 1.480261564254760742e+00 1.375685930252075195e+00 -8.308777809143066406e+00
2.033659362792968750e+01 5.998758316040039062e+01 -6.747238922119140625e+01 1.438871145248413086e+00 1.224695801734924316e+00 -8.463672637939453125e+00
2.034796714782714844e+01 6.002529525756835938e+01 -6.764914703369140625e+01 1.406343698501586914e+00 1.147376298904418945e+00 -8.478977203369140625e+00
2.036582183837890625e+01 6.003400039672851562e+01 -6.780620574951171875e+01 1.662316799163818359e+00 1.068194985389709473e+00 -8.495748519897460938e+00
2.040342140197753906e+01 6.004472351074218750e+01 -6.796760559082031250e+01 1.914294481277465820e+00 1.162732243537902832e+00 -8.449511528015136719e+00
2.044260787963867188e+01 6.007011032104492188e+01 -6.813187408447265625e+01 2.078962564468383789e+00 1.202197670936584473e+00 -8.308115005493164062e+00
2.050048065185546875e+01 6.007381057739257812e+01 -6.829715728759765625e+01 2.025861024856567383e+00 1.001530647277832031e+00 -8.545969009399414062e+00
2.053760910034179688e+01 6.011525726318359375e+01 -6.847226715087890625e+01 2.040199756622314453e+00 1.502131223678588867e+00 -8.806915283203125000e+00
2.060683631896972656e+01 6.015293502807617188e+01 -6.863658142089843750e+01 2.125072002410888672e+00 1.895555496215820312e+00 -9.082222938537597656e+00
2.065899467468261719e+01 6.021329498291015625e+01 -6.880588531494140625e+01 2.039214372634887695e+00 1.905765056610107422e+00 -9.206665992736816406e+00
2.069570541381835938e+01 6.032173538208007812e+01 -6.907565307617187500e+01 1.888314962387084961e+00 2.275709629058837891e+00 -9.180560111999511719e+00
2.071404266357421875e+01 6.036231231689453125e+01 -6.926644134521484375e+01 1.745891094207763672e+00 2.185339689254760742e+00 -9.418168067932128906e+00
2.074423599243164062e+01 6.043055343627929688e+01 -6.945447540283203125e+01 1.663285017013549805e+00 1.815826773643493652e+00 -9.397261619567871094e+00
2.074333000183105469e+01 6.045816802978515625e+01 -6.964064025878906250e+01 1.517839670181274414e+00 1.680034279823303223e+00 -9.317281723022460938e+00
2.077586936950683594e+01 6.045201110839843750e+01 -6.982135009765625000e+01 1.702755570411682129e+00 1.415588140487670898e+00 -9.931538581848144531e+00
2.080295181274414062e+01 6.045841979980468750e+01 -7.000907135009765625e+01 2.020917415618896484e+00 1.324498891830444336e+00 -9.863225936889648438e+00
2.086826896667480469e+01 6.046233367919921875e+01 -7.019775390625000000e+01 2.183940172195434570e+00 1.267175793647766113e+00 -9.833729743957519531e+00
2.093037605285644531e+01 6.049763488769531250e+01 -7.038899230957031250e+01 2.418467760086059570e+00 1.152397751808166504e+00 -9.780086517333984375e+00
2.099573898315429688e+01 6.051123046875000000e+01 -7.058255767822265625e+01 2.689138174057006836e+00 1.392372369766235352e+00 -1.003332042694091797e+01
2.106991958618164062e+01 6.056175613403320312e+01 -7.077715301513671875e+01 2.613924264907836914e+00 1.773948788642883301e+00 -1.019476985931396484e+01
2.111231994628906250e+01 6.062450790405273438e+01 -7.099018096923828125e+01 2.577214241027832031e+00 1.866659998893737793e+00 -1.033328628540039062e+01
2.115361022949218750e+01 6.067837142944335938e+01 -7.120054626464843750e+01 2.179013490676879883e+00 1.995459556579589844e+00 -1.047757339477539062e+01
2.119350051879882812e+01 6.072161865234375000e+01 -7.140749359130859375e+01 1.745714187622070312e+00 1.937698245048522949e+00 -1.031755352020263672e+01
2.119298362731933594e+01 6.075449752807617188e+01 -7.160767364501953125e+01 1.881145834922790527e+00 1.805892944335937500e+00 -1.044649791717529297e+01
2.123972511291503906e+01 6.076043319702148438e+01 -7.180705261230468750e+01 2.141650676727294922e+00 1.672257065773010254e+00 -1.065330505371093750e+01
2.128633689880371094e+01 6.079249954223632812e+01 -7.201264953613281250e+01 2.095629453659057617e+00 1.742161393165588379e+00 -1.059453964233398438e+01
2.132915115356445312e+01 6.083371353149414062e+01 -7.221450042724609375e+01 2.048094034194946289e+00 1.653971552848815918e+00 -1.054217338562011719e+01
2.134377861022949219e+01 6.087762069702148438e+01 -7.241909790039062500e+01 1.956529974937438965e+00 1.501557111740112305e+00 -1.072397613525390625e+01
2.137328338623046875e+01 6.090055465698242188e+01 -7.262829589843750000e+01 1.840791225433349609e+00 1.409240841865539551e+00 -1.074839687347412109e+01
2.140076255798339844e+01 6.091276550292968750e+01 -7.284249114990234375e+01 2.007474184036254883e+00 1.145480275154113770e+00 -1.055794334411621094e+01
2.144385719299316406e+01 6.093350982666015625e+01 -7.304822540283203125e+01 2.275000095367431641e+00 1.293992757797241211e+00 -1.036595439910888672e+01
2.153274154663085938e+01 6.096212005615234375e+01 -7.335827636718750000e+01 2.371216297149658203e+00 1.452077746391296387e+00 -1.051609134674072266e+01
2.158841514587402344e+01 6.101071548461914062e+01 -7.356163024902343750e+01 2.357755422592163086e+00 1.590490579605102539e+00 -1.040966987609863281e+01
2.161709594726562500e+01 6.105241775512695312e+01 -7.376422119140625000e+01 2.084157228469848633e+00 1.635290980339050293e+00 -1.055304050445556641e+01
2.166833496093750000e+01 6.108149719238281250e+01 -7.397768402099609375e+01 1.969860792160034180e+00 1.508373022079467773e+00 -1.055795764923095703e+01
2.171707725524902344e+01 6.111428833007812500e+01 -7.417271423339843750e+01 2.050300598144531250e+00 1.615543842315673828e+00 -1.048727226257324219e+01
2.175921058654785156e+01 6.115754699707031250e+01 -7.437484741210937500e+01 2.235324144363403320e+00 1.647427082061767578e+00 -1.018691921234130859e+01
2.181893920898437500e+01 6.120537948608398438e+01 -7.456893157958984375e+01 2.262243747711181641e+00 1.838796973228454590e+00 -1.036584758758544922e+01
2.186046600341796875e+01 6.124264144897460938e+01 -7.477375030517578125e+01 2.294550895690917969e+00 1.743021488189697266e+00 -1.037555122375488281e+01
2.188375282287597656e+01 6.127343750000000000e+01 -7.496745300292968750e+01 1.867939949035644531e+00 1.780259490013122559e+00 -1.030558013916015625e+01
2.192157173156738281e+01 6.129841995239257812e+01 -7.515907287597656250e+01 1.698176383972167969e+00 1.477857947349548340e+00 -1.029582977294921875e+01
2.194560050964355469e+01 6.130672454833984375e+01 -7.533617401123046875e+01 1.723243355751037598e+00 1.256142854690551758e+00 -1.000291442871093750e+01
2.197828102111816406e+01 6.131070327758789062e+01 -7.552978515625000000e+01 1.982396364212036133e+00 1.067638993263244629e+00 -9.922672271728515625e+00
2.202678871154785156e+01 6.133441925048828125e+01 -7.572685241699218750e+01 2.011972427368164062e+00 1.258782029151916504e+00 -9.717018127441406250e+00
2.206461524963378906e+01 6.134062194824218750e+01 -7.590917968750000000e+01 1.879296422004699707e+00 1.152656197547912598e+00 -9.407269477844238281e+00
2.209379768371582031e+01 6.136274337768554688e+01 -7.608692169189453125e+01 1.760335922241210938e+00 1.062529563903808594e+00 -9.331562042236328125e+00
2.213280105590820312e+01 6.139071655273437500e+01 -7.625815582275390625e+01 1.835055470466613770e+00 1.258478522300720215e+00 -9.451302528381347656e+00
2.217952537536621094e+01 6.140311050415039062e+01 -7.642864990234375000e+01 1.708246827125549316e+00 1.297470927238464355e+00 -9.208305358886718750e+00
2.220517921447753906e+01 6.142083740234375000e+01 -7.659632110595703125e+01 1.679966807365417480e+00 1.381229996681213379e+00 -9.185316085815429688e+00
2.222826957702636719e+01 6.145062637329101562e+01 -7.677316284179687500e+01 1.669694662094116211e+00 1.372212171554565430e+00 -9.072815895080566406e+00
2.226489639282226562e+01 6.146031570434570312e+01 -7.694271087646484375e+01 2.006351232528686523e+00 1.448782444000244141e+00 -8.661971092224121094e+00
2.230834007263183594e+01 6.147822570800781250e+01 -7.709172058105468750e+01 1.929425716400146484e+00 1.439641594886779785e+00 -8.570069313049316406e+00
2.236668395996093750e+01 6.153638839721679688e+01 -7.732880401611328125e+01 1.726083874702453613e+00 1.733116149902343750e+00 -8.395975112915039062e+00
2.240184211730957031e+01 6.156871032714843750e+01 -7.747927093505859375e+01 1.669088363647460938e+00 1.898745656013488770e+00 -8.385969161987304688e+00
2.240825462341308594e+01 6.160427093505859375e+01 -7.764141845703125000e+01 1.612426042556762695e+00 1.748952150344848633e+00 -8.354439735412597656e+00
2.243217277526855469e+01 6.162367248535156250e+01 -7.779208374023437500e+01 1.606321215629577637e+00 1.723792910575866699e+00 -8.283353805541992188e+00
2.244800186157226562e+01 6.165629196166992188e+01 -7.794026947021484375e+01 1.574089169502258301e+00 1.686887145042419434e+00 -8.049008369445800781e+00
2.248662376403808594e+01 6.166083526611328125e+01 -7.809291839599609375e+01 1.845366835594177246e+00 1.822562575340270996e+00 -7.933134078979492188e+00
2.255134773254394531e+01 6.169755554199218750e+01 -7.822924041748046875e+01 2.017487525939941406e+00 2.034426689147949219e+00 -7.662694454193115234e+00
2.259537696838378906e+01 6.173907470703125000e+01 -7.839638519287109375e+01 2.172223567962646484e+00 2.536943912506103516e+00 -7.847565174102783203e+00
2.265356254577636719e+01 6.180675888061523438e+01 -7.853955841064453125e+01 2.253527879714965820e+00 2.658888578414916992e+00 -7.916310787200927734e+00
2.268091773986816406e+01 6.185997009277343750e+01 -7.869182586669921875e+01 1.891227245330810547e+00 2.980412006378173828e+00 -7.999911308288574219e+00
2.268758964538574219e+01 6.192210769653320312e+01 -7.885013580322265625e+01 1.743385195732116699e+00 2.973136901855468750e+00 -7.949029445648193359e+00
2.272447776794433594e+01 6.198359298706054688e+01 -7.899858093261718750e+01 1.454652428627014160e+00 3.086554765701293945e+00 -7.934700965881347656e+00
2.274690818786621094e+01 6.204164505004882812e+01 -7.915940093994140625e+01 1.710749983787536621e+00 3.083419084548950195e+00 -8.040753364562988281e+00
2.276756286621093750e+01 6.209913253784179688e+01 -7.930684661865234375e+01 1.694410800933837891e+00 3.146598100662231445e+00 -8.132361412048339844e+00
2.279891395568847656e+01 6.216033554077148438e+01 -7.946456146240234375e+01 1.906201124191284180e+00 3.014830112457275391e+00 -8.036293029785156250e+00
2.283619880676269531e+01 6.220387649536132812e+01 -7.964288330078125000e+01 2.025847911834716797e+00 3.098112821578979492e+00 -8.075852394104003906e+00
2.286891746520996094e+01 6.226382064819335938e+01 -7.979350280761718750e+01 2.158769845962524414e+00 3.084398031234741211e+00 -8.040048599243164062e+00
2.291813468933105469e+01 6.229836273193359375e+01 -7.995403289794921875e+01 2.121039628982543945e+00 3.206097841262817383e+00 -8.166450500488281250e+00
2.297904777526855469e+01 6.236738586425781250e+01 -8.010340881347656250e+01 2.331675767898559570e+00 3.420177221298217773e+00 -8.402758598327636719e+00
2.305579185485839844e+01 6.245867919921875000e+01 -8.027685546875000000e+01 2.555346488952636719e+00 3.724215507507324219e+00 -8.478832244873046875e+00
2.310397148132324219e+01 6.255359649658203125e+01 -8.044366455078125000e+01 2.451370954513549805e+00 4.033686161041259766e+00 -8.420698165893554688e+00
2.315976715087890625e+01 6.268935394287109375e+01 -8.070541381835937500e+01 2.053692579269409180e+00 4.308094501495361328e+00 -8.597640037536621094e+00
2.319538307189941406e+01 6.276667785644531250e+01 -8.087163543701171875e+01 1.948971271514892578e+00 4.312205791473388672e+00 -8.733068466186523438e+00
2.321803092956542969e+01 6.285370254516601562e+01 -8.105009460449218750e+01 1.598236441612243652e+00 4.146398544311523438e+00 -8.789096832275390625e+00
2.321762466430664062e+01 6.291054534912109375e+01 -8.122668457031250000e+01 1.675339579582214355e+00 3.823229789733886719e+00 -8.895329475402832031e+00
2.326984596252441406e+01 6.297053909301757812e+01 -8.140661621093750000e+01 1.699648976325988770e+00 3.576534748077392578e+00 -8.843914985656738281e+00
2.328321456909179688e+01 6.301593017578125000e+01 -8.158720397949218750e+01 1.973469018936157227e+00 3.490174770355224609e+00 -9.032820701599121094e+00
2.334693908691406250e+01 6.306648254394531250e+01 -8.175428009033203125e+01 2.326874971389770508e+00 3.361511230468750000e+00 -8.846059799194335938e+00
2.341958999633789062e+01 6.312610244750976562e+01 -8.192343139648437500e+01 2.512291908264160156e+00 3.446292400360107422e+00 -8.911467552185058594e+00
2.349404907226562500e+01 6.320616912841796875e+01 -8.211648559570312500e+01 2.669501543045043945e+00 3.686957120895385742e+00 -9.169254302978515625e+00
2.355565452575683594e+01 6.329952621459960938e+01 -8.229892730712890625e+01 2.810413122177124023e+00 4.034924030303955078e+00 -9.141415596008300781e+00
2.361012840270996094e+01 6.339968872070312500e+01 -8.248609161376953125e+01 2.513421535491943359e+00 4.404930114746093750e+00 -9.255506515502929688e+00
2.364105987548828125e+01 6.350492477416992188e+01 -8.266597747802734375e+01 2.206278562545776367e+00 4.550219535827636719e+00 -9.479400634765625000e+00
2.365346336364746094e+01 6.360915756225585938e+01 -8.286338043212890625e+01 1.727687478065490723e+00 4.248388767242431641e+00 -9.406044006347656250e+00
2.366971969604492188e+01 6.366936111450195312e+01 -8.304753875732421875e+01 1.530675649642944336e+00 4.041925430297851562e+00 -9.404730796813964844e+00
2.369587898254394531e+01 6.374040985107421875e+01 -8.323632049560546875e+01 1.577520251274108887e+00 3.529788255691528320e+00 -9.437775611877441406e+00
2.371921730041503906e+01 6.376293945312500000e+01 -8.342269134521484375e+01 1.749603986740112305e+00 3.200781822204589844e+00 -9.386000633239746094e+00
2.375476837158203125e+01 6.379959487915039062e+01 -8.361156463623046875e+01 2.138050556182861328e+00 3.117364168167114258e+00 -9.216026306152343750e+00
2.382725906372070312e+01 6.385202026367187500e+01 -8.379322052001953125e+01 2.215899467468261719e+00 3.022173404693603516e+00 -9.442554473876953125e+00
2.387117576599121094e+01 6.389155960083007812e+01 -8.398412322998046875e+01 2.354759454727172852e+00 2.938032388687133789e+00 -9.451636314392089844e+00
2.393468666076660156e+01 6.395653533935546875e+01 -8.415875244140625000e+01 2.904837846755981445e+00 3.167161464691162109e+00 -9.565346717834472656e+00
2.403719711303710938e+01 6.405984497070312500e+01 -8.444627380371093750e+01 2.831340074539184570e+00 3.608236074447631836e+00 -9.524563789367675781e+00
2.409786796569824219e+01 6.412590789794921875e+01 -8.463214874267578125e+01 2.663219928741455078e+00 3.557500362396240234e+00 -9.236671447753906250e+00
2.414385795593261719e+01 6.423323059082031250e+01 -8.482100677490234375e+01 2.505732059478759766e+00 3.443134784698486328e+00 -9.243846893310546875e+00
2.417273139953613281e+01 6.429883575439453125e+01 -8.500327301025390625e+01 2.208055257797241211e+00 3.644606590270996094e+00 -9.377621650695800781e+00
2.420567131042480469e+01 6.437791442871093750e+01 -8.516893768310546875e+01 2.073090791702270508e+00 3.818085193634033203e+00 -9.471873283386230469e+00
2.424128150939941406e+01 6.446499633789062500e+01 -8.536292266845703125e+01 1.789747834205627441e+00 3.760191202163696289e+00 -9.401701927185058594e+00
2.427450180053710938e+01 6.454109191894531250e+01 -8.554840087890625000e+01 1.824396729469299316e+00 3.604017496109008789e+00 -9.467952728271484375e+00
2.429077148437500000e+01 6.460118865966796875e+01 -8.573232269287109375e+01 1.872678518295288086e+00 3.192621946334838867e+00 -9.558883666992187500e+00
2.431577301025390625e+01 6.464840698242187500e+01 -8.591339111328125000e+01 1.866107702255249023e+00 3.124159336090087891e+00 -9.342693328857421875e+00
2.434784126281738281e+01 6.470385742187500000e+01 -8.609940338134765625e+01 1.976021885871887207e+00 3.054510593414306641e+00 -9.161805152893066406e+00
2.436348152160644531e+01 6.475566864013671875e+01 -8.628713989257812500e+01 1.869261384010314941e+00 2.926014661788940430e+00 -9.243071556091308594e+00
2.441841316223144531e+01 6.480497741699218750e+01 -8.647003173828125000e+01 1.993543863296508789e+00 2.860246658325195312e+00 -9.253046035766601562e+00
2.445482254028320312e+01 6.484197235107421875e+01 -8.665885925292968750e+01 2.184855461120605469e+00 2.746814250946044922e+00 -9.109782218933105469e+00
2.451584053039550781e+01 6.488130187988281250e+01 -8.683992767333984375e+01 2.494223117828369141e+00 2.980248928070068359e+00 -9.122397422790527344e+00
2.458766555786132812e+01 6.494766998291015625e+01 -8.701959228515625000e+01 2.687636852264404297e+00 3.103620767593383789e+00 -9.083143234252929688e+00
2.465886688232421875e+01 6.502384948730468750e+01 -8.720132446289062500e+01 2.485959291458129883e+00 3.429096460342407227e+00 -9.051729202270507812e+00
2.471637535095214844e+01 6.510020446777343750e+01 -8.736898040771484375e+01 2.333062648773193359e+00 3.448134899139404297e+00 -9.019408226013183594e+00
2.475050163269042969e+01 6.519496917724609375e+01 -8.756044769287109375e+01 2.217453002929687500e+00 3.407525539398193359e+00 -9.171015739440917969e+00
2.478416824340820312e+01 6.526443481445312500e+01 -8.773423004150390625e+01 2.139434814453125000e+00 3.624359846115112305e+00 -9.073296546936035156e+00
2.481511116027832031e+01 6.533381652832031250e+01 -8.791458129882812500e+01 1.913633108139038086e+00 3.512421369552612305e+00 -8.963140487670898438e+00
2.482408714294433594e+01 6.541213226318359375e+01 -8.809155273437500000e+01 1.630164265632629395e+00 3.238892316818237305e+00 -8.991443634033203125e+00
2.485483360290527344e+01 6.549456787109375000e+01 -8.834290313720703125e+01 1.533656120300292969e+00 3.309791803359985352e+00 -8.691914558410644531e+00
2.487540054321289062e+01 6.554421997070312500e+01 -8.851844024658203125e+01 1.388502120971679688e+00 2.933685779571533203e+00 -8.700720787048339844e+00
2.490712165832519531e+01 6.557062530517578125e+01 -8.869573211669921875e+01 1.524631619453430176e+00 2.665821790695190430e+00 -8.672664642333984375e+00
2.494903755187988281e+01 6.561005401611328125e+01 -8.886151123046875000e+01 1.653012752532958984e+00 2.469511270523071289e+00 -8.662543296813964844e+00
2.499495887756347656e+01 6.566120910644531250e+01 -8.902585601806640625e+01 2.002499341964721680e+00 2.684008598327636719e+00 -8.793107986450195312e+00
2.505516624450683594e+01 6.570783233642578125e+01 -8.919831085205078125e+01 2.247088909149169922e+00 2.901490449905395508e+00 -8.549829483032226562e+00
2.512342643737792969e+01 6.575842285156250000e+01 -8.936164855957031250e+01 2.471092939376831055e+00 3.048432111740112305e+00 -8.501289367675781250e+00
2.518231201171875000e+01 6.584695434570312500e+01 -8.953595733642578125e+01 2.566816806793212891e+00 3.279183864593505859e+00 -8.528652191162109375e+00
2.523662185668945312e+01 6.592116546630859375e+01 -8.970429229736328125e+01 2.512141942977905273e+00 3.643263816833496094e+00 -8.751681327819824219e+00
2.529189872741699219e+01 6.600009918212890625e+01 -8.986702728271484375e+01 2.476036310195922852e+00 3.915128946304321289e+00 -8.696190834045410156e+00
2.531859016418457031e+01 6.608117675781250000e+01 -9.004055023193359375e+01 2.263790130615234375e+00 3.911317825317382812e+00 -8.773114204406738281e+00
2.535797882080078125e+01 6.617735290527343750e+01 -9.020510864257812500e+01 1.902909040451049805e+00 3.996296644210815430e+00 -8.685189247131347656e+00
2.539913940429687500e+01 6.626969146728515625e+01 -9.038006591796875000e+01 1.706671595573425293e+00 4.016347885131835938e+00 -8.765276908874511719e+00
2.541608428955078125e+01 6.634774017333984375e+01 -9.054351043701171875e+01 1.538066029548645020e+00 3.996533870697021484e+00 -8.668734550476074219e+00
2.544721794128417969e+01 6.643986511230468750e+01 -9.071339416503906250e+01 1.625688076019287109e+00 3.818696737289428711e+00 -8.827826499938964844e+00
2.547319602966308594e+01 6.652216339111328125e+01 -9.090230560302734375e+01 1.497077465057373047e+00 3.677408456802368164e+00 -8.958258628845214844e+00
2.547649955749511719e+01 6.660107421875000000e+01 -9.106822967529296875e+01 1.539939641952514648e+00 3.846690654754638672e+00 -8.949438095092773438e+00
2.550694274902343750e+01 6.666582489013671875e+01 -9.124642944335937500e+01 1.788473606109619141e+00 3.604825019836425781e+00 -9.115570068359375000e+00
2.554785919189453125e+01 6.670944213867187500e+01 -9.141352081298828125e+01 1.980491638183593750e+00 3.322307348251342773e+00 -9.131909370422363281e+00
2.557104110717773438e+01 6.676136779785156250e+01 -9.159070587158203125e+01 2.055749177932739258e+00 3.183890104293823242e+00 -9.068440437316894531e+00
2.563332557678222656e+01 6.681819152832031250e+01 -9.176190185546875000e+01 2.202948808670043945e+00 3.349139213562011719e+00 -8.951543807983398438e+00
2.570470619201660156e+01 6.691582489013671875e+01 -9.203272247314453125e+01 2.640422821044921875e+00 3.541012287139892578e+00 -9.121590614318847656e+00
2.579295730590820312e+01 6.698632812500000000e+01 -9.221909332275390625e+01 2.696693420410156250e+00 3.687261581420898438e+00 -9.126110076904296875e+00
2.584201622009277344e+01 6.704640197753906250e+01 -9.239229583740234375e+01 2.797213792800903320e+00 3.674077987670898438e+00 -9.168278694152832031e+00
2.591424560546875000e+01 6.713698577880859375e+01 -9.256889343261718750e+01 2.704038619995117188e+00 3.910518407821655273e+00 -9.265060424804687500e+00
2.598871421813964844e+01 6.723030853271484375e+01 -9.275660705566406250e+01 2.649230480194091797e+00 3.977506637573242188e+00 -9.299849510192871094e+00
2.602902603149414062e+01 6.730783843994140625e+01 -9.293761444091796875e+01 2.624719142913818359e+00 4.022583484649658203e+00 -9.325286865234375000e+00
2.607304573059082031e+01 6.740777587890625000e+01 -9.311251068115234375e+01 2.183938980102539062e+00 4.006631851196289062e+00 -9.396732330322265625e+00
2.608669090270996094e+01 6.749939727783203125e+01 -9.329911041259765625e+01 1.837284207344055176e+00 4.080226421356201172e+00 -9.109903335571289062e+00
2.610703086853027344e+01 6.758175659179687500e+01 -9.346918487548828125e+01 1.394109368324279785e+00 3.999409675598144531e+00 -9.098510742187500000e+00
2.612391090393066406e+01 6.764959716796875000e+01 -9.364469909667968750e+01 1.462257862091064453e+00 3.449599027633666992e+00 -9.166979789733886719e+00
2.612736320495605469e+01 6.770955657958984375e+01 -9.382415771484375000e+01 1.444404125213623047e+00 3.282667398452758789e+00 -9.079630851745605469e+00
