1.103907942771911621e+00 2.260768413543701172e+00 -5.884840339422225952e-02
1.115482568740844727e+00 2.293462991714477539e+00 -7.079446315765380859e-02
1.121286988258361816e+00 2.329350709915161133e+00 -5.775143206119537354e-02
1.137213349342346191e+00 2.352723360061645508e+00 -4.606025293469429016e-02
1.160447478294372559e+00 2.419902801513671875e+00 -4.404158890247344971e-02
1.150052547454833984e+00 2.468497514724731445e+00 -2.958190068602561951e-02
1.160357832908630371e+00 2.498295545578002930e+00 -2.445372566580772400e-02
1.175009369850158691e+00 2.548531055450439453e+00 1.190363778732717037e-03
1.182072877883911133e+00 2.611089229583740234e+00 1.096977293491363525e-02
1.202065825462341309e+00 2.676826000213623047e+00 3.719517216086387634e-02
1.214890599250793457e+00 2.745692968368530273e+00 6.291455030441284180e-02
1.226240515708923340e+00 2.848075389862060547e+00 1.016441285610198975e-01
1.243550181388854980e+00 2.931914806365966797e+00 1.253782063722610474e-01
1.250574707984924316e+00 3.033243179321289062e+00 1.446540206670761108e-01
1.278541326522827148e+00 3.106431961059570312e+00 1.803178638219833374e-01
1.282171607017517090e+00 3.190551042556762695e+00 1.947942525148391724e-01
1.304418563842773438e+00 3.307515621185302734e+00 2.541337609291076660e-01
1.315591931343078613e+00 3.388217210769653320e+00 2.730323076248168945e-01
1.339308857917785645e+00 3.490957021713256836e+00 3.037703633308410645e-01
1.353661894798278809e+00 3.626274824142456055e+00 3.336443603038787842e-01
1.363291740417480469e+00 3.726382732391357422e+00 3.685657083988189697e-01
1.384828567504882812e+00 3.841447830200195312e+00 4.054715931415557861e-01
1.417988777160644531e+00 3.955797910690307617e+00 4.445456564426422119e-01
1.432560324668884277e+00 4.071499824523925781e+00 4.834877848625183105e-01
1.467369794845581055e+00 4.224851608276367188e+00 5.308662652969360352e-01
1.473815679550170898e+00 4.356050968170166016e+00 5.773918628692626953e-01
1.508965134620666504e+00 4.490807056427001953e+00 5.987794399261474609e-01
1.514465093612670898e+00 4.636386871337890625e+00 6.506377458572387695e-01
1.549575209617614746e+00 4.773067951202392578e+00 6.961626410484313965e-01
1.565314650535583496e+00 4.937210083007812500e+00 7.427077293395996094e-01
1.582960605621337891e+00 5.114305019378662109e+00 8.061549663543701172e-01
1.594175815582275391e+00 5.265924453735351562e+00 8.343663811683654785e-01
1.623161077499389648e+00 5.521621704101562500e+00 9.179583191871643066e-01
1.653805375099182129e+00 5.700832366943359375e+00 9.584356546401977539e-01
1.675965428352355957e+00 5.883963584899902344e+00 1.020753979682922363e+00
1.715853333473205566e+00 6.066674709320068359e+00 1.065129280090332031e+00
1.723794221878051758e+00 6.254308223724365234e+00 1.107351183891296387e+00
1.759933233261108398e+00 6.457612991333007812e+00 1.169306039810180664e+00
1.765793800354003906e+00 6.660559654235839844e+00 1.236402392387390137e+00
1.820946812629699707e+00 6.854879379272460938e+00 1.308521628379821777e+00
1.837553977966308594e+00 7.076719284057617188e+00 1.348582386970520020e+00
1.864964127540588379e+00 7.279881954193115234e+00 1.424029469490051270e+00
1.885792613029479980e+00 7.529067039489746094e+00 1.485521793365478516e+00
1.932399392127990723e+00 7.745202541351318359e+00 1.534373521804809570e+00
1.966324090957641602e+00 7.984116554260253906e+00 1.607679367065429688e+00
1.966582655906677246e+00 8.235944747924804688e+00 1.668217897415161133e+00
1.999721288681030273e+00 8.473907470703125000e+00 1.723193764686584473e+00
2.041795253753662109e+00 8.741217613220214844e+00 1.801660537719726562e+00
2.055220603942871094e+00 8.995120048522949219e+00 1.848753333091735840e+00
2.102022886276245117e+00 9.266459465026855469e+00 1.912175416946411133e+00
2.147769451141357422e+00 9.522533416748046875e+00 1.966775178909301758e+00
2.174755811691284180e+00 9.806657791137695312e+00 2.022852659225463867e+00
2.205946683883666992e+00 1.008310794830322266e+01 2.111006736755371094e+00
2.247679948806762695e+00 1.053686237335205078e+01 2.195137739181518555e+00
2.303565979003906250e+00 1.082417869567871094e+01 2.262186288833618164e+00
2.327849388122558594e+00 1.113823413848876953e+01 2.340362787246704102e+00
2.366008758544921875e+00 1.146169948577880859e+01 2.391060829162597656e+00
2.414604663848876953e+00 1.178399181365966797e+01 2.467809438705444336e+00
2.438480377197265625e+00 1.212716102600097656e+01 2.512944459915161133e+00
2.480429172515869141e+00 1.244701194763183594e+01 2.594079256057739258e+00
2.534088850021362305e+00 1.278466987609863281e+01 2.645183563232421875e+00
2.576576232910156250e+00 1.313544178009033203e+01 2.725413084030151367e+00
2.620752811431884766e+00 1.351333999633789062e+01 2.773546457290649414e+00
2.666005134582519531e+00 1.386266803741455078e+01 2.841500759124755859e+00
2.711166620254516602e+00 1.424973487854003906e+01 2.881886005401611328e+00
2.751218795776367188e+00 1.463229274749755859e+01 2.934766530990600586e+00
2.808977127075195312e+00 1.500457954406738281e+01 3.004758119583129883e+00
2.849788427352905273e+00 1.542884540557861328e+01 3.056710004806518555e+00
2.892397642135620117e+00 1.583005809783935547e+01 3.101561307907104492e+00
2.934071302413940430e+00 1.626055526733398438e+01 3.157874107360839844e+00
2.989306688308715820e+00 1.667067527770996094e+01 3.201445102691650391e+00
3.033557653427124023e+00 1.710583114624023438e+01 3.236153841018676758e+00
3.080950975418090820e+00 1.755892372131347656e+01 3.303268909454345703e+00
3.174123048782348633e+00 1.824134826660156250e+01 3.344868421554565430e+00
3.255446195602416992e+00 1.872372817993164062e+01 3.381419658660888672e+00
3.311803340911865234e+00 1.920824813842773438e+01 3.400631904602050781e+00
3.353693246841430664e+00 1.969490814208984375e+01 3.435190439224243164e+00
3.409067869186401367e+00 2.018633079528808594e+01 3.467034101486206055e+00
3.497819662094116211e+00 2.070763206481933594e+01 3.485214233398437500e+00
3.565773248672485352e+00 2.120606040954589844e+01 3.479823589324951172e+00
3.630912065505981445e+00 2.175876235961914062e+01 3.489652872085571289e+00
3.689105272293090820e+00 2.229119491577148438e+01 3.504707813262939453e+00
3.761038303375244141e+00 2.281958770751953125e+01 3.488698244094848633e+00
3.840233564376831055e+00 2.339213752746582031e+01 3.492251157760620117e+00
3.917500019073486328e+00 2.395102119445800781e+01 3.488634347915649414e+00
4.020693302154541016e+00 2.455503273010253906e+01 3.448065757751464844e+00
4.088457107543945312e+00 2.516244888305664062e+01 3.428482770919799805e+00
4.161343574523925781e+00 2.574539566040039062e+01 3.395896673202514648e+00
4.239901065826416016e+00 2.638481903076171875e+01 3.358975410461425781e+00
4.334157943725585938e+00 2.703227996826171875e+01 3.303842544555664062e+00
4.425711631774902344e+00 2.770484542846679688e+01 3.235332727432250977e+00
4.517580986022949219e+00 2.835922241210937500e+01 3.164944887161254883e+00
4.631020069122314453e+00 2.902251625061035156e+01 3.070614099502563477e+00
4.724852085113525391e+00 2.974625587463378906e+01 2.961848258972167969e+00
4.888076305389404297e+00 3.080912780761718750e+01 2.789598941802978516e+00
4.993601322174072266e+00 3.154091835021972656e+01 2.637128114700317383e+00
5.107817649841308594e+00 3.229988479614257812e+01 2.483717441558837891e+00
5.242743968963623047e+00 3.306495285034179688e+01 2.292365312576293945e+00
5.374948978424072266e+00 3.386963653564453125e+01 2.101763486862182617e+00
5.480399131774902344e+00 3.467544174194335938e+01 1.860844731330871582e+00
5.623400211334228516e+00 3.546999740600585938e+01 1.587207436561584473e+00
5.763042926788330078e+00 3.629919815063476562e+01 1.300441861152648926e+00
5.913304805755615234e+00 3.716178512573242188e+01 9.601870775222778320e-01
6.075189590454101562e+00 3.800200271606445312e+01 5.759059190750122070e-01
6.256737232208251953e+00 3.886072158813476562e+01 1.533993929624557495e-01
6.423780441284179688e+00 3.973485946655273438e+01 -3.091484606266021729e-01
6.588517189025878906e+00 4.060133743286132812e+01 -8.142092227935791016e-01
6.768032550811767578e+00 4.146381759643554688e+01 -1.404702425003051758e+00
6.950311660766601562e+00 4.228665161132812500e+01 -2.028888940811157227e+00
7.150893211364746094e+00 4.312144088745117188e+01 -2.725969076156616211e+00
7.363013744354248047e+00 4.391716766357421875e+01 -3.475491762161254883e+00
7.570841312408447266e+00 4.467532730102539062e+01 -4.263049602508544922e+00
7.757021427154541016e+00 4.537490844726562500e+01 -5.094083786010742188e+00
7.956868171691894531e+00 4.604995346069335938e+01 -5.971037864685058594e+00
8.166222572326660156e+00 4.667211151123046875e+01 -6.842147350311279297e+00
8.451506614685058594e+00 4.752099609375000000e+01 -8.214471817016601562e+00
8.628389358520507812e+00 4.801651763916015625e+01 -9.121878623962402344e+00
8.813775062561035156e+00 4.845219039916992188e+01 -1.003931522369384766e+01
9.009350776672363281e+00 4.885297393798828125e+01 -1.092227649688720703e+01
9.172845840454101562e+00 4.922332382202148438e+01 -1.178289413452148438e+01
9.321638107299804688e+00 4.955006027221679688e+01 -1.264634704589843750e+01
9.492383956909179688e+00 4.983670425415039062e+01 -1.347584629058837891e+01
9.645051956176757812e+00 5.012474441528320312e+01 -1.426634788513183594e+01
9.790056228637695312e+00 5.037357711791992188e+01 -1.506035232543945312e+01
9.913662910461425781e+00 5.059379196166992188e+01 -1.579592895507812500e+01
1.002507114410400391e+01 5.080712890625000000e+01 -1.653013610839843750e+01
1.015353965759277344e+01 5.100415039062500000e+01 -1.723314094543457031e+01
1.027799987792968750e+01 5.117621612548828125e+01 -1.789152717590332031e+01
1.038403415679931641e+01 5.133842849731445312e+01 -1.853331947326660156e+01
1.050333881378173828e+01 5.147005462646484375e+01 -1.917894744873046875e+01
1.059506511688232422e+01 5.162874603271484375e+01 -1.977190399169921875e+01
1.067967700958251953e+01 5.173097610473632812e+01 -2.032904815673828125e+01
1.078031158447265625e+01 5.183642959594726562e+01 -2.088582420349121094e+01
1.090021038055419922e+01 5.191941070556640625e+01 -2.141718673706054688e+01
1.100474643707275391e+01 5.200268173217773438e+01 -2.193303108215332031e+01
1.107901287078857422e+01 5.208751296997070312e+01 -2.243844795227050781e+01
1.122273159027099609e+01 5.218714904785156250e+01 -2.313091850280761719e+01
1.127210903167724609e+01 5.223995971679687500e+01 -2.358412933349609375e+01
1.137742996215820312e+01 5.230111694335937500e+01 -2.400885963439941406e+01
1.145150375366210938e+01 5.234934616088867188e+01 -2.442516708374023438e+01
1.150876235961914062e+01 5.238634872436523438e+01 -2.483566665649414062e+01
1.156814956665039062e+01 5.242810058593750000e+01 -2.522618484497070312e+01
1.163915538787841797e+01 5.244910430908203125e+01 -2.559963226318359375e+01
1.171595859527587891e+01 5.245909118652343750e+01 -2.596821975708007812e+01
1.176392745971679688e+01 5.249882888793945312e+01 -2.629739379882812500e+01
1.183417129516601562e+01 5.248711776733398438e+01 -2.663023185729980469e+01
1.186425876617431641e+01 5.252312088012695312e+01 -2.694654846191406250e+01
1.191172695159912109e+01 5.253006362915039062e+01 -2.727116775512695312e+01
1.197136497497558594e+01 5.254093933105468750e+01 -2.754720497131347656e+01
1.202209854125976562e+01 5.254377365112304688e+01 -2.781760597229003906e+01
1.205752372741699219e+01 5.256790542602539062e+01 -2.808346557617187500e+01
1.210569286346435547e+01 5.256274414062500000e+01 -2.834399414062500000e+01
1.213229084014892578e+01 5.255348587036132812e+01 -2.858517456054687500e+01
1.220066070556640625e+01 5.259155654907226562e+01 -2.879765701293945312e+01
1.223386669158935547e+01 5.260954666137695312e+01 -2.902959632873535156e+01
1.226053237915039062e+01 5.265025711059570312e+01 -2.923597526550292969e+01
1.229439735412597656e+01 5.267166137695312500e+01 -2.943402862548828125e+01
1.234033775329589844e+01 5.269545745849609375e+01 -2.972565460205078125e+01
1.239749908447265625e+01 5.273557662963867188e+01 -2.990853691101074219e+01
1.242654132843017578e+01 5.275738143920898438e+01 -3.006576728820800781e+01
1.245623397827148438e+01 5.278167343139648438e+01 -3.024710845947265625e+01
1.249394130706787109e+01 5.280000305175781250e+01 -3.041207695007324219e+01
1.252580738067626953e+01 5.282817459106445312e+01 -3.060767936706542969e+01
1.257048606872558594e+01 5.286518859863281250e+01 -3.074421310424804688e+01
1.258769607543945312e+01 5.287404251098632812e+01 -3.092163085937500000e+01
1.263034725189208984e+01 5.289676666259765625e+01 -3.108604621887207031e+01
1.265937995910644531e+01 5.291436767578125000e+01 -3.122848510742187500e+01
1.269421672821044922e+01 5.291686248779296875e+01 -3.138909912109375000e+01
1.272961997985839844e+01 5.294427108764648438e+01 -3.152254676818847656e+01
1.276418209075927734e+01 5.292773437500000000e+01 -3.167867469787597656e+01
1.278577518463134766e+01 5.294418716430664062e+01 -3.182971763610839844e+01
1.283209037780761719e+01 5.293481445312500000e+01 -3.197868728637695312e+01
1.285298061370849609e+01 5.293797683715820312e+01 -3.211548995971679688e+01
1.288901710510253906e+01 5.293752288818359375e+01 -3.225862884521484375e+01
1.291620922088623047e+01 5.295109558105468750e+01 -3.238529205322265625e+01
1.295037746429443359e+01 5.294372940063476562e+01 -3.252379989624023438e+01
1.298006248474121094e+01 5.293016433715820312e+01 -3.263738632202148438e+01
1.300193691253662109e+01 5.292391204833984375e+01 -3.277410125732421875e+01
1.303664875030517578e+01 5.289682769775390625e+01 -3.297567367553710938e+01
1.305430793762207031e+01 5.287953567504882812e+01 -3.308862304687500000e+01
1.309712600708007812e+01 5.286444473266601562e+01 -3.323341369628906250e+01
1.313990402221679688e+01 5.285273742675781250e+01 -3.333059310913085938e+01
1.316564178466796875e+01 5.282690429687500000e+01 -3.343895721435546875e+01
1.319913578033447266e+01 5.281766891479492188e+01 -3.354126358032226562e+01
1.320696067810058594e+01 5.281812286376953125e+01 -3.366784286499023438e+01
1.324471187591552734e+01 5.279000473022460938e+01 -3.375233459472656250e+01
1.324676322937011719e+01 5.279297637939453125e+01 -3.386863708496093750e+01
1.327128887176513672e+01 5.274938201904296875e+01 -3.394988250732421875e+01
1.332007408142089844e+01 5.272778320312500000e+01 -3.404818344116210938e+01
1.330552959442138672e+01 5.271949386596679688e+01 -3.413657760620117188e+01
1.334094333648681641e+01 5.271733856201171875e+01 -3.421262741088867188e+01
1.336650943756103516e+01 5.271138763427734375e+01 -3.428624343872070312e+01
1.336204910278320312e+01 5.267293548583984375e+01 -3.435033035278320312e+01
1.340342235565185547e+01 5.264712142944335938e+01 -3.440612411499023438e+01
1.341603469848632812e+01 5.262340164184570312e+01 -3.446665954589843750e+01
1.341938400268554688e+01 5.260466003417968750e+01 -3.450868606567382812e+01
1.346534156799316406e+01 5.259070968627929688e+01 -3.453546524047851562e+01
1.346312046051025391e+01 5.260565185546875000e+01 -3.457158660888671875e+01
1.349308681488037109e+01 5.257699966430664062e+01 -3.457955551147460938e+01
1.350644588470458984e+01 5.260237503051757812e+01 -3.457694244384765625e+01
1.350007629394531250e+01 5.262851333618164062e+01 -3.455239868164062500e+01
1.352730178833007812e+01 5.265854263305664062e+01 -3.451428985595703125e+01
1.350520992279052734e+01 5.274211883544921875e+01 -3.445518112182617188e+01
1.352444267272949219e+01 5.285024642944335938e+01 -3.437142562866210938e+01
1.355754470825195312e+01 5.300893783569335938e+01 -3.429051971435546875e+01
1.357290840148925781e+01 5.322903442382812500e+01 -3.422899627685546875e+01
1.361135101318359375e+01 5.344783020019531250e+01 -3.417491912841796875e+01
1.364505958557128906e+01 5.371915054321289062e+01 -3.417988586425781250e+01
1.370048236846923828e+01 5.402107238769531250e+01 -3.420159149169921875e+01
1.375826263427734375e+01 5.430939865112304688e+01 -3.423983383178710938e+01
1.381025314331054688e+01 5.461752700805664062e+01 -3.433636093139648438e+01
1.384945106506347656e+01 5.485480880737304688e+01 -3.447557449340820312e+01
1.390906143188476562e+01 5.508389663696289062e+01 -3.459017181396484375e+01
1.396808242797851562e+01 5.529837036132812500e+01 -3.472906112670898438e+01
1.402918815612792969e+01 5.548313903808593750e+01 -3.491549301147460938e+01
1.408797168731689453e+01 5.563234710693359375e+01 -3.508734130859375000e+01
1.412226486206054688e+01 5.578944778442382812e+01 -3.526199722290039062e+01
1.417069911956787109e+01 5.591004180908203125e+01 -3.547226715087890625e+01
1.421800899505615234e+01 5.603885269165039062e+01 -3.566875839233398438e+01
1.428549575805664062e+01 5.616929244995117188e+01 -3.596333694458007812e+01
1.435176658630371094e+01 5.627748107910156250e+01 -3.617904663085937500e+01
1.438669776916503906e+01 5.636147689819335938e+01 -3.639941024780273438e+01
1.443708801269531250e+01 5.645801544189453125e+01 -3.661049652099609375e+01
1.447615718841552734e+01 5.653539276123046875e+01 -3.683872222900390625e+01
1.450567722320556641e+01 5.660150527954101562e+01 -3.704180145263671875e+01
1.455573463439941406e+01 5.667297363281250000e+01 -3.727206039428710938e+01
1.460385704040527344e+01 5.674369812011718750e+01 -3.750436019897460938e+01
1.464962673187255859e+01 5.680391693115234375e+01 -3.772874832153320312e+01
1.469529151916503906e+01 5.682801818847656250e+01 -3.797137451171875000e+01
1.476027870178222656e+01 5.691297912597656250e+01 -3.820948410034179688e+01
1.481070423126220703e+01 5.695372390747070312e+01 -3.843492126464843750e+01
1.486297988891601562e+01 5.699819946289062500e+01 -3.870027923583984375e+01
1.492501544952392578e+01 5.706793975830078125e+01 -3.893183898925781250e+01
1.498466777801513672e+01 5.711045455932617188e+01 -3.920445251464843750e+01
1.502941417694091797e+01 5.714173889160156250e+01 -3.947022247314453125e+01
1.508394336700439453e+01 5.719397735595703125e+01 -3.970667648315429688e+01
1.510598373413085938e+01 5.721331405639648438e+01 -3.996341705322265625e+01
1.516436290740966797e+01 5.722164916992187500e+01 -4.021655273437500000e+01
1.520170783996582031e+01 5.723698425292968750e+01 -4.049250411987304688e+01
1.524731731414794922e+01 5.723744201660156250e+01 -4.072697067260742188e+01
1.532696819305419922e+01 5.722212219238281250e+01 -4.112481689453125000e+01
1.538410663604736328e+01 5.722649383544921875e+01 -4.135689163208007812e+01
1.543527889251708984e+01 5.722444915771484375e+01 -4.159733200073242188e+01
1.546804618835449219e+01 5.720622634887695312e+01 -4.185422897338867188e+01
1.551296043395996094e+01 5.719033432006835938e+01 -4.209956741333007812e+01
1.552966308593750000e+01 5.717587280273437500e+01 -4.236124420166015625e+01
1.553962993621826172e+01 5.715819931030273438e+01 -4.259554672241210938e+01
1.559276199340820312e+01 5.712896347045898438e+01 -4.283164596557617188e+01
1.563174247741699219e+01 5.708083724975585938e+01 -4.308090209960937500e+01
1.567250823974609375e+01 5.705958557128906250e+01 -4.330397415161132812e+01
1.571274375915527344e+01 5.702117919921875000e+01 -4.354717254638671875e+01
1.575787734985351562e+01 5.701670074462890625e+01 -4.378909683227539062e+01
1.580968093872070312e+01 5.699170303344726562e+01 -4.400189208984375000e+01
1.584882545471191406e+01 5.696094131469726562e+01 -4.424052047729492188e+01
1.586843013763427734e+01 5.691226577758789062e+01 -4.445501327514648438e+01
1.589774894714355469e+01 5.690063476562500000e+01 -4.466853713989257812e+01
1.592590618133544922e+01 5.687979507446289062e+01 -4.488943099975585938e+01
1.597138404846191406e+01 5.685589599609375000e+01 -4.510739898681640625e+01
1.600287818908691406e+01 5.681658554077148438e+01 -4.529211044311523438e+01
1.603693008422851562e+01 5.679928588867187500e+01 -4.549607086181640625e+01
1.607356834411621094e+01 5.680305099487304688e+01 -4.569482803344726562e+01
1.613928031921386719e+01 5.680070495605468750e+01 -4.598881149291992188e+01
1.616027450561523438e+01 5.680163192749023438e+01 -4.620921707153320312e+01
1.619264030456542969e+01 5.683247375488281250e+01 -4.639929580688476562e+01
1.623151016235351562e+01 5.682958602905273438e+01 -4.660014343261718750e+01
1.626840400695800781e+01 5.684360122680664062e+01 -4.680778503417968750e+01
1.631812477111816406e+01 5.685609436035156250e+01 -4.698927688598632812e+01
1.632741928100585938e+01 5.689312744140625000e+01 -4.718938446044921875e+01
1.637813377380371094e+01 5.690715789794921875e+01 -4.735958099365234375e+01
1.641459465026855469e+01 5.693795013427734375e+01 -4.754407882690429688e+01
1.646176528930664062e+01 5.695972442626953125e+01 -4.773668670654296875e+01
1.650243186950683594e+01 5.701206970214843750e+01 -4.793355941772460938e+01
1.655640029907226562e+01 5.707670593261718750e+01 -4.811470794677734375e+01
1.657597541809082031e+01 5.712762451171875000e+01 -4.834841918945312500e+01
1.662579917907714844e+01 5.720713424682617188e+01 -4.854439926147460938e+01
1.667437362670898438e+01 5.723630523681640625e+01 -4.875111007690429688e+01
1.674014472961425781e+01 5.732027053833007812e+01 -4.897092437744140625e+01
1.677317810058593750e+01 5.739061355590820312e+01 -4.920256805419921875e+01
1.683435249328613281e+01 5.746730422973632812e+01 -4.942914581298828125e+01
1.687705612182617188e+01 5.754246902465820312e+01 -4.967184829711914062e+01
1.693832969665527344e+01 5.764270019531250000e+01 -4.992739486694335938e+01
1.697256278991699219e+01 5.773380661010742188e+01 -5.015181732177734375e+01
1.705093765258789062e+01 5.781799316406250000e+01 -5.052336883544921875e+01
1.712981033325195312e+01 5.792959594726562500e+01 -5.076797103881835938e+01
1.716977500915527344e+01 5.798857498168945312e+01 -5.102707672119140625e+01
1.724455451965332031e+01 5.808325958251953125e+01 -5.128025436401367188e+01
1.730807495117187500e+01 5.819108581542968750e+01 -5.153136825561523438e+01
1.733510208129882812e+01 5.827674484252929688e+01 -5.179044723510742188e+01
1.739592170715332031e+01 5.835836029052734375e+01 -5.205152130126953125e+01
1.743337440490722656e+01 5.842216491699218750e+01 -5.231780242919921875e+01
1.750274085998535156e+01 5.849308776855468750e+01 -5.257158279418945312e+01
1.754138183593750000e+01 5.856550598144531250e+01 -5.282329559326171875e+01
1.759714508056640625e+01 5.862040328979492188e+01 -5.307590484619140625e+01
1.763039970397949219e+01 5.867827987670898438e+01 -5.335372924804687500e+01
1.770028495788574219e+01 5.876228713989257812e+01 -5.360029602050781250e+01
1.775321197509765625e+01 5.882354354858398438e+01 -5.385818481445312500e+01
1.779532051086425781e+01 5.887567138671875000e+01 -5.413130569458007812e+01
1.783761787414550781e+01 5.892447280883789062e+01 -5.439596939086914062e+01
1.787320137023925781e+01 5.897060394287109375e+01 -5.466073608398437500e+01
1.794637298583984375e+01 5.901099777221679688e+01 -5.489214706420898438e+01
1.798449516296386719e+01 5.907225799560546875e+01 -5.515678024291992188e+01
1.803390312194824219e+01 5.909758377075195312e+01 -5.540276336669921875e+01
1.807225036621093750e+01 5.914929199218750000e+01 -5.564254379272460938e+01
1.815382003784179688e+01 5.920876693725585938e+01 -5.603299331665039062e+01
1.822933578491210938e+01 5.926976013183593750e+01 -5.628558731079101562e+01
1.824226570129394531e+01 5.933099746704101562e+01 -5.653578186035156250e+01
1.831233978271484375e+01 5.936092376708984375e+01 -5.675384521484375000e+01
1.834594535827636719e+01 5.937922286987304688e+01 -5.700489425659179688e+01
1.841948699951171875e+01 5.942878341674804688e+01 -5.725427246093750000e+01
1.846517181396484375e+01 5.949366378784179688e+01 -5.750755691528320312e+01
1.850503921508789062e+01 5.955094528198242188e+01 -5.774786758422851562e+01
1.853018760681152344e+01 5.958064270019531250e+01 -5.800302505493164062e+01
1.858293151855468750e+01 5.962414169311523438e+01 -5.826573562622070312e+01
1.863413810729980469e+01 5.966555023193359375e+01 -5.851037597656250000e+01
1.869221305847167969e+01 5.967499923706054688e+01 -5.877230072021484375e+01
1.873877143859863281e+01 5.971112060546875000e+01 -5.902000045776367188e+01
1.878873443603515625e+01 5.973651504516601562e+01 -5.928798675537109375e+01
1.882979774475097656e+01 5.976643371582031250e+01 -5.953894805908203125e+01
1.886883544921875000e+01 5.978562545776367188e+01 -5.978131484985351562e+01
1.892755317687988281e+01 5.981070709228515625e+01 -6.002102279663085938e+01
1.897573089599609375e+01 5.981789398193359375e+01 -6.025399017333984375e+01
1.902219963073730469e+01 5.983096694946289062e+01 -6.048224639892578125e+01
1.904421234130859375e+01 5.984254074096679688e+01 -6.071410751342773438e+01
1.910218238830566406e+01 5.983813476562500000e+01 -6.106328582763671875e+01
1.915110588073730469e+01 5.984460449218750000e+01 -6.128330612182617188e+01
1.919033622741699219e+01 5.984907150268554688e+01 -6.147847366333007812e+01
1.923470878601074219e+01 5.985784530639648438e+01 -6.171160507202148438e+01
1.925367355346679688e+01 5.986566543579101562e+01 -6.192047882080078125e+01
1.928583145141601562e+01 5.984652328491210938e+01 -6.213193511962890625e+01
1.934513473510742188e+01 5.984457778930664062e+01 -6.233638381958007812e+01
1.939980506896972656e+01 5.984915542602539062e+01 -6.255012130737304688e+01
1.943071746826171875e+01 5.986212539672851562e+01 -6.274121856689453125e+01
1.946281433105468750e+01 5.989290237426757812e+01 -6.294838333129882812e+01
1.948922157287597656e+01 5.989155960083007812e+01 -6.314614486694335938e+01
1.953033828735351562e+01 5.987934112548828125e+01 -6.337598419189453125e+01
1.955175590515136719e+01 5.986842727661132812e+01 -6.356625747680664062e+01
1.960514831542968750e+01 5.983541488647460938e+01 -6.377803802490234375e+01
1.965809631347656250e+01 5.981008148193359375e+01 -6.397698211669921875e+01
1.972030067443847656e+01 5.979045104980468750e+01 -6.416430664062500000e+01
1.976682281494140625e+01 5.979984283447265625e+01 -6.436134338378906250e+01
1.982332992553710938e+01 5.982907867431640625e+01 -6.457107543945312500e+01
1.984280395507812500e+01 5.983281707763671875e+01 -6.476804351806640625e+01
1.983950996398925781e+01 5.984010696411132812e+01 -6.495520019531250000e+01
1.985189247131347656e+01 5.981522750854492188e+01 -6.513024139404296875e+01
1.989460372924804688e+01 5.977059936523437500e+01 -6.542768859863281250e+01
1.996139335632324219e+01 5.975189208984375000e+01 -6.559080505371093750e+01
1.999258804321289062e+01 5.976482772827148438e+01 -6.576624298095703125e+01
2.005871200561523438e+01 5.976987075805664062e+01 -6.594795227050781250e+01
2.008304977416992188e+01 5.981023406982421875e+01 -6.613635253906250000e+01
2.010862159729003906e+01 5.984008407592773438e+01 -6.631552124023437500e+01
2.013000869750976562e+01 5.983857345581054688e+01 -6.648688507080078125e+01
2.016828346252441406e+01 5.984019851684570312e+01 -6.665779876708984375e+01
2.019370269775390625e+01 5.983535003662109375e+01 -6.682352447509765625e+01
2.025699806213378906e+01 5.985397338867187500e+01 -6.698970031738281250e+01
2.029623031616210938e+01 5.989862060546875000e+01 -6.714435577392578125e+01
2.031601142883300781e+01 5.994912719726562500e+01 -6.731491851806640625e+01
2.033766937255859375e+01 6.001718139648437500e+01 -6.748242950439453125e+01
2.036213874816894531e+01 6.003428649902343750e+01 -6.764731597900390625e+01
2.036634254455566406e+01 6.002214431762695312e+01 -6.779760742187500000e+01
2.042088699340820312e+01 6.003432083129882812e+01 -6.797171783447265625e+01
2.045756149291992188e+01 6.005058288574218750e+01 -6.814661407470703125e+01
2.051360321044921875e+01 6.008726501464843750e+01 -6.829402923583984375e+01
2.054789543151855469e+01 6.010849380493164062e+01 -6.846527862548828125e+01
2.060085868835449219e+01 6.015671539306640625e+01 -6.863186645507812500e+01
2.065755653381347656e+01 6.020959854125976562e+01 -6.880822753906250000e+01
2.071944236755371094e+01 6.031193542480468750e+01 -6.908824920654296875e+01
2.073339080810546875e+01 6.037671279907226562e+01 -6.927962493896484375e+01
2.073602485656738281e+01 6.041596984863281250e+01 -6.945357513427734375e+01
2.074982261657714844e+01 6.046029281616210938e+01 -6.964389801025390625e+01
2.077519416809082031e+01 6.045160675048828125e+01 -6.982845306396484375e+01
2.081572151184082031e+01 6.045756530761718750e+01 -7.000939178466796875e+01
2.086479568481445312e+01 6.045877456665039062e+01 -7.019783782958984375e+01
2.094237709045410156e+01 6.049405288696289062e+01 -7.038092803955078125e+01
2.101069068908691406e+01 6.052027130126953125e+01 -7.058106231689453125e+01
2.108682823181152344e+01 6.056941223144531250e+01 -7.078710937500000000e+01
2.112655067443847656e+01 6.062713241577148438e+01 -7.100193786621093750e+01
2.115337944030761719e+01 6.067564392089843750e+01 -7.120727539062500000e+01
2.118802642822265625e+01 6.073357009887695312e+01 -7.140005493164062500e+01
2.120797729492187500e+01 6.075490951538085938e+01 -7.161270904541015625e+01
2.125587272644042969e+01 6.076057434082031250e+01 -7.181253814697265625e+01
2.129960823059082031e+01 6.080583572387695312e+01 -7.201375579833984375e+01
2.132867050170898438e+01 6.083753585815429688e+01 -7.221809387207031250e+01
2.135865211486816406e+01 6.088362503051757812e+01 -7.242527008056640625e+01
2.136359977722167969e+01 6.090745925903320312e+01 -7.262538909912109375e+01
2.139595222473144531e+01 6.089749908447265625e+01 -7.283580017089843750e+01
2.146071243286132812e+01 6.091194534301757812e+01 -7.304215240478515625e+01
2.154755401611328125e+01 6.095367431640625000e+01 -7.335308074951171875e+01
2.158827781677246094e+01 6.101974868774414062e+01 -7.356563568115234375e+01
2.161094093322753906e+01 6.104842376708984375e+01 -7.376084899902343750e+01
2.165735244750976562e+01 6.108699035644531250e+01 -7.397019958496093750e+01
2.169977951049804688e+01 6.112012481689453125e+01 -7.416207885742187500e+01
2.175265312194824219e+01 6.115165710449218750e+01 -7.436331176757812500e+01
2.182703971862792969e+01 6.119744873046875000e+01 -7.457635498046875000e+01
2.185611534118652344e+01 6.123885726928710938e+01 -7.475904083251953125e+01
2.189161300659179688e+01 6.128352737426757812e+01 -7.496497344970703125e+01
2.191070747375488281e+01 6.130244064331054688e+01 -7.514082336425781250e+01
2.193754386901855469e+01 6.131658935546875000e+01 -7.533539581298828125e+01
2.199253082275390625e+01 6.131499481201171875e+01 -7.552525329589843750e+01
2.202368927001953125e+01 6.132464981079101562e+01 -7.571352386474609375e+01
2.205539703369140625e+01 6.133931350708007812e+01 -7.589800262451171875e+01
2.210729408264160156e+01 6.135804748535156250e+01 -7.607931518554687500e+01
2.213395500183105469e+01 6.137140655517578125e+01 -7.626531219482421875e+01
2.216872978210449219e+01 6.138730239868164062e+01 -7.643498992919921875e+01
2.219915580749511719e+01 6.141752624511718750e+01 -7.660081481933593750e+01
2.223677635192871094e+01 6.143744659423828125e+01 -7.676797485351562500e+01
2.227228546142578125e+01 6.144869232177734375e+01 -7.691947937011718750e+01
2.232937431335449219e+01 6.148875808715820312e+01 -7.708678436279296875e+01
2.237022399902343750e+01 6.152539443969726562e+01 -7.732792663574218750e+01
2.238117790222167969e+01 6.156271362304687500e+01 -7.749031829833984375e+01
2.240897750854492188e+01 6.160285186767578125e+01 -7.763954162597656250e+01
2.242726135253906250e+01 6.163808822631835938e+01 -7.778341674804687500e+01
2.244831657409667969e+01 6.165611267089843750e+01 -7.793276977539062500e+01
2.250151634216308594e+01 6.166316986083984375e+01 -7.808679199218750000e+01
2.254789924621582031e+01 6.168593978881835938e+01 -7.824095916748046875e+01
2.260530090332031250e+01 6.175382995605468750e+01 -7.839037322998046875e+01
2.266144180297851562e+01 6.180214309692382812e+01 -7.854521179199218750e+01
2.267846679687500000e+01 6.187023925781250000e+01 -7.868851470947265625e+01
2.269435501098632812e+01 6.193757629394531250e+01 -7.884292602539062500e+01
2.272592163085937500e+01 6.199269104003906250e+01 -7.900552368164062500e+01
2.273731231689453125e+01 6.203366088867187500e+01 -7.916474151611328125e+01
2.275708007812500000e+01 6.209510421752929688e+01 -7.931705474853515625e+01
2.280394744873046875e+01 6.214868545532226562e+01 -7.947076416015625000e+01
2.282189369201660156e+01 6.220858764648437500e+01 -7.963185882568359375e+01
2.286381530761718750e+01 6.224793243408203125e+01 -7.977948760986328125e+01
2.291900444030761719e+01 6.229568862915039062e+01 -7.995706939697265625e+01
2.299021911621093750e+01 6.236512756347656250e+01 -8.011177825927734375e+01
2.305816078186035156e+01 6.245823287963867188e+01 -8.028009033203125000e+01
2.311281585693359375e+01 6.256444931030273438e+01 -8.044213867187500000e+01
2.315959358215332031e+01 6.269229888916015625e+01 -8.069487762451171875e+01
2.318356895446777344e+01 6.277989959716796875e+01 -8.087288665771484375e+01
2.320309257507324219e+01 6.285594940185546875e+01 -8.105311584472656250e+01
2.321963310241699219e+01 6.291257476806640625e+01 -8.123141479492187500e+01
2.325198936462402344e+01 6.296413040161132812e+01 -8.140132904052734375e+01
2.328263854980468750e+01 6.300043106079101562e+01 -8.159284973144531250e+01
2.334646987915039062e+01 6.305456542968750000e+01 -8.175911712646484375e+01
2.342563629150390625e+01 6.311204528808593750e+01 -8.194639587402343750e+01
2.352275085449218750e+01 6.317901611328125000e+01 -8.212178802490234375e+01
2.357072639465332031e+01 6.330506896972656250e+01 -8.229093933105468750e+01
2.362072181701660156e+01 6.340710449218750000e+01 -8.248560333251953125e+01
2.363766288757324219e+01 6.350448989868164062e+01 -8.267590332031250000e+01
2.365580558776855469e+01 6.360485076904296875e+01 -8.284597015380859375e+01
2.365640068054199219e+01 6.367775726318359375e+01 -8.304190063476562500e+01
2.368332481384277344e+01 6.371751403808593750e+01 -8.323233032226562500e+01
2.371468925476074219e+01 6.376813125610351562e+01 -8.342658996582031250e+01
2.375099182128906250e+01 6.380242538452148438e+01 -8.361099243164062500e+01
2.380973434448242188e+01 6.384920501708984375e+01 -8.379962158203125000e+01
2.386187744140625000e+01 6.390016937255859375e+01 -8.397850036621093750e+01
2.394935798645019531e+01 6.394794082641601562e+01 -8.416744995117187500e+01
2.403625106811523438e+01 6.404977416992187500e+01 -8.444491577148437500e+01
2.410509872436523438e+01 6.413159942626953125e+01 -8.463537597656250000e+01
2.414244461059570312e+01 6.421183776855468750e+01 -8.482725524902343750e+01
2.418583869934082031e+01 6.430717468261718750e+01 -8.500158691406250000e+01
2.420903587341308594e+01 6.438661956787109375e+01 -8.517878723144531250e+01
2.424086189270019531e+01 6.445726013183593750e+01 -8.534743499755859375e+01
2.426446533203125000e+01 6.454483795166015625e+01 -8.555344390869140625e+01
2.428818702697753906e+01 6.460629272460937500e+01 -8.573636627197265625e+01
2.430928611755371094e+01 6.465953063964843750e+01 -8.592336273193359375e+01
2.432255172729492188e+01 6.470855712890625000e+01 -8.610748291015625000e+01
2.436173629760742188e+01 6.475462341308593750e+01 -8.628780364990234375e+01
2.441860580444335938e+01 6.479920196533203125e+01 -8.648267364501953125e+01
2.445019721984863281e+01 6.483160400390625000e+01 -8.666267395019531250e+01
2.452963638305664062e+01 6.488592529296875000e+01 -8.684629058837890625e+01
2.458012580871582031e+01 6.493710327148437500e+01 -8.701884460449218750e+01
2.466148185729980469e+01 6.501213836669921875e+01 -8.719193267822265625e+01
2.472646331787109375e+01 6.509917449951171875e+01 -8.737117767333984375e+01
2.475777816772460938e+01 6.520040893554687500e+01 -8.755647277832031250e+01
2.480110168457031250e+01 6.526402282714843750e+01 -8.773156738281250000e+01
2.481653594970703125e+01 6.535729980468750000e+01 -8.792068481445312500e+01
2.481949806213378906e+01 6.541754150390625000e+01 -8.807847595214843750e+01
2.485112762451171875e+01 6.549481201171875000e+01 -8.834230804443359375e+01
2.487273597717285156e+01 6.552818298339843750e+01 -8.852057647705078125e+01
2.491002845764160156e+01 6.557674407958984375e+01 -8.868519592285156250e+01
2.494589805603027344e+01 6.561447143554687500e+01 -8.886260223388671875e+01
2.499990653991699219e+01 6.565126037597656250e+01 -8.901824951171875000e+01
2.506726646423339844e+01 6.569967651367187500e+01 -8.919164276123046875e+01
2.513252067565917969e+01 6.574758148193359375e+01 -8.936181640625000000e+01
2.518545150756835938e+01 6.583139038085937500e+01 -8.952764129638671875e+01
2.521852684020996094e+01 6.591883087158203125e+01 -8.969733428955078125e+01
2.527564239501953125e+01 6.600559997558593750e+01 -8.986460113525390625e+01
2.532900619506835938e+01 6.607964324951171875e+01 -9.003867340087890625e+01
2.536723518371582031e+01 6.618714141845703125e+01 -9.020603179931640625e+01
2.539506149291992188e+01 6.627839660644531250e+01 -9.038144683837890625e+01
2.542667388916015625e+01 6.636513519287109375e+01 -9.055273437500000000e+01
2.543696212768554688e+01 6.644630432128906250e+01 -9.071275329589843750e+01
2.547264289855957031e+01 6.651462554931640625e+01 -9.089207458496093750e+01
2.548288917541503906e+01 6.659863281250000000e+01 -9.107809448242187500e+01
2.550379371643066406e+01 6.665924072265625000e+01 -9.124020385742187500e+01
2.551474761962890625e+01 6.672295379638671875e+01 -9.142105102539062500e+01
2.556290626525878906e+01 6.676710510253906250e+01 -9.159224700927734375e+01
2.563670158386230469e+01 6.683089447021484375e+01 -9.176200103759765625e+01
2.572065925598144531e+01 6.690897369384765625e+01 -9.202858734130859375e+01
2.579266357421875000e+01 6.698547363281250000e+01 -9.221076965332031250e+01
2.585158348083496094e+01 6.704705810546875000e+01 -9.238622283935546875e+01
2.593286132812500000e+01 6.713962554931640625e+01 -9.257621765136718750e+01
2.598520851135253906e+01 6.722208404541015625e+01 -9.274845886230468750e+01
2.603226852416992188e+01 6.731147003173828125e+01 -9.292740631103515625e+01
2.606781768798828125e+01 6.740945434570312500e+01 -9.311774444580078125e+01
2.608948707580566406e+01 6.750944519042968750e+01 -9.329325866699218750e+01
2.609905624389648438e+01 6.758669281005859375e+01 -9.346229553222656250e+01
2.612346839904785156e+01 6.766495513916015625e+01 -9.365686035156250000e+01
2.612952804565429688e+01 6.772108459472656250e+01 -9.382292175292968750e+01
