1.917151689529418945e+00 3.536961555480957031e+00 -1.924287080764770508e+00 9.810748100280761719e-01 2.260186910629272461e+00 -9.947915077209472656e-01
1.935324430465698242e+00 3.592305421829223633e+00 -1.941769242286682129e+00 9.161174893379211426e-01 2.300188302993774414e+00 -7.890748977661132812e-01
1.958476662635803223e+00 3.641813039779663086e+00 -1.957022547721862793e+00 1.061377048492431641e+00 2.570890188217163086e+00 -7.436466813087463379e-01
1.983397126197814941e+00 3.701804876327514648e+00 -1.970506787300109863e+00 9.243789911270141602e-01 2.866679668426513672e+00 -6.398887634277343750e-01
1.999592542648315430e+00 3.761113166809082031e+00 -1.982335805892944336e+00 9.033250212669372559e-01 2.902973175048828125e+00 -5.061471462249755859e-01
2.018805027008056641e+00 3.826615333557128906e+00 -1.990899205207824707e+00 8.293246626853942871e-01 2.926741600036621094e+00 -3.853679299354553223e-01
2.034601926803588867e+00 3.891298055648803711e+00 -1.997430801391601562e+00 7.916882038116455078e-01 3.002133607864379883e+00 -2.494881749153137207e-01
2.056302309036254883e+00 3.962559223175048828e+00 -2.001853704452514648e+00 5.738173127174377441e-01 3.285710096359252930e+00 -2.018778473138809204e-01
2.072932481765747070e+00 4.033957481384277344e+00 -2.004041910171508789e+00 6.133625507354736328e-01 3.391122817993164062e+00 -6.290907412767410278e-02
2.091498851776123047e+00 4.095296859741210938e+00 -2.004366874694824219e+00 7.908096313476562500e-01 3.584690809249877930e+00 5.803512781858444214e-02
2.110148429870605469e+00 4.172202110290527344e+00 -2.003041267395019531e+00 8.576797842979431152e-01 3.583459377288818359e+00 1.261780261993408203e-01
2.151985883712768555e+00 4.292200088500976562e+00 -1.997959256172180176e+00 9.686751365661621094e-01 4.210421562194824219e+00 1.362696588039398193e-01
2.171490907669067383e+00 4.376697540283203125e+00 -1.993900299072265625e+00 8.209947347640991211e-01 4.342973232269287109e+00 2.808857262134552002e-01
2.194588422775268555e+00 4.464883327484130859e+00 -1.988306045532226562e+00 8.385308384895324707e-01 4.610804080963134766e+00 3.020983338356018066e-01
2.216119527816772461e+00 4.555995464324951172e+00 -1.981986641883850098e+00 9.017080664634704590e-01 4.937184810638427734e+00 3.518811464309692383e-01
2.236901760101318359e+00 4.660093784332275391e+00 -1.973585367202758789e+00 7.613075971603393555e-01 5.150020122528076172e+00 4.925371110439300537e-01
2.265170812606811523e+00 4.759950160980224609e+00 -1.962635040283203125e+00 9.210051894187927246e-01 5.544692516326904297e+00 6.308118104934692383e-01
2.282811641693115234e+00 4.870278835296630859e+00 -1.949349164962768555e+00 8.758753538131713867e-01 5.725905418395996094e+00 7.348974347114562988e-01
2.303699731826782227e+00 4.979400157928466797e+00 -1.933630704879760742e+00 1.029698491096496582e+00 5.969118118286132812e+00 8.439046144485473633e-01
2.332539796829223633e+00 5.093377113342285156e+00 -1.916562080383300781e+00 1.169731616973876953e+00 6.328046321868896484e+00 9.031139016151428223e-01
2.358996868133544922e+00 5.217546939849853516e+00 -1.898507595062255859e+00 1.056582331657409668e+00 6.546436309814453125e+00 9.468615055084228516e-01
2.383099079132080078e+00 5.346589565277099609e+00 -1.879159450531005859e+00 1.010594129562377930e+00 6.680869102478027344e+00 1.028035759925842285e+00
2.404415130615234375e+00 5.468433856964111328e+00 -1.858737111091613770e+00 1.235942721366882324e+00 6.877140045166015625e+00 1.049399375915527344e+00
2.427985906600952148e+00 5.596937179565429688e+00 -1.837364792823791504e+00 1.187895178794860840e+00 7.170928478240966797e+00 1.121248841285705566e+00
2.459781169891357422e+00 5.739365100860595703e+00 -1.814428687095642090e+00 1.203505396842956543e+00 7.560374259948730469e+00 1.240361213684082031e+00
2.481726646423339844e+00 5.882340431213378906e+00 -1.789166092872619629e+00 1.119759798049926758e+00 7.743469715118408203e+00 1.322325706481933594e+00
2.505635499954223633e+00 6.026828289031982422e+00 -1.761862158775329590e+00 1.180154085159301758e+00 7.810266971588134766e+00 1.459119439125061035e+00
2.528046846389770508e+00 6.180015087127685547e+00 -1.733631491661071777e+00 1.326987624168395996e+00 8.046686172485351562e+00 1.401163578033447266e+00
2.555535793304443359e+00 6.330528259277343750e+00 -1.706584930419921875e+00 1.529878854751586914e+00 8.383771896362304688e+00 1.413542032241821289e+00
2.582493782043457031e+00 6.499001502990722656e+00 -1.678772926330566406e+00 1.379105806350708008e+00 8.593044281005859375e+00 1.437526226043701172e+00
2.613405227661132812e+00 6.663607120513916016e+00 -1.649402260780334473e+00 1.395567059516906738e+00 8.895111083984375000e+00 1.569647789001464844e+00
2.638791561126708984e+00 6.835759162902832031e+00 -1.617809891700744629e+00 1.318530201911926270e+00 9.014265060424804688e+00 1.615177035331726074e+00
2.678964614868164062e+00 7.092053890228271484e+00 -1.568066954612731934e+00 1.588065981864929199e+00 9.378458023071289062e+00 1.793480634689331055e+00
2.704629659652709961e+00 7.276446342468261719e+00 -1.531890988349914551e+00 1.498376011848449707e+00 9.656129837036132812e+00 1.901446461677551270e+00
2.730819702148437500e+00 7.464084148406982422e+00 -1.494418621063232422e+00 1.567380070686340332e+00 9.870205879211425781e+00 1.929383277893066406e+00
2.759571075439453125e+00 7.656418800354003906e+00 -1.455334782600402832e+00 1.615532755851745605e+00 1.009317684173583984e+01 2.042696952819824219e+00
2.789818286895751953e+00 7.846269130706787109e+00 -1.414423108100891113e+00 1.927160501480102539e+00 1.039528560638427734e+01 2.149211645126342773e+00
2.814114809036254883e+00 8.054137229919433594e+00 -1.371937513351440430e+00 1.781803011894226074e+00 1.043994045257568359e+01 2.171386480331420898e+00
2.845399141311645508e+00 8.257725715637207031e+00 -1.328979730606079102e+00 1.886641502380371094e+00 1.070506000518798828e+01 2.226884603500366211e+00
2.876333713531494141e+00 8.475987434387207031e+00 -1.285344123840332031e+00 1.724307537078857422e+00 1.106406116485595703e+01 2.226012468338012695e+00
2.912816286087036133e+00 8.685964584350585938e+00 -1.240906596183776855e+00 1.976395368576049805e+00 1.136347484588623047e+01 2.278221368789672852e+00
2.937091827392578125e+00 8.915208816528320312e+00 -1.197067975997924805e+00 1.922919869422912598e+00 1.142504310607910156e+01 2.231005430221557617e+00
2.968115329742431641e+00 9.145616531372070312e+00 -1.153716683387756348e+00 1.911731362342834473e+00 1.178933238983154297e+01 2.234460353851318359e+00
3.007003784179687500e+00 9.383293151855468750e+00 -1.108984112739562988e+00 2.073741912841796875e+00 1.218348884582519531e+01 2.351244926452636719e+00
3.043684959411621094e+00 9.632671356201171875e+00 -1.061845421791076660e+00 1.915117383003234863e+00 1.257520389556884766e+01 2.449379920959472656e+00
3.081326484680175781e+00 9.880082130432128906e+00 -1.012912511825561523e+00 1.939006924629211426e+00 1.288134193420410156e+01 2.462050914764404297e+00
3.108632087707519531e+00 1.013724899291992188e+01 -9.661110043525695801e-01 1.899838089942932129e+00 1.299986076354980469e+01 2.352864027023315430e+00
3.150403976440429688e+00 1.040276050567626953e+01 -9.200371503829956055e-01 1.835538387298583984e+00 1.339492034912109375e+01 2.354186058044433594e+00
3.182955980300903320e+00 1.067496967315673828e+01 -8.737972378730773926e-01 1.699091672897338867e+00 1.358173751831054688e+01 2.372465133666992188e+00
3.217628002166748047e+00 1.095058536529541016e+01 -8.272607326507568359e-01 1.662952661514282227e+00 1.400455760955810547e+01 2.369248867034912109e+00
3.257346630096435547e+00 1.122574520111083984e+01 -7.804210782051086426e-01 1.912036061286926270e+00 1.441741657257080078e+01 2.457452058792114258e+00
3.295508384704589844e+00 1.151107501983642578e+01 -7.314193248748779297e-01 2.009212732315063477e+00 1.484772205352783203e+01 2.500059604644775391e+00
3.338046073913574219e+00 1.180414867401123047e+01 -6.828034520149230957e-01 2.084346532821655273e+00 1.534788799285888672e+01 2.436588287353515625e+00
3.389121294021606445e+00 1.226925277709960938e+01 -6.136388182640075684e-01 1.875560045242309570e+00 1.571514129638671875e+01 2.283150911331176758e+00
3.436970472335815430e+00 1.258413124084472656e+01 -5.695910453796386719e-01 2.081134080886840820e+00 1.633033943176269531e+01 2.257555961608886719e+00
3.473094940185546875e+00 1.290858459472656250e+01 -5.258484482765197754e-01 2.062693595886230469e+00 1.662422370910644531e+01 2.232950210571289062e+00
3.520565509796142578e+00 1.323466587066650391e+01 -4.814244508743286133e-01 2.168628215789794922e+00 1.700848388671875000e+01 2.277246236801147461e+00
3.562518119812011719e+00 1.357549095153808594e+01 -4.368138909339904785e-01 2.248802423477172852e+00 1.732113265991210938e+01 2.264811992645263672e+00
3.608712196350097656e+00 1.391842269897460938e+01 -3.927320241928100586e-01 2.365547180175781250e+00 1.772611236572265625e+01 2.240166425704956055e+00
3.656679630279541016e+00 1.427028083801269531e+01 -3.514484167098999023e-01 2.322583675384521484e+00 1.811661911010742188e+01 1.989674568176269531e+00
3.704095363616943359e+00 1.461935329437255859e+01 -3.129063248634338379e-01 2.542907238006591797e+00 1.841230773925781250e+01 1.911946535110473633e+00
3.754445314407348633e+00 1.499108409881591797e+01 -2.748734056949615479e-01 2.362030982971191406e+00 1.874234580993652344e+01 1.997129797935485840e+00
3.804987430572509766e+00 1.535608482360839844e+01 -2.361581325531005859e-01 2.554420232772827148e+00 1.917833518981933594e+01 1.915673017501831055e+00
3.855967521667480469e+00 1.573353099822998047e+01 -1.995083540678024292e-01 2.645238876342773438e+00 1.962011718750000000e+01 1.797515034675598145e+00
3.908667802810668945e+00 1.612092971801757812e+01 -1.635279953479766846e-01 2.569718837738037109e+00 1.997625732421875000e+01 1.912981986999511719e+00
3.961591482162475586e+00 1.651255798339843750e+01 -1.264077126979827881e-01 2.679575443267822266e+00 2.039930915832519531e+01 1.854198575019836426e+00
4.014189720153808594e+00 1.691250228881835938e+01 -8.941093087196350098e-02 2.731291294097900391e+00 2.082607650756835938e+01 1.908961892127990723e+00
4.069840908050537109e+00 1.732621192932128906e+01 -5.271451920270919800e-02 2.745692014694213867e+00 2.133374595642089844e+01 1.820649743080139160e+00
4.123547077178955078e+00 1.774388122558593750e+01 -1.755420677363872528e-02 2.916671037673950195e+00 2.184253120422363281e+01 1.771893501281738281e+00
4.177666187286376953e+00 1.817173576354980469e+01 1.513911969959735870e-02 2.782692193984985352e+00 2.236988830566406250e+01 1.554424524307250977e+00
4.233755588531494141e+00 1.860612487792968750e+01 4.327107965946197510e-02 2.869679212570190430e+00 2.274363136291503906e+01 1.327699303627014160e+00
4.283586978912353516e+00 1.905596542358398438e+01 6.780317425727844238e-02 2.945459365844726562e+00 2.309097099304199219e+01 1.172631502151489258e+00
4.343257427215576172e+00 1.951003074645996094e+01 8.976738899946212769e-02 3.144167184829711914e+00 2.367697906494140625e+01 1.083099961280822754e+00
4.432262897491455078e+00 2.022328186035156250e+01 1.178783029317855835e-01 3.045243740081787109e+00 2.437413978576660156e+01 8.200110793113708496e-01
4.493402481079101562e+00 2.069965744018554688e+01 1.330766528844833374e-01 3.262789964675903320e+00 2.486338233947753906e+01 6.566048264503479004e-01
4.560892105102539062e+00 2.119411849975585938e+01 1.446590274572372437e-01 3.272003173828125000e+00 2.547983932495117188e+01 5.325639843940734863e-01
4.625610351562500000e+00 2.169121742248535156e+01 1.541238874197006226e-01 3.474149465560913086e+00 2.598987960815429688e+01 3.907218575477600098e-01
4.692801475524902344e+00 2.220422363281250000e+01 1.595649868249893188e-01 3.568476438522338867e+00 2.642758369445800781e+01 1.465890109539031982e-01
4.761108875274658203e+00 2.272726631164550781e+01 1.606258600950241089e-01 3.664974451065063477e+00 2.692437553405761719e+01 -1.150225400924682617e-01
4.833957672119140625e+00 2.326149749755859375e+01 1.563277989625930786e-01 3.759243488311767578e+00 2.748601531982421875e+01 -3.143977522850036621e-01
4.910403251647949219e+00 2.380187416076660156e+01 1.473088711500167847e-01 4.022563457489013672e+00 2.815236663818359375e+01 -5.710198879241943359e-01
4.991172790527343750e+00 2.435937881469726562e+01 1.350342631340026855e-01 4.029037475585937500e+00 2.888361740112304688e+01 -7.566083669662475586e-01
5.068081378936767578e+00 2.492624855041503906e+01 1.189099401235580444e-01 4.176091670989990234e+00 2.942393302917480469e+01 -9.440709948539733887e-01
5.156780242919921875e+00 2.551480865478515625e+01 9.629975259304046631e-02 4.116120338439941406e+00 3.019085693359375000e+01 -1.348233103752136230e+00
5.238388538360595703e+00 2.610200881958007812e+01 6.612432748079299927e-02 4.414140701293945312e+00 3.077205657958984375e+01 -1.772686839103698730e+00
5.319537639617919922e+00 2.671040344238281250e+01 2.707676216959953308e-02 4.385519981384277344e+00 3.136718368530273438e+01 -2.228629589080810547e+00
5.406173229217529297e+00 2.732864761352539062e+01 -2.067084237933158875e-02 4.456259727478027344e+00 3.204104232788085938e+01 -2.644484043121337891e+00
5.494364261627197266e+00 2.796194076538085938e+01 -7.657788693904876709e-02 4.454818248748779297e+00 3.282465744018554688e+01 -3.077182054519653320e+00
5.581542968750000000e+00 2.860991668701171875e+01 -1.411530524492263794e-01 4.504043579101562500e+00 3.353023529052734375e+01 -3.604229927062988281e+00
5.670907497406005859e+00 2.926728820800781250e+01 -2.157000452280044556e-01 4.899685382843017578e+00 3.423070144653320312e+01 -4.060349464416503906e+00
5.768885612487792969e+00 2.995046997070312500e+01 -3.014563620090484619e-01 5.029533863067626953e+00 3.506751632690429688e+01 -4.725735664367675781e+00
5.874413490295410156e+00 3.063757514953613281e+01 -3.998079895973205566e-01 5.430513858795166016e+00 3.595180511474609375e+01 -5.398562908172607422e+00
5.983906269073486328e+00 3.134325599670410156e+01 -5.139315128326416016e-01 5.713011264801025391e+00 3.677402496337890625e+01 -6.218293190002441406e+00
6.092115879058837891e+00 3.206428909301757812e+01 -6.431591510772705078e-01 5.925333976745605469e+00 3.754319381713867188e+01 -7.060540199279785156e+00
6.267883300781250000e+00 3.318125152587890625e+01 -8.702412247657775879e-01 6.179646968841552734e+00 3.868694305419921875e+01 -8.501018524169921875e+00
6.393448352813720703e+00 3.393899917602539062e+01 -1.044718742370605469e+00 6.568048000335693359e+00 3.981078720092773438e+01 -9.393752098083496094e+00
6.516324996948242188e+00 3.473119735717773438e+01 -1.238729715347290039e+00 6.451983451843261719e+00 4.071588897705078125e+01 -1.052653694152832031e+01
6.644381523132324219e+00 3.553021240234375000e+01 -1.456382513046264648e+00 6.671125411987304688e+00 4.162283706665039062e+01 -1.180566215515136719e+01
6.772688388824462891e+00 3.634471511840820312e+01 -1.700968980789184570e+00 6.930351734161376953e+00 4.229639434814453125e+01 -1.327476119995117188e+01
6.916263580322265625e+00 3.717963409423828125e+01 -1.975287199020385742e+00 7.348485469818115234e+00 4.317563247680664062e+01 -1.485156440734863281e+01
7.058615684509277344e+00 3.803408050537109375e+01 -2.283154487609863281e+00 7.585109233856201172e+00 4.392042541503906250e+01 -1.674480628967285156e+01
7.203695774078369141e+00 3.889206314086914062e+01 -2.629389524459838867e+00 8.009131431579589844e+00 4.451802825927734375e+01 -1.874786567687988281e+01
7.363094806671142578e+00 3.977191925048828125e+01 -3.015909433364868164e+00 8.200318336486816406e+00 4.525117492675781250e+01 -2.086588668823242188e+01
7.531695365905761719e+00 4.065329742431640625e+01 -3.446758985519409180e+00 8.611438751220703125e+00 4.557519531250000000e+01 -2.335061264038085938e+01
7.702082157135009766e+00 4.154456329345703125e+01 -3.928714752197265625e+00 9.112811088562011719e+00 4.566357803344726562e+01 -2.606471443176269531e+01
7.885388374328613281e+00 4.244143676757812500e+01 -4.465116500854492188e+00 9.542057037353515625e+00 4.575366973876953125e+01 -2.894013977050781250e+01
8.073817253112792969e+00 4.332787322998046875e+01 -5.059526443481445312e+00 9.886390686035156250e+00 4.533134841918945312e+01 -3.197522926330566406e+01
8.270663261413574219e+00 4.420216369628906250e+01 -5.713131427764892578e+00 1.017666530609130859e+01 4.457438278198242188e+01 -3.496693038940429688e+01
8.475408554077148438e+00 4.506310272216796875e+01 -6.425794124603271484e+00 1.038595008850097656e+01 4.336541366577148438e+01 -3.799498748779296875e+01
8.678586959838867188e+00 4.588408660888671875e+01 -7.194961071014404297e+00 1.077793979644775391e+01 4.172617721557617188e+01 -4.082920455932617188e+01
8.885404586791992188e+00 4.668724822998046875e+01 -8.017635345458984375e+00 1.058809185028076172e+01 3.966603851318359375e+01 -4.341209793090820312e+01
9.098959922790527344e+00 4.743426895141601562e+01 -8.886837959289550781e+00 1.079223918914794922e+01 3.741390228271484375e+01 -4.549219512939453125e+01
9.301945686340332031e+00 4.813200759887695312e+01 -9.792932510375976562e+00 1.102386569976806641e+01 3.464036178588867188e+01 -4.730200958251953125e+01
9.515780448913574219e+00 4.878763961791992188e+01 -1.072926807403564453e+01 1.081498813629150391e+01 3.227123641967773438e+01 -4.851332473754882812e+01
9.726477622985839844e+00 4.939399337768554688e+01 -1.168511390686035156e+01 1.055620002746582031e+01 2.994191360473632812e+01 -4.934515762329101562e+01
1.002441692352294922e+01 5.020693206787109375e+01 -1.313542270660400391e+01 1.037961673736572266e+01 2.609149742126464844e+01 -4.963645935058593750e+01
1.022154140472412109e+01 5.069709396362304688e+01 -1.410479164123535156e+01 1.009776878356933594e+01 2.390006446838378906e+01 -4.960410308837890625e+01
1.041565895080566406e+01 5.114616775512695312e+01 -1.506972789764404297e+01 9.724557876586914062e+00 2.197250747680664062e+01 -4.915682601928710938e+01
1.059861660003662109e+01 5.155458831787109375e+01 -1.602375221252441406e+01 9.418571472167968750e+00 2.002892875671386719e+01 -4.845933914184570312e+01
1.076758480072021484e+01 5.193545532226562500e+01 -1.695985984802246094e+01 8.916873931884765625e+00 1.813293075561523438e+01 -4.738303756713867188e+01
1.093722915649414062e+01 5.227681350708007812e+01 -1.787458801269531250e+01 8.543714523315429688e+00 1.649312591552734375e+01 -4.627566909790039062e+01
1.110404682159423828e+01 5.259210586547851562e+01 -1.876743316650390625e+01 8.049118995666503906e+00 1.509072685241699219e+01 -4.510756683349609375e+01
1.125432109832763672e+01 5.288006973266601562e+01 -1.963633537292480469e+01 7.524746894836425781e+00 1.368225955963134766e+01 -4.383748626708984375e+01
1.139860439300537109e+01 5.314294052124023438e+01 -2.047812271118164062e+01 7.093254089355468750e+00 1.236469650268554688e+01 -4.242723846435546875e+01
1.153953266143798828e+01 5.337427520751953125e+01 -2.129597663879394531e+01 6.893826007843017578e+00 1.132894134521484375e+01 -4.125274658203125000e+01
1.167145061492919922e+01 5.359221649169921875e+01 -2.208899307250976562e+01 6.658241748809814453e+00 1.037149047851562500e+01 -3.992885208129882812e+01
1.180173015594482422e+01 5.379714965820312500e+01 -2.285589027404785156e+01 6.314578056335449219e+00 9.517815589904785156e+00 -3.857460784912109375e+01
1.192361831665039062e+01 5.397788238525390625e+01 -2.359718322753906250e+01 6.167645454406738281e+00 8.692348480224609375e+00 -3.728996658325195312e+01
1.205301284790039062e+01 5.414798736572265625e+01 -2.431347656250000000e+01 5.989188194274902344e+00 8.113347053527832031e+00 -3.608101654052734375e+01
1.217433071136474609e+01 5.430722045898437500e+01 -2.500711822509765625e+01 5.848554611206054688e+00 7.512591361999511719e+00 -3.491416931152343750e+01
1.229153728485107422e+01 5.445149612426757812e+01 -2.567774581909179688e+01 5.715213298797607422e+00 6.948186874389648438e+00 -3.382224655151367188e+01
1.241267681121826172e+01 5.459065246582031250e+01 -2.632894515991210938e+01 5.378654003143310547e+00 6.735212802886962891e+00 -3.282891464233398438e+01
1.251773834228515625e+01 5.471465301513671875e+01 -2.695952987670898438e+01 5.250102043151855469e+00 6.152442455291748047e+00 -3.177426528930664062e+01
1.262317752838134766e+01 5.483352661132812500e+01 -2.757082557678222656e+01 4.877989768981933594e+00 5.552124500274658203e+00 -3.081040763854980469e+01
1.272458076477050781e+01 5.493653106689453125e+01 -2.816269111633300781e+01 4.779570102691650391e+00 4.890651702880859375e+00 -2.982427215576171875e+01
1.282844161987304688e+01 5.502903747558593750e+01 -2.873637580871582031e+01 4.785374641418457031e+00 4.565462112426757812e+00 -2.891247367858886719e+01
1.297593784332275391e+01 5.514857864379882812e+01 -2.956238937377929688e+01 4.600325584411621094e+00 4.057396411895751953e+00 -2.751822090148925781e+01
1.306939601898193359e+01 5.521923446655273438e+01 -3.009076118469238281e+01 4.481287956237792969e+00 3.715279340744018555e+00 -2.658603858947753906e+01
1.315460491180419922e+01 5.528830337524414062e+01 -3.060079002380371094e+01 4.210420131683349609e+00 3.333609342575073242e+00 -2.569958496093750000e+01
1.324483489990234375e+01 5.534712600708007812e+01 -3.109446144104003906e+01 4.082568168640136719e+00 3.047122240066528320e+00 -2.488568496704101562e+01
1.332794380187988281e+01 5.540233612060546875e+01 -3.157140922546386719e+01 3.928317546844482422e+00 2.769727468490600586e+00 -2.398443794250488281e+01
1.340992450714111328e+01 5.544745254516601562e+01 -3.203246688842773438e+01 3.780390262603759766e+00 2.545257806777954102e+00 -2.327016639709472656e+01
1.348018074035644531e+01 5.548881530761718750e+01 -3.247978210449218750e+01 3.563063859939575195e+00 2.078712940216064453e+00 -2.255430412292480469e+01
1.355707931518554688e+01 5.551507186889648438e+01 -3.291288757324218750e+01 3.556620597839355469e+00 2.011870622634887695e+00 -2.185976409912109375e+01
1.363343238830566406e+01 5.554653167724609375e+01 -3.333258056640625000e+01 3.393402576446533203e+00 1.881336688995361328e+00 -2.116784286499023438e+01
1.369989871978759766e+01 5.556841659545898438e+01 -3.373984527587890625e+01 3.271438121795654297e+00 1.597155928611755371e+00 -2.047574234008789062e+01
1.375410461425781250e+01 5.558533859252929688e+01 -3.413206481933593750e+01 3.401690721511840820e+00 1.200782060623168945e+00 -1.977301597595214844e+01
1.382479572296142578e+01 5.559845733642578125e+01 -3.451041793823242188e+01 3.375396490097045898e+00 1.244168281555175781e+00 -1.900353431701660156e+01
1.388624763488769531e+01 5.561004638671875000e+01 -3.487371444702148438e+01 3.415316104888916016e+00 1.048073649406433105e+00 -1.823967361450195312e+01
1.393956756591796875e+01 5.561846923828125000e+01 -3.522298431396484375e+01 3.531527519226074219e+00 7.110944390296936035e-01 -1.758323860168457031e+01
1.400216960906982422e+01 5.562718200683593750e+01 -3.555992889404296875e+01 3.548837900161743164e+00 8.010419011116027832e-01 -1.697272109985351562e+01
1.406554603576660156e+01 5.564545440673828125e+01 -3.588550186157226562e+01 3.261865615844726562e+00 8.906110525131225586e-01 -1.640964698791503906e+01
1.412627887725830078e+01 5.565067291259765625e+01 -3.620002365112304688e+01 3.456573724746704102e+00 8.733894228935241699e-01 -1.584204387664794922e+01
1.417579078674316406e+01 5.566128921508789062e+01 -3.650397109985351562e+01 3.491915702819824219e+00 8.230271339416503906e-01 -1.527422904968261719e+01
1.423383235931396484e+01 5.567641830444335938e+01 -3.679619216918945312e+01 3.313851594924926758e+00 9.896261692047119141e-01 -1.467220401763916016e+01
1.429088973999023438e+01 5.570267105102539062e+01 -3.707735061645507812e+01 2.947135686874389648e+00 1.142338991165161133e+00 -1.413226413726806641e+01
1.433814907073974609e+01 5.571747207641601562e+01 -3.734779739379882812e+01 2.933681726455688477e+00 1.197261452674865723e+00 -1.357695293426513672e+01
1.439969635009765625e+01 5.576079177856445312e+01 -3.773569488525390625e+01 2.611902475357055664e+00 1.087851643562316895e+00 -1.288711357116699219e+01
1.443441581726074219e+01 5.578269577026367188e+01 -3.798393630981445312e+01 2.562223911285400391e+00 1.069758653640747070e+00 -1.259600257873535156e+01
1.448252010345458984e+01 5.581011581420898438e+01 -3.822713088989257812e+01 2.413464069366455078e+00 1.193427324295043945e+00 -1.229372787475585938e+01
1.451750373840332031e+01 5.583706665039062500e+01 -3.846429824829101562e+01 2.422724962234497070e+00 1.044415712356567383e+00 -1.200429344177246094e+01
1.456044387817382812e+01 5.586202621459960938e+01 -3.869595718383789062e+01 2.470357179641723633e+00 1.237392425537109375e+00 -1.172147178649902344e+01
1.459933376312255859e+01 5.589659881591796875e+01 -3.892125701904296875e+01 2.315522193908691406e+00 1.271869897842407227e+00 -1.138411521911621094e+01
1.463377380371093750e+01 5.593115997314453125e+01 -3.914111328125000000e+01 2.341121435165405273e+00 1.135112524032592773e+00 -1.112013721466064453e+01
1.468270683288574219e+01 5.596856689453125000e+01 -3.935553359985351562e+01 2.288509368896484375e+00 1.294392585754394531e+00 -1.088194370269775391e+01
1.472204494476318359e+01 5.600600051879882812e+01 -3.956703948974609375e+01 2.096986770629882812e+00 1.107426643371582031e+00 -1.072147083282470703e+01
1.476497650146484375e+01 5.603899002075195312e+01 -3.977479934692382812e+01 2.031119346618652344e+00 1.129822134971618652e+00 -1.057523345947265625e+01
1.480332756042480469e+01 5.607299423217773438e+01 -3.997950744628906250e+01 1.936088681221008301e+00 1.097347259521484375e+00 -1.033464431762695312e+01
1.484091663360595703e+01 5.610298156738281250e+01 -4.017924880981445312e+01 1.849875092506408691e+00 9.131196141242980957e-01 -1.012377357482910156e+01
1.488307666778564453e+01 5.613460922241210938e+01 -4.037561798095703125e+01 1.924274086952209473e+00 9.202657938003540039e-01 -9.947826385498046875e+00
1.492744445800781250e+01 5.616424560546875000e+01 -4.056783294677734375e+01 1.846810340881347656e+00 8.863845467567443848e-01 -9.762848854064941406e+00
1.496986770629882812e+01 5.619287872314453125e+01 -4.075727844238281250e+01 1.819428324699401855e+00 9.426763057708740234e-01 -9.597248077392578125e+00
1.500956535339355469e+01 5.622679138183593750e+01 -4.094385147094726562e+01 1.485376119613647461e+00 9.284130334854125977e-01 -9.499550819396972656e+00
1.505671787261962891e+01 5.625326538085937500e+01 -4.112773895263671875e+01 1.396362066268920898e+00 1.053521752357482910e+00 -9.325319290161132812e+00
1.509361648559570312e+01 5.628651809692382812e+01 -4.130839920043945312e+01 1.294347405433654785e+00 1.026968002319335938e+00 -9.133790969848632812e+00
1.513394451141357422e+01 5.631903457641601562e+01 -4.148574829101562500e+01 1.076057672500610352e+00 1.176812291145324707e+00 -8.931506156921386719e+00
1.516940975189208984e+01 5.634754943847656250e+01 -4.165714263916015625e+01 8.613713979721069336e-01 1.163278698921203613e+00 -8.650989532470703125e+00
1.519944953918457031e+01 5.637017059326171875e+01 -4.182349395751953125e+01 9.306439757347106934e-01 9.575726985931396484e-01 -8.384679794311523438e+00
1.525930595397949219e+01 5.640225982666015625e+01 -4.206655502319335938e+01 8.631461858749389648e-01 1.088610649108886719e+00 -8.221808433532714844e+00
1.528624820709228516e+01 5.641870498657226562e+01 -4.222656631469726562e+01 8.534597754478454590e-01 7.780790328979492188e-01 -8.201230049133300781e+00
1.532425880432128906e+01 5.643762207031250000e+01 -4.238609313964843750e+01 8.718574643135070801e-01 8.908002972602844238e-01 -8.120778083801269531e+00
1.535764122009277344e+01 5.644234848022460938e+01 -4.254380416870117188e+01 1.224371552467346191e+00 9.509990811347961426e-01 -8.007617950439453125e+00
1.540410518646240234e+01 5.645631790161132812e+01 -4.269848632812500000e+01 1.265881180763244629e+00 1.236985325813293457e+00 -7.871865749359130859e+00
1.543769931793212891e+01 5.648102569580078125e+01 -4.285150909423828125e+01 9.344260692596435547e-01 1.101414322853088379e+00 -7.806804656982421875e+00
1.547172164916992188e+01 5.648931884765625000e+01 -4.300302505493164062e+01 1.032298922538757324e+00 1.101239800453186035e+00 -7.716930866241455078e+00
1.550475883483886719e+01 5.649895858764648438e+01 -4.315212631225585938e+01 1.096771478652954102e+00 1.061117410659790039e+00 -7.548427581787109375e+00
1.554113101959228516e+01 5.650505065917968750e+01 -4.329737091064453125e+01 1.279686570167541504e+00 1.090456604957580566e+00 -7.366505622863769531e+00
1.556923007965087891e+01 5.651493835449218750e+01 -4.344017028808593750e+01 1.261321425437927246e+00 1.046121358871459961e+00 -7.226925849914550781e+00
1.560538196563720703e+01 5.652336883544921875e+01 -4.357862472534179688e+01 1.449256181716918945e+00 1.034811496734619141e+00 -6.992036342620849609e+00
1.563983726501464844e+01 5.652506256103515625e+01 -4.371162033081054688e+01 1.791240334510803223e+00 1.012257575988769531e+00 -6.709788799285888672e+00
1.568257236480712891e+01 5.653177261352539062e+01 -4.384130859375000000e+01 1.826785087585449219e+00 1.199824929237365723e+00 -6.613851070404052734e+00
1.571473979949951172e+01 5.653927612304687500e+01 -4.396834182739257812e+01 1.759743928909301758e+00 1.055209398269653320e+00 -6.383058547973632812e+00
1.575124740600585938e+01 5.654446411132812500e+01 -4.409046554565429688e+01 1.842689514160156250e+00 1.177345991134643555e+00 -6.127685070037841797e+00
1.577724170684814453e+01 5.655848312377929688e+01 -4.420681381225585938e+01 1.607586979866027832e+00 1.071612238883972168e+00 -5.784376144409179688e+00
1.579819202423095703e+01 5.657802200317382812e+01 -4.431690979003906250e+01 1.223192930221557617e+00 9.380965828895568848e-01 -5.475556850433349609e+00
1.582098197937011719e+01 5.657839965820312500e+01 -4.441938781738281250e+01 1.517685532569885254e+00 7.957928180694580078e-01 -5.055223464965820312e+00
1.584956645965576172e+01 5.658909988403320312e+01 -4.451470565795898438e+01 1.548913955688476562e+00 8.734719753265380859e-01 -4.759720325469970703e+00
1.587140083312988281e+01 5.660123825073242188e+01 -4.460494613647460938e+01 1.614431500434875488e+00 7.619238495826721191e-01 -4.458189010620117188e+00
1.590933799743652344e+01 5.661551284790039062e+01 -4.472791290283203125e+01 1.660302996635437012e+00 8.568353056907653809e-01 -3.846941947937011719e+00
1.593676471710205078e+01 5.662837219238281250e+01 -4.479840850830078125e+01 1.591041207313537598e+00 8.311566114425659180e-01 -3.426840782165527344e+00
1.595800876617431641e+01 5.664175415039062500e+01 -4.486196136474609375e+01 1.677595734596252441e+00 8.709891438484191895e-01 -3.088724136352539062e+00
1.598791790008544922e+01 5.665462493896484375e+01 -4.491716384887695312e+01 1.698518514633178711e+00 1.269966244697570801e+00 -2.536020755767822266e+00
1.600873756408691406e+01 5.668330001831054688e+01 -4.496353912353515625e+01 1.620707869529724121e+00 1.546503543853759766e+00 -2.191236019134521484e+00
1.602819061279296875e+01 5.671636199951171875e+01 -4.500167083740234375e+01 1.531828641891479492e+00 1.812770009040832520e+00 -1.679241657257080078e+00
1.605273437500000000e+01 5.675774383544921875e+01 -4.502804946899414062e+01 1.553369760513305664e+00 2.346139430999755859e+00 -1.019651651382446289e+00
1.607913017272949219e+01 5.681617355346679688e+01 -4.504282379150390625e+01 1.407111287117004395e+00 3.324807643890380859e+00 -4.155955612659454346e-01
1.610636138916015625e+01 5.689222717285156250e+01 -4.504422760009765625e+01 1.229507327079772949e+00 4.464572906494140625e+00 2.813612818717956543e-01
1.611390495300292969e+01 5.699090957641601562e+01 -4.503184127807617188e+01 1.178276300430297852e+00 5.432079792022705078e+00 9.396022558212280273e-01
1.612296485900878906e+01 5.711437606811523438e+01 -4.500903320312500000e+01 1.249521374702453613e+00 6.662926673889160156e+00 1.418555021286010742e+00
1.614494132995605469e+01 5.727045822143554688e+01 -4.498084640502929688e+01 1.539463400840759277e+00 8.538320541381835938e+00 1.363440394401550293e+00
1.618166160583496094e+01 5.746519851684570312e+01 -4.495962905883789062e+01 1.872865080833435059e+00 1.071459484100341797e+01 8.295668363571166992e-01
1.621543312072753906e+01 5.769829177856445312e+01 -4.495133590698242188e+01 2.026800155639648438e+00 1.220357227325439453e+01 -2.622307464480400085e-02
1.626371383666992188e+01 5.795446014404296875e+01 -4.496207809448242188e+01 2.410197973251342773e+00 1.362709522247314453e+01 -1.087889909744262695e+00
1.631772804260253906e+01 5.823246002197265625e+01 -4.499554061889648438e+01 2.594302892684936523e+00 1.461355113983154297e+01 -2.332161903381347656e+00
1.636654090881347656e+01 5.852200698852539062e+01 -4.505218887329101562e+01 2.967958450317382812e+00 1.485573291778564453e+01 -3.545234441757202148e+00
1.642537307739257812e+01 5.881572341918945312e+01 -4.513388442993164062e+01 3.180511951446533203e+00 1.497570323944091797e+01 -4.853677272796630859e+00
1.647711944580078125e+01 5.910335922241210938e+01 -4.524198150634765625e+01 3.320836782455444336e+00 1.449454593658447266e+01 -6.172625064849853516e+00
1.654507064819335938e+01 5.938535690307617188e+01 -4.537243270874023438e+01 3.281236648559570312e+00 1.418423271179199219e+01 -7.212381839752197266e+00
1.661662673950195312e+01 5.965663528442382812e+01 -4.552091598510742188e+01 3.232059478759765625e+00 1.379275131225585938e+01 -7.922580718994140625e+00
1.670240592956542969e+01 6.004260253906250000e+01 -4.576715087890625000e+01 3.313187360763549805e+00 1.244787120819091797e+01 -8.820328712463378906e+00
1.676087570190429688e+01 6.027057266235351562e+01 -4.594466400146484375e+01 3.547773599624633789e+00 1.146893215179443359e+01 -9.338265419006347656e+00
1.681934356689453125e+01 6.047790145874023438e+01 -4.613167572021484375e+01 3.729476213455200195e+00 1.054173278808593750e+01 -9.842299461364746094e+00
1.688928413391113281e+01 6.067442703247070312e+01 -4.632879638671875000e+01 3.671205520629882812e+00 9.834328651428222656e+00 -1.040301036834716797e+01
1.695854949951171875e+01 6.086321640014648438e+01 -4.653566741943359375e+01 3.722629070281982422e+00 9.337945938110351562e+00 -1.083145618438720703e+01
1.702196884155273438e+01 6.104978561401367188e+01 -4.675128555297851562e+01 3.443240404129028320e+00 8.888669967651367188e+00 -1.120243263244628906e+01
1.707952690124511719e+01 6.122562408447265625e+01 -4.697259140014648438e+01 3.099661588668823242e+00 8.384373664855957031e+00 -1.140552425384521484e+01
1.713461875915527344e+01 6.137699127197265625e+01 -4.719769287109375000e+01 3.146235942840576172e+00 7.683509349822998047e+00 -1.164034271240234375e+01
1.719012641906738281e+01 6.151987838745117188e+01 -4.742798233032226562e+01 3.205806732177734375e+00 6.983415603637695312e+00 -1.194120693206787109e+01
1.725623321533203125e+01 6.165785980224609375e+01 -4.766237258911132812e+01 3.187750101089477539e+00 6.807516098022460938e+00 -1.204868125915527344e+01
1.731682586669921875e+01 6.179221343994140625e+01 -4.790081024169921875e+01 3.007981061935424805e+00 6.365800857543945312e+00 -1.229780483245849609e+01
1.736318016052246094e+01 6.192172622680664062e+01 -4.814403533935546875e+01 2.812559366226196289e+00 5.686768531799316406e+00 -1.262657070159912109e+01
1.741056060791015625e+01 6.203397750854492188e+01 -4.839323043823242188e+01 2.619565963745117188e+00 5.064199924468994141e+00 -1.286286258697509766e+01
1.746854209899902344e+01 6.212582397460937500e+01 -4.864587783813476562e+01 3.120538473129272461e+00 4.799690723419189453e+00 -1.299321079254150391e+01
1.753351020812988281e+01 6.222386169433593750e+01 -4.890157699584960938e+01 3.127939462661743164e+00 4.608306407928466797e+00 -1.317284584045410156e+01
1.759210777282714844e+01 6.231783676147460938e+01 -4.916027450561523438e+01 2.964785575866699219e+00 4.204184532165527344e+00 -1.326929092407226562e+01
1.764194869995117188e+01 6.240619277954101562e+01 -4.942093658447265625e+01 2.939015865325927734e+00 3.728163003921508789e+00 -1.341038417816162109e+01
1.769728279113769531e+01 6.249158096313476562e+01 -4.968449020385742188e+01 2.797396659851074219e+00 3.570706844329833984e+00 -1.350446128845214844e+01
1.775950622558593750e+01 6.256202316284179688e+01 -4.995019912719726562e+01 2.859772682189941406e+00 3.427027225494384766e+00 -1.363254833221435547e+01
1.782473945617675781e+01 6.263778305053710938e+01 -5.021765136718750000e+01 2.781375885009765625e+00 3.450084447860717773e+00 -1.377653121948242188e+01
1.788200759887695312e+01 6.270602416992187500e+01 -5.048814010620117188e+01 2.531463146209716797e+00 2.989687681198120117e+00 -1.388087940216064453e+01
1.796726226806640625e+01 6.280458068847656250e+01 -5.089676666259765625e+01 2.382803678512573242e+00 2.639551162719726562e+00 -1.400645828247070312e+01
1.801893043518066406e+01 6.285890197753906250e+01 -5.117105865478515625e+01 2.279057025909423828e+00 2.341925859451293945e+00 -1.400405311584472656e+01
1.806421470642089844e+01 6.290701293945312500e+01 -5.144322967529296875e+01 2.127358675003051758e+00 1.981556415557861328e+00 -1.392882061004638672e+01
1.811821937561035156e+01 6.295023727416992188e+01 -5.171590805053710938e+01 2.031312942504882812e+00 1.967872619628906250e+00 -1.392557811737060547e+01
1.816809654235839844e+01 6.299316787719726562e+01 -5.198761749267578125e+01 2.074362277984619141e+00 1.669515967369079590e+00 -1.391527843475341797e+01
1.823091506958007812e+01 6.303050994873046875e+01 -5.225889587402343750e+01 2.185153484344482422e+00 1.688270688056945801e+00 -1.386273765563964844e+01
1.828980255126953125e+01 6.306374359130859375e+01 -5.252972793579101562e+01 2.206629037857055664e+00 1.548580884933471680e+00 -1.380450439453125000e+01
1.834306335449218750e+01 6.308527374267578125e+01 -5.279872131347656250e+01 2.233371973037719727e+00 1.397004008293151855e+00 -1.377038288116455078e+01
1.838903236389160156e+01 6.310393524169921875e+01 -5.306827545166015625e+01 2.222718477249145508e+00 9.785336852073669434e-01 -1.392299652099609375e+01
1.845317268371582031e+01 6.311788177490234375e+01 -5.334127807617187500e+01 2.253253221511840820e+00 1.023863911628723145e+00 -1.396653747558593750e+01
1.850951004028320312e+01 6.313046646118164062e+01 -5.361313247680664062e+01 2.275898218154907227e+00 9.421688914299011230e-01 -1.387042427062988281e+01
1.856833839416503906e+01 6.314316940307617188e+01 -5.388190841674804688e+01 2.276780605316162109e+00 8.951355814933776855e-01 -1.369095802307128906e+01
1.861040306091308594e+01 6.314910888671875000e+01 -5.414801025390625000e+01 2.301396369934082031e+00 6.205693483352661133e-01 -1.360150051116943359e+01
1.866036796569824219e+01 6.314982604980468750e+01 -5.441184234619140625e+01 2.113687276840209961e+00 4.042816460132598877e-01 -1.342774200439453125e+01
1.870265579223632812e+01 6.314658737182617188e+01 -5.467156982421875000e+01 2.042920589447021484e+00 4.240509867668151855e-02 -1.320174312591552734e+01
1.874824333190917969e+01 6.312976455688476562e+01 -5.492514038085937500e+01 2.119718551635742188e+00 -1.381983011960983276e-01 -1.286741542816162109e+01
1.879383277893066406e+01 6.311935424804687500e+01 -5.517360687255859375e+01 2.083848476409912109e+00 -1.879996508359909058e-01 -1.260276412963867188e+01
1.883912467956542969e+01 6.310845565795898438e+01 -5.541704177856445312e+01 1.901064515113830566e+00 -1.889716535806655884e-01 -1.243779945373535156e+01
1.887497520446777344e+01 6.309459686279296875e+01 -5.565881347656250000e+01 1.912381410598754883e+00 -5.224477052688598633e-01 -1.226044559478759766e+01
1.891757965087890625e+01 6.307334136962890625e+01 -5.589573669433593750e+01 2.160422563552856445e+00 -5.507895946502685547e-01 -1.205049610137939453e+01
1.896238327026367188e+01 6.305261611938476562e+01 -5.612806320190429688e+01 2.347915172576904297e+00 -5.520947575569152832e-01 -1.179443836212158203e+01
1.902486610412597656e+01 6.302106475830078125e+01 -5.646622848510742188e+01 2.445359230041503906e+00 -6.755582690238952637e-01 -1.138855552673339844e+01
1.907440185546875000e+01 6.299950790405273438e+01 -5.668634796142578125e+01 2.625961303710937500e+00 -2.585523724555969238e-01 -1.111605644226074219e+01
1.912274551391601562e+01 6.298805236816406250e+01 -5.690069580078125000e+01 2.590060949325561523e+00 -1.301552057266235352e-01 -1.092031669616699219e+01
1.916796684265136719e+01 6.298154067993164062e+01 -5.711240005493164062e+01 2.340066432952880859e+00 4.532460495829582214e-02 -1.078433799743652344e+01
1.919794464111328125e+01 6.297426986694335938e+01 -5.732143402099609375e+01 2.337084531784057617e+00 -1.697038114070892334e-01 -1.061089324951171875e+01
1.923658752441406250e+01 6.297174453735351562e+01 -5.752819824218750000e+01 2.305140495300292969e+00 1.129354313015937805e-01 -1.052727699279785156e+01
1.926651382446289062e+01 6.297640609741210938e+01 -5.773273849487304688e+01 2.089576005935668945e+00 4.720072075724601746e-02 -1.040686893463134766e+01
1.929751586914062500e+01 6.297883224487304688e+01 -5.793587875366210938e+01 2.273776292800903320e+00 -1.828483492136001587e-02 -1.036183929443359375e+01
1.933508110046386719e+01 6.298514175415039062e+01 -5.813905334472656250e+01 2.272456884384155273e+00 4.122339934110641479e-02 -1.043519401550292969e+01
1.937341308593750000e+01 6.298553085327148438e+01 -5.834350585937500000e+01 2.464496374130249023e+00 1.472054272890090942e-01 -1.047304344177246094e+01
1.940535736083984375e+01 6.299776458740234375e+01 -5.854843139648437500e+01 2.368445873260498047e+00 8.890160918235778809e-02 -1.050941276550292969e+01
1.944696044921875000e+01 6.301111984252929688e+01 -5.875451660156250000e+01 2.216505050659179688e+00 8.941802382469177246e-02 -1.048778629302978516e+01
1.948280715942382812e+01 6.302148056030273438e+01 -5.896073913574218750e+01 2.394426107406616211e+00 1.753989607095718384e-02 -1.050036907196044922e+01
1.952805328369140625e+01 6.303131103515625000e+01 -5.916574096679687500e+01 2.573942184448242188e+00 2.594694495201110840e-01 -1.048382854461669922e+01
1.957832336425781250e+01 6.304928970336914062e+01 -5.937079620361328125e+01 2.653103590011596680e+00 6.209238767623901367e-01 -1.053863143920898438e+01
1.962548637390136719e+01 6.307530593872070312e+01 -5.957749938964843750e+01 2.471608877182006836e+00 8.996286392211914062e-01 -1.053697872161865234e+01
1.966421318054199219e+01 6.310261917114257812e+01 -5.978441238403320312e+01 2.219568252563476562e+00 7.521232962608337402e-01 -1.054417514801025391e+01
1.970858383178710938e+01 6.312441253662109375e+01 -5.998952865600585938e+01 2.198403358459472656e+00 8.404583334922790527e-01 -1.040175247192382812e+01
1.974513816833496094e+01 6.315052032470703125e+01 -6.019152450561523438e+01 1.944435954093933105e+00 7.132720351219177246e-01 -1.025049591064453125e+01
1.978512573242187500e+01 6.317595291137695312e+01 -6.039218521118164062e+01 1.717153429985046387e+00 7.180321812629699707e-01 -1.020204448699951172e+01
1.982895660400390625e+01 6.320811080932617188e+01 -6.059099578857421875e+01 1.469200611114501953e+00 1.039852619171142578e+00 -1.011629199981689453e+01
1.987973403930664062e+01 6.324847793579101562e+01 -6.088968658447265625e+01 1.496898770332336426e+00 1.222504496574401855e+00 -1.023424911499023438e+01
1.991328620910644531e+01 6.327975082397460938e+01 -6.109110641479492188e+01 1.449351310729980469e+00 1.275080084800720215e+00 -1.037973403930664062e+01
1.995162010192871094e+01 6.330963897705078125e+01 -6.129539489746093750e+01 1.531850218772888184e+00 1.651393055915832520e+00 -1.052836227416992188e+01
1.998751640319824219e+01 6.335147094726562500e+01 -6.150438690185546875e+01 1.637416481971740723e+00 1.742404937744140625e+00 -1.076988792419433594e+01
2.003247451782226562e+01 6.339320755004882812e+01 -6.171749114990234375e+01 1.850443363189697266e+00 2.136404275894165039e+00 -1.105008316040039062e+01
2.007883262634277344e+01 6.344527435302734375e+01 -6.193718719482421875e+01 1.890399217605590820e+00 2.185181140899658203e+00 -1.138332080841064453e+01
2.013080215454101562e+01 6.349578475952148438e+01 -6.216221618652343750e+01 2.125593423843383789e+00 2.568109989166259766e+00 -1.164463138580322266e+01
2.018741798400878906e+01 6.355357742309570312e+01 -6.239176559448242188e+01 2.165610313415527344e+00 2.937505006790161133e+00 -1.185136890411376953e+01
2.024194717407226562e+01 6.361085510253906250e+01 -6.262655639648437500e+01 2.454660892486572266e+00 3.142270565032958984e+00 -1.208847522735595703e+01
2.029375267028808594e+01 6.367888259887695312e+01 -6.286505889892578125e+01 2.397243499755859375e+00 3.271891832351684570e+00 -1.241724681854248047e+01
2.035657691955566406e+01 6.374092102050781250e+01 -6.310987091064453125e+01 2.485954761505126953e+00 3.565826654434204102e+00 -1.267456626892089844e+01
2.041617012023925781e+01 6.380330657958984375e+01 -6.336042404174804688e+01 2.731880664825439453e+00 3.779408454895019531e+00 -1.304322147369384766e+01
2.047832679748535156e+01 6.387963104248046875e+01 -6.361988067626953125e+01 2.362392425537109375e+00 4.014730930328369141e+00 -1.340656185150146484e+01
2.052877044677734375e+01 6.395526123046875000e+01 -6.388210296630859375e+01 1.920356631278991699e+00 3.851008892059326172e+00 -1.348902797698974609e+01
2.056733322143554688e+01 6.401967620849609375e+01 -6.414591979980468750e+01 1.911721467971801758e+00 3.303870439529418945e+00 -1.360248947143554688e+01
2.061652183532714844e+01 6.407743835449218750e+01 -6.441304016113281250e+01 2.036647796630859375e+00 3.403503179550170898e+00 -1.379614734649658203e+01
2.066175079345703125e+01 6.413610839843750000e+01 -6.468422698974609375e+01 2.221566677093505859e+00 3.019799470901489258e+00 -1.394416713714599609e+01
2.071441650390625000e+01 6.418714904785156250e+01 -6.495771789550781250e+01 2.428097009658813477e+00 2.963550806045532227e+00 -1.408076572418212891e+01
2.077462005615234375e+01 6.423689270019531250e+01 -6.523265838623046875e+01 2.521589279174804688e+00 3.111690521240234375e+00 -1.412656784057617188e+01
2.082476615905761719e+01 6.428764343261718750e+01 -6.551011657714843750e+01 2.712098360061645508e+00 2.686357975006103516e+00 -1.429639148712158203e+01
2.087809181213378906e+01 6.432858276367187500e+01 -6.579034423828125000e+01 2.825499534606933594e+00 2.492141008377075195e+00 -1.443334484100341797e+01
2.096622276306152344e+01 6.438258361816406250e+01 -6.621141815185546875e+01 3.329451560974121094e+00 2.540831327438354492e+00 -1.449761676788330078e+01
2.103376197814941406e+01 6.442599487304687500e+01 -6.649533081054687500e+01 3.287764787673950195e+00 2.553459882736206055e+00 -1.454972076416015625e+01
2.109048652648925781e+01 6.447084045410156250e+01 -6.677824401855468750e+01 3.366907596588134766e+00 2.363676548004150391e+00 -1.444209098815917969e+01
2.115768814086914062e+01 6.450622558593750000e+01 -6.705931854248046875e+01 3.506017208099365234e+00 2.573517560958862305e+00 -1.434922027587890625e+01
2.122062683105468750e+01 6.454838562011718750e+01 -6.733896636962890625e+01 3.654709577560424805e+00 2.560328483581542969e+00 -1.433340549468994141e+01
2.128358459472656250e+01 6.459520721435546875e+01 -6.761856079101562500e+01 3.329666852951049805e+00 2.709086418151855469e+00 -1.432213783264160156e+01
2.134008407592773438e+01 6.464284515380859375e+01 -6.789687347412109375e+01 3.025410652160644531e+00 2.557363986968994141e+00 -1.414675521850585938e+01
2.138900756835937500e+01 6.468633270263671875e+01 -6.817210388183593750e+01 2.956898212432861328e+00 2.600674629211425781e+00 -1.404033279418945312e+01
2.143517112731933594e+01 6.473191833496093750e+01 -6.844432830810546875e+01 2.675977230072021484e+00 2.296615362167358398e+00 -1.385624122619628906e+01
2.148058319091796875e+01 6.477758789062500000e+01 -6.871545410156250000e+01 2.345122098922729492e+00 2.320840597152709961e+00 -1.386540412902832031e+01
2.151922607421875000e+01 6.482204437255859375e+01 -6.898664855957031250e+01 2.289634704589843750e+00 2.067808151245117188e+00 -1.393979740142822266e+01
2.155540657043457031e+01 6.486302185058593750e+01 -6.925797271728515625e+01 2.474398851394653320e+00 1.633029818534851074e+00 -1.389901351928710938e+01
2.160512542724609375e+01 6.489851379394531250e+01 -6.952905273437500000e+01 2.689294338226318359e+00 1.683616876602172852e+00 -1.389700984954833984e+01
2.164969825744628906e+01 6.493467712402343750e+01 -6.980133819580078125e+01 2.883465290069580078e+00 1.574660420417785645e+00 -1.393886280059814453e+01
2.170348739624023438e+01 6.497018432617187500e+01 -7.007475280761718750e+01 3.037168025970458984e+00 1.760698199272155762e+00 -1.399992752075195312e+01
2.176121139526367188e+01 6.501755523681640625e+01 -7.034835815429687500e+01 2.754061698913574219e+00 1.959549784660339355e+00 -1.394756507873535156e+01
2.181315040588378906e+01 6.505381011962890625e+01 -7.062065887451171875e+01 3.218441724777221680e+00 2.065408706665039062e+00 -1.402571010589599609e+01
2.187447547912597656e+01 6.510247039794921875e+01 -7.089495086669921875e+01 3.233092546463012695e+00 2.380566596984863281e+00 -1.403588294982910156e+01
2.193855094909667969e+01 6.515868377685546875e+01 -7.116906738281250000e+01 3.186089515686035156e+00 2.825080156326293945e+00 -1.408133792877197266e+01
2.199068450927734375e+01 6.523496246337890625e+01 -7.144422912597656250e+01 2.568306207656860352e+00 2.624696731567382812e+00 -1.401059913635253906e+01
2.206535339355468750e+01 6.531646728515625000e+01 -7.185334777832031250e+01 2.654108285903930664e+00 2.527114868164062500e+00 -1.399343490600585938e+01
2.212373924255371094e+01 6.536717224121093750e+01 -7.212911987304687500e+01 2.791844606399536133e+00 2.513298273086547852e+00 -1.426016139984130859e+01
2.218534088134765625e+01 6.541999816894531250e+01 -7.240826416015625000e+01 2.624536037445068359e+00 2.510386943817138672e+00 -1.430074882507324219e+01
2.224222183227539062e+01 6.547421264648437500e+01 -7.268846130371093750e+01 2.490455150604248047e+00 2.393279075622558594e+00 -1.441736316680908203e+01
2.228300285339355469e+01 6.551224517822265625e+01 -7.296972656250000000e+01 2.576362371444702148e+00 1.843911290168762207e+00 -1.439652919769287109e+01
2.233672332763671875e+01 6.555034637451171875e+01 -7.325023651123046875e+01 2.481085538864135742e+00 1.608621120452880859e+00 -1.425757598876953125e+01
2.238898658752441406e+01 6.557488250732421875e+01 -7.352787780761718750e+01 2.660087585449218750e+00 1.632230401039123535e+00 -1.420024108886718750e+01
2.244352149963378906e+01 6.560987854003906250e+01 -7.380416870117187500e+01 2.500765323638916016e+00 1.546844959259033203e+00 -1.407575130462646484e+01
2.249467468261718750e+01 6.563925933837890625e+01 -7.407802581787109375e+01 2.342881679534912109e+00 1.459642529487609863e+00 -1.402302742004394531e+01
2.255025863647460938e+01 6.566689300537109375e+01 -7.434994506835937500e+01 2.237802505493164062e+00 1.416026353836059570e+00 -1.385968399047851562e+01
2.260411262512207031e+01 6.569146728515625000e+01 -7.461963653564453125e+01 2.252923727035522461e+00 1.273812532424926758e+00 -1.375730609893798828e+01
2.265054702758789062e+01 6.571208953857421875e+01 -7.488591766357421875e+01 2.200624465942382812e+00 1.129804253578186035e+00 -1.350241565704345703e+01
2.270290946960449219e+01 6.573862457275390625e+01 -7.514548492431640625e+01 1.861880302429199219e+00 1.077159881591796875e+00 -1.314340209960937500e+01
2.274375915527343750e+01 6.575408172607421875e+01 -7.540038299560546875e+01 1.974771022796630859e+00 1.021462321281433105e+00 -1.295995903015136719e+01
2.278392982482910156e+01 6.575387573242187500e+01 -7.565032958984375000e+01 2.351497173309326172e+00 7.662054896354675293e-01 -1.266127681732177734e+01
2.283217811584472656e+01 6.576891326904296875e+01 -7.589636230468750000e+01 2.106120347976684570e+00 8.670926094055175781e-01 -1.244871044158935547e+01
2.287471199035644531e+01 6.577918243408203125e+01 -7.613733673095703125e+01 1.969118118286132812e+00 6.886626482009887695e-01 -1.230465030670166016e+01
2.291875457763671875e+01 6.578314971923828125e+01 -7.637594604492187500e+01 2.159749746322631836e+00 5.242147445678710938e-01 -1.209410667419433594e+01
2.296438026428222656e+01 6.579164886474609375e+01 -7.660984039306640625e+01 2.191728830337524414e+00 6.664984822273254395e-01 -1.191670322418212891e+01
2.301475715637207031e+01 6.579871368408203125e+01 -7.683978271484375000e+01 2.434829950332641602e+00 8.362621665000915527e-01 -1.169997596740722656e+01
2.306091499328613281e+01 6.581236267089843750e+01 -7.706602478027343750e+01 2.412230730056762695e+00 9.129739999771118164e-01 -1.149463462829589844e+01
2.312999916076660156e+01 6.583309936523437500e+01 -7.739896392822265625e+01 2.239435434341430664e+00 9.315308928489685059e-01 -1.118870830535888672e+01
2.316616058349609375e+01 6.584162139892578125e+01 -7.761376953125000000e+01 2.159301996231079102e+00 7.292038798332214355e-01 -1.091946506500244141e+01
2.320882606506347656e+01 6.584680938720703125e+01 -7.782578277587890625e+01 2.231640815734863281e+00 4.153722822666168213e-01 -1.075080108642578125e+01
2.325446510314941406e+01 6.584774780273437500e+01 -7.803593444824218750e+01 2.345625162124633789e+00 4.918091595172882080e-01 -1.079909801483154297e+01
2.329946708679199219e+01 6.585770416259765625e+01 -7.824623107910156250e+01 2.115732908248901367e+00 6.936886906623840332e-01 -1.067476272583007812e+01
2.333411216735839844e+01 6.587094116210937500e+01 -7.845398712158203125e+01 1.948233008384704590e+00 4.516153335571289062e-01 -1.059532546997070312e+01
2.336244583129882812e+01 6.587605285644531250e+01 -7.865873718261718750e+01 2.063114881515502930e+00 1.665107309818267822e-01 -1.039476680755615234e+01
2.339940834045410156e+01 6.587756347656250000e+01 -7.886082458496093750e+01 2.166030645370483398e+00 1.344575136899948120e-01 -1.035115814208984375e+01
2.343906211853027344e+01 6.587694549560546875e+01 -7.906122589111328125e+01 2.345073938369750977e+00 1.601009219884872437e-01 -1.016176509857177734e+01
2.349137878417968750e+01 6.588928985595703125e+01 -7.925850677490234375e+01 2.263012647628784180e+00 6.466429233551025391e-01 -9.997780799865722656e+00
2.352796363830566406e+01 6.589984130859375000e+01 -7.945245361328125000e+01 2.085945844650268555e+00 4.419733881950378418e-01 -9.950838088989257812e+00
2.356136894226074219e+01 6.590419006347656250e+01 -7.964538574218750000e+01 2.174031496047973633e+00 4.027326107025146484e-01 -9.839611053466796875e+00
2.360124588012695312e+01 6.590915679931640625e+01 -7.983770751953125000e+01 2.245441198348999023e+00 4.914990663528442383e-01 -9.801490783691406250e+00
2.364350318908691406e+01 6.591034698486328125e+01 -8.002754211425781250e+01 2.263265371322631836e+00 5.152079463005065918e-01 -9.686082839965820312e+00
2.367964744567871094e+01 6.592468261718750000e+01 -8.021640014648437500e+01 2.173008441925048828e+00 5.287070274353027344e-01 -9.570654869079589844e+00
2.371353912353515625e+01 6.594393157958984375e+01 -8.040169525146484375e+01 2.142121553421020508e+00 4.835576713085174561e-01 -9.388176918029785156e+00
2.375354576110839844e+01 6.595460510253906250e+01 -8.058494567871093750e+01 2.108185768127441406e+00 4.199398756027221680e-01 -9.340249061584472656e+00
2.378560066223144531e+01 6.596595764160156250e+01 -8.076698303222656250e+01 2.104811429977416992e+00 3.961930871009826660e-01 -9.205101966857910156e+00
2.382597351074218750e+01 6.598111724853515625e+01 -8.094679260253906250e+01 2.013367414474487305e+00 5.316595435142517090e-01 -9.146540641784667969e+00
2.386582756042480469e+01 6.599650573730468750e+01 -8.112490844726562500e+01 2.153044462203979492e+00 6.957899332046508789e-01 -9.023363113403320312e+00
2.390272331237792969e+01 6.600930786132812500e+01 -8.129954528808593750e+01 2.308129310607910156e+00 8.777242302894592285e-01 -8.846015930175781250e+00
2.397600555419921875e+01 6.604332733154296875e+01 -8.155948638916015625e+01 2.456055879592895508e+00 1.491823434829711914e+00 -8.975941658020019531e+00
2.402884101867675781e+01 6.607415771484375000e+01 -8.173546600341796875e+01 2.148699998855590820e+00 2.128467798233032227e+00 -9.016502380371093750e+00
2.406708717346191406e+01 6.611834716796875000e+01 -8.191105651855468750e+01 1.758231639862060547e+00 2.060820579528808594e+00 -8.929126739501953125e+00
2.409136962890625000e+01 6.616189575195312500e+01 -8.208708190917968750e+01 1.401157021522521973e+00 2.016553401947021484e+00 -8.977662086486816406e+00
2.412386703491210938e+01 6.619465637207031250e+01 -8.226249694824218750e+01 1.620736122131347656e+00 1.842728376388549805e+00 -8.959361076354980469e+00
2.415320396423339844e+01 6.622792053222656250e+01 -8.243656921386718750e+01 1.683122396469116211e+00 1.739396929740905762e+00 -8.936994552612304688e+00
2.419488143920898438e+01 6.626641082763671875e+01 -8.261144256591796875e+01 1.675749540328979492e+00 1.920467019081115723e+00 -8.968935966491699219e+00
2.421995162963867188e+01 6.630368804931640625e+01 -8.278620910644531250e+01 1.634029030799865723e+00 1.691175580024719238e+00 -8.946421623229980469e+00
2.424254226684570312e+01 6.633364868164062500e+01 -8.296091461181640625e+01 1.792049765586853027e+00 1.552105307579040527e+00 -8.972570419311523438e+00
2.427787208557128906e+01 6.636396789550781250e+01 -8.313790893554687500e+01 2.120010614395141602e+00 1.345533013343811035e+00 -9.125635147094726562e+00
2.432123565673828125e+01 6.639288330078125000e+01 -8.331728363037109375e+01 2.459423065185546875e+00 1.627768039703369141e+00 -9.205695152282714844e+00
2.437519073486328125e+01 6.642255401611328125e+01 -8.349890136718750000e+01 2.772300481796264648e+00 2.136588811874389648e+00 -9.446921348571777344e+00
2.443542861938476562e+01 6.647296905517578125e+01 -8.368372344970703125e+01 2.802187681198120117e+00 2.605004072189331055e+00 -9.440188407897949219e+00
2.448913383483886719e+01 6.652867126464843750e+01 -8.387095642089843750e+01 2.593115568161010742e+00 3.034822225570678711e+00 -9.678487777709960938e+00
2.454105758666992188e+01 6.658753204345703125e+01 -8.405935668945312500e+01 2.312854528427124023e+00 3.266893863677978516e+00 -9.702121734619140625e+00
2.457606315612792969e+01 6.665265655517578125e+01 -8.425083923339843750e+01 2.133919954299926758e+00 3.102573871612548828e+00 -9.836601257324218750e+00
2.461366081237792969e+01 6.671247100830078125e+01 -8.444422149658203125e+01 1.871074199676513672e+00 3.041495084762573242e+00 -9.974874496459960938e+00
2.464935302734375000e+01 6.676963043212890625e+01 -8.463958740234375000e+01 1.902954578399658203e+00 2.922292470932006836e+00 -1.000057697296142578e+01
2.468437767028808594e+01 6.682595825195312500e+01 -8.483595275878906250e+01 1.757457256317138672e+00 2.755300521850585938e+00 -1.001235198974609375e+01
2.471725654602050781e+01 6.687793731689453125e+01 -8.503293609619140625e+01 1.520172357559204102e+00 2.462190866470336914e+00 -1.013673591613769531e+01
2.474256515502929688e+01 6.691532897949218750e+01 -8.523042297363281250e+01 1.740589618682861328e+00 2.168574810028076172e+00 -1.014516162872314453e+01
2.480082321166992188e+01 6.697058868408203125e+01 -8.552885437011718750e+01 2.058043003082275391e+00 1.908614158630371094e+00 -1.034146118164062500e+01
2.484657669067382812e+01 6.701193237304687500e+01 -8.573232269287109375e+01 2.183491945266723633e+00 2.045679330825805664e+00 -1.043947601318359375e+01
2.489959335327148438e+01 6.703939819335937500e+01 -8.593521881103515625e+01 2.681319236755371094e+00 2.086615800857543945e+00 -1.044079017639160156e+01
2.494947814941406250e+01 6.708525848388671875e+01 -8.614199829101562500e+01 2.581865310668945312e+00 2.338233232498168945e+00 -1.067063808441162109e+01
2.499805831909179688e+01 6.713280487060546875e+01 -8.635155487060546875e+01 2.640173912048339844e+00 2.125060558319091797e+00 -1.074694633483886719e+01
2.504389953613281250e+01 6.717666625976562500e+01 -8.656168365478515625e+01 2.531336784362792969e+00 2.026638746261596680e+00 -1.070534896850585938e+01
2.509921836853027344e+01 6.721739959716796875e+01 -8.677234649658203125e+01 2.226804494857788086e+00 2.114745855331420898e+00 -1.086302375793457031e+01
2.514196014404296875e+01 6.725608825683593750e+01 -8.698528289794921875e+01 2.250735282897949219e+00 2.083441495895385742e+00 -1.094333648681640625e+01
2.518567848205566406e+01 6.729116058349609375e+01 -8.720050048828125000e+01 2.202795028686523438e+00 2.128232002258300781e+00 -1.110227584838867188e+01
2.522788238525390625e+01 6.732399749755859375e+01 -8.741754150390625000e+01 2.221472263336181641e+00 2.014310836791992188e+00 -1.114425182342529297e+01
2.527553939819335938e+01 6.736174011230468750e+01 -8.763612365722656250e+01 2.285467863082885742e+00 2.119974374771118164e+00 -1.123432540893554688e+01
2.532135963439941406e+01 6.739823150634765625e+01 -8.785623931884765625e+01 2.308546304702758789e+00 2.026573419570922852e+00 -1.135051727294921875e+01
2.536680984497070312e+01 6.743166351318359375e+01 -8.807830810546875000e+01 2.331782102584838867e+00 1.840636253356933594e+00 -1.139503669738769531e+01
2.541329002380371094e+01 6.746612548828125000e+01 -8.830015563964843750e+01 2.345742225646972656e+00 1.915819764137268066e+00 -1.134259796142578125e+01
2.546267127990722656e+01 6.749654388427734375e+01 -8.852119445800781250e+01 2.373769044876098633e+00 1.668855190277099609e+00 -1.124258899688720703e+01
2.550544548034667969e+01 6.752706146240234375e+01 -8.873992919921875000e+01 2.471043109893798828e+00 1.683973670005798340e+00 -1.116823005676269531e+01
2.555292701721191406e+01 6.756119537353515625e+01 -8.895777893066406250e+01 2.690322160720825195e+00 1.981379985809326172e+00 -1.114632987976074219e+01
2.560434341430664062e+01 6.760180664062500000e+01 -8.917499542236328125e+01 2.610036849975585938e+00 2.281540155410766602e+00 -1.111043071746826172e+01
2.564948081970214844e+01 6.764894866943359375e+01 -8.939221954345703125e+01 2.254960298538208008e+00 2.266598224639892578e+00 -1.104659938812255859e+01
2.568970108032226562e+01 6.768668365478515625e+01 -8.960715484619140625e+01 2.267903804779052734e+00 2.259819746017456055e+00 -1.103721714019775391e+01
2.573165321350097656e+01 6.772463989257812500e+01 -8.982239532470703125e+01 2.207164525985717773e+00 2.190880298614501953e+00 -1.103796768188476562e+01
2.579685020446777344e+01 6.778847503662109375e+01 -9.014559936523437500e+01 2.164844512939453125e+00 2.113794803619384766e+00 -1.097225666046142578e+01
2.583918190002441406e+01 6.782995605468750000e+01 -9.035935211181640625e+01 2.137398481369018555e+00 1.957463860511779785e+00 -1.092453002929687500e+01
2.588079261779785156e+01 6.786298370361328125e+01 -9.057213592529296875e+01 2.045659780502319336e+00 1.819982051849365234e+00 -1.093853759765625000e+01
2.592619895935058594e+01 6.789594268798828125e+01 -9.078543090820312500e+01 2.168451309204101562e+00 1.847397565841674805e+00 -1.090303897857666016e+01
2.596955108642578125e+01 6.792642211914062500e+01 -9.099771881103515625e+01 2.145173788070678711e+00 1.447963476181030273e+00 -1.093167114257812500e+01
2.601115798950195312e+01 6.795512390136718750e+01 -9.121111297607421875e+01 2.260468721389770508e+00 1.285901784896850586e+00 -1.085703563690185547e+01
2.605919075012207031e+01 6.797822570800781250e+01 -9.142292785644531250e+01 2.558679342269897461e+00 1.087288379669189453e+00 -1.085329627990722656e+01
2.611483955383300781e+01 6.800191497802734375e+01 -9.163459777832031250e+01 2.817089557647705078e+00 1.418549180030822754e+00 -1.080493450164794922e+01
2.616668891906738281e+01 6.802854919433593750e+01 -9.184376525878906250e+01 3.012705564498901367e+00 1.483194112777709961e+00 -1.060444545745849609e+01
2.622940826416015625e+01 6.805915069580078125e+01 -9.204953765869140625e+01 3.087297201156616211e+00 1.854304075241088867e+00 -1.038607597351074219e+01
2.628509712219238281e+01 6.809510803222656250e+01 -9.224976348876953125e+01 2.843520402908325195e+00 2.174843311309814453e+00 -1.020175838470458984e+01
2.633725357055664062e+01 6.813892364501953125e+01 -9.244708251953125000e+01 2.550696849822998047e+00 2.285315752029418945e+00 -1.001963615417480469e+01
2.638535690307617188e+01 6.818666839599609375e+01 -9.264166259765625000e+01 2.267538547515869141e+00 2.475923538208007812e+00 -9.896701812744140625e+00
2.642494392395019531e+01 6.823227691650390625e+01 -9.283206939697265625e+01 1.971312761306762695e+00 2.346722841262817383e+00 -9.660944938659667969e+00
2.645983886718750000e+01 6.827664947509765625e+01 -9.301969146728515625e+01 1.595200777053833008e+00 2.201584100723266602e+00 -9.553422927856445312e+00
2.649032974243164062e+01 6.831605529785156250e+01 -9.320589447021484375e+01 1.315793275833129883e+00 2.151881933212280273e+00 -9.467161178588867188e+00
2.651728630065917969e+01 6.835366821289062500e+01 -9.338877105712890625e+01 1.124112367630004883e+00 1.928217411041259766e+00 -9.238015174865722656e+00
2.653327369689941406e+01 6.838712310791015625e+01 -9.356961059570312500e+01 1.133288264274597168e+00 1.541700959205627441e+00 -9.243696212768554688e+00
2.655681419372558594e+01 6.841548156738281250e+01 -9.374864196777343750e+01 1.121838450431823730e+00 1.324439525604248047e+00 -9.122997283935546875e+00
2.657757568359375000e+01 6.843908691406250000e+01 -9.392565155029296875e+01 1.080649614334106445e+00 9.684574604034423828e-01 -8.901928901672363281e+00
2.660411643981933594e+01 6.845552825927734375e+01 -9.409834289550781250e+01 1.274901032447814941e+00 7.325686812400817871e-01 -8.724249839782714844e+00
2.665673065185546875e+01 6.847420501708984375e+01 -9.435166168212890625e+01 1.973899483680725098e+00 5.422763228416442871e-01 -8.501914024353027344e+00
2.670114517211914062e+01 6.848715972900390625e+01 -9.451551818847656250e+01 2.221743822097778320e+00 6.940538883209228516e-01 -8.321572303771972656e+00
2.674597358703613281e+01 6.850046539306640625e+01 -9.468000793457031250e+01 2.526363849639892578e+00 8.175805211067199707e-01 -8.330646514892578125e+00
2.679921913146972656e+01 6.852188873291015625e+01 -9.484019470214843750e+01 2.922139644622802734e+00 1.306129217147827148e+00 -8.117302894592285156e+00
2.685660934448242188e+01 6.855102539062500000e+01 -9.499924468994140625e+01 3.066911935806274414e+00 1.733520388603210449e+00 -8.144483566284179688e+00
2.691898345947265625e+01 6.858472442626953125e+01 -9.515685272216796875e+01 3.125093460083007812e+00 2.453755378723144531e+00 -8.052849769592285156e+00
2.697857093811035156e+01 6.863601684570312500e+01 -9.531411743164062500e+01 3.103636264801025391e+00 2.902559280395507812e+00 -8.056332588195800781e+00
2.703819084167480469e+01 6.869557952880859375e+01 -9.546975708007812500e+01 2.801150798797607422e+00 3.421728372573852539e+00 -7.921402931213378906e+00
2.709179306030273438e+01 6.876489257812500000e+01 -9.562451171875000000e+01 2.284377336502075195e+00 3.826871871948242188e+00 -7.833066940307617188e+00
2.712895965576171875e+01 6.884117126464843750e+01 -9.577770233154296875e+01 1.690162539482116699e+00 3.863763332366943359e+00 -7.856079578399658203e+00
2.716165351867675781e+01 6.891416168212890625e+01 -9.593185424804687500e+01 1.102391242980957031e+00 3.835229396820068359e+00 -7.964528560638427734e+00
2.717281150817871094e+01 6.898271942138671875e+01 -9.608766174316406250e+01 8.827450871467590332e-01 3.381855726242065430e+00 -7.947139739990234375e+00
2.718256378173828125e+01 6.904494476318359375e+01 -9.624335479736328125e+01 5.366175174713134766e-01 3.143460988998413086e+00 -7.994560241699218750e+00
2.719293403625488281e+01 6.910423278808593750e+01 -9.640013122558593750e+01 4.218393266201019287e-01 2.752293825149536133e+00 -7.988481044769287109e+00
2.720143318176269531e+01 6.915276336669921875e+01 -9.655680847167968750e+01 6.857811212539672852e-01 2.406977176666259766e+00 -8.031504631042480469e+00
2.721316528320312500e+01 6.919161224365234375e+01 -9.671247863769531250e+01 1.002407431602478027e+00 2.055415868759155273e+00 -7.947506427764892578e+00
2.723805046081542969e+01 6.922469329833984375e+01 -9.686790466308593750e+01 1.623194456100463867e+00 1.760284423828125000e+00 -7.949744701385498047e+00
2.727944946289062500e+01 6.925957489013671875e+01 -9.702288055419921875e+01 2.242043972015380859e+00 2.065503358840942383e+00 -7.947694778442382812e+00
2.733165168762207031e+01 6.930567932128906250e+01 -9.717940521240234375e+01 2.647017002105712891e+00 2.399837493896484375e+00 -7.972856044769287109e+00
2.738916206359863281e+01 6.935569763183593750e+01 -9.733602905273437500e+01 3.107048511505126953e+00 2.732576608657836914e+00 -8.004737854003906250e+00
2.748491096496582031e+01 6.944552612304687500e+01 -9.757372283935546875e+01 3.576018810272216797e+00 3.522653341293334961e+00 -8.264196395874023438e+00
2.755695724487304688e+01 6.951864624023437500e+01 -9.773691558837890625e+01 3.812349081039428711e+00 4.156416416168212891e+00 -8.390474319458007812e+00
2.762834167480468750e+01 6.960231018066406250e+01 -9.790110778808593750e+01 3.825576305389404297e+00 4.679827690124511719e+00 -8.469594001770019531e+00
2.769718551635742188e+01 6.969994354248046875e+01 -9.806979370117187500e+01 3.390714168548583984e+00 5.336340904235839844e+00 -8.671257972717285156e+00
2.775581359863281250e+01 6.980930328369140625e+01 -9.824305725097656250e+01 2.767331600189208984e+00 5.526734828948974609e+00 -8.997613906860351562e+00
2.780269241333007812e+01 6.991873168945312500e+01 -9.842115020751953125e+01 2.292184829711914062e+00 5.555287837982177734e+00 -9.189947128295898438e+00
2.784633827209472656e+01 7.002523803710937500e+01 -9.860363769531250000e+01 2.094122171401977539e+00 5.408209800720214844e+00 -9.298509597778320312e+00
2.788446044921875000e+01 7.012464904785156250e+01 -9.878900146484375000e+01 1.915171146392822266e+00 5.193958282470703125e+00 -9.660820007324218750e+00
2.792086029052734375e+01 7.022210693359375000e+01 -9.897909545898437500e+01 1.674888253211975098e+00 4.919931411743164062e+00 -9.825085639953613281e+00
2.794757270812988281e+01 7.031465148925781250e+01 -9.917100524902343750e+01 1.326632976531982422e+00 4.487623214721679688e+00 -9.890560150146484375e+00
2.796997070312500000e+01 7.038996887207031250e+01 -9.936393737792968750e+01 1.449901580810546875e+00 3.996903181076049805e+00 -9.792869567871093750e+00
2.799518203735351562e+01 7.046183776855468750e+01 -9.955604553222656250e+01 1.675059437751770020e+00 3.419296026229858398e+00 -9.819283485412597656e+00
2.803346443176269531e+01 7.051977539062500000e+01 -9.974917602539062500e+01 1.749096512794494629e+00 3.300308465957641602e+00 -1.001478195190429688e+01
2.806987190246582031e+01 7.058128356933593750e+01 -9.994726562500000000e+01 1.915426373481750488e+00 2.981880426406860352e+00 -1.017268753051757812e+01
2.811471176147460938e+01 7.063346862792968750e+01 -1.001457901000976562e+02 2.223750352859497070e+00 2.944050550460815430e+00 -1.019036388397216797e+01
2.816059303283691406e+01 7.069030761718750000e+01 -1.003446502685546875e+02 2.522334098815917969e+00 2.869512796401977539e+00 -1.013148403167724609e+01
2.820498847961425781e+01 7.074530029296875000e+01 -1.005430297851562500e+02 2.575629711151123047e+00 2.700209856033325195e+00 -1.016447734832763672e+01
2.825227546691894531e+01 7.079589843750000000e+01 -1.007425613403320312e+02 3.125424146652221680e+00 2.679744243621826172e+00 -1.027350044250488281e+01
2.831854820251464844e+01 7.084903717041015625e+01 -1.009447860717773438e+02 3.556841850280761719e+00 3.083526372909545898e+00 -1.035598182678222656e+01
2.838410758972167969e+01 7.091180419921875000e+01 -1.011467208862304688e+02 3.668633937835693359e+00 3.385672092437744141e+00 -1.029013252258300781e+01
2.844991874694824219e+01 7.098113250732421875e+01 -1.013482131958007812e+02 3.534710407257080078e+00 3.470113754272460938e+00 -1.032900333404541016e+01
2.854993820190429688e+01 7.108535766601562500e+01 -1.016530456542968750e+02 3.612412929534912109e+00 4.078754425048828125e+00 -1.050616455078125000e+01
2.861804008483886719e+01 7.116622924804687500e+01 -1.018580856323242188e+02 3.428148031234741211e+00 4.299654960632324219e+00 -1.045687961578369141e+01
2.868103027343750000e+01 7.124959564208984375e+01 -1.020633544921875000e+02 2.955019474029541016e+00 4.539781093597412109e+00 -1.054734420776367188e+01
2.873274040222167969e+01 7.134118652343750000e+01 -1.022713088989257812e+02 2.444813013076782227e+00 4.526822566986083984e+00 -1.063195228576660156e+01
2.877547645568847656e+01 7.143066406250000000e+01 -1.024802551269531250e+02 1.880814790725708008e+00 4.387086868286132812e+00 -1.062305736541748047e+01
2.880681037902832031e+01 7.151572418212890625e+01 -1.026886672973632812e+02 1.383335351943969727e+00 4.281927585601806641e+00 -1.068705940246582031e+01
2.882867431640625000e+01 7.159625244140625000e+01 -1.028970336914062500e+02 1.041529655456542969e+00 3.725573539733886719e+00 -1.054335689544677734e+01
2.884722137451171875e+01 7.166361999511718750e+01 -1.031024093627929688e+02 9.494222402572631836e-01 3.135948181152343750e+00 -1.048799228668212891e+01
2.886994171142578125e+01 7.172058868408203125e+01 -1.033075332641601562e+02 8.960008621215820312e-01 2.671434640884399414e+00 -1.047626399993896484e+01
2.889138984680175781e+01 7.176883697509765625e+01 -1.035128784179687500e+02 1.163443207740783691e+00 2.153501272201538086e+00 -1.049860858917236328e+01
2.892030715942382812e+01 7.180744934082031250e+01 -1.037184448242187500e+02 1.501977443695068359e+00 1.888275146484375000e+00 -1.051334095001220703e+01
2.895781326293945312e+01 7.184183502197265625e+01 -1.039237976074218750e+02 2.184799194335937500e+00 1.778474092483520508e+00 -1.043784236907958984e+01
2.900496864318847656e+01 7.187535095214843750e+01 -1.041279067993164062e+02 2.622287273406982422e+00 1.768832683563232422e+00 -1.048111248016357422e+01
2.906202316284179688e+01 7.190922546386718750e+01 -1.043335571289062500e+02 3.206181764602661133e+00 1.864502787590026855e+00 -1.050255393981933594e+01
2.912814521789550781e+01 7.194586181640625000e+01 -1.045397872924804688e+02 3.748677492141723633e+00 2.455221176147460938e+00 -1.062106227874755859e+01
2.920168495178222656e+01 7.199554443359375000e+01 -1.047482223510742188e+02 3.889763593673706055e+00 2.709869861602783203e+00 -1.073208999633789062e+01
2.927806282043457031e+01 7.205116271972656250e+01 -1.049607086181640625e+02 4.040018081665039062e+00 3.169702529907226562e+00 -1.094572925567626953e+01
2.935498809814453125e+01 7.211891174316406250e+01 -1.051763687133789062e+02 3.767252683639526367e+00 3.442482233047485352e+00 -1.095539379119873047e+01
2.942584419250488281e+01 7.219296264648437500e+01 -1.053910522460937500e+02 3.481837511062622070e+00 3.778214216232299805e+00 -1.085774803161621094e+01
2.948913955688476562e+01 7.226885223388671875e+01 -1.056028594970703125e+02 2.856025218963623047e+00 3.998651742935180664e+00 -1.076480484008789062e+01
2.953647232055664062e+01 7.235363769531250000e+01 -1.058123321533203125e+02 2.240476131439208984e+00 3.983856439590454102e+00 -1.053797817230224609e+01
2.958500480651855469e+01 7.247128295898437500e+01 -1.061193618774414062e+02 1.457581281661987305e+00 3.630514860153198242e+00 -1.032599258422851562e+01
2.961201858520507812e+01 7.253920745849609375e+01 -1.063216857910156250e+02 1.518634200096130371e+00 3.444559335708618164e+00 -1.027663516998291016e+01
2.964035987854003906e+01 7.260105895996093750e+01 -1.065227661132812500e+02 1.322969913482666016e+00 3.203541755676269531e+00 -1.014698791503906250e+01
2.966676902770996094e+01 7.265998840332031250e+01 -1.067217025756835938e+02 1.261719346046447754e+00 2.944160938262939453e+00 -1.014319419860839844e+01
2.968720054626464844e+01 7.271471405029296875e+01 -1.069188690185546875e+02 1.346619844436645508e+00 2.608405828475952148e+00 -9.857426643371582031e+00
2.971110916137695312e+01 7.276270294189453125e+01 -1.071141204833984375e+02 1.545547723770141602e+00 2.311091899871826172e+00 -1.008029270172119141e+01
2.974402999877929688e+01 7.280605316162109375e+01 -1.073123626708984375e+02 2.079416990280151367e+00 2.245155334472656250e+00 -1.011619377136230469e+01
2.978905677795410156e+01 7.285202026367187500e+01 -1.075107879638671875e+02 2.521940231323242188e+00 2.428812742233276367e+00 -1.012144851684570312e+01
2.984073638916015625e+01 7.290378570556640625e+01 -1.077096481323242188e+02 2.634698867797851562e+00 2.494442462921142578e+00 -1.014787769317626953e+01
2.989395332336425781e+01 7.295787811279296875e+01 -1.079101028442382812e+02 2.864537715911865234e+00 2.636367797851562500e+00 -1.018928813934326172e+01
2.995291709899902344e+01 7.301104736328125000e+01 -1.081093673706054688e+02 3.234142303466796875e+00 2.954201936721801758e+00 -1.008071517944335938e+01
