1.904630064964294434e+00 3.543035984039306641e+00 -1.922241687774658203e+00
1.913183808326721191e+00 3.599255084991455078e+00 -1.936391234397888184e+00
1.945861101150512695e+00 3.653446435928344727e+00 -1.955884814262390137e+00
1.963196277618408203e+00 3.711194276809692383e+00 -1.972266197204589844e+00
1.984440922737121582e+00 3.773714303970336914e+00 -1.981876611709594727e+00
2.028678417205810547e+00 3.846424102783203125e+00 -1.987908124923706055e+00
2.040300846099853516e+00 3.915215253829956055e+00 -1.991767883300781250e+00
2.059232711791992188e+00 3.976687669754028320e+00 -2.001363992691040039e+00
2.070173263549804688e+00 4.056665420532226562e+00 -2.007473945617675781e+00
2.081951618194580078e+00 4.108430862426757812e+00 -2.006491422653198242e+00
2.128533840179443359e+00 4.182690143585205078e+00 -1.996537804603576660e+00
2.154154062271118164e+00 4.296111106872558594e+00 -2.000938415527343750e+00
2.188400268554687500e+00 4.379302978515625000e+00 -1.991468906402587891e+00
2.211907148361206055e+00 4.458886146545410156e+00 -1.985152006149291992e+00
2.232927322387695312e+00 4.559894561767578125e+00 -1.986795186996459961e+00
2.255715847015380859e+00 4.660619258880615234e+00 -1.976536393165588379e+00
2.278686523437500000e+00 4.751300334930419922e+00 -1.960415959358215332e+00
2.289760589599609375e+00 4.863802433013916016e+00 -1.952674984931945801e+00
2.327395439147949219e+00 4.969384670257568359e+00 -1.933613300323486328e+00
2.344223499298095703e+00 5.085890293121337891e+00 -1.912849903106689453e+00
2.374019861221313477e+00 5.201049327850341797e+00 -1.897452235221862793e+00
2.398737192153930664e+00 5.338770389556884766e+00 -1.876431345939636230e+00
2.408122777938842773e+00 5.465359210968017578e+00 -1.856560349464416504e+00
2.427613258361816406e+00 5.588230609893798828e+00 -1.836522579193115234e+00
2.454502582550048828e+00 5.723383903503417969e+00 -1.818220257759094238e+00
2.473530769348144531e+00 5.856236934661865234e+00 -1.795154094696044922e+00
2.511217594146728516e+00 6.013731479644775391e+00 -1.759728670120239258e+00
2.528387546539306641e+00 6.164865016937255859e+00 -1.733974456787109375e+00
2.546501159667968750e+00 6.324229717254638672e+00 -1.710813999176025391e+00
2.576149702072143555e+00 6.486645221710205078e+00 -1.674971461296081543e+00
2.603385210037231445e+00 6.654453277587890625e+00 -1.652508258819580078e+00
2.628776073455810547e+00 6.818969726562500000e+00 -1.617992162704467773e+00
2.672591447830200195e+00 7.092698097229003906e+00 -1.567103505134582520e+00
2.693449497222900391e+00 7.280965805053710938e+00 -1.535575866699218750e+00
2.718930721282958984e+00 7.466466903686523438e+00 -1.497987151145935059e+00
2.746936798095703125e+00 7.660480022430419922e+00 -1.452019453048706055e+00
2.776849746704101562e+00 7.855042934417724609e+00 -1.414607405662536621e+00
2.798087358474731445e+00 8.051106452941894531e+00 -1.370702981948852539e+00
2.840396404266357422e+00 8.263156890869140625e+00 -1.334796309471130371e+00
2.870239973068237305e+00 8.471181869506835938e+00 -1.282571434974670410e+00
2.908985376358032227e+00 8.690607070922851562e+00 -1.240495562553405762e+00
2.947583436965942383e+00 8.925422668457031250e+00 -1.199257969856262207e+00
2.965631961822509766e+00 9.160389900207519531e+00 -1.160647869110107422e+00
3.005599021911621094e+00 9.408884048461914062e+00 -1.108922600746154785e+00
3.038849592208862305e+00 9.646833419799804688e+00 -1.060663938522338867e+00
3.076641321182250977e+00 9.898205757141113281e+00 -1.011356353759765625e+00
3.110400199890136719e+00 1.014486312866210938e+01 -9.634025692939758301e-01
3.165656566619873047e+00 1.040313720703125000e+01 -9.217010140419006348e-01
3.202126264572143555e+00 1.068720817565917969e+01 -8.735818862915039062e-01
3.234868288040161133e+00 1.095839786529541016e+01 -8.321277499198913574e-01
3.273369312286376953e+00 1.123398303985595703e+01 -7.776827812194824219e-01
3.297048807144165039e+00 1.152238178253173828e+01 -7.341954112052917480e-01
3.346457004547119141e+00 1.180670738220214844e+01 -6.913035511970520020e-01
3.399483203887939453e+00 1.226076126098632812e+01 -6.208258271217346191e-01
3.439944267272949219e+00 1.258606433868408203e+01 -5.674678087234497070e-01
3.480294227600097656e+00 1.290969467163085938e+01 -5.262635350227355957e-01
3.526121616363525391e+00 1.324176692962646484e+01 -4.836176335811614990e-01
3.571887254714965820e+00 1.357089614868164062e+01 -4.383075833320617676e-01
3.607937812805175781e+00 1.391648292541503906e+01 -4.000845849514007568e-01
3.661581516265869141e+00 1.426727867126464844e+01 -3.525868058204650879e-01
3.711818456649780273e+00 1.461529064178466797e+01 -3.141420185565948486e-01
3.746571063995361328e+00 1.498948478698730469e+01 -2.741138041019439697e-01
3.797951221466064453e+00 1.534765243530273438e+01 -2.356844097375869751e-01
3.845179319381713867e+00 1.571939086914062500e+01 -2.061762809753417969e-01
3.907448053359985352e+00 1.610883712768554688e+01 -1.697453111410140991e-01
3.964972019195556641e+00 1.650097274780273438e+01 -1.310342550277709961e-01
4.018143177032470703e+00 1.690930938720703125e+01 -8.907639235258102417e-02
4.079935550689697266e+00 1.732931518554687500e+01 -5.488385260105133057e-02
4.119394302368164062e+00 1.774869728088378906e+01 -2.487125433981418610e-02
4.161169528961181641e+00 1.816781425476074219e+01 1.567316614091396332e-02
4.218974113464355469e+00 1.860139656066894531e+01 4.198090732097625732e-02
4.278307437896728516e+00 1.906709671020507812e+01 6.386422365903854370e-02
4.328586578369140625e+00 1.951868438720703125e+01 9.306681156158447266e-02
4.423439979553222656e+00 2.022594642639160156e+01 1.227233707904815674e-01
4.484874725341796875e+00 2.071128273010253906e+01 1.380691081285476685e-01
4.552841663360595703e+00 2.119439315795898438e+01 1.452631950378417969e-01
4.624380588531494141e+00 2.169938468933105469e+01 1.571192741394042969e-01
4.688042163848876953e+00 2.220989990234375000e+01 1.596179306507110596e-01
4.762891769409179688e+00 2.273574829101562500e+01 1.619799435138702393e-01
4.835858821868896484e+00 2.327733230590820312e+01 1.612568944692611694e-01
4.899179458618164062e+00 2.381805419921875000e+01 1.448605656623840332e-01
4.977857112884521484e+00 2.435985183715820312e+01 1.371819674968719482e-01
5.076954841613769531e+00 2.493149185180664062e+01 1.237458214163780212e-01
5.163351535797119141e+00 2.551437187194824219e+01 9.635149687528610229e-02
5.250670909881591797e+00 2.610849761962890625e+01 6.079937517642974854e-02
5.332062244415283203e+00 2.672099876403808594e+01 2.586970292031764984e-02
5.416400909423828125e+00 2.734505271911621094e+01 -2.778184972703456879e-02
5.494019508361816406e+00 2.796290969848632812e+01 -7.710813730955123901e-02
5.591178894042968750e+00 2.860376548767089844e+01 -1.421126425266265869e-01
5.682922363281250000e+00 2.926523399353027344e+01 -2.207880318164825439e-01
5.779143810272216797e+00 2.994329643249511719e+01 -2.987987101078033447e-01
5.882121562957763672e+00 3.063540077209472656e+01 -3.982444107532501221e-01
5.988671779632568359e+00 3.134161949157714844e+01 -5.101403594017028809e-01
6.100452423095703125e+00 3.205563354492187500e+01 -6.379112005233764648e-01
6.285404205322265625e+00 3.317680358886718750e+01 -8.697005510330200195e-01
6.391864776611328125e+00 3.394295501708984375e+01 -1.044332146644592285e+00
6.510059356689453125e+00 3.472805023193359375e+01 -1.238678574562072754e+00
6.640261173248291016e+00 3.551625823974609375e+01 -1.456959962844848633e+00
6.776752948760986328e+00 3.633415985107421875e+01 -1.697720527648925781e+00
6.910843372344970703e+00 3.717980575561523438e+01 -1.975585579872131348e+00
7.053065299987792969e+00 3.803947448730468750e+01 -2.282543182373046875e+00
7.195001125335693359e+00 3.889848327636718750e+01 -2.635010957717895508e+00
7.340282917022705078e+00 3.975014114379882812e+01 -3.020728349685668945e+00
7.523038387298583984e+00 4.064454650878906250e+01 -3.445505380630493164e+00
7.708243370056152344e+00 4.154729843139648438e+01 -3.934505939483642578e+00
7.875641822814941406e+00 4.245687484741210938e+01 -4.468587398529052734e+00
8.057517051696777344e+00 4.333487701416015625e+01 -5.055831909179687500e+00
8.267669677734375000e+00 4.419316482543945312e+01 -5.715646743774414062e+00
8.477109909057617188e+00 4.506222152709960938e+01 -6.425469875335693359e+00
8.669776916503906250e+00 4.588931655883789062e+01 -7.193430900573730469e+00
8.885733604431152344e+00 4.668362808227539062e+01 -8.023382186889648438e+00
9.097846984863281250e+00 4.743680572509765625e+01 -8.886542320251464844e+00
9.298364639282226562e+00 4.816138839721679688e+01 -9.797546386718750000e+00
9.514900207519531250e+00 4.879099655151367188e+01 -1.073035621643066406e+01
9.716983795166015625e+00 4.938759613037109375e+01 -1.168643474578857422e+01
1.003014183044433594e+01 5.021216583251953125e+01 -1.313266849517822266e+01
1.023329162597656250e+01 5.070063400268554688e+01 -1.410798549652099609e+01
1.041340732574462891e+01 5.115307235717773438e+01 -1.507259082794189453e+01
1.060294437408447266e+01 5.156879043579101562e+01 -1.602715301513671875e+01
1.076316738128662109e+01 5.194412231445312500e+01 -1.696551704406738281e+01
1.093513202667236328e+01 5.228585815429687500e+01 -1.787279701232910156e+01
1.111317157745361328e+01 5.259963989257812500e+01 -1.876694869995117188e+01
1.125873661041259766e+01 5.288457870483398438e+01 -1.963542747497558594e+01
1.139980697631835938e+01 5.314897918701171875e+01 -2.047735023498535156e+01
1.153680896759033203e+01 5.338226699829101562e+01 -2.129620933532714844e+01
1.166750431060791016e+01 5.360044097900390625e+01 -2.208850860595703125e+01
1.180317020416259766e+01 5.379504013061523438e+01 -2.285409545898437500e+01
1.192236232757568359e+01 5.396813964843750000e+01 -2.359794044494628906e+01
1.206525421142578125e+01 5.415279388427734375e+01 -2.431742858886718750e+01
1.218118762969970703e+01 5.431462097167968750e+01 -2.501499748229980469e+01
1.230916690826416016e+01 5.445386123657226562e+01 -2.568069839477539062e+01
1.240593051910400391e+01 5.459819030761718750e+01 -2.633410072326660156e+01
1.251291179656982422e+01 5.471992111206054688e+01 -2.696158790588378906e+01
1.262652778625488281e+01 5.482607650756835938e+01 -2.756936645507812500e+01
1.274595546722412109e+01 5.493714141845703125e+01 -2.816336441040039062e+01
1.283876132965087891e+01 5.504527664184570312e+01 -2.873871231079101562e+01
1.298062801361083984e+01 5.515345764160156250e+01 -2.956159019470214844e+01
1.307622241973876953e+01 5.522173690795898438e+01 -3.009769821166992188e+01
1.316247463226318359e+01 5.528953170776367188e+01 -3.060413551330566406e+01
1.325569820404052734e+01 5.534206390380859375e+01 -3.109735298156738281e+01
1.333803939819335938e+01 5.540224456787109375e+01 -3.156515884399414062e+01
1.341229057312011719e+01 5.544165802001953125e+01 -3.203095245361328125e+01
1.348934555053710938e+01 5.548378753662109375e+01 -3.247749710083007812e+01
1.356223201751708984e+01 5.550680160522460938e+01 -3.291344451904296875e+01
1.362976837158203125e+01 5.553616714477539062e+01 -3.333583068847656250e+01
1.369258022308349609e+01 5.555846023559570312e+01 -3.373920440673828125e+01
1.374749946594238281e+01 5.557808685302734375e+01 -3.412713241577148438e+01
1.381463813781738281e+01 5.559736251831054688e+01 -3.451402664184570312e+01
1.388889026641845703e+01 5.559589385986328125e+01 -3.487557601928710938e+01
1.393783664703369141e+01 5.563152313232421875e+01 -3.522048187255859375e+01
1.399648094177246094e+01 5.563049316406250000e+01 -3.556152725219726562e+01
1.406850528717041016e+01 5.564010238647460938e+01 -3.587900924682617188e+01
1.412084388732910156e+01 5.564573669433593750e+01 -3.620956039428710938e+01
1.417121124267578125e+01 5.565621185302734375e+01 -3.650245666503906250e+01
1.422742366790771484e+01 5.567575454711914062e+01 -3.679089736938476562e+01
1.429041862487792969e+01 5.569793701171875000e+01 -3.707854843139648438e+01
1.434096527099609375e+01 5.571995925903320312e+01 -3.734859466552734375e+01
1.439353656768798828e+01 5.576560211181640625e+01 -3.773284149169921875e+01
1.442076206207275391e+01 5.578191375732421875e+01 -3.797704315185546875e+01
1.447169399261474609e+01 5.580492019653320312e+01 -3.822326278686523438e+01
1.451659774780273438e+01 5.583842468261718750e+01 -3.846080398559570312e+01
1.455043601989746094e+01 5.586293411254882812e+01 -3.869453048706054688e+01
1.458913516998291016e+01 5.589613723754882812e+01 -3.891905975341796875e+01
1.463208007812500000e+01 5.592765045166015625e+01 -3.914165496826171875e+01
1.467691421508789062e+01 5.597652435302734375e+01 -3.935700607299804688e+01
1.472819805145263672e+01 5.600956726074218750e+01 -3.957061004638671875e+01
1.476897048950195312e+01 5.605370330810546875e+01 -3.977662277221679688e+01
1.479971790313720703e+01 5.607718658447265625e+01 -3.997903823852539062e+01
1.485667705535888672e+01 5.610392379760742188e+01 -4.018124008178710938e+01
1.489219665527343750e+01 5.614762878417968750e+01 -4.037909698486328125e+01
1.493391323089599609e+01 5.617737579345703125e+01 -4.056714630126953125e+01
1.497023868560791016e+01 5.620373916625976562e+01 -4.075926971435546875e+01
1.502398109436035156e+01 5.622166824340820312e+01 -4.094812393188476562e+01
1.507209396362304688e+01 5.625189590454101562e+01 -4.112310409545898438e+01
1.511349391937255859e+01 5.629847717285156250e+01 -4.130846405029296875e+01
1.513812923431396484e+01 5.631559753417968750e+01 -4.147751998901367188e+01
1.517275714874267578e+01 5.633811569213867188e+01 -4.165554809570312500e+01
1.520651912689208984e+01 5.636029815673828125e+01 -4.181836318969726562e+01
1.527713012695312500e+01 5.639522552490234375e+01 -4.206528091430664062e+01
1.530194091796875000e+01 5.640928649902343750e+01 -4.223322677612304688e+01
1.532841491699218750e+01 5.643357467651367188e+01 -4.238732147216796875e+01
1.535574913024902344e+01 5.643684768676757812e+01 -4.254424285888671875e+01
1.539968967437744141e+01 5.644940948486328125e+01 -4.269551849365234375e+01
1.544027805328369141e+01 5.645917892456054688e+01 -4.284549713134765625e+01
1.548280906677246094e+01 5.646829605102539062e+01 -4.300304412841796875e+01
1.550839233398437500e+01 5.647416687011718750e+01 -4.315279388427734375e+01
1.554582118988037109e+01 5.649212646484375000e+01 -4.329567718505859375e+01
1.556231307983398438e+01 5.649685668945312500e+01 -4.343954849243164062e+01
1.560802364349365234e+01 5.651624679565429688e+01 -4.357878112792968750e+01
1.563617897033691406e+01 5.652003860473632812e+01 -4.371016311645507812e+01
1.566535758972167969e+01 5.651452636718750000e+01 -4.383891677856445312e+01
1.570484828948974609e+01 5.652097702026367188e+01 -4.396112442016601562e+01
1.573973941802978516e+01 5.653137588500976562e+01 -4.408169937133789062e+01
1.576559829711914062e+01 5.654783248901367188e+01 -4.421001052856445312e+01
1.579642486572265625e+01 5.655630493164062500e+01 -4.432071304321289062e+01
1.581914615631103516e+01 5.657880783081054688e+01 -4.442047882080078125e+01
1.583859348297119141e+01 5.659688949584960938e+01 -4.450720977783203125e+01
1.585921287536621094e+01 5.660079574584960938e+01 -4.460057449340820312e+01
1.589080905914306641e+01 5.662433624267578125e+01 -4.472929000854492188e+01
1.591652393341064453e+01 5.662546920776367188e+01 -4.479380416870117188e+01
1.594688892364501953e+01 5.664737319946289062e+01 -4.486268234252929688e+01
1.597896289825439453e+01 5.665727233886718750e+01 -4.491208648681640625e+01
1.600905036926269531e+01 5.668218994140625000e+01 -4.496292114257812500e+01
1.603681755065917969e+01 5.671759796142578125e+01 -4.500497055053710938e+01
1.605608558654785156e+01 5.678218841552734375e+01 -4.502207565307617188e+01
1.608557319641113281e+01 5.682841491699218750e+01 -4.503461456298828125e+01
1.610574722290039062e+01 5.690046691894531250e+01 -4.504461669921875000e+01
1.612802124023437500e+01 5.700063705444335938e+01 -4.502504348754882812e+01
1.613562202453613281e+01 5.713155746459960938e+01 -4.500777435302734375e+01
1.616567039489746094e+01 5.728903198242187500e+01 -4.498022460937500000e+01
1.618453216552734375e+01 5.747365570068359375e+01 -4.495630645751953125e+01
1.622856712341308594e+01 5.769968032836914062e+01 -4.495171737670898438e+01
1.627526664733886719e+01 5.796397781372070312e+01 -4.495762252807617188e+01
1.633226585388183594e+01 5.823777770996093750e+01 -4.499132919311523438e+01
1.638574218750000000e+01 5.852700805664062500e+01 -4.505141067504882812e+01
1.644655990600585938e+01 5.882705307006835938e+01 -4.513069534301757812e+01
1.649641990661621094e+01 5.910195922851562500e+01 -4.523844909667968750e+01
1.656448936462402344e+01 5.938587570190429688e+01 -4.537662506103515625e+01
1.663646888732910156e+01 5.965600204467773438e+01 -4.552337265014648438e+01
1.671331214904785156e+01 6.004273605346679688e+01 -4.576866149902343750e+01
1.677142524719238281e+01 6.026926040649414062e+01 -4.594586944580078125e+01
1.682889747619628906e+01 6.047489166259765625e+01 -4.613573455810546875e+01
1.690162849426269531e+01 6.067230987548828125e+01 -4.632786941528320312e+01
1.696123504638671875e+01 6.085638809204101562e+01 -4.653539276123046875e+01
1.702698135375976562e+01 6.104624938964843750e+01 -4.675238418579101562e+01
1.708620262145996094e+01 6.120957946777343750e+01 -4.696654510498046875e+01
1.713656997680664062e+01 6.136295318603515625e+01 -4.718738937377929688e+01
1.720137786865234375e+01 6.150828170776367188e+01 -4.743069458007812500e+01
1.725740242004394531e+01 6.165682220458984375e+01 -4.766001129150390625e+01
1.730652618408203125e+01 6.179286575317382812e+01 -4.790104675292968750e+01
1.734854507446289062e+01 6.192263793945312500e+01 -4.814066696166992188e+01
1.740082168579101562e+01 6.202316665649414062e+01 -4.839155578613281250e+01
1.746169090270996094e+01 6.211276245117187500e+01 -4.864316177368164062e+01
1.752330398559570312e+01 6.221854400634765625e+01 -4.890258407592773438e+01
1.758318519592285156e+01 6.230793762207031250e+01 -4.915625381469726562e+01
1.764281845092773438e+01 6.240864944458007812e+01 -4.942356491088867188e+01
1.769110488891601562e+01 6.248657226562500000e+01 -4.967700576782226562e+01
1.775200462341308594e+01 6.256393432617187500e+01 -4.994943237304687500e+01
1.781455612182617188e+01 6.264405441284179688e+01 -5.021676635742187500e+01
1.787820625305175781e+01 6.270058441162109375e+01 -5.048509216308593750e+01
1.795937728881835938e+01 6.281946945190429688e+01 -5.089249801635742188e+01
1.801707458496093750e+01 6.286283493041992188e+01 -5.117895889282226562e+01
1.806925010681152344e+01 6.291115188598632812e+01 -5.144907760620117188e+01
1.812527465820312500e+01 6.295092391967773438e+01 -5.171857452392578125e+01
1.818205070495605469e+01 6.298594665527343750e+01 -5.198553466796875000e+01
1.824067878723144531e+01 6.303290557861328125e+01 -5.225930023193359375e+01
1.828981399536132812e+01 6.306288909912109375e+01 -5.252786636352539062e+01
1.834124374389648438e+01 6.307897186279296875e+01 -5.279415512084960938e+01
1.839939117431640625e+01 6.309005737304687500e+01 -5.306449890136718750e+01
1.845559501647949219e+01 6.310985565185546875e+01 -5.334481048583984375e+01
1.852318572998046875e+01 6.313220596313476562e+01 -5.361499023437500000e+01
1.858130073547363281e+01 6.314749145507812500e+01 -5.388372421264648438e+01
1.861607742309570312e+01 6.315256118774414062e+01 -5.414937210083007812e+01
1.865056610107421875e+01 6.314587020874023438e+01 -5.441167068481445312e+01
1.869227409362792969e+01 6.314522552490234375e+01 -5.466683578491210938e+01
1.874215698242187500e+01 6.312608337402343750e+01 -5.492471313476562500e+01
1.878646087646484375e+01 6.311130142211914062e+01 -5.517101669311523438e+01
1.884626960754394531e+01 6.310423660278320312e+01 -5.541718673706054688e+01
1.888864326477050781e+01 6.309325408935546875e+01 -5.565490341186523438e+01
1.892364501953125000e+01 6.308392715454101562e+01 -5.588906860351562500e+01
1.895770454406738281e+01 6.306060028076171875e+01 -5.613259506225585938e+01
1.901891326904296875e+01 6.303165054321289062e+01 -5.646728515625000000e+01
1.906874847412109375e+01 6.300233459472656250e+01 -5.668085098266601562e+01
1.911940765380859375e+01 6.298999786376953125e+01 -5.690073394775390625e+01
1.915945243835449219e+01 6.297424316406250000e+01 -5.710970687866210938e+01
1.920206069946289062e+01 6.297419738769531250e+01 -5.731971359252929688e+01
1.923977279663085938e+01 6.298579406738281250e+01 -5.752540588378906250e+01
1.927413940429687500e+01 6.297368240356445312e+01 -5.773773193359375000e+01
1.930495071411132812e+01 6.299218750000000000e+01 -5.793270111083984375e+01
1.933415222167968750e+01 6.299492645263671875e+01 -5.813583755493164062e+01
1.936683464050292969e+01 6.298612594604492188e+01 -5.833777236938476562e+01
1.939094924926757812e+01 6.299448394775390625e+01 -5.854197692871093750e+01
1.944478797912597656e+01 6.300095367431640625e+01 -5.875486755371093750e+01
1.948792839050292969e+01 6.302035140991210938e+01 -5.895464324951171875e+01
1.953205108642578125e+01 6.304103469848632812e+01 -5.916586685180664062e+01
1.957139778137207031e+01 6.305443954467773438e+01 -5.936817550659179688e+01
1.961015892028808594e+01 6.308845138549804688e+01 -5.957199478149414062e+01
1.966347122192382812e+01 6.309255981445312500e+01 -5.978203964233398438e+01
1.969983291625976562e+01 6.311869430541992188e+01 -5.998481750488281250e+01
1.974327087402343750e+01 6.314116668701171875e+01 -6.018909454345703125e+01
1.978631591796875000e+01 6.318025970458984375e+01 -6.039162826538085938e+01
1.983784866333007812e+01 6.322235870361328125e+01 -6.059012222290039062e+01
1.987905883789062500e+01 6.325917434692382812e+01 -6.089100646972656250e+01
1.990619659423828125e+01 6.328448867797851562e+01 -6.108777236938476562e+01
1.994752311706542969e+01 6.331507873535156250e+01 -6.128952789306640625e+01
1.998501205444335938e+01 6.335101699829101562e+01 -6.150286865234375000e+01
2.002645492553710938e+01 6.338464355468750000e+01 -6.171832656860351562e+01
2.009551620483398438e+01 6.344075775146484375e+01 -6.193542480468750000e+01
2.014415168762207031e+01 6.349605560302734375e+01 -6.216088104248046875e+01
2.020322036743164062e+01 6.354850769042968750e+01 -6.239352035522460938e+01
2.024589729309082031e+01 6.361632537841796875e+01 -6.261940002441406250e+01
2.030246734619140625e+01 6.368559265136718750e+01 -6.286658096313476562e+01
2.035522842407226562e+01 6.374385070800781250e+01 -6.311041259765625000e+01
2.040003013610839844e+01 6.379924011230468750e+01 -6.336131668090820312e+01
2.045698165893554688e+01 6.385783386230468750e+01 -6.361376190185546875e+01
2.050916862487792969e+01 6.391962814331054688e+01 -6.387834167480468750e+01
2.057747268676757812e+01 6.401015472412109375e+01 -6.414400482177734375e+01
2.061725425720214844e+01 6.406805419921875000e+01 -6.440737152099609375e+01
2.067168998718261719e+01 6.414590454101562500e+01 -6.467913055419921875e+01
2.070296669006347656e+01 6.420271301269531250e+01 -6.495460510253906250e+01
2.075385665893554688e+01 6.424214935302734375e+01 -6.523040008544921875e+01
2.081711196899414062e+01 6.428634643554687500e+01 -6.550558471679687500e+01
2.086650657653808594e+01 6.432024383544921875e+01 -6.578883361816406250e+01
2.095550155639648438e+01 6.438130187988281250e+01 -6.621034240722656250e+01
2.102855873107910156e+01 6.442285919189453125e+01 -6.649111175537109375e+01
2.109246826171875000e+01 6.446910095214843750e+01 -6.677894592285156250e+01
2.115750312805175781e+01 6.450700378417968750e+01 -6.706170654296875000e+01
2.121361923217773438e+01 6.456491088867187500e+01 -6.733355712890625000e+01
2.126885032653808594e+01 6.459912872314453125e+01 -6.762056732177734375e+01
2.132685661315917969e+01 6.464394378662109375e+01 -6.789601898193359375e+01
2.138157844543457031e+01 6.468297576904296875e+01 -6.817424774169921875e+01
2.143735885620117188e+01 6.472842407226562500e+01 -6.844752502441406250e+01
2.148293685913085938e+01 6.477073669433593750e+01 -6.870471191406250000e+01
2.153057289123535156e+01 6.480953979492187500e+01 -6.898760223388671875e+01
2.156693840026855469e+01 6.487230682373046875e+01 -6.925361633300781250e+01
2.161264038085937500e+01 6.490264892578125000e+01 -6.952098846435546875e+01
2.165711975097656250e+01 6.493859863281250000e+01 -6.980358886718750000e+01
2.170140266418457031e+01 6.496539306640625000e+01 -7.007177734375000000e+01
2.176720809936523438e+01 6.500297546386718750e+01 -7.034300994873046875e+01
2.181232833862304688e+01 6.504510498046875000e+01 -7.061431121826171875e+01
2.187751197814941406e+01 6.510072326660156250e+01 -7.089590454101562500e+01
2.194260406494140625e+01 6.515566253662109375e+01 -7.116306304931640625e+01
2.199541473388671875e+01 6.521772003173828125e+01 -7.144158935546875000e+01
2.208710670471191406e+01 6.531071472167968750e+01 -7.185164642333984375e+01
2.213195610046386719e+01 6.536967468261718750e+01 -7.212327575683593750e+01
2.217987632751464844e+01 6.543569183349609375e+01 -7.240604400634765625e+01
2.223648262023925781e+01 6.549078369140625000e+01 -7.269573211669921875e+01
2.227222251892089844e+01 6.552228546142578125e+01 -7.296864318847656250e+01
2.232996559143066406e+01 6.556248474121093750e+01 -7.324889373779296875e+01
2.237990379333496094e+01 6.557119750976562500e+01 -7.352510833740234375e+01
2.243671417236328125e+01 6.560452270507812500e+01 -7.379751586914062500e+01
2.249746513366699219e+01 6.562697601318359375e+01 -7.407795715332031250e+01
2.255825614929199219e+01 6.566153717041015625e+01 -7.434816741943359375e+01
2.261547279357910156e+01 6.568833160400390625e+01 -7.462050628662109375e+01
2.265819931030273438e+01 6.571315765380859375e+01 -7.488894653320312500e+01
2.270743560791015625e+01 6.575275421142578125e+01 -7.514851379394531250e+01
2.274458885192871094e+01 6.576403045654296875e+01 -7.539711761474609375e+01
2.278661918640136719e+01 6.576302337646484375e+01 -7.564743804931640625e+01
2.283596992492675781e+01 6.576541137695312500e+01 -7.589328002929687500e+01
2.287012863159179688e+01 6.576418304443359375e+01 -7.614141082763671875e+01
2.292214012145996094e+01 6.576824951171875000e+01 -7.637776184082031250e+01
2.296115303039550781e+01 6.578604125976562500e+01 -7.660368347167968750e+01
2.300938415527343750e+01 6.579383087158203125e+01 -7.683863830566406250e+01
2.305694007873535156e+01 6.581002807617187500e+01 -7.706588745117187500e+01
2.312846946716308594e+01 6.582780456542968750e+01 -7.739844512939453125e+01
2.316723060607910156e+01 6.582429504394531250e+01 -7.761474609375000000e+01
2.321124267578125000e+01 6.583705902099609375e+01 -7.782434082031250000e+01
2.325350952148437500e+01 6.585002899169921875e+01 -7.803392791748046875e+01
2.329815483093261719e+01 6.585475158691406250e+01 -7.824356079101562500e+01
2.333626937866210938e+01 6.586162567138671875e+01 -7.845236968994140625e+01
2.335480308532714844e+01 6.587652587890625000e+01 -7.865715789794921875e+01
2.339361190795898438e+01 6.587832641601562500e+01 -7.885760498046875000e+01
2.344131278991699219e+01 6.587983703613281250e+01 -7.905979919433593750e+01
2.347714233398437500e+01 6.589231109619140625e+01 -7.925465393066406250e+01
2.352072715759277344e+01 6.589707946777343750e+01 -7.945389556884765625e+01
2.356043434143066406e+01 6.590856933593750000e+01 -7.964369964599609375e+01
2.359971237182617188e+01 6.590687561035156250e+01 -7.983944702148437500e+01
2.364476013183593750e+01 6.591117095947265625e+01 -8.002781677246093750e+01
2.368093490600585938e+01 6.592379760742187500e+01 -8.021320343017578125e+01
2.371728134155273438e+01 6.594690704345703125e+01 -8.040274047851562500e+01
2.373903274536132812e+01 6.595965576171875000e+01 -8.058890533447265625e+01
2.378359603881835938e+01 6.596681976318359375e+01 -8.077024841308593750e+01
2.382460975646972656e+01 6.598848724365234375e+01 -8.094725036621093750e+01
2.385899543762207031e+01 6.600696563720703125e+01 -8.112558746337890625e+01
2.389953231811523438e+01 6.601497650146484375e+01 -8.129014587402343750e+01
2.396519851684570312e+01 6.605895996093750000e+01 -8.157112884521484375e+01
2.401661300659179688e+01 6.606821441650390625e+01 -8.172451782226562500e+01
2.405894088745117188e+01 6.611901092529296875e+01 -8.190878295898437500e+01
2.409513092041015625e+01 6.614856719970703125e+01 -8.209194183349609375e+01
2.414161491394042969e+01 6.619005584716796875e+01 -8.226536560058593750e+01
2.417274856567382812e+01 6.623501586914062500e+01 -8.243786621093750000e+01
2.419831275939941406e+01 6.626798248291015625e+01 -8.260787963867187500e+01
2.421037673950195312e+01 6.630324554443359375e+01 -8.278082275390625000e+01
2.423462295532226562e+01 6.634181213378906250e+01 -8.295802307128906250e+01
2.427477645874023438e+01 6.636916351318359375e+01 -8.313928985595703125e+01
2.432341766357421875e+01 6.639835357666015625e+01 -8.331748199462890625e+01
2.437376213073730469e+01 6.642987823486328125e+01 -8.350344085693359375e+01
2.443418693542480469e+01 6.647183990478515625e+01 -8.368170166015625000e+01
2.448784446716308594e+01 6.653057861328125000e+01 -8.387109375000000000e+01
2.454379272460937500e+01 6.657932281494140625e+01 -8.405066680908203125e+01
2.458810234069824219e+01 6.665512847900390625e+01 -8.425258636474609375e+01
2.462158584594726562e+01 6.670977783203125000e+01 -8.444715118408203125e+01
2.465787696838378906e+01 6.678153228759765625e+01 -8.463995361328125000e+01
2.468271255493164062e+01 6.683080291748046875e+01 -8.483248901367187500e+01
2.470911026000976562e+01 6.687470245361328125e+01 -8.503210449218750000e+01
2.475250434875488281e+01 6.690943145751953125e+01 -8.523101806640625000e+01
2.479675483703613281e+01 6.697135162353515625e+01 -8.552520751953125000e+01
2.484085083007812500e+01 6.700545501708984375e+01 -8.572586822509765625e+01
2.489349174499511719e+01 6.704311370849609375e+01 -8.592878723144531250e+01
2.494688987731933594e+01 6.707460784912109375e+01 -8.614149475097656250e+01
2.500533103942871094e+01 6.712478637695312500e+01 -8.635038757324218750e+01
2.504362297058105469e+01 6.716889190673828125e+01 -8.656505584716796875e+01
2.509523963928222656e+01 6.720574188232421875e+01 -8.677198791503906250e+01
2.514426612854003906e+01 6.725777435302734375e+01 -8.698302459716796875e+01
2.518122863769531250e+01 6.729125976562500000e+01 -8.720478820800781250e+01
2.523014450073242188e+01 6.733833312988281250e+01 -8.741815185546875000e+01
2.526474571228027344e+01 6.737736511230468750e+01 -8.763413238525390625e+01
2.530473709106445312e+01 6.739057922363281250e+01 -8.785496520996093750e+01
2.535681915283203125e+01 6.743337249755859375e+01 -8.808011627197265625e+01
2.540990257263183594e+01 6.745668792724609375e+01 -8.829557800292968750e+01
2.546351814270019531e+01 6.748842620849609375e+01 -8.851932525634765625e+01
2.551103782653808594e+01 6.751824188232421875e+01 -8.873311614990234375e+01
2.555952072143554688e+01 6.755381011962890625e+01 -8.895102691650390625e+01
2.559729766845703125e+01 6.759910583496093750e+01 -8.917343902587890625e+01
2.564286804199218750e+01 6.763932800292968750e+01 -8.939339447021484375e+01
2.568692398071289062e+01 6.767919921875000000e+01 -8.960241699218750000e+01
2.572679710388183594e+01 6.772252655029296875e+01 -8.981725311279296875e+01
2.579235649108886719e+01 6.779979705810546875e+01 -9.014231872558593750e+01
2.583345413208007812e+01 6.783628082275390625e+01 -9.035557556152343750e+01
2.587266349792480469e+01 6.786542510986328125e+01 -9.057152557373046875e+01
2.592726516723632812e+01 6.788576507568359375e+01 -9.078632354736328125e+01
2.597101974487304688e+01 6.791233825683593750e+01 -9.099813842773437500e+01
2.602269172668457031e+01 6.795355987548828125e+01 -9.120402526855468750e+01
2.606833457946777344e+01 6.797332763671875000e+01 -9.142061614990234375e+01
2.612035369873046875e+01 6.799749755859375000e+01 -9.162874603271484375e+01
2.617343139648437500e+01 6.802259826660156250e+01 -9.183598327636718750e+01
2.623108863830566406e+01 6.805584716796875000e+01 -9.204110717773437500e+01
2.627383995056152344e+01 6.809030914306640625e+01 -9.224824523925781250e+01
2.633197975158691406e+01 6.813793945312500000e+01 -9.244116973876953125e+01
2.637504768371582031e+01 6.818107604980468750e+01 -9.263365173339843750e+01
2.642664337158203125e+01 6.822853088378906250e+01 -9.282828521728515625e+01
2.645852088928222656e+01 6.828025054931640625e+01 -9.301487731933593750e+01
2.648313903808593750e+01 6.830232238769531250e+01 -9.320774078369140625e+01
2.651689147949218750e+01 6.835174560546875000e+01 -9.339035034179687500e+01
2.654189682006835938e+01 6.837920379638671875e+01 -9.357064819335937500e+01
2.656104850769042969e+01 6.841387939453125000e+01 -9.374471282958984375e+01
2.657273483276367188e+01 6.843951416015625000e+01 -9.391467285156250000e+01
2.660362052917480469e+01 6.844913482666015625e+01 -9.409649658203125000e+01
2.665831947326660156e+01 6.847841644287109375e+01 -9.434783935546875000e+01
2.669827270507812500e+01 6.848789215087890625e+01 -9.450902557373046875e+01
2.674785041809082031e+01 6.851918792724609375e+01 -9.467331695556640625e+01
2.679358673095703125e+01 6.852686309814453125e+01 -9.484146118164062500e+01
2.685657501220703125e+01 6.855534362792968750e+01 -9.499375152587890625e+01
2.691473388671875000e+01 6.858878326416015625e+01 -9.515042114257812500e+01
2.698315048217773438e+01 6.863956451416015625e+01 -9.531484985351562500e+01
2.703773880004882812e+01 6.869802856445312500e+01 -9.546997833251953125e+01
2.708153343200683594e+01 6.876725006103515625e+01 -9.561778259277343750e+01
2.712565994262695312e+01 6.884178161621093750e+01 -9.577554321289062500e+01
2.717043876647949219e+01 6.891644287109375000e+01 -9.593194580078125000e+01
2.717542839050292969e+01 6.899231719970703125e+01 -9.608386230468750000e+01
2.717907333374023438e+01 6.905024719238281250e+01 -9.624330902099609375e+01
2.718976211547851562e+01 6.910791778564453125e+01 -9.639261627197265625e+01
2.719950866699218750e+01 6.915576171875000000e+01 -9.654852294921875000e+01
2.721486282348632812e+01 6.919190979003906250e+01 -9.670877075195312500e+01
2.723884582519531250e+01 6.923035430908203125e+01 -9.686470794677734375e+01
2.727833557128906250e+01 6.926461791992187500e+01 -9.701528167724609375e+01
2.733134460449218750e+01 6.930297088623046875e+01 -9.717852783203125000e+01
2.738048362731933594e+01 6.935823822021484375e+01 -9.732728576660156250e+01
2.748477745056152344e+01 6.943846893310546875e+01 -9.757218170166015625e+01
2.755764961242675781e+01 6.951113128662109375e+01 -9.773512268066406250e+01
2.763633155822753906e+01 6.960533142089843750e+01 -9.789825439453125000e+01
2.769669151306152344e+01 6.970059204101562500e+01 -9.806317901611328125e+01
2.775004005432128906e+01 6.980625915527343750e+01 -9.824577331542968750e+01
2.779564285278320312e+01 6.991881561279296875e+01 -9.841900634765625000e+01
2.784149551391601562e+01 7.004204559326171875e+01 -9.859547424316406250e+01
2.788008308410644531e+01 7.013471221923828125e+01 -9.878489685058593750e+01
2.791107749938964844e+01 7.022583770751953125e+01 -9.897630310058593750e+01
2.793275070190429688e+01 7.031044006347656250e+01 -9.916954803466796875e+01
2.795495986938476562e+01 7.039621734619140625e+01 -9.936052703857421875e+01
2.799776077270507812e+01 7.045880889892578125e+01 -9.955191040039062500e+01
2.803026008605957031e+01 7.051352691650390625e+01 -9.974227142333984375e+01
2.807889175415039062e+01 7.058001708984375000e+01 -9.994044494628906250e+01
2.812048721313476562e+01 7.062881469726562500e+01 -1.001407089233398438e+02
2.815919685363769531e+01 7.068912506103515625e+01 -1.003425827026367188e+02
2.820419692993164062e+01 7.075059509277343750e+01 -1.005434875488281250e+02
2.825214195251464844e+01 7.080236053466796875e+01 -1.007391815185546875e+02
2.831604576110839844e+01 7.085845947265625000e+01 -1.009409179687500000e+02
2.837908172607421875e+01 7.092521667480468750e+01 -1.011455001831054688e+02
2.844244575500488281e+01 7.097621154785156250e+01 -1.013429260253906250e+02
2.855190849304199219e+01 7.109214782714843750e+01 -1.016489791870117188e+02
2.860940933227539062e+01 7.115862274169921875e+01 -1.018519973754882812e+02
2.867654037475585938e+01 7.124635314941406250e+01 -1.020600357055664062e+02
2.873213958740234375e+01 7.132862091064453125e+01 -1.022668914794921875e+02
2.877340316772460938e+01 7.143609619140625000e+01 -1.024758453369140625e+02
2.880751800537109375e+01 7.151471710205078125e+01 -1.026875534057617188e+02
2.884511756896972656e+01 7.159619903564453125e+01 -1.028949661254882812e+02
2.885689353942871094e+01 7.166234588623046875e+01 -1.030929718017578125e+02
2.886786079406738281e+01 7.173007202148437500e+01 -1.032990188598632812e+02
2.888519477844238281e+01 7.178295135498046875e+01 -1.035170745849609375e+02
2.892114639282226562e+01 7.180728912353515625e+01 -1.037135086059570312e+02
2.895471000671386719e+01 7.184117126464843750e+01 -1.039153442382812500e+02
2.899808692932128906e+01 7.187181091308593750e+01 -1.041198348999023438e+02
2.906648826599121094e+01 7.191255187988281250e+01 -1.043307495117187500e+02
2.912802505493164062e+01 7.193724060058593750e+01 -1.045341644287109375e+02
2.920603179931640625e+01 7.199209594726562500e+01 -1.047429504394531250e+02
2.928377342224121094e+01 7.204660034179687500e+01 -1.049538497924804688e+02
2.936268043518066406e+01 7.211059570312500000e+01 -1.051713104248046875e+02
2.943193817138671875e+01 7.219831848144531250e+01 -1.053840637207031250e+02
2.949638938903808594e+01 7.227542114257812500e+01 -1.056022567749023438e+02
2.953738594055175781e+01 7.235541534423828125e+01 -1.058023681640625000e+02
2.958182334899902344e+01 7.247042083740234375e+01 -1.061143035888671875e+02
2.960972785949707031e+01 7.253874969482421875e+01 -1.063198852539062500e+02
2.963739395141601562e+01 7.260665130615234375e+01 -1.065150222778320312e+02
2.966452598571777344e+01 7.265975952148437500e+01 -1.067243499755859375e+02
2.967978477478027344e+01 7.271890258789062500e+01 -1.069136734008789062e+02
2.970465469360351562e+01 7.275913238525390625e+01 -1.071125869750976562e+02
2.974882316589355469e+01 7.279889678955078125e+01 -1.073084945678710938e+02
2.978403091430664062e+01 7.285092926025390625e+01 -1.075137557983398438e+02
2.983797264099121094e+01 7.289328002929687500e+01 -1.077075119018554688e+02
2.990302658081054688e+01 7.296619415283203125e+01 -1.079041595458984375e+02
2.995658302307128906e+01 7.300836944580078125e+01 -1.081080245971679688e+02
