1.113578229745634474e+00 2.260137616915451453e+00 -6.783373061179545638e-02
1.120343178606326262e+00 2.296768877597844760e+00 -8.197527845520075074e-02
1.103866300816159773e+00 2.321452670916299699e+00 -4.376303762718439933e-02
1.144124231458289787e+00 2.366560654630990523e+00 -5.725896231283567755e-02
1.149860788637233178e+00 2.428527769142397652e+00 -2.930543045052522166e-02
1.147697321144416582e+00 2.456071394471579517e+00 -2.316052393548256871e-02
1.154362283844807546e+00 2.493774659266506877e+00 -9.714400483079482437e-03
1.170479538939543263e+00 2.545454760580515785e+00 -1.238641228303190289e-02
1.164565763978939739e+00 2.601355032738364770e+00 1.697727289662231270e-02
1.199045344811954461e+00 2.679203222218224933e+00 4.974889018061025292e-02
1.202803937375139132e+00 2.739728928938369279e+00 5.253928336535568233e-02
1.217197618014542071e+00 2.846559747364475257e+00 8.782059393478069964e-02
1.250156178850630795e+00 2.936876061488210343e+00 1.228123154255039012e-01
1.247900114392095361e+00 3.030699232688788491e+00 1.610994686605293769e-01
1.267588113295198493e+00 3.111669158127294388e+00 1.783949742034091346e-01
1.284685635300156559e+00 3.188487242485857909e+00 2.024541294222812760e-01
1.298307412603328714e+00 3.285448301314424224e+00 2.392914207857753661e-01
1.314277100328146375e+00 3.396350386684645173e+00 2.886024512415291121e-01
1.333114885327800536e+00 3.512873464584824745e+00 2.998195315167844766e-01
1.350563061090715333e+00 3.626161555103578404e+00 3.332430444186922913e-01
1.355533411194514093e+00 3.735755375112364884e+00 3.702614240533471657e-01
1.374902407526068071e+00 3.842411000583605851e+00 4.080692894648688673e-01
1.401363833895852951e+00 3.959852371189099163e+00 4.490175929235174501e-01
1.443079536677551511e+00 4.082256303903225358e+00 4.861763574126791720e-01
1.459929947833551234e+00 4.229564275104300108e+00 5.320042402577931373e-01
1.477287608672430697e+00 4.357199291632941396e+00 5.618379380806545198e-01
1.490437300770183215e+00 4.501904984303528146e+00 6.019541532513577042e-01
1.519780222869355324e+00 4.625008249842130326e+00 6.456669673866183290e-01
1.554468703813086661e+00 4.769986794909708117e+00 7.048876726669792703e-01
1.577021982317880378e+00 4.942840641013343195e+00 7.408990346338103494e-01
1.572576716801293406e+00 5.105973869273156218e+00 7.899565596108899523e-01
1.593724037134002236e+00 5.263690555008212257e+00 8.372296484556775997e-01
1.635867483834213099e+00 5.510536130870588245e+00 9.198793704673374760e-01
1.651060741422439193e+00 5.703103906059848072e+00 9.577196526472685489e-01
1.682468385811060951e+00 5.862951104416779913e+00 1.023827627246262528e+00
1.712851054915595750e+00 6.060014086847905546e+00 1.071155511454009890e+00
1.725241128697997617e+00 6.270235139807627256e+00 1.118734761303511682e+00
1.752812875291830386e+00 6.453766742227919906e+00 1.159976464317948208e+00
1.760362765643243010e+00 6.651118240484278132e+00 1.248653637881649292e+00
1.811189631678111311e+00 6.860867531490453253e+00 1.301117237410351457e+00
1.841208046593678205e+00 7.063150679564119905e+00 1.361532440104922470e+00
1.862706917007749929e+00 7.281087337274621873e+00 1.420902306672094495e+00
1.892599273383831715e+00 7.509525599524851991e+00 1.460727399073519228e+00
1.928702582286635714e+00 7.745592714907492571e+00 1.549090712695528227e+00
1.946092760409481537e+00 7.995142925951672197e+00 1.606198037769005049e+00
1.980695486697182206e+00 8.225802017778729436e+00 1.669225874791561148e+00
1.998942557207922022e+00 8.481925279369011861e+00 1.727534236066496920e+00
2.037009045656803075e+00 8.732901246377176463e+00 1.781815640228314956e+00
2.053881766904531947e+00 9.001434094352605442e+00 1.863173418598836895e+00
2.102276519095851448e+00 9.255540678850250558e+00 1.915355484008586018e+00
2.139255247115800174e+00 9.518482370260317182e+00 1.984125238473746444e+00
2.157334551083547769e+00 9.811227028920374238e+00 2.037587270965328212e+00
2.206986819208751172e+00 1.008418885022174116e+01 2.115101865829108974e+00
2.258435464146778759e+00 1.054483912088777764e+01 2.202312925976902314e+00
2.272960599547612315e+00 1.082042571933723529e+01 2.265363926747080203e+00
2.330004095867037162e+00 1.114299492615748122e+01 2.345368674220558614e+00
2.364125161468221936e+00 1.146093874627172227e+01 2.387450443308759773e+00
2.395561868972751807e+00 1.176348573090377947e+01 2.450814200180655877e+00
2.432419878275513092e+00 1.211915251101360802e+01 2.536906565787379275e+00
2.482811765864688880e+00 1.246058137555364453e+01 2.592409399914734625e+00
2.537255852020701585e+00 1.279269235790704506e+01 2.650336047762086533e+00
2.574791869197333938e+00 1.313739288679288819e+01 2.708274195713221033e+00
2.628624054042352665e+00 1.352276604257891002e+01 2.771950406063574679e+00
2.642477477797629870e+00 1.387267028613417352e+01 2.834200341925847244e+00
2.713843386205910591e+00 1.423123453095706381e+01 2.892022318469868569e+00
2.758199979732741447e+00 1.463079971536178014e+01 2.952212168056896235e+00
2.803584709899649141e+00 1.502222974456063120e+01 3.003932828361357554e+00
2.856055789934479616e+00 1.541976183868666617e+01 3.041787368304582184e+00
2.892452217552830440e+00 1.584313147964542523e+01 3.103327738665722091e+00
2.943750779291266273e+00 1.624576665672693210e+01 3.142544224793363483e+00
3.001992290931779106e+00 1.669028184932610159e+01 3.202387927620554020e+00
3.036858556287806099e+00 1.710774214612109034e+01 3.248284644822276412e+00
3.088324646755837399e+00 1.756391110219663076e+01 3.299858379761160698e+00
3.171196942836768340e+00 1.823769608198620062e+01 3.349740295484846975e+00
3.254114514116397405e+00 1.872079842744458134e+01 3.367886043232248383e+00
3.309074161128044977e+00 1.921253613211329991e+01 3.407394642326372569e+00
3.366260771594644208e+00 1.968631687143164299e+01 3.426303307133374609e+00
3.422497320692520439e+00 2.020184736557693128e+01 3.446683713132707272e+00
3.488073650495199018e+00 2.069228858539630167e+01 3.470488311360168332e+00
3.560286246571125357e+00 2.120759603693975137e+01 3.493904521538340191e+00
3.636324834838279951e+00 2.174811214912059043e+01 3.507792513256927869e+00
3.690056706487122362e+00 2.229329503942644308e+01 3.498270023308068133e+00
3.766510372078396784e+00 2.283134109320738503e+01 3.501548215782663842e+00
3.841458914297510852e+00 2.338849829791718093e+01 3.499000442620086027e+00
3.934623299798734486e+00 2.396690428818264351e+01 3.475721815522343050e+00
4.000938791088633373e+00 2.455754254395438352e+01 3.458239253368186716e+00
4.076100033559203695e+00 2.513485081729865200e+01 3.427376210182205174e+00
4.162035792090154729e+00 2.577405631097865424e+01 3.388934331683923329e+00
4.250545046231887447e+00 2.639969834761423328e+01 3.349342042542792441e+00
4.349510851256634503e+00 2.700805886981389747e+01 3.290512098201820113e+00
4.419975498637178646e+00 2.769128149598127564e+01 3.222883020509098806e+00
4.521377492684099941e+00 2.835941482403072911e+01 3.147290441207379441e+00
4.626741351972628813e+00 2.902994620001792825e+01 3.068314058331516936e+00
4.732704820195314355e+00 2.972834935194258676e+01 2.963522295067687384e+00
4.875567227264775205e+00 3.081232867561729094e+01 2.788817867004690143e+00
4.999667806373254031e+00 3.154773534419226166e+01 2.632018275670198637e+00
5.114499137367788606e+00 3.230458855270997276e+01 2.466795491665303874e+00
5.242404204632110876e+00 3.307587077027711331e+01 2.297645912205369179e+00
5.376610804452317538e+00 3.387837162920758516e+01 2.092326803960212978e+00
5.483950534408516653e+00 3.467813591524210892e+01 1.843934684353319087e+00
5.616856547320322690e+00 3.546025978362104780e+01 1.601078641252533519e+00
5.772503861653926371e+00 3.629965496261878855e+01 1.287963593968606046e+00
5.910282866076565611e+00 3.716424228123514695e+01 9.725243787830641917e-01
6.073402778899401611e+00 3.801276595153838400e+01 5.819196081872259896e-01
6.230724805064864036e+00 3.887674731639101822e+01 1.626505285574911253e-01
6.430172911424644866e+00 3.971295344440478203e+01 -3.023205613903475752e-01
6.590083754052959542e+00 4.059887947968841360e+01 -8.325142743302186288e-01
6.774793669535758234e+00 4.146286992476036204e+01 -1.395894735367271933e+00
6.950673174124113451e+00 4.229166392986194722e+01 -2.029854099713515936e+00
7.152784654789583030e+00 4.312096139343732659e+01 -2.715041182104276807e+00
7.351263821926881548e+00 4.391237298154571533e+01 -3.458099668304021712e+00
7.532421574243228335e+00 4.466883606055634459e+01 -4.262164959423735411e+00
7.759756830625522461e+00 4.537965973143091247e+01 -5.091025800274755042e+00
7.959820573578220149e+00 4.603696766819430053e+01 -5.970556455360076065e+00
8.155122858460137181e+00 4.667545762531297271e+01 -6.855414320659606986e+00
8.453648075977172383e+00 4.751150376208947534e+01 -8.205315782835945981e+00
8.636783819603129686e+00 4.801700536128715413e+01 -9.118106859550556109e+00
8.815101729483075133e+00 4.844877132695153676e+01 -1.003629850002951329e+01
9.003374358163739544e+00 4.885116974562595260e+01 -1.090945803396897595e+01
9.180406167365378067e+00 4.921719917960376023e+01 -1.178975180499879194e+01
9.338305142740225051e+00 4.955033029808534195e+01 -1.265657538448945552e+01
9.500536515027521389e+00 4.986060316949829740e+01 -1.347739011146335031e+01
9.621515322574657247e+00 5.013962772326681261e+01 -1.428953883871589881e+01
9.768932777042580895e+00 5.036003989884142129e+01 -1.505762197693195859e+01
9.911013678265689464e+00 5.060166513055152393e+01 -1.579685565093385158e+01
1.003378179370978884e+01 5.082376182081866745e+01 -1.653178653808430809e+01
1.015021497067938583e+01 5.100766766852365208e+01 -1.724137580134532399e+01
1.027932482958868832e+01 5.116796966045917827e+01 -1.791625037409778187e+01
1.037920497281762167e+01 5.135761298228665339e+01 -1.854469573850432340e+01
1.048547327605979262e+01 5.148008984974612190e+01 -1.916279633466449894e+01
1.059186812575582870e+01 5.161660650709790588e+01 -1.975926212298380591e+01
1.068330880800190563e+01 5.172494062255536562e+01 -2.033249059813801551e+01
1.079909102693788370e+01 5.182842947720143201e+01 -2.088383850608107295e+01
1.090369923912349037e+01 5.191768187831297610e+01 -2.142362056102252765e+01
1.099618725141013620e+01 5.200794079942435388e+01 -2.194085873313441581e+01
1.107374147646000928e+01 5.209147914889376807e+01 -2.243038383561930615e+01
1.120057903526084964e+01 5.219926334705582605e+01 -2.312721307009795169e+01
1.127645120290751812e+01 5.224395747773855447e+01 -2.357411909664246252e+01
1.135896411636343650e+01 5.229590058633173300e+01 -2.402329930452021856e+01
1.143379783854234866e+01 5.235058553465763254e+01 -2.443788761264105958e+01
1.151328912468948218e+01 5.240905501501590180e+01 -2.482317856057426297e+01
1.156529015414181494e+01 5.242876243334683295e+01 -2.523397605098138285e+01
1.165793964312640085e+01 5.245320488949325721e+01 -2.561070451405199222e+01
1.170132118346175076e+01 5.246257640617194795e+01 -2.594902641735158610e+01
1.176910073002561141e+01 5.249237431672021614e+01 -2.631255812818820417e+01
1.182521678207031002e+01 5.251235397608212452e+01 -2.663577629826091453e+01
1.186831074428232569e+01 5.252074231339848609e+01 -2.695005327388136251e+01
1.192977581604134052e+01 5.252577428693663819e+01 -2.726501189057692898e+01
1.198507704791963313e+01 5.253316109498476294e+01 -2.755904032231405409e+01
1.201825555166188231e+01 5.253311736371191643e+01 -2.783221450339506120e+01
1.204455701309768401e+01 5.256024504036071932e+01 -2.810161457231245308e+01
1.210677147795661490e+01 5.255672474452540399e+01 -2.833224367629952312e+01
1.214688433603530804e+01 5.257532930806132754e+01 -2.857687945445352895e+01
1.220209095534812249e+01 5.260903653657202739e+01 -2.881152767905089362e+01
1.223331900638995684e+01 5.262383509167914752e+01 -2.903503195205229304e+01
1.226153563372560384e+01 5.263583107269414540e+01 -2.924288883898972102e+01
1.228954378789186386e+01 5.264769669477352920e+01 -2.943838767007461854e+01
1.233550892919742559e+01 5.269143508825158051e+01 -2.970578702350566402e+01
1.238217863473042435e+01 5.271607462252238463e+01 -2.990477573864226457e+01
1.243590914094033550e+01 5.275103578719964759e+01 -3.008187494432518960e+01
1.245575111898054743e+01 5.277427727022933368e+01 -3.024600756732404605e+01
1.248068081231627069e+01 5.279914336614845638e+01 -3.042751308122884524e+01
1.252782467535914535e+01 5.282761738310340149e+01 -3.059411647254449207e+01
1.255773825601477434e+01 5.285509629485831340e+01 -3.075050515681901331e+01
1.258562649089804175e+01 5.286943564368149850e+01 -3.091170932531760585e+01
1.263886496374634305e+01 5.290879016284152669e+01 -3.107294295677525042e+01
1.265998535220159305e+01 5.290444634904884680e+01 -3.122675167095454185e+01
1.269365662885526547e+01 5.292714241144958720e+01 -3.140085057768268939e+01
1.272305846906824200e+01 5.294127346980344839e+01 -3.153988960940216657e+01
1.276632694080394792e+01 5.295220696856998188e+01 -3.167618757568054377e+01
1.279429583454504993e+01 5.293350318478365324e+01 -3.182477465705862940e+01
1.281518741168049402e+01 5.293338932685597342e+01 -3.197042858889322048e+01
1.285599428154778501e+01 5.293675196670655936e+01 -3.212352181724501321e+01
1.287571875448758796e+01 5.294304500933370861e+01 -3.227317331483889262e+01
1.291221780964265697e+01 5.294259499214631859e+01 -3.237242804204972657e+01
1.294709631264504424e+01 5.294079549107511440e+01 -3.251827099073996408e+01
1.298006848811201763e+01 5.294483086248369830e+01 -3.265138809654506957e+01
1.300302869210143086e+01 5.291559668660553228e+01 -3.277657288157747928e+01
1.304060922946403700e+01 5.290140404128410268e+01 -3.297394688332606449e+01
1.308077168182891548e+01 5.288158353026598490e+01 -3.309619674918700838e+01
1.310725026739286037e+01 5.287314347779398815e+01 -3.319693721087445226e+01
1.313095197018077265e+01 5.284709330614066403e+01 -3.333153058479959441e+01
1.317014838412617728e+01 5.283191438505009074e+01 -3.344301242265412100e+01
1.317960390546508087e+01 5.282875602886021937e+01 -3.354811054955035843e+01
1.320208066817600212e+01 5.281532166969513042e+01 -3.366729920821835975e+01
1.323485472561645970e+01 5.278593791207544683e+01 -3.376561070141298870e+01
1.326516325187066236e+01 5.278099914938643167e+01 -3.386610829847069226e+01
1.325538426543089088e+01 5.275830821952617100e+01 -3.394926269091262583e+01
1.328905350778648931e+01 5.272961487538294989e+01 -3.404859114259657815e+01
1.332204904948623003e+01 5.271331787180790940e+01 -3.412710835295444411e+01
1.334639218208629075e+01 5.270605741971559866e+01 -3.420098447469146663e+01
1.336709057048668825e+01 5.269359967214329998e+01 -3.427563444170701246e+01
1.338598353155802734e+01 5.269287416082591591e+01 -3.436145431363298997e+01
1.338616979221217207e+01 5.264789132381446279e+01 -3.441971022524167267e+01
1.340059214193249737e+01 5.263603446632772886e+01 -3.445702288111780121e+01
1.341445341713741257e+01 5.261385171809563843e+01 -3.450712998795519582e+01
1.344169229680325195e+01 5.259369762902210255e+01 -3.454095391789730485e+01
1.345552195421552710e+01 5.260519050413612518e+01 -3.456922003686608491e+01
1.348000182193321983e+01 5.257888817310551133e+01 -3.457193498856636182e+01
1.349056396502068189e+01 5.260302020249901034e+01 -3.457820457203780506e+01
1.350218680862042930e+01 5.263796419895209766e+01 -3.453488462715773721e+01
1.351444768965638410e+01 5.266860816294886405e+01 -3.451054044701768930e+01
1.351861738512553757e+01 5.273326462938275228e+01 -3.445841755436079268e+01
1.352085467898471727e+01 5.285285308135198790e+01 -3.438288632806274592e+01
1.355514471054865488e+01 5.300830644280262760e+01 -3.430619421674435898e+01
1.356368293951913095e+01 5.321012254630602456e+01 -3.423253989319007218e+01
1.359525724482526776e+01 5.344806785943665517e+01 -3.418617944944455900e+01
1.364700342706409586e+01 5.372466971839257610e+01 -3.417714504406952614e+01
1.369355035681466326e+01 5.401594174756425559e+01 -3.418886844843473938e+01
1.375616495504400660e+01 5.432390074589800122e+01 -3.424684419460501772e+01
1.380243192779939676e+01 5.460736697963269393e+01 -3.433384155603969390e+01
1.385845777090032449e+01 5.486041673129585661e+01 -3.446854420225156446e+01
1.390953232150144281e+01 5.508509818533691060e+01 -3.460440160314978897e+01
1.396786940586479275e+01 5.530658354976515056e+01 -3.472681691677163940e+01
1.402148911062473147e+01 5.547401302906894216e+01 -3.490993772293754915e+01
1.406845040413921843e+01 5.564201279564391456e+01 -3.509741249161073995e+01
1.414107030299425460e+01 5.577888182789806848e+01 -3.526759766545855257e+01
1.416803248167555296e+01 5.592561210707695807e+01 -3.546231735437029897e+01
1.423123615358741390e+01 5.603524949605209571e+01 -3.565622318350017395e+01
1.429763198140640590e+01 5.616816361413872016e+01 -3.596293557025026644e+01
1.435087856441207599e+01 5.627834635934188867e+01 -3.618831313173390640e+01
1.438805245438406111e+01 5.636923552314025443e+01 -3.638630337450501173e+01
1.443055416087018017e+01 5.645634952989109223e+01 -3.660480623152253798e+01
1.447731083567550847e+01 5.653176097931010702e+01 -3.682384777921565444e+01
1.451505665316902771e+01 5.660102852341463375e+01 -3.705978143859665153e+01
1.456334527392662892e+01 5.669105806040163031e+01 -3.727908296734855753e+01
1.461144360985986168e+01 5.672706479439709426e+01 -3.749966211980886044e+01
1.464048169260130727e+01 5.679673388327783101e+01 -3.773327955866664496e+01
1.469579768027761801e+01 5.684804260410655274e+01 -3.797540498755282812e+01
1.476347338641357432e+01 5.690058284813485301e+01 -3.819828398547678461e+01
1.479926221223909977e+01 5.693793970451414310e+01 -3.844999208899016452e+01
1.486854084701248269e+01 5.699334044779057251e+01 -3.869867027814562022e+01
1.493696411279155356e+01 5.705255688263950731e+01 -3.894920775589994832e+01
1.498404371160445692e+01 5.711937335122288317e+01 -3.920242377922616583e+01
1.501467433511845861e+01 5.715135361835636729e+01 -3.945594918662571615e+01
1.505721788434688335e+01 5.718165439783515325e+01 -3.972237654094717385e+01
1.509825382849774300e+01 5.720937811296442987e+01 -3.997169536095169917e+01
1.515368264195945258e+01 5.722824866595879456e+01 -4.022025019635144361e+01
1.520425662101648001e+01 5.721264690656699514e+01 -4.048511099660822765e+01
1.525666271318543998e+01 5.721466441310503370e+01 -4.073308528108569249e+01
1.532397104332336468e+01 5.724742040986837566e+01 -4.112620769551534750e+01
1.539276956153447706e+01 5.722744749377009299e+01 -4.137891542851522786e+01
1.544294287616142469e+01 5.723058602389350824e+01 -4.160458177553344683e+01
1.545528054877473600e+01 5.719946908239064243e+01 -4.186331321671899275e+01
1.550071131145078063e+01 5.718152726385716988e+01 -4.209821247269814393e+01
1.553438512307952557e+01 5.717476453701949168e+01 -4.234883181828922716e+01
1.554159657252630033e+01 5.715528699863795481e+01 -4.260394744979366521e+01
1.559192681256510937e+01 5.712497939398737401e+01 -4.283052815806750857e+01
1.561772360477010579e+01 5.709054694333030966e+01 -4.307335562592623290e+01
1.565971456949670326e+01 5.705321092392315308e+01 -4.330823092093455529e+01
1.573925436642034015e+01 5.701078670700540840e+01 -4.354826472449332897e+01
1.577946158831032619e+01 5.700726556204704565e+01 -4.378080089432736344e+01
1.580705083498521724e+01 5.696477786567508872e+01 -4.400357286952699809e+01
1.584277848875840888e+01 5.694250928274570356e+01 -4.423545783450789770e+01
1.587293555928855682e+01 5.690973685232338397e+01 -4.446032577312764289e+01
1.590669969743194301e+01 5.689794923487317391e+01 -4.467567724069490254e+01
1.593541207300460272e+01 5.687158282156520528e+01 -4.488696103733686726e+01
1.597394558967587841e+01 5.685045135810668171e+01 -4.510276176154049210e+01
1.600200754671267589e+01 5.681396300449981140e+01 -4.529157329550677957e+01
1.603198179042665217e+01 5.680875242597339536e+01 -4.549703526488779204e+01
1.607565364660829843e+01 5.680688215569522725e+01 -4.570017260034914841e+01
1.612245503409829084e+01 5.680087394319578920e+01 -4.599078313575498811e+01
1.617030994494730578e+01 5.681157360527915756e+01 -4.620074582413840858e+01
1.620436986312606820e+01 5.681300803242005770e+01 -4.641632314833597661e+01
1.621432680938666948e+01 5.684023519183840278e+01 -4.661047194247664294e+01
1.626107936471272097e+01 5.683219608712436610e+01 -4.679717972541391902e+01
1.630603766084418282e+01 5.687088886028902834e+01 -4.699522919746181060e+01
1.633458953086364218e+01 5.688607549790179974e+01 -4.717408675228244164e+01
1.637322357079960966e+01 5.688488298384366715e+01 -4.735075747048160366e+01
1.641442882730184039e+01 5.694218554954036193e+01 -4.755848077840636279e+01
1.646380107707805962e+01 5.695861193652249455e+01 -4.774427751375236539e+01
1.649433069706227784e+01 5.701097796783689375e+01 -4.793262948330218620e+01
1.654151440652567118e+01 5.707501555122147607e+01 -4.814073806159279201e+01
1.658542805803742937e+01 5.713863612342368015e+01 -4.831817530008982686e+01
1.662521863282506374e+01 5.719898431775015979e+01 -4.854913217173216822e+01
1.667096553129989545e+01 5.725147361668029333e+01 -4.877090123944807942e+01
1.674331500128148420e+01 5.732881496268021237e+01 -4.898929626879313304e+01
1.677343702785672974e+01 5.738920771066602811e+01 -4.921817952833259824e+01
1.683586048072773167e+01 5.746795217802345945e+01 -4.943431674562093292e+01
1.689317608404890336e+01 5.755351752817045963e+01 -4.967939280242290323e+01
1.694266881058846508e+01 5.765259216375105211e+01 -4.991036467021519485e+01
1.698396610134691187e+01 5.772570933748934152e+01 -5.015220740851395931e+01
1.705233771342621907e+01 5.782861215623020712e+01 -5.052195899208324192e+01
1.712046595330821575e+01 5.792280462897421245e+01 -5.076799131965864120e+01
1.718953848811759144e+01 5.800551561640704534e+01 -5.103787152001925875e+01
1.724734884326244710e+01 5.808935071035843123e+01 -5.128507638513909228e+01
1.730318802776028519e+01 5.818543855502155537e+01 -5.155039674234498648e+01
1.735211826418247938e+01 5.827533508572419407e+01 -5.179116636562788756e+01
1.739912439534042932e+01 5.834179270742310308e+01 -5.204566688377357053e+01
1.743479337036017540e+01 5.840110504654861501e+01 -5.230892405730286043e+01
1.748959429682409805e+01 5.849539397598925916e+01 -5.255563842716367873e+01
1.752805865269646901e+01 5.855235975851720553e+01 -5.282037819150429669e+01
1.758517555858484727e+01 5.861302767686337489e+01 -5.307998597264716523e+01
1.764334525420940381e+01 5.868235308167670894e+01 -5.332833170351398877e+01
1.769898501585604222e+01 5.876019732691757724e+01 -5.358616566182512031e+01
1.774635583777925163e+01 5.881953269627264547e+01 -5.386858891838745933e+01
1.779196655169208441e+01 5.886325216669411731e+01 -5.413268072273803710e+01
1.782961654010016517e+01 5.892582129008874858e+01 -5.438709432531879173e+01
1.788259126597612791e+01 5.897170794994718790e+01 -5.463517953875775390e+01
1.793621194008668596e+01 5.901880109844564970e+01 -5.489464530561041755e+01
1.798082657313098665e+01 5.907636671566177000e+01 -5.513634634681333324e+01
1.801695478351672008e+01 5.911088119600258750e+01 -5.541072799867541931e+01
1.806962147969747789e+01 5.915528771113086748e+01 -5.565335796735743656e+01
1.815986293152264963e+01 5.921600765480338424e+01 -5.603206061428381446e+01
1.821712869231229703e+01 5.927096466629745919e+01 -5.627314933337875402e+01
1.826421540329739202e+01 5.933518069495095659e+01 -5.651783064465740836e+01
1.831003757962318090e+01 5.936418782494101265e+01 -5.674674375220498490e+01
1.836624637998142973e+01 5.939186078996765872e+01 -5.699769607277906402e+01
1.841816411617615756e+01 5.943262555550486326e+01 -5.725415657283353710e+01
1.846021077809010080e+01 5.949198962465140283e+01 -5.750402997660307136e+01
1.850609302043150350e+01 5.953613362092209371e+01 -5.774843187140981371e+01
1.854346313432282045e+01 5.958522631329616104e+01 -5.800996257301790848e+01
1.858048538899681645e+01 5.961814003171442522e+01 -5.825287902249323935e+01
1.863796032151650195e+01 5.965583605660144428e+01 -5.852071323074577691e+01
1.866711619673111500e+01 5.968027819583172544e+01 -5.877440235758431442e+01
1.873497860191685760e+01 5.971006423004649122e+01 -5.902537830879511205e+01
1.878737234519273613e+01 5.976824505352405481e+01 -5.928525298902827956e+01
1.881110874421429813e+01 5.976634871438172070e+01 -5.953783423245825190e+01
1.886514275544672614e+01 5.979801192863376258e+01 -5.977938505897017052e+01
1.892838783056789609e+01 5.979616338151344479e+01 -6.001053179173132435e+01
1.897477468666611244e+01 5.981411104129070822e+01 -6.025202822887327159e+01
1.902831406211463516e+01 5.984032075740888246e+01 -6.048748204269787010e+01
1.905102024243677761e+01 5.985285048291727605e+01 -6.072379380301243401e+01
1.910025204252264786e+01 5.982823369770809308e+01 -6.105270521895621272e+01
1.914173363838905928e+01 5.985782437885229257e+01 -6.127656257626605907e+01
1.919134011550444541e+01 5.986848454903421413e+01 -6.149367487888704176e+01
1.922588376776131724e+01 5.986035954032659134e+01 -6.171864855743739753e+01
1.924360088797272184e+01 5.985169094995923444e+01 -6.191562185492415438e+01
1.930045174129728380e+01 5.984218742505365896e+01 -6.213192971390104447e+01
1.933368712297454550e+01 5.985717518482118038e+01 -6.234945992294517225e+01
1.939220149987026076e+01 5.985855892293158576e+01 -6.253968528790210257e+01
1.943406349031866398e+01 5.987434362041483382e+01 -6.273538638174073157e+01
1.946763465755478606e+01 5.988720057404157160e+01 -6.295596436851474209e+01
1.948453179944519675e+01 5.987330785539315769e+01 -6.315252361974166462e+01
1.951787286835432411e+01 5.988209612080306954e+01 -6.337519930764316456e+01
1.955225833321154028e+01 5.986022340768888483e+01 -6.356755650441033367e+01
1.959244772723978656e+01 5.983951430356616896e+01 -6.378236277596018766e+01
1.965179080467954975e+01 5.981238924489154130e+01 -6.398768145486994285e+01
1.971228828637446284e+01 5.979328786271230456e+01 -6.415715988112150114e+01
1.979266986849484056e+01 5.980364182524964178e+01 -6.436612435500097718e+01
1.982814803720794217e+01 5.981323373606115723e+01 -6.456401801431172771e+01
1.984652746158244341e+01 5.984836608952058157e+01 -6.475740989493354505e+01
1.984497233189291876e+01 5.982558927432948792e+01 -6.495635291728308403e+01
1.985062147484558892e+01 5.981997108396139851e+01 -6.513986779485480838e+01
1.989411527467712659e+01 5.978801164614065300e+01 -6.540791034727287467e+01
1.996796450228882591e+01 5.976439249144309684e+01 -6.560352004391660330e+01
2.000068329574251891e+01 5.975238094999981087e+01 -6.576797013395463409e+01
2.006152651254080865e+01 5.978718589575996845e+01 -6.594334690785760245e+01
2.010282488312016014e+01 5.980173397074688069e+01 -6.614605709384713350e+01
2.009761274099124861e+01 5.983378163525664206e+01 -6.631728788622444881e+01
2.011973869719694363e+01 5.983789859915764708e+01 -6.649549875531955934e+01
2.015050626823092017e+01 5.983868009742810301e+01 -6.665989647140006014e+01
2.018601041837458965e+01 5.984130864129959093e+01 -6.681912930726089428e+01
2.025511050112465483e+01 5.987156794681371252e+01 -6.697777551415219932e+01
2.029532567900944784e+01 5.991214781308082848e+01 -6.715008016066029484e+01
2.031424005763642526e+01 5.995352290593903888e+01 -6.732689043738193391e+01
2.034311338238157063e+01 6.000228969364788156e+01 -6.747722892499054126e+01
2.034896786670372748e+01 6.003459762882890516e+01 -6.765617026697223935e+01
2.036481378887250671e+01 6.003072603502291571e+01 -6.780685254692905062e+01
2.040816432604963993e+01 6.003641367037152321e+01 -6.796415796426394706e+01
2.045101679492663393e+01 6.005024600412225055e+01 -6.814180841937127298e+01
2.050640287109552418e+01 6.008487592165316471e+01 -6.829538454945189585e+01
2.054651230706953768e+01 6.011676050373206692e+01 -6.845730341152489018e+01
2.060629995296499928e+01 6.016289276995583890e+01 -6.862704570831111539e+01
2.065360483377954282e+01 6.021533771756916309e+01 -6.880665345806210098e+01
2.070470813144106970e+01 6.030880517908783389e+01 -6.906222899787012182e+01
2.073949619725843618e+01 6.038868049879340560e+01 -6.928095903692137369e+01
2.074986995521960154e+01 6.042165032712325257e+01 -6.947253860800896064e+01
2.073775314827302196e+01 6.044282052949103701e+01 -6.963973316050351059e+01
2.077249043684037488e+01 6.044457327815793946e+01 -6.986189610271920003e+01
2.080814282269799520e+01 6.046687327646072418e+01 -6.999479516794835376e+01
2.087035814227398944e+01 6.045984709879606811e+01 -7.020162990530316449e+01
2.092719561196738098e+01 6.048615030298492456e+01 -7.039612467880766644e+01
2.100200343321514751e+01 6.051261257571331953e+01 -7.057405764373950774e+01
2.107903096295449430e+01 6.056191245724874506e+01 -7.079154307474817642e+01
2.113909367217634738e+01 6.063426378813692708e+01 -7.098552136742810603e+01
2.116388129567389242e+01 6.068760605216230886e+01 -7.121325603126052783e+01
2.119021513990488970e+01 6.072426121833667167e+01 -7.141388408288160861e+01
2.120040292241909441e+01 6.074173287343504057e+01 -7.159667073516357050e+01
2.124321355246244991e+01 6.075961623933405775e+01 -7.180903762314207484e+01
2.128170904304786504e+01 6.079356675942680965e+01 -7.200984772207731055e+01
2.133051112617124900e+01 6.082996237732599099e+01 -7.221071374551671340e+01
2.135306231170298119e+01 6.087334074782953763e+01 -7.241900105318553926e+01
2.136283705482117057e+01 6.091045863731824284e+01 -7.263203363827605585e+01
2.140355053490975834e+01 6.090893108588645077e+01 -7.283679520922434847e+01
2.143894718276994737e+01 6.091179501704169752e+01 -7.304216400825814048e+01
2.152797474546490974e+01 6.095994219139491577e+01 -7.336639864143664624e+01
2.159877891822231888e+01 6.100134068252622654e+01 -7.356420129762045690e+01
2.162135578271012193e+01 6.104764693606843906e+01 -7.375568507951803099e+01
2.165082242382093014e+01 6.107304772010633798e+01 -7.396765862385079515e+01
2.171366589201306851e+01 6.111790292256689838e+01 -7.417132252635471446e+01
2.177183171987452681e+01 6.115705753600023087e+01 -7.436403478288066538e+01
2.184246005275667457e+01 6.118673055864154975e+01 -7.456148655003578085e+01
2.186892069651927883e+01 6.125339390651403448e+01 -7.477600156677253551e+01
2.187308349673546459e+01 6.128712118355489480e+01 -7.494371883262998324e+01
2.190701588435440073e+01 6.129412180923262810e+01 -7.515255952642527859e+01
2.196249919817954677e+01 6.129676682940714016e+01 -7.533396023433428468e+01
2.198365053148989645e+01 6.132583835628275182e+01 -7.554349189831526701e+01
2.202471245905417163e+01 6.132935049904416758e+01 -7.570294869286745154e+01
2.205943120559335213e+01 6.135049074074580489e+01 -7.591435075578480962e+01
2.210585230492496933e+01 6.135788440813215061e+01 -7.609885491490037168e+01
2.214623600320853214e+01 6.138407418481116906e+01 -7.625799931118717723e+01
2.216496184355650456e+01 6.141216780885341109e+01 -7.643233584835795114e+01
2.219083851274842800e+01 6.142606073467033667e+01 -7.660381380161936704e+01
2.222613003820790212e+01 6.145881587754337261e+01 -7.674720959869870285e+01
2.226302670917469229e+01 6.145567373782263587e+01 -7.693325755982252190e+01
2.231742696694080053e+01 6.147356896092879452e+01 -7.708322378862517610e+01
2.236836452213062643e+01 6.151204281670473506e+01 -7.731818886440071026e+01
2.239027334869191677e+01 6.157234759722343398e+01 -7.749894722815174930e+01
2.241935217280544634e+01 6.162003925071141452e+01 -7.763248786362409248e+01
2.242026514812598847e+01 6.164023937731867875e+01 -7.778974677156493556e+01
2.244518852933208919e+01 6.165235264663315462e+01 -7.794409824185697744e+01
2.249922478069702336e+01 6.165587019944268832e+01 -7.809661524092683749e+01
2.255707156965825533e+01 6.169903648281790254e+01 -7.823420913731415283e+01
2.260211892955322810e+01 6.174787309430625015e+01 -7.838886712092313758e+01
2.266079924246527710e+01 6.180695211972027181e+01 -7.853724393824661831e+01
2.266613891773518574e+01 6.187342967643397174e+01 -7.871439318536955909e+01
2.268869826175945903e+01 6.194789979217060250e+01 -7.884121310755533329e+01
2.271970636007673505e+01 6.198593598871435972e+01 -7.901098729288598577e+01
2.274867297048878356e+01 6.204610524282659867e+01 -7.916459729488829566e+01
2.276219115126271220e+01 6.209644722486515889e+01 -7.930790687064988731e+01
2.280450899837188317e+01 6.215776657355623769e+01 -7.947014497547476708e+01
2.281148453323799075e+01 6.220299577832534510e+01 -7.964041272800136539e+01
2.286135257865391779e+01 6.224263383402491456e+01 -7.979957883406076746e+01
2.291786137661692635e+01 6.230048414726199013e+01 -7.994941220167994800e+01
2.299910508045163127e+01 6.236287027331037791e+01 -8.012997302096182750e+01
2.305790885427905224e+01 6.246392049737223573e+01 -8.029215779300602662e+01
2.310746834649592074e+01 6.255471830371181596e+01 -8.045869879551901249e+01
2.315608296838366797e+01 6.269724837165927056e+01 -8.069891121530082501e+01
2.318446377154242910e+01 6.278332250455188301e+01 -8.088084004028178242e+01
2.320454926783940053e+01 6.284675850202883396e+01 -8.104537168759206622e+01
2.322722241735113258e+01 6.291496593848468422e+01 -8.122466409061080128e+01
2.324170979817636606e+01 6.297201512481491648e+01 -8.141507083428214742e+01
2.328591836119739966e+01 6.301784549849239170e+01 -8.159729112563243802e+01
2.334947127313489190e+01 6.304392568527992324e+01 -8.176439449522872849e+01
2.343032571378043016e+01 6.311178103089182656e+01 -8.194508740073165143e+01
2.350023340879482703e+01 6.318286250445232355e+01 -8.213826965130162705e+01
2.357763858876376162e+01 6.330174097955990220e+01 -8.228692098323314497e+01
2.362912068665046661e+01 6.340594740896489157e+01 -8.247956653911202807e+01
2.364960682146373117e+01 6.352145286779418853e+01 -8.266729492150763292e+01
2.364587774863809599e+01 6.358912012325441054e+01 -8.285780416935402570e+01
2.367822804085354349e+01 6.368644544485916015e+01 -8.305171128281891413e+01
2.368594211096262114e+01 6.372766220259723724e+01 -8.322204707499292908e+01
2.372038948866817876e+01 6.377086788495162750e+01 -8.341183117840120076e+01
2.375479842412986642e+01 6.380752643267656765e+01 -8.361381767539242560e+01
2.380388712027967202e+01 6.385118503560310188e+01 -8.381669075237067545e+01
2.386836689969844016e+01 6.387717420929046597e+01 -8.398042540938764944e+01
2.393746041985211903e+01 6.394246527455794649e+01 -8.416668159244200353e+01
2.404009682962816541e+01 6.405249601162100248e+01 -8.445011071524916701e+01
2.410010999929413700e+01 6.415740826220292092e+01 -8.463905495505858312e+01
2.414414580048497072e+01 6.422572175608651435e+01 -8.482004064008047806e+01
2.419029818625413597e+01 6.430222452612920847e+01 -8.499756316129065681e+01
2.421720571693834856e+01 6.438774170766194516e+01 -8.517138469273476176e+01
2.425450627025697514e+01 6.445386865863241610e+01 -8.535408206900397943e+01
2.426221300137213177e+01 6.454776627271444056e+01 -8.555174986749207733e+01
2.427972330503718723e+01 6.460512724027445586e+01 -8.572951273400758510e+01
2.430728406919608275e+01 6.466121137722350909e+01 -8.592051623965157603e+01
2.432532757257944667e+01 6.471437644798994882e+01 -8.610258752044144615e+01
2.436245358205567513e+01 6.476389420842963318e+01 -8.627776769374857224e+01
2.442055093012158906e+01 6.480834749948282081e+01 -8.647209722316810598e+01
2.445388820924715034e+01 6.484367444332174557e+01 -8.665503703996637341e+01
2.451402754963828912e+01 6.489003200617867151e+01 -8.684089716846433760e+01
2.458785398827400925e+01 6.494703254030474682e+01 -8.702371914259529717e+01
2.467462366256446771e+01 6.501795516789880480e+01 -8.719694846349825923e+01
2.470746730052826479e+01 6.511402277004923178e+01 -8.738473240326490554e+01
2.476595293997690916e+01 6.519312286529016376e+01 -8.755447401625552573e+01
2.479440255600551524e+01 6.526725446565502864e+01 -8.773345956812319457e+01
2.481336121529372107e+01 6.536471837074583391e+01 -8.790766654875082509e+01
2.482933702126965159e+01 6.540916579968927635e+01 -8.808547871834811360e+01
2.484071288702088509e+01 6.550573702913250429e+01 -8.834701328099120587e+01
2.487933128191706089e+01 6.552457725222019747e+01 -8.851730611396777704e+01
2.490272449961142343e+01 6.556934817242886027e+01 -8.868686272669528137e+01
2.495533949646022265e+01 6.560676984824408464e+01 -8.886800439927081641e+01
2.500267799634243815e+01 6.565454417105934226e+01 -8.902714526703910281e+01
2.506129195281345545e+01 6.569961077028253271e+01 -8.918791165579197866e+01
2.511659486420188259e+01 6.575835675536799840e+01 -8.936791410810599245e+01
2.518920927872241933e+01 6.583301270458296983e+01 -8.953853547875296215e+01
2.522622467074658559e+01 6.591855612151788080e+01 -8.970188172319205933e+01
2.528850400024581191e+01 6.599944527344828771e+01 -8.987228442952292085e+01
2.532506154274070198e+01 6.610362706904746233e+01 -9.004859477811312729e+01
2.536351011278661360e+01 6.619504329325968683e+01 -9.019423536911880035e+01
2.539731623742935440e+01 6.626521171497489604e+01 -9.036542603730552514e+01
2.540600093435383044e+01 6.636207060377044797e+01 -9.054172166504574193e+01
2.544244678421242156e+01 6.643689308589033260e+01 -9.069932525799124790e+01
2.547214218710678324e+01 6.653803683748530773e+01 -9.087780775966997737e+01
2.548549642218877409e+01 6.660388062738219617e+01 -9.106020570036176309e+01
2.550400775888427773e+01 6.665620668889594924e+01 -9.123688317944967707e+01
2.553191524672336854e+01 6.671146908601174630e+01 -9.141786773401341293e+01
2.556112696598052381e+01 6.676174208053754455e+01 -9.157744990472842517e+01
2.563086871279419299e+01 6.683366786856274189e+01 -9.176005583109218833e+01
2.572498050393130598e+01 6.691633872219532009e+01 -9.202547930955014976e+01
2.578772084585314062e+01 6.698563251592806012e+01 -9.222088846211300961e+01
2.585219451446551631e+01 6.705125358871809738e+01 -9.239078035219750973e+01
2.592303595349390122e+01 6.712587987619784258e+01 -9.257152041012649590e+01
2.597644684539068649e+01 6.721383097435199261e+01 -9.275351209689684140e+01
2.603093658600993976e+01 6.731042278867195705e+01 -9.295355724411896858e+01
2.607201010726319623e+01 6.742047175185949470e+01 -9.310637032438603455e+01
2.610648323692194239e+01 6.748976500778570653e+01 -9.329301735265059392e+01
2.611583665504998564e+01 6.758025381260891606e+01 -9.348238125598099657e+01
2.611450371181422980e+01 6.766165918778405342e+01 -9.363454007919754929e+01
2.612939319048102504e+01 6.772675282499869809e+01 -9.383010415046256014e+01
