1.919080853462219238e+00 3.538961172103881836e+00 -1.922633767127990723e+00
1.921267390251159668e+00 3.596841812133789062e+00 -1.927007913589477539e+00
1.946869015693664551e+00 3.660911083221435547e+00 -1.954616308212280273e+00
1.970228195190429688e+00 3.716196060180664062e+00 -1.979457139968872070e+00
1.996824979782104492e+00 3.769571781158447266e+00 -1.998657107353210449e+00
2.027044296264648438e+00 3.853243350982666016e+00 -1.979558706283569336e+00
2.037445306777954102e+00 3.912660837173461914e+00 -1.992790341377258301e+00
2.075035810470581055e+00 3.988282918930053711e+00 -2.008710622787475586e+00
2.073015689849853516e+00 4.054516315460205078e+00 -2.015973091125488281e+00
2.078404426574707031e+00 4.095545291900634766e+00 -2.008508920669555664e+00
2.109620094299316406e+00 4.175371646881103516e+00 -1.992618918418884277e+00
2.158358097076416016e+00 4.303578853607177734e+00 -2.006960153579711914e+00
2.199400424957275391e+00 4.362328052520751953e+00 -2.002773046493530273e+00
2.224220752716064453e+00 4.453027248382568359e+00 -1.987117886543273926e+00
2.230821371078491211e+00 4.560756206512451172e+00 -1.962500333786010742e+00
2.264830589294433594e+00 4.669117927551269531e+00 -1.982728958129882812e+00
2.290323257446289062e+00 4.743456840515136719e+00 -1.948928236961364746e+00
2.282571792602539062e+00 4.855966567993164062e+00 -1.941710829734802246e+00
2.323600769042968750e+00 4.959524154663085938e+00 -1.940561890602111816e+00
2.333024024963378906e+00 5.080949783325195312e+00 -1.924815177917480469e+00
2.384841680526733398e+00 5.206265449523925781e+00 -1.876394152641296387e+00
2.399899005889892578e+00 5.327394008636474609e+00 -1.876087307929992676e+00
2.404316186904907227e+00 5.450435638427734375e+00 -1.857784628868103027e+00
2.442771434783935547e+00 5.584588527679443359e+00 -1.836223602294921875e+00
2.440051794052124023e+00 5.724874496459960938e+00 -1.810215711593627930e+00
2.467297792434692383e+00 5.861042976379394531e+00 -1.785460591316223145e+00
2.506603717803955078e+00 6.000838756561279297e+00 -1.752462506294250488e+00
2.531687021255493164e+00 6.168071746826171875e+00 -1.720924496650695801e+00
2.554656505584716797e+00 6.320913314819335938e+00 -1.709048509597778320e+00
2.588936090469360352e+00 6.487916946411132812e+00 -1.687154412269592285e+00
2.604145288467407227e+00 6.640593528747558594e+00 -1.638073921203613281e+00
2.634415626525878906e+00 6.824899196624755859e+00 -1.611915230751037598e+00
2.671217679977416992e+00 7.063824653625488281e+00 -1.558778524398803711e+00
2.669811248779296875e+00 7.266989707946777344e+00 -1.523752212524414062e+00
2.740697383880615234e+00 7.458794593811035156e+00 -1.483347296714782715e+00
2.737075567245483398e+00 7.661518096923828125e+00 -1.461465597152709961e+00
2.787107706069946289e+00 7.871160984039306641e+00 -1.415580391883850098e+00
2.793117284774780273e+00 8.061125755310058594e+00 -1.376432776451110840e+00
2.838969707489013672e+00 8.268693923950195312e+00 -1.321487903594970703e+00
2.898095130920410156e+00 8.479583740234375000e+00 -1.284852504730224609e+00
2.918496847152709961e+00 8.689274787902832031e+00 -1.234523653984069824e+00
2.944787740707397461e+00 8.923709869384765625e+00 -1.193901300430297852e+00
2.972001552581787109e+00 9.158861160278320312e+00 -1.159930706024169922e+00
2.995565176010131836e+00 9.390407562255859375e+00 -1.122167110443115234e+00
3.025391578674316406e+00 9.639658927917480469e+00 -1.048882961273193359e+00
3.082421779632568359e+00 9.888262748718261719e+00 -1.005774021148681641e+00
3.099174261093139648e+00 1.014077091217041016e+01 -9.810698032379150391e-01
3.170258760452270508e+00 1.040130519866943359e+01 -9.382438659667968750e-01
3.216827869415283203e+00 1.067127132415771484e+01 -8.851748108863830566e-01
3.235769271850585938e+00 1.095066261291503906e+01 -8.496989011764526367e-01
3.274842977523803711e+00 1.124504470825195312e+01 -7.656458616256713867e-01
3.296712398529052734e+00 1.152901172637939453e+01 -7.556981444358825684e-01
3.350962162017822266e+00 1.180457592010498047e+01 -6.919937729835510254e-01
3.398745536804199219e+00 1.226614570617675781e+01 -6.182041764259338379e-01
3.456299543380737305e+00 1.257535552978515625e+01 -5.674862861633300781e-01
3.476437091827392578e+00 1.291163825988769531e+01 -5.215673446655273438e-01
3.536734104156494141e+00 1.324322700500488281e+01 -4.710281491279602051e-01
3.578962802886962891e+00 1.357398891448974609e+01 -4.498369991779327393e-01
3.594343423843383789e+00 1.391641902923583984e+01 -4.061900675296783447e-01
3.670262336730957031e+00 1.425528621673583984e+01 -3.400641977787017822e-01
3.697251796722412109e+00 1.461473846435546875e+01 -2.961555719375610352e-01
3.749202251434326172e+00 1.497690582275390625e+01 -2.733691036701202393e-01
3.806005001068115234e+00 1.534745216369628906e+01 -2.230290621519088745e-01
3.835275650024414062e+00 1.571054744720458984e+01 -1.904194056987762451e-01
3.907174825668334961e+00 1.610920524597167969e+01 -1.546858698129653931e-01
3.955958127975463867e+00 1.649662780761718750e+01 -1.364743262529373169e-01
4.015337467193603516e+00 1.692837715148925781e+01 -8.993960916996002197e-02
4.094803333282470703e+00 1.732490730285644531e+01 -5.276293680071830750e-02
4.139442443847656250e+00 1.774501037597656250e+01 -1.177417207509279251e-02
4.171804428100585938e+00 1.816752815246582031e+01 2.232893183827400208e-02
4.252594947814941406e+00 1.859267234802246094e+01 3.503718972206115723e-02
4.287889003753662109e+00 1.905526161193847656e+01 5.867358297109603882e-02
4.344625473022460938e+00 1.951753234863281250e+01 9.937424957752227783e-02
4.429506778717041016e+00 2.020584106445312500e+01 1.330291032791137695e-01
4.494008541107177734e+00 2.072213745117187500e+01 1.433310061693191528e-01
4.551686286926269531e+00 2.118498802185058594e+01 1.358927041292190552e-01
4.628989219665527344e+00 2.170277214050292969e+01 1.495287120342254639e-01
4.691058635711669922e+00 2.222590255737304688e+01 1.639076620340347290e-01
4.767457485198974609e+00 2.273972320556640625e+01 1.598594933748245239e-01
4.843760490417480469e+00 2.327557945251464844e+01 1.528167873620986938e-01
4.903931617736816406e+00 2.381194877624511719e+01 1.514283418655395508e-01
4.969058036804199219e+00 2.437621307373046875e+01 1.309093385934829712e-01
5.088944911956787109e+00 2.493582916259765625e+01 1.106816977262496948e-01
5.142633914947509766e+00 2.550900840759277344e+01 1.049812436103820801e-01
5.254299163818359375e+00 2.609040451049804688e+01 6.275063753128051758e-02
5.332683086395263672e+00 2.672031593322753906e+01 1.407061703503131866e-02
5.428199768066406250e+00 2.735971832275390625e+01 -3.461392596364021301e-02
5.483352184295654297e+00 2.795862388610839844e+01 -7.360278815031051636e-02
5.585023403167724609e+00 2.861277008056640625e+01 -1.276343464851379395e-01
5.677473545074462891e+00 2.925467109680175781e+01 -2.061343342065811157e-01
5.790152549743652344e+00 2.993422698974609375e+01 -2.976224124431610107e-01
5.876672267913818359e+00 3.064521408081054688e+01 -4.022345244884490967e-01
5.983947277069091797e+00 3.133154869079589844e+01 -4.980476200580596924e-01
6.096154212951660156e+00 3.206324386596679688e+01 -6.383531689643859863e-01
6.274358272552490234e+00 3.319129180908203125e+01 -8.722949624061584473e-01
6.400712013244628906e+00 3.392922210693359375e+01 -1.028849005699157715e+00
6.534504413604736328e+00 3.471479415893554688e+01 -1.253812670707702637e+00
6.660451889038085938e+00 3.552753067016601562e+01 -1.461034536361694336e+00
6.792510509490966797e+00 3.633171844482421875e+01 -1.704088568687438965e+00
6.928791999816894531e+00 3.716425323486328125e+01 -1.966565608978271484e+00
7.055674076080322266e+00 3.804973602294921875e+01 -2.289333343505859375e+00
7.195919036865234375e+00 3.888667678833007812e+01 -2.640198707580566406e+00
7.339848041534423828e+00 3.977231216430664062e+01 -3.021514892578125000e+00
7.515704154968261719e+00 4.062066650390625000e+01 -3.436880111694335938e+00
7.700490474700927734e+00 4.153178787231445312e+01 -3.927157878875732422e+00
7.869074344635009766e+00 4.245761489868164062e+01 -4.478457450866699219e+00
8.051174163818359375e+00 4.334002304077148438e+01 -5.067554473876953125e+00
8.258674621582031250e+00 4.421268463134765625e+01 -5.725106239318847656e+00
8.453186988830566406e+00 4.507750701904296875e+01 -6.426260948181152344e+00
8.680355072021484375e+00 4.589152908325195312e+01 -7.197594165802001953e+00
8.877132415771484375e+00 4.669571304321289062e+01 -8.026906967163085938e+00
9.081405639648437500e+00 4.744789123535156250e+01 -8.877318382263183594e+00
9.309244155883789062e+00 4.813950347900390625e+01 -9.803589820861816406e+00
9.528272628784179688e+00 4.879309463500976562e+01 -1.072910118103027344e+01
9.723274230957031250e+00 4.938500213623046875e+01 -1.168079948425292969e+01
1.003974819183349609e+01 5.019627761840820312e+01 -1.313585090637207031e+01
1.022938823699951172e+01 5.069972991943359375e+01 -1.408976078033447266e+01
1.040832519531250000e+01 5.115978622436523438e+01 -1.507223892211914062e+01
1.059942722320556641e+01 5.157014465332031250e+01 -1.602715492248535156e+01
1.077825069427490234e+01 5.195093536376953125e+01 -1.695439529418945312e+01
1.093989276885986328e+01 5.229799270629882812e+01 -1.788454627990722656e+01
1.110235881805419922e+01 5.259785461425781250e+01 -1.875472259521484375e+01
1.123728942871093750e+01 5.287833786010742188e+01 -1.963538742065429688e+01
1.141441154479980469e+01 5.313485717773437500e+01 -2.047591972351074219e+01
1.154453086853027344e+01 5.338743209838867188e+01 -2.130207252502441406e+01
1.167536067962646484e+01 5.361800765991210938e+01 -2.209566688537597656e+01
1.178610134124755859e+01 5.377756118774414062e+01 -2.285670852661132812e+01
1.193243312835693359e+01 5.396129989624023438e+01 -2.362041282653808594e+01
1.206856441497802734e+01 5.414965820312500000e+01 -2.432204246520996094e+01
1.218700981140136719e+01 5.430703735351562500e+01 -2.502433204650878906e+01
1.230163288116455078e+01 5.446948242187500000e+01 -2.567760086059570312e+01
1.240774822235107422e+01 5.459318161010742188e+01 -2.634172439575195312e+01
1.251712703704833984e+01 5.471645736694335938e+01 -2.694706344604492188e+01
1.262797832489013672e+01 5.482564163208007812e+01 -2.758447265625000000e+01
1.274519920349121094e+01 5.494726943969726562e+01 -2.815274620056152344e+01
1.283167076110839844e+01 5.504729843139648438e+01 -2.873026084899902344e+01
1.298974990844726562e+01 5.513819122314453125e+01 -2.957758522033691406e+01
1.306601810455322266e+01 5.522373962402343750e+01 -3.007471084594726562e+01
1.315928363800048828e+01 5.529369354248046875e+01 -3.059516525268554688e+01
1.325558090209960938e+01 5.535345458984375000e+01 -3.107990264892578125e+01
1.332377433776855469e+01 5.540616607666015625e+01 -3.156210899353027344e+01
1.340955924987792969e+01 5.544919586181640625e+01 -3.204993438720703125e+01
1.349103260040283203e+01 5.547617721557617188e+01 -3.247480010986328125e+01
1.354102420806884766e+01 5.551532745361328125e+01 -3.291360473632812500e+01
1.362366294860839844e+01 5.555307769775390625e+01 -3.334069824218750000e+01
1.370530414581298828e+01 5.555551528930664062e+01 -3.373609924316406250e+01
1.373079299926757812e+01 5.557939529418945312e+01 -3.412058639526367188e+01
1.382113647460937500e+01 5.557963180541992188e+01 -3.449151229858398438e+01
1.388056564331054688e+01 5.559391784667968750e+01 -3.484989929199218750e+01
1.393623161315917969e+01 5.562905120849609375e+01 -3.521310424804687500e+01
1.399023437500000000e+01 5.564182662963867188e+01 -3.555088806152343750e+01
1.406312084197998047e+01 5.563792037963867188e+01 -3.587362670898437500e+01
1.412515735626220703e+01 5.563928985595703125e+01 -3.620630264282226562e+01
1.415467071533203125e+01 5.565171432495117188e+01 -3.648319625854492188e+01
1.422037601470947266e+01 5.566827774047851562e+01 -3.678920745849609375e+01
1.427834796905517578e+01 5.568313598632812500e+01 -3.707854461669921875e+01
1.434130859375000000e+01 5.571015930175781250e+01 -3.733409118652343750e+01
1.440691852569580078e+01 5.577727508544921875e+01 -3.773593902587890625e+01
1.444131851196289062e+01 5.578607559204101562e+01 -3.796747970581054688e+01
1.447214794158935547e+01 5.581150436401367188e+01 -3.822522735595703125e+01
1.449630832672119141e+01 5.582528686523437500e+01 -3.847419357299804688e+01
1.453464508056640625e+01 5.587159729003906250e+01 -3.869875717163085938e+01
1.459142208099365234e+01 5.588511276245117188e+01 -3.893814086914062500e+01
1.464386940002441406e+01 5.594577407836914062e+01 -3.913802337646484375e+01
1.470609855651855469e+01 5.597358322143554688e+01 -3.935351943969726562e+01
1.473601150512695312e+01 5.601187515258789062e+01 -3.956760025024414062e+01
1.477564144134521484e+01 5.603938293457031250e+01 -3.976765441894531250e+01
1.479850292205810547e+01 5.609074401855468750e+01 -3.996540451049804688e+01
1.484929752349853516e+01 5.610912704467773438e+01 -4.017488479614257812e+01
1.488324737548828125e+01 5.615201950073242188e+01 -4.036279678344726562e+01
1.492570018768310547e+01 5.617162322998046875e+01 -4.056383895874023438e+01
1.495928764343261719e+01 5.619190216064453125e+01 -4.075683975219726562e+01
1.501050949096679688e+01 5.622940444946289062e+01 -4.093652725219726562e+01
1.508353614807128906e+01 5.626704788208007812e+01 -4.112070465087890625e+01
1.509512042999267578e+01 5.628724670410156250e+01 -4.131033325195312500e+01
1.513493728637695312e+01 5.631314849853515625e+01 -4.147121047973632812e+01
1.517387104034423828e+01 5.634269714355468750e+01 -4.165379714965820312e+01
1.521545410156250000e+01 5.636727142333984375e+01 -4.182106018066406250e+01
1.526546096801757812e+01 5.639258575439453125e+01 -4.206850433349609375e+01
1.528059387207031250e+01 5.640541839599609375e+01 -4.221667098999023438e+01
1.532557773590087891e+01 5.642990875244140625e+01 -4.237393569946289062e+01
1.535695171356201172e+01 5.643154525756835938e+01 -4.254342651367187500e+01
1.539846229553222656e+01 5.642784500122070312e+01 -4.269196701049804688e+01
1.545879364013671875e+01 5.645969772338867188e+01 -4.283139038085937500e+01
1.547255134582519531e+01 5.646728897094726562e+01 -4.301597976684570312e+01
1.552531909942626953e+01 5.647002792358398438e+01 -4.315398788452148438e+01
1.556443405151367188e+01 5.648822021484375000e+01 -4.330500030517578125e+01
1.557076930999755859e+01 5.649602890014648438e+01 -4.342641448974609375e+01
1.561096477508544922e+01 5.650414657592773438e+01 -4.356966018676757812e+01
1.562637233734130859e+01 5.652825546264648438e+01 -4.371413421630859375e+01
1.566224670410156250e+01 5.650283813476562500e+01 -4.384591293334960938e+01
1.571324443817138672e+01 5.652344512939453125e+01 -4.396984863281250000e+01
1.574715900421142578e+01 5.650819396972656250e+01 -4.408895874023437500e+01
1.576876258850097656e+01 5.656704711914062500e+01 -4.420221710205078125e+01
1.581021976470947266e+01 5.656553268432617188e+01 -4.429731750488281250e+01
1.581193923950195312e+01 5.657048416137695312e+01 -4.440217971801757812e+01
1.583681869506835938e+01 5.657264328002929688e+01 -4.450848388671875000e+01
1.586295032501220703e+01 5.659502792358398438e+01 -4.459078216552734375e+01
1.588942241668701172e+01 5.662461090087890625e+01 -4.472236633300781250e+01
1.590516567230224609e+01 5.662348556518554688e+01 -4.481059646606445312e+01
1.594927215576171875e+01 5.664593505859375000e+01 -4.486011505126953125e+01
1.598014736175537109e+01 5.666677093505859375e+01 -4.493212127685546875e+01
1.602881240844726562e+01 5.668995285034179688e+01 -4.495149230957031250e+01
1.603985595703125000e+01 5.670649337768554688e+01 -4.500550079345703125e+01
1.605691909790039062e+01 5.677626419067382812e+01 -4.500788497924804688e+01
1.608568000793457031e+01 5.681750869750976562e+01 -4.504123687744140625e+01
1.608097076416015625e+01 5.689649200439453125e+01 -4.503362655639648438e+01
1.612726974487304688e+01 5.700439453125000000e+01 -4.501319122314453125e+01
1.612369537353515625e+01 5.711657714843750000e+01 -4.500925827026367188e+01
1.614102745056152344e+01 5.726834869384765625e+01 -4.497866821289062500e+01
1.617808341979980469e+01 5.746845245361328125e+01 -4.495815658569335938e+01
1.623101425170898438e+01 5.771565246582031250e+01 -4.495721054077148438e+01
1.626977539062500000e+01 5.797249221801757812e+01 -4.496338653564453125e+01
1.632872009277343750e+01 5.823124694824218750e+01 -4.499104690551757812e+01
1.638448524475097656e+01 5.853443908691406250e+01 -4.505213165283203125e+01
1.644671058654785156e+01 5.882027053833007812e+01 -4.514409255981445312e+01
1.650389099121093750e+01 5.906696319580078125e+01 -4.522521209716796875e+01
1.655679321289062500e+01 5.939176177978515625e+01 -4.538327026367187500e+01
1.663939476013183594e+01 5.964065551757812500e+01 -4.551220321655273438e+01
1.674637222290039062e+01 6.003781890869140625e+01 -4.577426528930664062e+01
1.675803947448730469e+01 6.027235794067382812e+01 -4.595753860473632812e+01
1.682950019836425781e+01 6.047920608520507812e+01 -4.610962295532226562e+01
1.690389251708984375e+01 6.068237304687500000e+01 -4.632384109497070312e+01
1.696891784667968750e+01 6.084260940551757812e+01 -4.653842544555664062e+01
1.703672599792480469e+01 6.104725265502929688e+01 -4.676288604736328125e+01
1.709019088745117188e+01 6.120741653442382812e+01 -4.698435592651367188e+01
1.715574455261230469e+01 6.136721420288085938e+01 -4.719018936157226562e+01
1.719921493530273438e+01 6.151118087768554688e+01 -4.743402481079101562e+01
1.726164817810058594e+01 6.167337036132812500e+01 -4.765064239501953125e+01
1.731843757629394531e+01 6.180060577392578125e+01 -4.790105438232421875e+01
1.733815765380859375e+01 6.192317581176757812e+01 -4.814994430541992188e+01
1.740771675109863281e+01 6.200740432739257812e+01 -4.838796615600585938e+01
1.746952056884765625e+01 6.211273574829101562e+01 -4.863955688476562500e+01
1.751811599731445312e+01 6.222834014892578125e+01 -4.890105056762695312e+01
1.759444999694824219e+01 6.232231521606445312e+01 -4.916455459594726562e+01
1.763576316833496094e+01 6.241738128662109375e+01 -4.941691970825195312e+01
1.770111465454101562e+01 6.248328781127929688e+01 -4.967541503906250000e+01
1.775881004333496094e+01 6.256452560424804688e+01 -4.994356918334960938e+01
1.779214286804199219e+01 6.263408279418945312e+01 -5.021343231201171875e+01
1.787141418457031250e+01 6.272186279296875000e+01 -5.048221588134765625e+01
1.796716117858886719e+01 6.280521011352539062e+01 -5.090197372436523438e+01
1.801821708679199219e+01 6.285299301147460938e+01 -5.117408752441406250e+01
1.805463790893554688e+01 6.291286087036132812e+01 -5.145925140380859375e+01
1.813420867919921875e+01 6.294290924072265625e+01 -5.172475814819335938e+01
1.818111419677734375e+01 6.301119613647460938e+01 -5.197861099243164062e+01
1.822906112670898438e+01 6.303431701660156250e+01 -5.226250839233398438e+01
1.830080223083496094e+01 6.305936813354492188e+01 -5.253299713134765625e+01
1.832476425170898438e+01 6.308087158203125000e+01 -5.279301071166992188e+01
1.839099693298339844e+01 6.309683227539062500e+01 -5.306007385253906250e+01
1.845422935485839844e+01 6.310720062255859375e+01 -5.334581756591796875e+01
1.851414871215820312e+01 6.312300109863281250e+01 -5.361101531982421875e+01
1.856506156921386719e+01 6.315290832519531250e+01 -5.389241027832031250e+01
1.858857345581054688e+01 6.316333007812500000e+01 -5.415774917602539062e+01
1.865337753295898438e+01 6.314825439453125000e+01 -5.442082977294921875e+01
1.868242073059082031e+01 6.314693069458007812e+01 -5.466000747680664062e+01
1.872444534301757812e+01 6.313208389282226562e+01 -5.492444992065429688e+01
1.879568290710449219e+01 6.309998321533203125e+01 -5.517624282836914062e+01
1.885822677612304688e+01 6.310488510131835938e+01 -5.540369415283203125e+01
1.888368988037109375e+01 6.309305191040039062e+01 -5.566278076171875000e+01
1.892207717895507812e+01 6.306481552124023438e+01 -5.590327072143554688e+01
1.897081756591796875e+01 6.305705642700195312e+01 -5.614716720581054688e+01
1.901592826843261719e+01 6.302473068237304688e+01 -5.647061920166015625e+01
1.904590415954589844e+01 6.300682830810546875e+01 -5.668059539794921875e+01
1.911987495422363281e+01 6.299624633789062500e+01 -5.690929412841796875e+01
1.915984535217285156e+01 6.298110198974609375e+01 -5.711408996582031250e+01
1.920204925537109375e+01 6.296554565429687500e+01 -5.730130386352539062e+01
1.924490356445312500e+01 6.297894287109375000e+01 -5.752214431762695312e+01
1.926598739624023438e+01 6.296328353881835938e+01 -5.775195693969726562e+01
1.931634140014648438e+01 6.297208404541015625e+01 -5.793091964721679688e+01
1.933938598632812500e+01 6.298199844360351562e+01 -5.811484909057617188e+01
1.936535072326660156e+01 6.298407745361328125e+01 -5.833055496215820312e+01
1.940130996704101562e+01 6.300140762329101562e+01 -5.855236434936523438e+01
1.947444534301757812e+01 6.301919555664062500e+01 -5.873750686645507812e+01
1.948690032958984375e+01 6.303358078002929688e+01 -5.895397949218750000e+01
1.953590011596679688e+01 6.301784515380859375e+01 -5.917851638793945312e+01
1.955587196350097656e+01 6.305822372436523438e+01 -5.936834716796875000e+01
1.960808753967285156e+01 6.309255599975585938e+01 -5.957942199707031250e+01
1.965866279602050781e+01 6.312129592895507812e+01 -5.977872085571289062e+01
1.969145774841308594e+01 6.311371994018554688e+01 -5.997437667846679688e+01
1.973533630371093750e+01 6.314783859252929688e+01 -6.017514038085937500e+01
1.979003715515136719e+01 6.318661499023437500e+01 -6.040113449096679688e+01
1.985165214538574219e+01 6.322171401977539062e+01 -6.058124542236328125e+01
1.987648773193359375e+01 6.323699569702148438e+01 -6.088765335083007812e+01
1.992464447021484375e+01 6.329579162597656250e+01 -6.108495330810546875e+01
1.995148468017578125e+01 6.330350494384765625e+01 -6.129840087890625000e+01
1.999313163757324219e+01 6.336008834838867188e+01 -6.149074554443359375e+01
2.002099037170410156e+01 6.339077377319335938e+01 -6.169974517822265625e+01
2.008061790466308594e+01 6.342469406127929688e+01 -6.194490432739257812e+01
2.014060974121093750e+01 6.352215957641601562e+01 -6.215824508666992188e+01
2.021322059631347656e+01 6.354017257690429688e+01 -6.238594436645507812e+01
2.027124786376953125e+01 6.361117935180664062e+01 -6.261846160888671875e+01
2.029563331604003906e+01 6.367046737670898438e+01 -6.287456512451171875e+01
2.035299491882324219e+01 6.375281143188476562e+01 -6.311143493652343750e+01
2.039513206481933594e+01 6.377803802490234375e+01 -6.335013580322265625e+01
2.044808387756347656e+01 6.385161209106445312e+01 -6.363555145263671875e+01
2.050875282287597656e+01 6.391745758056640625e+01 -6.388157272338867188e+01
2.057505035400390625e+01 6.400307464599609375e+01 -6.413445281982421875e+01
2.062721443176269531e+01 6.407788848876953125e+01 -6.442187500000000000e+01
2.066763687133789062e+01 6.412712097167968750e+01 -6.468962860107421875e+01
2.070378112792968750e+01 6.420954895019531250e+01 -6.493239593505859375e+01
2.075639724731445312e+01 6.425373077392578125e+01 -6.521962738037109375e+01
2.081665992736816406e+01 6.428924560546875000e+01 -6.549355316162109375e+01
2.088380432128906250e+01 6.432596588134765625e+01 -6.579447174072265625e+01
2.097765159606933594e+01 6.437940979003906250e+01 -6.620996093750000000e+01
2.102026748657226562e+01 6.442251586914062500e+01 -6.650472259521484375e+01
2.108285140991210938e+01 6.447469329833984375e+01 -6.677793884277343750e+01
2.117839622497558594e+01 6.449784851074218750e+01 -6.705495452880859375e+01
2.120144271850585938e+01 6.456879425048828125e+01 -6.734479522705078125e+01
2.126888656616210938e+01 6.461286163330078125e+01 -6.762410736083984375e+01
2.131806564331054688e+01 6.462944030761718750e+01 -6.789157104492187500e+01
2.139125442504882812e+01 6.468524932861328125e+01 -6.817467498779296875e+01
2.144128990173339844e+01 6.474676513671875000e+01 -6.845336151123046875e+01
2.148269271850585938e+01 6.475905609130859375e+01 -6.871417999267578125e+01
2.153122711181640625e+01 6.481092834472656250e+01 -6.897338867187500000e+01
2.155311584472656250e+01 6.485037231445312500e+01 -6.924153900146484375e+01
2.160874557495117188e+01 6.491245269775390625e+01 -6.951197052001953125e+01
2.165200233459472656e+01 6.492440032958984375e+01 -6.980432128906250000e+01
2.170585250854492188e+01 6.495655059814453125e+01 -7.006909942626953125e+01
2.175645065307617188e+01 6.500318908691406250e+01 -7.034307861328125000e+01
2.181171607971191406e+01 6.505271911621093750e+01 -7.062966918945312500e+01
2.189094161987304688e+01 6.509745025634765625e+01 -7.088902282714843750e+01
2.193197441101074219e+01 6.517835235595703125e+01 -7.116638183593750000e+01
2.197948837280273438e+01 6.522320556640625000e+01 -7.144193267822265625e+01
2.208201599121093750e+01 6.532250213623046875e+01 -7.186363220214843750e+01
2.214798545837402344e+01 6.538096618652343750e+01 -7.212847137451171875e+01
2.217927742004394531e+01 6.543395233154296875e+01 -7.241736602783203125e+01
2.225406074523925781e+01 6.551094055175781250e+01 -7.268802642822265625e+01
2.228270912170410156e+01 6.551898956298828125e+01 -7.295906829833984375e+01
2.231595993041992188e+01 6.555371856689453125e+01 -7.323896789550781250e+01
2.237581443786621094e+01 6.559200286865234375e+01 -7.352140045166015625e+01
2.242997932434082031e+01 6.560192108154296875e+01 -7.379593658447265625e+01
2.248369789123535156e+01 6.563722229003906250e+01 -7.408415222167968750e+01
2.256193542480468750e+01 6.567082214355468750e+01 -7.436104583740234375e+01
2.263282775878906250e+01 6.569341278076171875e+01 -7.460269165039062500e+01
2.264486122131347656e+01 6.573313903808593750e+01 -7.486680603027343750e+01
2.270818901062011719e+01 6.574885559082031250e+01 -7.513981628417968750e+01
2.274964332580566406e+01 6.576567077636718750e+01 -7.538900756835937500e+01
2.278468513488769531e+01 6.575319671630859375e+01 -7.563196563720703125e+01
2.282376098632812500e+01 6.578102874755859375e+01 -7.589599609375000000e+01
2.287615966796875000e+01 6.577586364746093750e+01 -7.612864685058593750e+01
2.292919158935546875e+01 6.576073455810546875e+01 -7.635801696777343750e+01
2.298182487487792969e+01 6.576987457275390625e+01 -7.660878753662109375e+01
2.302217102050781250e+01 6.578192138671875000e+01 -7.685063934326171875e+01
2.306899452209472656e+01 6.582031250000000000e+01 -7.706275177001953125e+01
2.311595726013183594e+01 6.582422637939453125e+01 -7.739767456054687500e+01
2.317300033569335938e+01 6.582706451416015625e+01 -7.760422515869140625e+01
2.319860267639160156e+01 6.584119415283203125e+01 -7.782884216308593750e+01
2.325624275207519531e+01 6.585813140869140625e+01 -7.803908538818359375e+01
2.328928756713867188e+01 6.586035156250000000e+01 -7.825368499755859375e+01
2.332690429687500000e+01 6.586192321777343750e+01 -7.844149017333984375e+01
2.335175704956054688e+01 6.588640594482421875e+01 -7.866477966308593750e+01
2.340589332580566406e+01 6.586869812011718750e+01 -7.885222625732421875e+01
2.343201255798339844e+01 6.586007690429687500e+01 -7.905370330810546875e+01
2.348084640502929688e+01 6.587791442871093750e+01 -7.926108551025390625e+01
2.350601768493652344e+01 6.588732910156250000e+01 -7.945527648925781250e+01
2.355213546752929688e+01 6.590906524658203125e+01 -7.965380859375000000e+01
2.360085105895996094e+01 6.589185333251953125e+01 -7.985021972656250000e+01
2.364878463745117188e+01 6.591809082031250000e+01 -8.002544403076171875e+01
2.365917205810546875e+01 6.592111206054687500e+01 -8.020920562744140625e+01
2.371497726440429688e+01 6.592733764648437500e+01 -8.038710784912109375e+01
2.375448226928710938e+01 6.595745849609375000e+01 -8.058181762695312500e+01
2.379312896728515625e+01 6.597464752197265625e+01 -8.075447845458984375e+01
2.383708381652832031e+01 6.598834228515625000e+01 -8.093969726562500000e+01
2.385986900329589844e+01 6.599388885498046875e+01 -8.111940002441406250e+01
2.390209770202636719e+01 6.603636932373046875e+01 -8.130410003662109375e+01
2.395259666442871094e+01 6.606375122070312500e+01 -8.157100677490234375e+01
2.402172660827636719e+01 6.606858062744140625e+01 -8.173789215087890625e+01
2.406564521789550781e+01 6.612356567382812500e+01 -8.191589355468750000e+01
2.408761596679687500e+01 6.613483428955078125e+01 -8.209798431396484375e+01
2.415304756164550781e+01 6.619214630126953125e+01 -8.224448394775390625e+01
2.415850257873535156e+01 6.622476959228515625e+01 -8.243191528320312500e+01
2.420999145507812500e+01 6.628076171875000000e+01 -8.259493255615234375e+01
2.422061729431152344e+01 6.630999755859375000e+01 -8.278344726562500000e+01
2.422949409484863281e+01 6.634436798095703125e+01 -8.297380828857421875e+01
2.427253150939941406e+01 6.637432098388671875e+01 -8.313702392578125000e+01
2.432236289978027344e+01 6.638909912109375000e+01 -8.330944824218750000e+01
2.435373115539550781e+01 6.643934631347656250e+01 -8.349562072753906250e+01
2.445465278625488281e+01 6.647542572021484375e+01 -8.368114471435546875e+01
2.448445510864257812e+01 6.651924133300781250e+01 -8.386558532714843750e+01
2.452710342407226562e+01 6.657904815673828125e+01 -8.403717041015625000e+01
2.459243965148925781e+01 6.667019653320312500e+01 -8.424839782714843750e+01
2.460666656494140625e+01 6.672360229492187500e+01 -8.444647979736328125e+01
2.463921546936035156e+01 6.676355743408203125e+01 -8.464508056640625000e+01
2.467561912536621094e+01 6.682099151611328125e+01 -8.483335876464843750e+01
2.473219108581542969e+01 6.688831329345703125e+01 -8.503177642822265625e+01
2.475264167785644531e+01 6.689707183837890625e+01 -8.522508239746093750e+01
2.478275489807128906e+01 6.696626281738281250e+01 -8.553606414794921875e+01
2.484757423400878906e+01 6.701494598388671875e+01 -8.573570251464843750e+01
2.490098190307617188e+01 6.703559112548828125e+01 -8.594539642333984375e+01
2.496902084350585938e+01 6.708408355712890625e+01 -8.614800262451171875e+01
2.501356124877929688e+01 6.713822174072265625e+01 -8.635573577880859375e+01
2.506126022338867188e+01 6.718421173095703125e+01 -8.656148529052734375e+01
2.509896659851074219e+01 6.721081542968750000e+01 -8.675593566894531250e+01
2.515131759643554688e+01 6.725328063964843750e+01 -8.698232269287109375e+01
2.518191528320312500e+01 6.728154754638671875e+01 -8.719722747802734375e+01
2.523303413391113281e+01 6.732474517822265625e+01 -8.741606903076171875e+01
2.526943397521972656e+01 6.738528442382812500e+01 -8.764742279052734375e+01
2.532191276550292969e+01 6.738574981689453125e+01 -8.786348724365234375e+01
2.536614608764648438e+01 6.744061279296875000e+01 -8.806473541259765625e+01
2.542026519775390625e+01 6.745349884033203125e+01 -8.828188323974609375e+01
2.546226692199707031e+01 6.749383544921875000e+01 -8.852851104736328125e+01
2.551504898071289062e+01 6.751264953613281250e+01 -8.873396301269531250e+01
2.555195999145507812e+01 6.756673431396484375e+01 -8.897260284423828125e+01
2.559054756164550781e+01 6.759767150878906250e+01 -8.919667053222656250e+01
2.562280845642089844e+01 6.763540649414062500e+01 -8.939590454101562500e+01
2.569396018981933594e+01 6.770250701904296875e+01 -8.959956359863281250e+01
2.572667884826660156e+01 6.771667480468750000e+01 -8.981385803222656250e+01
2.579163169860839844e+01 6.779781341552734375e+01 -9.015947723388671875e+01
2.582823371887207031e+01 6.783549499511718750e+01 -9.034846496582031250e+01
2.586922454833984375e+01 6.784999847412109375e+01 -9.057068634033203125e+01
2.591567802429199219e+01 6.787078094482421875e+01 -9.077449798583984375e+01
2.596753501892089844e+01 6.792664337158203125e+01 -9.100180816650390625e+01
2.602940750122070312e+01 6.794796752929687500e+01 -9.121596527099609375e+01
2.606878852844238281e+01 6.795853424072265625e+01 -9.142250061035156250e+01
2.613011360168457031e+01 6.800923156738281250e+01 -9.162402343750000000e+01
2.617330169677734375e+01 6.805121612548828125e+01 -9.185381317138671875e+01
2.624072265625000000e+01 6.805581665039062500e+01 -9.205536651611328125e+01
2.627040481567382812e+01 6.809179687500000000e+01 -9.226045227050781250e+01
2.635191917419433594e+01 6.813639068603515625e+01 -9.245101165771484375e+01
2.639520645141601562e+01 6.817723083496093750e+01 -9.264094543457031250e+01
2.641250419616699219e+01 6.822203063964843750e+01 -9.281878662109375000e+01
2.643859100341796875e+01 6.828946685791015625e+01 -9.302957153320312500e+01
2.647536849975585938e+01 6.829933166503906250e+01 -9.320594787597656250e+01
2.651959800720214844e+01 6.834096527099609375e+01 -9.337431335449218750e+01
2.654715728759765625e+01 6.837089538574218750e+01 -9.356357574462890625e+01
2.655236244201660156e+01 6.842601013183593750e+01 -9.373966979980468750e+01
2.656840324401855469e+01 6.843334197998046875e+01 -9.393460083007812500e+01
2.660902023315429688e+01 6.844847106933593750e+01 -9.408869171142578125e+01
2.664894294738769531e+01 6.848808288574218750e+01 -9.435420989990234375e+01
2.670841407775878906e+01 6.847898101806640625e+01 -9.451378631591796875e+01
2.675233650207519531e+01 6.852623748779296875e+01 -9.467597198486328125e+01
2.680268287658691406e+01 6.852789306640625000e+01 -9.482979583740234375e+01
2.685487556457519531e+01 6.856878662109375000e+01 -9.499966430664062500e+01
2.691094589233398438e+01 6.858142852783203125e+01 -9.515986633300781250e+01
2.698502540588378906e+01 6.861433410644531250e+01 -9.529496765136718750e+01
2.703389358520507812e+01 6.869593811035156250e+01 -9.546020507812500000e+01
2.709053993225097656e+01 6.876946258544921875e+01 -9.562059020996093750e+01
2.714003753662109375e+01 6.882198333740234375e+01 -9.576732635498046875e+01
2.715908432006835938e+01 6.893502044677734375e+01 -9.593513488769531250e+01
2.717977714538574219e+01 6.899868774414062500e+01 -9.609519195556640625e+01
2.717453193664550781e+01 6.903876495361328125e+01 -9.624476623535156250e+01
2.721228408813476562e+01 6.911836242675781250e+01 -9.639456939697265625e+01
2.720107078552246094e+01 6.916071319580078125e+01 -9.655185699462890625e+01
2.721243095397949219e+01 6.918146514892578125e+01 -9.671910095214843750e+01
2.721315193176269531e+01 6.922710418701171875e+01 -9.687500762939453125e+01
2.726569557189941406e+01 6.924900054931640625e+01 -9.700930023193359375e+01
2.733736228942871094e+01 6.930636596679687500e+01 -9.718161773681640625e+01
2.738058471679687500e+01 6.937253570556640625e+01 -9.732323455810546875e+01
2.747977066040039062e+01 6.944757080078125000e+01 -9.757788085937500000e+01
2.755587196350097656e+01 6.951718139648437500e+01 -9.773857879638671875e+01
2.763308715820312500e+01 6.961044311523437500e+01 -9.791429138183593750e+01
2.769297409057617188e+01 6.972199249267578125e+01 -9.806578826904296875e+01
2.773299789428710938e+01 6.981066894531250000e+01 -9.824119567871093750e+01
2.781316947937011719e+01 6.990122985839843750e+01 -9.840834045410156250e+01
2.783009529113769531e+01 7.004140472412109375e+01 -9.861176300048828125e+01
2.787738990783691406e+01 7.015547943115234375e+01 -9.878368377685546875e+01
2.790205574035644531e+01 7.022246551513671875e+01 -9.899367523193359375e+01
2.793666458129882812e+01 7.031510162353515625e+01 -9.916555023193359375e+01
2.794925117492675781e+01 7.039212036132812500e+01 -9.934796142578125000e+01
2.799376296997070312e+01 7.047611236572265625e+01 -9.957176208496093750e+01
2.802084350585937500e+01 7.051741790771484375e+01 -9.975885009765625000e+01
2.808659744262695312e+01 7.056781768798828125e+01 -9.995233917236328125e+01
2.810840988159179688e+01 7.064119720458984375e+01 -1.001409759521484375e+02
2.817858886718750000e+01 7.068251800537109375e+01 -1.003421173095703125e+02
2.820792198181152344e+01 7.073410797119140625e+01 -1.005316162109375000e+02
2.826880455017089844e+01 7.079984283447265625e+01 -1.007457962036132812e+02
2.830943489074707031e+01 7.085916900634765625e+01 -1.009367218017578125e+02
2.836784934997558594e+01 7.090229797363281250e+01 -1.011291961669921875e+02
2.844162750244140625e+01 7.099739074707031250e+01 -1.013229446411132812e+02
2.854723930358886719e+01 7.107556152343750000e+01 -1.016549835205078125e+02
2.862152862548828125e+01 7.116130828857421875e+01 -1.018596649169921875e+02
2.868563270568847656e+01 7.125555419921875000e+01 -1.020676345825195312e+02
2.873329162597656250e+01 7.134968566894531250e+01 -1.022733001708984375e+02
2.877062606811523438e+01 7.143334197998046875e+01 -1.024784011840820312e+02
2.881650352478027344e+01 7.151101684570312500e+01 -1.026897430419921875e+02
2.883011627197265625e+01 7.158098602294921875e+01 -1.028968505859375000e+02
2.883629989624023438e+01 7.166960144042968750e+01 -1.031110458374023438e+02
2.887061500549316406e+01 7.171928405761718750e+01 -1.032955169677734375e+02
2.889976501464843750e+01 7.176333618164062500e+01 -1.035170211791992188e+02
2.891144371032714844e+01 7.181597900390625000e+01 -1.037034912109375000e+02
2.895722198486328125e+01 7.185123443603515625e+01 -1.039183349609375000e+02
2.898429489135742188e+01 7.187621307373046875e+01 -1.041228179931640625e+02
2.905298423767089844e+01 7.191043090820312500e+01 -1.043249511718750000e+02
2.913186073303222656e+01 7.194861602783203125e+01 -1.045459136962890625e+02
2.921501159667968750e+01 7.198384094238281250e+01 -1.047464447021484375e+02
2.927106666564941406e+01 7.205941009521484375e+01 -1.049706420898437500e+02
2.936825370788574219e+01 7.212602996826171875e+01 -1.051812744140625000e+02
2.941807556152343750e+01 7.219237518310546875e+01 -1.053846893310546875e+02
2.948673439025878906e+01 7.228342437744140625e+01 -1.055861511230468750e+02
2.951655387878417969e+01 7.235761260986328125e+01 -1.058161544799804688e+02
2.960141754150390625e+01 7.246559906005859375e+01 -1.061031265258789062e+02
2.962781524658203125e+01 7.254632568359375000e+01 -1.063238220214843750e+02
2.961979866027832031e+01 7.259154510498046875e+01 -1.065229644775390625e+02
2.966528892517089844e+01 7.266218566894531250e+01 -1.067130508422851562e+02
2.967996025085449219e+01 7.271332550048828125e+01 -1.069165267944335938e+02
2.972932434082031250e+01 7.274105072021484375e+01 -1.071025314331054688e+02
2.974749374389648438e+01 7.280310821533203125e+01 -1.072930603027343750e+02
2.977509117126464844e+01 7.284344482421875000e+01 -1.075135269165039062e+02
2.984181976318359375e+01 7.288938903808593750e+01 -1.077156372070312500e+02
2.991522979736328125e+01 7.296498107910156250e+01 -1.079136428833007812e+02
2.994946289062500000e+01 7.299652099609375000e+01 -1.081176300048828125e+02
