-2.280000000000000249e+00 1.904630064964294434e+00 3.543035984039306641e+00 -1.922241687774658203e+00 9.430731082486022432e-01 2.865571487711581433e+00 -9.013455362166458151e-01
-2.260000000000000231e+00 1.934994194271852264e+00 3.609230427048077949e+00 -1.942330427098299950e+00 9.788745585879903288e-01 2.982080143188850396e+00 -8.961041363889563627e-01
-2.240000000000000213e+00 1.961977923396811985e+00 3.671308618256080347e+00 -1.958542688592309178e+00 1.037195094884310276e+00 3.116003651340831571e+00 -8.474820253406983861e-01
-2.220000000000000195e+00 1.986184423092144602e+00 3.730628399834086117e+00 -1.971277224139402096e+00 1.111682816502075122e+00 3.263000676472936679e+00 -7.646395796519783739e-01
-2.200000000000000178e+00 2.008216864110820232e+00 3.788547613952869320e+00 -1.980932785622296022e+00 1.195985822805796905e+00 3.418729882890580996e+00 -6.567371759029025924e-01
-2.180000000000000160e+00 2.028678417205810547e+00 3.846424102783203569e+00 -1.987908124923706055e+00 1.283752213159988331e+00 3.578849934899176688e+00 -5.329351906735778632e-01
-2.160000000000000142e+00 2.048172253130084997e+00 3.905615708495861149e+00 -1.992601993926349069e+00 1.368630086929162326e+00 3.739019496804136811e+00 -4.023940005441105638e-01
-2.140000000000000124e+00 2.067301542636614364e+00 3.967480273261617008e+00 -1.995413144512941050e+00 1.444267543477830262e+00 3.894897232910875307e+00 -2.742739820946068496e-01
-2.120000000000000107e+00 2.086669456478370765e+00 4.033375639251245204e+00 -1.996740328566199096e+00 1.504312682170505955e+00 4.042141807524807007e+00 -1.577355119051737642e-01
-2.100000000000000089e+00 2.106879165408323207e+00 4.104659648635515801e+00 -1.996982297968838971e+00 1.542413602371700998e+00 4.176411884951341413e+00 -6.193896655591737965e-02
-2.080000000000000071e+00 2.128533840179443359e+00 4.182690143585205078e+00 -1.996537804603576660e+00 1.552218403445928319e+00 4.293366129495895578e+00 3.955277373055789483e-03
-2.060000000000000053e+00 2.152045636896771974e+00 4.268337405319795330e+00 -1.995634093801223585e+00 1.530577301411339075e+00 4.392808412551664432e+00 3.528136561502117491e-02
-2.040000000000000036e+00 2.177062653073634557e+00 4.360521471253603565e+00 -1.993812384684966466e+00 1.487148978900637797e+00 4.491123433862977521e+00 4.535153315678269736e-02
-2.020000000000000462e+00 2.203041971575426139e+00 4.457674817849659021e+00 -1.990442389826087233e+00 1.434794235200169688e+00 4.608841100261948931e+00 5.197253729852622378e-02
-2.000000000000000000e+00 2.229440675267542638e+00 4.558229921570986498e+00 -1.984893821795866709e+00 1.386373869596277730e+00 4.766491318580690084e+00 7.295113534043760894e-02
-1.980000000000000204e+00 2.255715847015380859e+00 4.660619258880615234e+00 -1.976536393165588379e+00 1.354748681375306463e+00 4.984603995651315067e+00 1.260940845827026591e-01
-1.960000000000000187e+00 2.281386835559070736e+00 4.763721971860699789e+00 -1.964954984140241612e+00 1.350090882989367191e+00 5.274602024995856731e+00 2.236301265336722577e-01
-1.940000000000000169e+00 2.306222053137693795e+00 4.868203865069913761e+00 -1.950595145459657065e+00 1.371818339553643629e+00 5.611480246896043411e+00 3.554759395343565775e-01
-1.920000000000000373e+00 2.330052177865064689e+00 4.975177408686058733e+00 -1.934117595497372832e+00 1.416660329349086256e+00 5.961126488323517769e+00 5.059701861339299667e-01
-1.900000000000000355e+00 2.352707887854998958e+00 5.085755072886932737e+00 -1.916183052626928340e+00 1.481346130656646887e+00 6.289428576249927794e+00 6.594515288815683274e-01
-1.880000000000000338e+00 2.374019861221313477e+00 5.201049327850341797e+00 -1.897452235221862793e+00 1.562605021757276447e+00 6.562274337646922362e+00 8.002586303264461742e-01
-1.860000000000000320e+00 2.393971042931150706e+00 5.321924891868750507e+00 -1.878427261027274087e+00 1.654538887836720429e+00 6.755558664797136181e+00 9.171711945420788492e-01
-1.840000000000000302e+00 2.413153445364969230e+00 5.448255475693301264e+00 -1.858975845274501104e+00 1.740740041699905705e+00 6.885204711227186358e+00 1.016733091699347336e+00
-1.820000000000000284e+00 2.432311347756551445e+00 5.579667038189799477e+00 -1.838807102566440532e+00 1.802173403056552825e+00 6.977142695774675829e+00 1.109929233493471612e+00
-1.800000000000000266e+00 2.452189029339681525e+00 5.715785538224051443e+00 -1.817630147505989058e+00 1.819803891616382563e+00 7.057302837277208418e+00 1.207744531619672212e+00
-1.780000000000000249e+00 2.473530769348144531e+00 5.856236934661864346e+00 -1.795154094696044922e+00 1.774596427089116135e+00 7.151615354572390615e+00 1.321163897773170781e+00
-1.760000000000000231e+00 2.496881927744398766e+00 6.000999645204089461e+00 -1.771083273806018932e+00 1.655890018244779327e+00 7.281946959893689453e+00 1.456537148183192354e+00
-1.740000000000000213e+00 2.521992187405602603e+00 6.151461922891742873e+00 -1.745102874771378598e+00 1.486520030094618416e+00 7.453910339058019474e+00 1.601673717214981529e+00
-1.720000000000000195e+00 2.548412311937587660e+00 6.309364479600886533e+00 -1.716893302594104442e+00 1.297695916710185360e+00 7.669054671278157542e+00 1.739747943767787630e+00
-1.700000000000000178e+00 2.575693064946185995e+00 6.476448027207581504e+00 -1.686134962276177651e+00 1.120627132163032336e+00 7.928929135766882297e+00 1.853934166740859535e+00
-1.680000000000000160e+00 2.603385210037231001e+00 6.654453277587890625e+00 -1.652508258819580078e+00 9.865231305247088578e-01 8.235082911736974154e+00 1.927406725033447898e+00
-1.660000000000000142e+00 2.631156656857855047e+00 6.844250942903273405e+00 -1.615868445094475137e+00 9.198238805038684296e-01 8.586072015606118768e+00 1.949482437309957072e+00
-1.640000000000000124e+00 2.659143899220385077e+00 7.043231736456773362e+00 -1.576770165443757366e+00 9.178914093575654132e-01 8.968479812611640511e+00 1.934048041295410858e+00
-1.620000000000000107e+00 2.687600576978451006e+00 7.247916371836834237e+00 -1.535942912078504641e+00 9.713182589799553845e-01 9.365896505195776101e+00 1.901132754479990083e+00
-1.600000000000000089e+00 2.716780329985680975e+00 7.454825562631902436e+00 -1.494116177209795282e+00 1.070696971265193698e+00 9.761912295800756922e+00 1.870765794353874689e+00
-1.580000000000000071e+00 2.746936798095702681e+00 7.660480022430419922e+00 -1.452019453048706277e+00 1.206620088107435373e+00 1.014011738686881969e+01 1.862976378407244171e+00
-1.560000000000000275e+00 2.778225526092492625e+00 7.862540070731650843e+00 -1.410202050544781205e+00 1.369082543351082704e+00 1.048751713711108380e+01 1.892100687554136851e+00
-1.540000000000000258e+00 2.810409678481412321e+00 8.063224450678143640e+00 -1.368492555601421357e+00 1.545688838641530838e+00 1.080477753031422949e+01 1.949702756404019466e+00
-1.520000000000000240e+00 2.843154324698169866e+00 8.265891511323264496e+00 -1.326539372860494392e+00 1.723445867574418422e+00 1.109597970653381260e+01 2.021653582990216247e+00
-1.500000000000000222e+00 2.876124534178473802e+00 8.473899601720377817e+00 -1.283990906963866863e+00 1.889360523745386100e+00 1.136520480582539427e+01 2.093824165346051203e+00
-1.480000000000000204e+00 2.908985376358032227e+00 8.690607070922849786e+00 -1.240495562553405762e+00 2.030439700750074739e+00 1.161653396824453566e+01 2.152085501504848786e+00
-1.460000000000000187e+00 2.941535639178055828e+00 8.918380495514112383e+00 -1.195820516498985242e+00 2.135383048947443463e+00 1.185518952211576149e+01 2.186073161789079844e+00
-1.440000000000000391e+00 2.974108984601766537e+00 9.155619362197834121e+00 -1.150208034582504757e+00 2.199661245749730654e+00 1.209095854883944732e+01 2.200481005677798141e+00
-1.420000000000000373e+00 3.007172793097887098e+00 9.399731385207751089e+00 -1.104019154813870252e+00 2.220437725332492729e+00 1.233476931808493404e+01 2.203767464939204945e+00
-1.400000000000000355e+00 3.041194445135140700e+00 9.648124278777599372e+00 -1.057614915202988559e+00 2.194875921871286550e+00 1.259755009952155724e+01 2.204390971341501082e+00
-1.380000000000000338e+00 3.076641321182250977e+00 9.898205757141111505e+00 -1.011356353759765847e+00 2.120139269541669425e+00 1.289022916281865783e+01 2.210809956652886044e+00
-1.360000000000000320e+00 3.113834857182464777e+00 1.014858970349851752e+01 -9.654668903486222087e-01 1.998692205118375309e+00 1.321952602848420000e+01 2.229308152201763704e+00
-1.340000000000000302e+00 3.152512710977120491e+00 1.040271467691601259e+01 -9.196194722520328879e-01 1.854203175772846768e+00 1.357532522038063938e+01 2.257470487557345695e+00
-1.320000000000000284e+00 3.192266595882082836e+00 1.066522540542628938e+01 -8.733494286069874990e-01 1.715641631275705903e+00 1.394330251320906555e+01 2.290707191849048030e+00
-1.300000000000000266e+00 3.232688225213213862e+00 1.094076661706204057e+01 -8.261920885504741019e-01 1.611977021397570597e+00 1.430913368167055566e+01 2.324428494206286278e+00
-1.280000000000000249e+00 3.273369312286376953e+00 1.123398303985595703e+01 -7.776827812194825329e-01 1.572178795909062510e+00 1.465849450046620284e+01 2.354044623758474231e+00
-1.260000000000000231e+00 3.314012911599532707e+00 1.154777488879503977e+01 -7.275781979892477214e-01 1.616265230309144929e+00 1.498175148184475702e+01 2.374754846394158125e+00
-1.240000000000000213e+00 3.354767442379032794e+00 1.187806432668352663e+01 -6.765204791879894097e-01 1.728449903010150557e+00 1.528803408824566468e+01 2.380914575038398873e+00
-1.220000000000000195e+00 3.395892665033326985e+00 1.221902900327995845e+01 -6.253731273821739878e-01 1.883995218152755724e+00 1.559116251965604505e+01 2.366668259375388050e+00
-1.200000000000000178e+00 3.437648339970865496e+00 1.256484656834288849e+01 -5.749996451382674012e-01 2.058163579877637428e+00 1.590495697606302095e+01 2.326160349089319013e+00
-1.180000000000000160e+00 3.480294227600098100e+00 1.290969467163085938e+01 -5.262635350227355957e-01 2.226217392325471334e+00 1.624323765745370807e+01 2.253535293864382005e+00
-1.160000000000000142e+00 3.524056888219331274e+00 1.324934840001272640e+01 -4.798425065009213619e-01 2.368018419950144615e+00 1.661603758082080162e+01 2.147471687697068976e+00
-1.140000000000000124e+00 3.569030081686313860e+00 1.358597258879861513e+01 -4.356710966336742041e-01 2.481825868458397366e+00 1.701824103117933973e+01 2.024784701833072464e+00
-1.120000000000000329e+00 3.615274367748646078e+00 1.392332951040894784e+01 -3.934980493807204160e-01 2.570498303870178525e+00 1.744094511054990804e+01 1.906823651830385158e+00
-1.100000000000000311e+00 3.662850306153933921e+00 1.426518143726415389e+01 -3.530721087017851256e-01 2.636894292205439250e+00 1.787524692095312417e+01 1.814937853246995303e+00
-1.080000000000000293e+00 3.711818456649780273e+00 1.461529064178466797e+01 -3.141420185565949041e-01 2.683872399484129367e+00 1.831224356440957735e+01 1.770476621640896919e+00
-1.060000000000000275e+00 3.762121859284127456e+00 1.497645617546068486e+01 -2.764397140296800393e-01 2.714767138116465972e+00 1.874556449040917983e+01 1.786631382206337992e+00
-1.040000000000000258e+00 3.813233475306257336e+00 1.534762420606146804e+01 -2.396298947047882932e-01 2.734816806073726791e+00 1.917896853831902959e+01 1.843961998682590586e+00
-1.020000000000000240e+00 3.864508746265791661e+00 1.572677768042604818e+01 -2.033604512904715333e-01 2.749735647717456377e+00 1.961874689497551572e+01 1.914870444445182729e+00
-1.000000000000000222e+00 3.915303113712351735e+00 1.611189954539346303e+01 -1.672792744952818211e-01 2.765237907409200613e+00 2.007119074721504148e+01 1.971758692869644003e+00
-9.800000000000002043e-01 3.964972019195556641e+00 1.650097274780273438e+01 -1.310342550277709961e-01 2.787037829510502274e+00 2.054259128187399241e+01 1.987028717331501548e+00
-9.600000000000001865e-01 4.013231696601558873e+00 1.689331131129150165e+01 -9.445721479868560144e-02 2.819683723678211518e+00 2.103634094472322502e+01 1.940116007327637337e+00
-9.400000000000001688e-01 4.061241549162632580e+00 1.729355356669183408e+01 -5.811570052754960053e-02 2.863060160750391603e+00 2.154423721727136254e+01 1.838590116840340238e+00
-9.200000000000001510e-01 4.110521772447587097e+00 1.770766892163440787e+01 -2.276119013608163960e-02 2.915885776860411838e+00 2.205517883996149209e+01 1.697054115973253730e+00
-9.000000000000001332e-01 4.162592562025225540e+00 1.814162678374988502e+01 1.085483845399982245e-02 2.976879208141641087e+00 2.255806455323669724e+01 1.530111074830019735e+00
-8.800000000000001155e-01 4.218974113464355469e+00 1.860139656066894531e+01 4.198090732097625732e-02 3.044759090727446882e+00 2.304179309754005445e+01 1.352364063514280845e+00
-8.600000000000003197e-01 4.280659354492742708e+00 1.909053197781079447e+01 6.995596307503848532e-02 3.117097215253403775e+00 2.349792019057303349e+01 1.175515404375481632e+00
-8.400000000000003020e-01 4.346532141473995026e+00 1.960292403174882025e+01 9.448065045401696227e-02 3.186877990363916613e+00 2.392862945907068806e+01 9.996644287462628231e-01
-8.200000000000002842e-01 4.414949062930676682e+00 2.013004803684491506e+01 1.153460387276506877e-01 3.245938979205589270e+00 2.433876150702643315e+01 8.220097202050696827e-01
-8.000000000000002665e-01 4.484266707385354600e+00 2.066337930746099971e+01 1.323431971656791606e-01 3.286117744925031836e+00 2.473315693843369800e+01 6.397498623303468079e-01
-7.800000000000002487e-01 4.552841663360595703e+00 2.119439315795898438e+01 1.452631950378418246e-01 3.299251850668852182e+00 2.511665635728592250e+01 4.500834387005384074e-01
-7.600000000000002309e-01 4.619607501333228505e+00 2.171697863940377005e+01 1.539248405363647099e-01 3.282381481600235684e+00 2.549771213701339789e+01 2.506960074004751515e-01
-7.400000000000002132e-01 4.685805719597147423e+00 2.223467974967226368e+01 1.582578975434208446e-01 3.253357310948687964e+00 2.589922372879394530e+01 4.122102454053513249e-02
-7.200000000000001954e-01 4.753254798400506687e+00 2.275345422334433110e+01 1.582198688636697048e-01 3.235232633960289483e+00 2.634770235324224075e+01 -1.782210792625174844e-01
-7.000000000000001776e-01 4.823773217991458750e+00 2.327925979499986298e+01 1.537682573017709053e-01 3.251060745881122482e+00 2.686965923097296027e+01 -4.075098733919181315e-01
-6.800000000000001599e-01 4.899179458618164062e+00 2.381805419921875000e+01 1.448605656623840332e-01 3.323894941957270976e+00 2.749160558260080478e+01 -6.465249272309026018e-01
-6.600000000000001421e-01 4.980643100196308737e+00 2.437424012534069462e+01 1.314053063378014530e-01 3.468733645147772826e+00 2.822875043496616954e+01 -8.956473497428397712e-01
-6.400000000000001243e-01 5.066738121311726850e+00 2.494600008174474226e+01 1.131150300708469586e-01 3.668355789263502142e+00 2.905109403981238714e+01 -1.157264408211634343e+00
-6.200000000000001066e-01 5.155389600217784363e+00 2.552996153156975367e+01 8.965329719197705216e-02 3.897485435828289102e+00 2.991733445510851297e+01 -1.434264909501324459e+00
-6.000000000000003109e-01 5.244522615167847235e+00 2.612275193795457184e+01 6.068366803164863821e-02 4.130846646365960773e+00 3.078616973882358820e+01 -1.729537660475944261e+00
-5.800000000000002931e-01 5.332062244415283203e+00 2.672099876403808594e+01 2.586970292031764290e-02 4.343163482400353104e+00 3.161629794892668244e+01 -2.045971467999537996e+00
-5.600000000000002753e-01 5.416780817943791959e+00 2.732346752122074207e+01 -1.553430308973836882e-02 4.515545973109762024e+00 3.237812406368896490e+01 -2.389212975417003726e+00
-5.400000000000002576e-01 5.500839672658389468e+00 2.793747591394935981e+01 -6.591111605895927372e-02 4.654648018290344247e+00 3.308888074259004952e+01 -2.775940171996690964e+00
-5.200000000000002398e-01 5.587247397194426313e+00 2.857247969493235118e+01 -1.280527673259642951e-01 4.773509485392725793e+00 3.377750756541164634e+01 -3.225588883487812364e+00
-5.000000000000002220e-01 5.679012580187253967e+00 2.923793461687814244e+01 -2.047512882293726355e-01 4.885170241867534457e+00 3.447294411193551866e+01 -3.757594935639582356e+00
-4.800000000000002043e-01 5.779143810272216797e+00 2.994329643249511719e+01 -2.987987101078033447e-01 5.002670155165391819e+00 3.520412996194335875e+01 -4.391394154201210043e+00
-4.600000000000001865e-01 5.889699864143028485e+00 3.069436725254489673e+01 -4.123257980252167942e-01 5.137094833026030649e+00 3.599324661731856168e+01 -5.141549724536596422e+00
-4.400000000000001688e-01 6.008940270726835564e+00 3.148233462000176530e+01 -5.448182519469372265e-01 5.291712844345600963e+00 3.683544326835109217e+01 -6.003134270468370559e+00
-4.200000000000001510e-01 6.134174747009148554e+00 3.229473243589322351e+01 -6.951005055636296781e-01 5.467838498309358641e+00 3.771911102743261068e+01 -6.966347775433851197e+00
-4.000000000000001332e-01 6.262713009975477085e+00 3.311909460124675775e+01 -8.619969925659596299e-01 5.666786104102561339e+00 3.863264100695472791e+01 -8.021390222870355302e+00
-3.800000000000001155e-01 6.391864776611328125e+00 3.394295501708984375e+01 -1.044332146644592285e+00 5.889869970910464048e+00 3.956442431930909720e+01 -9.158461596215202505e+00
-3.600000000000003197e-01 6.519742956227504216e+00 3.475721604123152275e+01 -1.242019202130330013e+00 6.136760430593962035e+00 4.050208445658550005e+01 -1.037476871961830405e+01
-3.400000000000003020e-01 6.647673227435978660e+00 3.556625385860705535e+01 -1.459326595914542501e+00 6.400551905716532097e+00 4.143017442966657171e+01 -1.169554578008008505e+01
-3.200000000000002842e-01 6.777784461174009678e+00 3.637781311093323211e+01 -1.701611565528729830e+00 6.672694841517273545e+00 4.233247962913303297e+01 -1.315303380531352850e+01
-3.000000000000002665e-01 6.912205528378859931e+00 3.719963843992684360e+01 -1.974231348504396744e+00 6.944639683235299010e+00 4.319278544556565436e+01 -1.477947382303163870e+01
-2.800000000000002487e-01 7.053065299987792969e+00 3.803947448730468750e+01 -2.282543182373046875e+00 7.207836876109715796e+00 4.399487726954521349e+01 -1.660710686094742172e+01
-2.600000000000002309e-01 7.202070139865409892e+00 3.890248186988250723e+01 -2.631277112424707187e+00 7.458824524248266030e+00 4.471621551630023106e+01 -1.866055293819673011e+01
-2.400000000000002132e-01 7.359236383585651353e+00 3.978348510487175815e+01 -3.022654414983496185e+00 7.714491367233224928e+00 4.530896069965019990e+01 -2.093394803960678274e+01
-2.200000000000001954e-01 7.524157859649799107e+00 4.067472468458284851e+01 -3.458269174132055035e+00 7.996813803515499863e+00 4.571894835806241986e+01 -2.341380714142766450e+01
-2.000000000000001776e-01 7.696428396559137575e+00 4.156844110132617232e+01 -3.939715473953028013e+00 8.327768231546000877e+00 4.589201403000414814e+01 -2.608664521990944962e+01
-1.800000000000001599e-01 7.875641822814941406e+00 4.245687484741211648e+01 -4.468587398529052734e+00 8.729331049775630902e+00 4.577399325394264196e+01 -2.893897725130220167e+01
-1.600000000000001421e-01 8.061584745419262177e+00 4.333334967381853176e+01 -5.047625094752871355e+00 9.210406354535411566e+00 4.531686584690224606e+01 -3.194048958047038766e+01
-1.400000000000001243e-01 8.254814885377182776e+00 4.419552236619301766e+01 -5.684152960757613116e+00 9.727609033676804628e+00 4.449718874013541381e+01 -3.499355402673597837e+01
-1.200000000000001066e-01 8.456082742194571011e+00 4.504213296885064466e+01 -6.386641457486505580e+00 1.022448167293138255e+01 4.329766314345169320e+01 -3.798371377803534443e+01
-1.000000000000000888e-01 8.666138815377275151e+00 4.587192152610641216e+01 -7.163561045882774536e+00 1.064456685803071778e+01 4.170099026666060382e+01 -4.079651202230482454e+01
-8.000000000000007105e-02 8.885733604431152344e+00 4.668362808227539062e+01 -8.023382186889648438e+00 1.093140717470638279e+01 3.968987131957166525e+01 -4.331749194748078935e+01
-6.000000000000005329e-02 9.114634297341833502e+00 4.747427534915003378e+01 -8.968736870899013169e+00 1.104511730561680416e+01 3.727448393851860686e+01 -4.544894877840648917e+01
-4.000000000000003553e-02 9.348674836014014389e+00 4.823401670843233546e+01 -9.978903206097378131e+00 1.101210032112777704e+01 3.457491146593181952e+01 -4.716018588755265029e+01
-2.000000000000001776e-02 9.582705850832178740e+00 4.895128820930175095e+01 -1.102732083011992259e+01 1.087533138853197379e+01 3.173871367076592875e+01 -4.843725868429694259e+01
0.000000000000000000e+00 9.811577972180796081e+00 4.961452590093768578e+01 -1.208742938060181515e+01 1.067778567512204546e+01 2.891345032197552811e+01 -4.926622257801700755e+01
