-2.280000000000000249e+00 1.904630064964294434e+00 3.543035984039306641e+00 -1.922241687774658203e+00 9.430731082486147887e-01 2.865571487711645826e+00 -9.013455362166611362e-01
-2.260000000000000231e+00 1.934599945420486522e+00 3.606440275149455310e+00 -1.944399290081277654e+00 9.771563100769744548e-01 2.861491299333911886e+00 -9.753103292688874992e-01
-2.240000000000000213e+00 1.961364787253357500e+00 3.664575027408746077e+00 -1.963394225433687801e+00 1.033805162319800353e+00 2.877667106873463609e+00 -1.003328179868627323e+00
-2.220000000000000195e+00 1.985480144275765024e+00 3.718507214496264091e+00 -1.979791456854162135e+00 1.106597223939035590e+00 2.908781865376907749e+00 -9.950028027203895453e-01
-2.200000000000000178e+00 2.007501570300567639e+00 3.769303810091091833e+00 -1.994155947364975923e+00 1.189110053896624386e+00 2.949518529890848395e+00 -9.599379125286832126e-01
-2.180000000000000160e+00 2.027984619140625000e+00 3.818031787872314453e+00 -2.007052659988403320e+00 1.274921211154510514e+00 2.994560055461892301e+00 -9.077372239980170399e-01
-2.160000000000000142e+00 2.047484844608795207e+00 3.865758121519015322e+00 -2.019046557746718484e+00 1.357608254674637527e+00 3.038589397136645331e+00 -8.480044518329000747e-01
-2.140000000000000124e+00 2.066557800517936361e+00 3.913549784710278256e+00 -2.030702603662194683e+00 1.430748743418948754e+00 3.076289509961711577e+00 -7.903433107378411426e-01
-2.120000000000000107e+00 2.085759040680908338e+00 3.962473751125189736e+00 -2.042585760757108293e+00 1.487920236349389080e+00 3.102343348983698679e+00 -7.443575154173497355e-01
-2.100000000000000089e+00 2.105644118910568352e+00 4.013596994442830024e+00 -2.055260992053732139e+00 1.522700292427901170e+00 3.111433869249211170e+00 -7.196507805759341236e-01
-2.080000000000000071e+00 2.126768589019775391e+00 4.067986488342285156e+00 -2.069293260574340820e+00 1.528666470616429462e+00 3.098244025804854029e+00 -7.258268209181034658e-01
-2.060000000000000053e+00 2.149524652432175387e+00 4.126342348027412399e+00 -2.084988230381434882e+00 1.502659736014695380e+00 3.062052390128056967e+00 -7.676968116867765035e-01
-2.040000000000000036e+00 2.173651101014557607e+00 4.187897254801163704e+00 -2.101614369698415974e+00 1.454574678273534705e+00 3.020519999419533974e+00 -8.309017702785093107e-01
-2.020000000000000462e+00 2.198723374244500040e+00 4.251517031491260923e+00 -2.118180847788913024e+00 1.397569293181561090e+00 2.995903507310825109e+00 -8.962901746282685433e-01
-2.000000000000000000e+00 2.224316911599578894e+00 4.316067500925430345e+00 -2.133696833916554958e+00 1.344801576527387965e+00 3.010459567433467765e+00 -9.447105026710199693e-01
-1.980000000000000204e+00 2.250007152557373047e+00 4.380414485931396484e+00 -2.147171497344970703e+00 1.309429524099629649e+00 3.086444833419001110e+00 -9.570112323417300226e-01
-1.960000000000000187e+00 2.275390043053250988e+00 4.443754818219477265e+00 -2.157930835745244025e+00 1.301807463540584742e+00 3.236583757701788855e+00 -9.201752484910334928e-01
-1.940000000000000169e+00 2.300143554853764094e+00 4.506609365030379344e+00 -2.166568160418287814e+00 1.321075049907297627e+00 3.435471987927504856e+00 -8.457230636322420336e-01
-1.920000000000000373e+00 2.323966166183254245e+00 4.569830002487401011e+00 -2.173993611072468468e+00 1.363568270110497416e+00 3.648172970544646621e+00 -7.513095971943362095e-01
-1.900000000000000355e+00 2.346556355266064209e+00 4.634268606713844108e+00 -2.181117327416154605e+00 1.425623111060913661e+00 3.839750152001714767e+00 -6.545897686062954746e-01
-1.880000000000000338e+00 2.367612600326538086e+00 4.700777053833007812e+00 -2.188849449157714844e+00 1.503575559669276140e+00 3.975266978747208579e+00 -5.732184972971012815e-01
-1.860000000000000320e+00 2.386982541001180014e+00 4.770028172490671459e+00 -2.197830594301162677e+00 1.591337352676598371e+00 4.030072822749640515e+00 -5.196510070893232136e-01
-1.840000000000000302e+00 2.405110462575144936e+00 4.841978601422533224e+00 -2.207623294033097316e+00 1.673123226145036169e+00 4.020660758057589490e+00 -4.855437393798904266e-01
-1.820000000000000284e+00 2.422589811745748722e+00 4.916405931886769665e+00 -2.217520557835764627e+00 1.730723665967025982e+00 3.973809784239644483e+00 -4.573534399593214839e-01
-1.800000000000000266e+00 2.440014035210307686e+00 4.993087755141554673e+00 -2.226815395191408697e+00 1.745929158035007589e+00 3.916298900864398469e+00 -4.215368546181352261e-01
-1.780000000000000249e+00 2.457976579666137695e+00 5.071801662445068359e+00 -2.234800815582275391e+00 1.700530188241419438e+00 3.874907107500443093e+00 -3.645507291468502165e-01
-1.760000000000000231e+00 2.477003387989024752e+00 5.152499408474328746e+00 -2.240998230913019196e+00 1.584322188603765724e+00 3.871481742246281943e+00 -2.782160680143963560e-01
-1.740000000000000213e+00 2.497350387768629165e+00 5.235829401581732157e+00 -2.245842662777935317e+00 1.419120375639813414e+00 3.908143497320073934e+00 -1.758109104033480918e-01
-1.720000000000000195e+00 2.519206002773081821e+00 5.322614213538519934e+00 -2.249997535193726250e+00 1.234744911992394334e+00 3.982081403469889924e+00 -7.597755417469065353e-02
-1.700000000000000178e+00 2.542758656770512715e+00 5.413676416115930756e+00 -2.254126272177097157e+00 1.061015960304342531e+00 4.090484491443801218e+00 2.641702810589905207e-03
-1.680000000000000160e+00 2.568196773529052290e+00 5.509838581085205966e+00 -2.258892297744750977e+00 9.277536832184885007e-01 4.230541791989879563e+00 4.140456269150918911e-02
-1.660000000000000142e+00 2.595582264739256129e+00 5.611414207497514184e+00 -2.264716862524664975e+00 8.580849889651257500e-01 4.398070748132196783e+00 2.799922116641447023e-02
-1.640000000000000124e+00 2.624470993781370165e+00 5.716680503523734913e+00 -2.271052523589903060e+00 8.483637681243867412e-01 4.583402451998809468e+00 -2.456415182901333302e-02
-1.620000000000000107e+00 2.654292311958067696e+00 5.823405604614674047e+00 -2.277109664624803909e+00 8.882506568638645073e-01 4.775496407993780501e+00 -9.694489279975988805e-02
-1.600000000000000089e+00 2.684475570572022018e+00 5.929357646221142808e+00 -2.282098669313704420e+00 9.674062913511518591e-01 4.963312120521169213e+00 -1.698023382508110080e-01
-1.580000000000000071e+00 2.714450120925903320e+00 6.032304763793946201e+00 -2.285229921340942383e+00 1.075491307753841497e+00 5.135809093985032270e+00 -2.237958246871523393e-01
-1.560000000000000275e+00 2.743753481017210394e+00 6.130824256988502974e+00 -2.285992377917766216e+00 1.202430893634027331e+00 5.284421151319101284e+00 -2.447667712216143043e-01
-1.540000000000000258e+00 2.772355835622738685e+00 6.226730082278661094e+00 -2.284989290363064640e+00 1.339208442131812227e+00 5.410479389575778342e+00 -2.392849273984058722e-01
-1.520000000000000240e+00 2.800335536214107357e+00 6.322645360342880494e+00 -2.283102483522636561e+00 1.477071897781797816e+00 5.517789224337137810e+00 -2.191021253695803472e-01
-1.500000000000000222e+00 2.827770934262935576e+00 6.421193211859614891e+00 -2.281213782242280885e+00 1.607269205118586175e+00 5.610156071185247839e+00 -1.959701972871911169e-01
-1.480000000000000204e+00 2.854740381240844727e+00 6.524996757507324219e+00 -2.280205011367797852e+00 1.721048308676780714e+00 5.691385345702182796e+00 -1.816409753032917074e-01
-1.460000000000000187e+00 2.881352400516853152e+00 6.635935195517716600e+00 -2.280716768733348498e+00 1.809984504209202427e+00 5.766285529475132066e+00 -1.847284192864503960e-01
-1.440000000000000391e+00 2.907836203049575907e+00 6.752912034335498248e+00 -2.282424744126541505e+00 1.866962492341544877e+00 5.843677368111751314e+00 -2.012949999712943805e-01
-1.420000000000000373e+00 2.934451171695027227e+00 6.874086859958633333e+00 -2.284763400323348126e+00 1.885194324917721209e+00 5.933384673224811223e+00 -2.242653158089660814e-01
-1.400000000000000355e+00 2.961456689309220014e+00 6.997619258385078034e+00 -2.287167200099740505e+00 1.857892053781643460e+00 6.045231256427082478e+00 -2.465639652506075308e-01
-1.380000000000000338e+00 2.989112138748168501e+00 7.121668815612792969e+00 -2.289070606231689453e+00 1.778267730777224109e+00 6.189040929331340202e+00 -2.611155467473609271e-01
-1.360000000000000320e+00 3.017620722762544005e+00 7.245027738192831634e+00 -2.290041685454505149e+00 1.645699002098553576e+00 6.369342012282342758e+00 -2.621741970163818936e-01
-1.340000000000000302e+00 3.046960923681641287e+00 7.369018714888619037e+00 -2.290182920340853467e+00 1.484225891340433812e+00 6.569480860552812551e+00 -2.493122058388794471e-01
-1.320000000000000284e+00 3.077055043729416628e+00 7.495597055016679278e+00 -2.289730397422740094e+00 1.324054016447845372e+00 6.767508338147461444e+00 -2.234314012620766676e-01
-1.300000000000000266e+00 3.107825385129821871e+00 7.626718067893530240e+00 -2.288920203232169381e+00 1.195388995365765927e+00 6.941475309071000410e+00 -1.854336113331957192e-01
-1.280000000000000249e+00 3.139194250106811523e+00 7.764337062835693359e+00 -2.287988424301147461e+00 1.128436446039177143e+00 7.069432637328143088e+00 -1.362206640994594598e-01
-1.260000000000000231e+00 3.171092200574695763e+00 7.909735712062523127e+00 -2.287159288444603700e+00 1.144351933466167370e+00 7.137907393629240538e+00 -7.872019417285566756e-02
-1.240000000000000213e+00 3.203482837209208789e+00 8.061501139404700922e+00 -2.286609588609166188e+00 1.228090810857262127e+00 7.167331475507211280e+00 -2.396306242443229165e-02
-1.220000000000000195e+00 3.236338020376441360e+00 8.217546831595745616e+00 -2.286504259024388030e+00 1.355558378476095616e+00 7.186612987200612146e+00 1.499406370999746552e-02
-1.200000000000000178e+00 3.269629610442487788e+00 8.375786275369170752e+00 -2.287008233919823219e+00 1.502659936586303369e+00 7.224660032948007071e+00 2.509451679462055412e-02
-1.180000000000000160e+00 3.303329467773437500e+00 8.534132957458496094e+00 -2.288286447525023970e+00 1.645300785451519587e+00 7.310380716987953775e+00 -6.718370606376249110e-03
-1.160000000000000142e+00 3.337440269250198099e+00 8.691055738782907270e+00 -2.290444308731557577e+00 1.763673069407776017e+00 7.463806878143246060e+00 -8.722869302955521542e-02
-1.140000000000000124e+00 3.372087957812945458e+00 8.847244977004296018e+00 -2.293349125079048978e+00 1.855116309080698800e+00 7.669465293573626496e+00 -1.981302534144756822e-01
-1.120000000000000329e+00 3.407429292916670960e+00 9.003946403970212842e+00 -2.296808678769134637e+00 1.921256869168309178e+00 7.903006475023064858e+00 -3.148442818014449696e-01
-1.100000000000000311e+00 3.443621034016363769e+00 9.162405751528222453e+00 -2.300630752003453239e+00 1.963721114368631060e+00 8.140080934235539800e+00 -4.127920082307741101e-01
-1.080000000000000293e+00 3.480819940567016602e+00 9.323868751525880683e+00 -2.304623126983642578e+00 1.984135409379686577e+00 8.356339182955023759e+00 -4.673946627427703615e-01
-1.060000000000000275e+00 3.519070224392894630e+00 9.489246876323909063e+00 -2.308608535833264863e+00 1.985345662900384278e+00 8.534535587182444871e+00 -4.619722344249243551e-01
-1.040000000000000258e+00 3.557965906795356403e+00 9.658114560335690157e+00 -2.312469510363577729e+00 1.975075959633171729e+00 8.685839929946524762e+00 -4.114397485534542209e-01
-1.020000000000000240e+00 3.596988461445035146e+00 9.829711978487759794e+00 -2.316103532307763668e+00 1.962269928281381803e+00 8.828525848532938980e+00 -3.386109894517598806e-01
-1.000000000000000222e+00 3.635619362012565858e+00 1.000327930570666624e+01 -2.319408083399005172e+00 1.955871197548349594e+00 8.980866980227371954e+00 -2.662997414432418108e-01
-9.800000000000002043e-01 3.673340082168578657e+00 1.017805671691894354e+01 -2.322280645370483398e+00 1.964823396137406197e+00 9.161136962315490351e+00 -2.173197888512999054e-01
-9.600000000000001865e-01 3.709843381670655749e+00 1.035390244989118180e+01 -2.324748832939045329e+00 1.995371479968835571e+00 9.382174978679580946e+00 -2.096745578738400395e-01
-9.400000000000001688e-01 3.745667164624159273e+00 1.053314699375011543e+01 -2.327360792756190566e+00 2.042965713830715568e+00 9.635082399588325686e+00 -2.421260422067905427e-01
-9.200000000000001510e-01 3.781560621221400353e+00 1.071873890046253308e+01 -2.330794804457084979e+00 2.100357689728073574e+00 9.905526141907024851e+00 -3.086258774205853928e-01
-9.000000000000001332e-01 3.818272941654687891e+00 1.091362672199521278e+01 -2.335729147676893991e+00 2.160298999665936748e+00 1.017917312250096629e+01 -4.031256990856584288e-01
-8.800000000000001155e-01 3.856553316116333008e+00 1.112075901031494318e+01 -2.342842102050781250e+00 2.215541235649332474e+00 1.044169025823544317e+01 -5.195771427724438229e-01
-8.600000000000003197e-01 3.896930293342816487e+00 1.134188110182132547e+01 -2.352636719645052832e+00 2.259649059700092444e+00 1.068122353554159432e+01 -6.509402948381274312e-01
-8.400000000000003020e-01 3.939049856247312853e+00 1.157392547064529253e+01 -2.364915142250576530e+00 2.289439413907269127e+00 1.089583521911396780e+01 -7.862090447869148901e-01
-8.200000000000002842e-01 3.982337346287160518e+00 1.181262137535058621e+01 -2.379304284089359456e+00 2.302542310376714418e+00 1.108606664321294133e+01 -9.133857329097601063e-01
-8.000000000000002665e-01 4.026218104919706775e+00 1.205369807450095898e+01 -2.395431059383410055e+00 2.296587761214284651e+00 1.125245914209890508e+01 -1.020472699497619429e+00
-7.800000000000002487e-01 4.070117473602294922e+00 1.229288482666015625e+01 -2.412922382354736772e+00 2.269205778525834827e+00 1.139555405003224919e+01 -1.095472284841448429e+00
-7.600000000000002309e-01 4.113704405910833195e+00 1.252714483624391661e+01 -2.431485124586089785e+00 2.221162479616645591e+00 1.151970626800534347e+01 -1.131387455818515519e+00
-7.400000000000002132e-01 4.157622303895501581e+00 1.275837709107593732e+01 -2.451145987103198198e+00 2.165768402589704600e+00 1.164452496393852954e+01 -1.141223685651341802e+00
-7.200000000000001954e-01 4.202758181725046782e+00 1.298971452483189459e+01 -2.472011628292532404e+00 2.119470190747423377e+00 1.179343287248411976e+01 -1.142987074148759330e+00
-7.000000000000001776e-01 4.249999053568213725e+00 1.322429007118747357e+01 -2.494188706540564127e+00 2.098714487392215222e+00 1.198985272829443538e+01 -1.154683721119601048e+00
-6.800000000000001599e-01 4.300231933593750000e+00 1.346523666381835938e+01 -2.517783880233764648e+00 2.119947935826493879e+00 1.225720726602179944e+01 -1.194319726372700341e+00
-6.600000000000001421e-01 4.353950161169365174e+00 1.371484361509264360e+01 -2.542930365628750522e+00 2.193817425378682628e+00 1.260969318141877871e+01 -1.275399757846007009e+00
-6.400000000000001243e-01 4.410072376458641585e+00 1.397202575214811837e+01 -2.569867610462728269e+00 2.307770829481258446e+00 1.302460301463897352e+01 -1.393422755993941387e+00
-6.200000000000001066e-01 4.467123544824123549e+00 1.423485428081498760e+01 -2.598861620343048795e+00 2.443456267592706510e+00 1.347000326693623329e+01 -1.539386229400040440e+00
-6.000000000000003109e-01 4.523628631628355379e+00 1.450140040692344812e+01 -2.630178400877061673e+00 2.582521859171512002e+00 1.391396043956439499e+01 -1.704287686647838918e+00
-5.800000000000002931e-01 4.578112602233886719e+00 1.476973533630371094e+01 -2.664083957672119141e+00 2.706615723676165874e+00 1.432454103377732224e+01 -1.879124636320878006e+00
-5.600000000000002753e-01 4.629716945719077437e+00 1.503905183986011629e+01 -2.700986268733866602e+00 2.802431440557604070e+00 1.467875915404657405e+01 -2.058010141030146567e+00
-5.400000000000002576e-01 4.680049246025549614e+00 1.531302894879350873e+01 -2.741861201661122571e+00 2.876844429236565137e+00 1.498941931771457092e+01 -2.247519479496444816e+00
-5.200000000000002398e-01 4.731333610810739110e+00 1.559646725937887446e+01 -2.787826596450997396e+00 2.941775569126239720e+00 1.527827364534145183e+01 -2.457343484468026418e+00
-5.000000000000002220e-01 4.785794147732085335e+00 1.589416736789120499e+01 -2.840000293100605866e+00 3.009145739639818018e+00 1.556707425748736107e+01 -2.697172988693147033e+00
-4.800000000000002043e-01 4.845654964447021484e+00 1.621092987060547230e+01 -2.899500131607056108e+00 3.090875820190488898e+00 1.587757327471242164e+01 -2.976698824920056996e+00
-4.600000000000001865e-01 4.912468059067118809e+00 1.654987733967589136e+01 -2.967191825900016067e+00 3.194936908186800650e+00 1.622879288468610426e+01 -3.303613491691129500e+00
-4.400000000000001688e-01 4.985096991520461707e+00 1.690742025077356203e+01 -3.042932585639365417e+00 3.313500973018736140e+00 1.662883554351514448e+01 -3.677616150725198541e+00
-4.200000000000001510e-01 5.061733212189269970e+00 1.727829105544882182e+01 -3.126327494417536990e+00 3.434790202071638099e+00 1.708307377441560249e+01 -4.096407629535217865e+00
-4.000000000000001332e-01 5.140568171455758950e+00 1.765722220525198694e+01 -3.216981635826964947e+00 3.547026782730847039e+00 1.759688010060353136e+01 -4.557688755634138111e+00
-3.800000000000001155e-01 5.219793319702148438e+00 1.803894615173339844e+01 -3.314500093460083008e+00 3.638432902381704359e+00 1.817562704529499484e+01 -5.059160356534912140e+00
-3.600000000000003197e-01 5.298101198108884802e+00 1.841956953874101544e+01 -3.418848213325859309e+00 3.701946463376330598e+00 1.881819904967540680e+01 -5.598740222869928118e+00
-3.400000000000003020e-01 5.376188711049342928e+00 1.880069577931341840e+01 -3.531432391099411650e+00 3.749368227933967290e+00 1.949752822680763131e+01 -6.175213997749371408e+00
-3.200000000000002842e-01 5.455253853695122501e+00 1.918530247878678807e+01 -3.654019284872385587e+00 3.797214673240629335e+00 2.018005860772387194e+01 -6.787584287402844474e+00
-3.000000000000002665e-01 5.536494621217828538e+00 1.957636724249733362e+01 -3.788375552736432894e+00 3.862002276482335628e+00 2.083223422345633224e+01 -7.434853698059962213e+00
-2.800000000000002487e-01 5.621109008789062500e+00 1.997686767578125355e+01 -3.936267852783202681e+00 3.960247514845105066e+00 2.142049910503722998e+01 -8.116024835950335969e+00
-2.600000000000002309e-01 5.710133782255886636e+00 2.038913513951529666e+01 -4.099442853374057449e+00 4.105613673252999973e+00 2.192183081331585370e+01 -8.839588472587728063e+00
-2.400000000000002132e-01 5.803960790167179695e+00 2.081291601673839153e+01 -4.279567263949195954e+00 4.300351267582254167e+00 2.235534102840983195e+01 -9.651988040622466514e+00
-2.200000000000001954e-01 5.902820651747283875e+00 2.124731044603000996e+01 -4.478287804218531676e+00 4.543857621447146222e+00 2.275067496025387470e+01 -1.060915513798903120e+01
-2.000000000000001776e-01 6.006943986220539600e+00 2.169141856596963436e+01 -4.697251193891977650e+00 4.835530058461955605e+00 2.313747781878270615e+01 -1.176702136262190379e+01
-1.800000000000001599e-01 6.116561412811280185e+00 2.214434051513671875e+01 -4.938104152679443359e+00 5.174765902240958226e+00 2.354539481393101852e+01 -1.318151831245555705e+01
-1.600000000000001421e-01 6.232107130661763250e+00 2.260492425073198319e+01 -5.203972128091242766e+00 5.558562841501936802e+00 2.397670243106478694e+01 -1.488830364516820914e+01
-1.400000000000001243e-01 6.354829658585895658e+00 2.307100900444103431e+01 -5.503895478839279320e+00 5.974320025376682608e+00 2.432420225727497609e+01 -1.684193925741302067e+01
-1.200000000000001066e-01 6.486181095315501466e+00 2.354018182657071989e+01 -5.848393291435861840e+00 6.407036968100491947e+00 2.445332715508381227e+01 -1.897671310558688873e+01
-1.000000000000000888e-01 6.627613539582397628e+00 2.401002976742786998e+01 -6.247984652393292038e+00 6.841713183908657570e+00 2.422950998701349690e+01 -2.122691314608670865e+01
-8.000000000000007105e-02 6.780579090118407315e+00 2.447813987731933238e+01 -6.713188648223876953e+00 7.263348187036474002e+00 2.351818361558626691e+01 -2.352682733530937753e+01
-6.000000000000005329e-02 6.945564125608539641e+00 2.494082310047670603e+01 -7.250018926466786695e+00 7.655662035821834799e+00 2.223657727732389944e+01 -2.580594630452793936e+01
-4.000000000000003553e-02 7.119192144550518186e+00 2.538928595683048783e+01 -7.846467378768636536e+00 7.997256965013006536e+00 2.050910570474640338e+01 -2.797457138451992620e+01
-2.000000000000001776e-02 7.297120925395260471e+00 2.581345886023596847e+01 -8.486020457802917250e+00 8.265455753460864585e+00 1.851198000437337043e+01 -2.993820658093903120e+01
0.000000000000000000e+00 7.475008246593678685e+00 2.620327222454840665e+01 -9.152164616243110729e+00 8.437581180016271887e+00 1.642141128272437456e+01 -3.160235589943894041e+01
