-2.280000000000000249e+00 1.180701482558967186e+01 2.497278091429755875e+02 1.298553295561085577e+02 1.165336214437488138e+01 1.160059504546846121e+01 -7.703426897734789236e+01
-2.260000000000000231e+00 1.203845446441571809e+01 2.499368186075951712e+02 1.282804845187947649e+02 1.192515396059595112e+01 9.871151391930933272e+00 -7.792607579452254640e+01
-2.240000000000000213e+00 1.226901216481462953e+01 2.501235473392392521e+02 1.267397383993801725e+02 1.206362551298105856e+01 8.359104420690426807e+00 -7.867677674672586363e+01
-2.220000000000000195e+00 1.249898708092626265e+01 2.502873064472035196e+02 1.252210664669132996e+02 1.209156067557533909e+01 7.023785769474786278e+00 -7.931278172355241907e+01
-2.200000000000000178e+00 1.272867836689047749e+01 2.504274070407840043e+02 1.237124439904428215e+02 1.203174332242393696e+01 5.824527076011861482e+00 -7.986050061459678773e+01
-2.180000000000000160e+00 1.295838517684714120e+01 2.505431602292765092e+02 1.222018462390173994e+02 1.190695732757199110e+01 4.720659978029498660e+00 -8.034634330945354463e+01
-2.160000000000000142e+00 1.318840666493611202e+01 2.506338771219769228e+02 1.206772484816856377e+02 1.173998656506464044e+01 3.671516113255543612e+00 -8.079671969771729323e+01
-2.140000000000000124e+00 1.341904198529724468e+01 2.506988688281810767e+02 1.191266259874961122e+02 1.155361490894702392e+01 2.636427119417840359e+00 -8.123803966898255169e+01
-2.120000000000000107e+00 1.365059029207040986e+01 2.507374464571849728e+02 1.175379540254975552e+02 1.137062623326428579e+01 1.574724634244240473e+00 -8.169671311284398030e+01
-2.100000000000000089e+00 1.388335073939545694e+01 2.507489211182843292e+02 1.158992078647385142e+02 1.121380441206155965e+01 4.457402954625883651e-01 -8.219914991889608302e+01
-2.080000000000000071e+00 1.411762248141225307e+01 2.507326039207750910e+02 1.141983627742676362e+02 1.110593331938398975e+01 -7.911942591992719986e-01 -8.277175997673347752e+01
-2.060000000000000053e+00 1.435345417007455637e+01 2.506880442618196980e+02 1.124296100540585712e+02 1.106273677774357722e+01 -2.162989090667462477e+00 -8.343086708237221671e+01
-2.040000000000000036e+00 1.458989244859170675e+01 2.506157446900471371e+02 1.106120051277849399e+02 1.107169840351977363e+01 -3.641521054483997322e+00 -8.415245065751429365e+01
-2.020000000000000462e+00 1.482573345798695108e+01 2.505164460419529178e+02 1.087708194500454084e+02 1.111324176155889454e+01 -5.184908704844866989e+00 -8.490240403028325034e+01
-2.000000000000000000e+00 1.505977333928352024e+01 2.503908891540325783e+02 1.069313244754385721e+02 1.116779041670724659e+01 -6.751270595946053277e+00 -8.564662052880252929e+01
-1.980000000000000204e+00 1.529080823350466645e+01 2.502398148627817420e+02 1.051187916585631683e+02 1.121576793381115777e+01 -8.298725281983541535e+00 -8.635099348119568674e+01
-1.960000000000000187e+00 1.551795248047309705e+01 2.500637172532615011e+02 1.033516208594066370e+02 1.123966121283025466e+01 -9.793866549640600994e+00 -8.699013247656895942e+01
-1.940000000000000169e+00 1.574159321520945021e+01 2.498621034047960450e+02 1.016207255595122376e+02 1.123021049417748429e+01 -1.123718911554961508e+01 -8.757351214795997407e+01
-1.920000000000000373e+00 1.596243577153382098e+01 2.496342336452749464e+02 9.991014764581204588e+01 1.118021935337911010e+01 -1.263766292883024356e+01 -8.811932338938903797e+01
-1.900000000000000355e+00 1.618118548326631867e+01 2.493793683025880057e+02 9.820392900523812330e+01 1.108249136596139550e+01 -1.400425793860216039e+01 -8.864575709487650101e+01
-1.880000000000000338e+00 1.639854768422704723e+01 2.490967677046249946e+02 9.648611152472263086e+01 1.092983010745061101e+01 -1.534594409398502890e+01 -8.917100415844276995e+01
-1.860000000000000320e+00 1.661493741668580526e+01 2.487859555726012672e+02 9.474473612392108635e+01 1.072059961366994862e+01 -1.667326769940665088e+01 -8.970897184353972875e+01
-1.840000000000000302e+00 1.682960855671121081e+01 2.484475092010351887e+02 9.298383985338311675e+01 1.047540576163034487e+01 -1.800308048052746912e+01 -9.025643289134583824e+01
-1.820000000000000284e+00 1.704152468882154992e+01 2.480822692777707914e+02 9.121145879638174847e+01 1.022041488863965597e+01 -1.935381051831604182e+01 -9.080587641247102226e+01
-1.800000000000000266e+00 1.724964939753513349e+01 2.476910764906519660e+02 8.943562903619003635e+01 9.981793332005748809e+00 -2.074388589374093428e+01 -9.134979151752524729e+01
-1.780000000000000249e+00 1.745294626737025467e+01 2.472747715275228870e+02 8.766438665608107783e+01 9.785707429036484939e+00 -2.219173468777073666e+01 -9.188066731711849400e+01
-1.760000000000000231e+00 1.765088344920018315e+01 2.468328874446651184e+02 8.590098108392626841e+01 9.651564525943550521e+00 -2.371022098844705539e+01 -9.239440337890853527e+01
-1.740000000000000213e+00 1.784494735931801301e+01 2.463597267721107755e+02 8.412951512599047987e+01 9.571736004553942578e+00 -2.528995291210372187e+01 -9.290054109874422750e+01
-1.720000000000000195e+00 1.803712898037180068e+01 2.458482844083296470e+02 8.232930493313691045e+01 9.531834255598482741e+00 -2.691597458214762639e+01 -9.341203232952224766e+01
-1.700000000000000178e+00 1.822941929500960967e+01 2.452915552517914648e+02 8.047966665622877258e+01 9.517471669807989088e+00 -2.857333012198563083e+01 -9.394182892413924435e+01
-1.680000000000000160e+00 1.842380928587949640e+01 2.446825342009660176e+02 7.855991644612930713e+01 9.514260637913285024e+00 -3.024706365502464678e+01 -9.450288273549189455e+01
-1.660000000000000142e+00 1.862155453122370474e+01 2.440173365769334737e+02 7.655820747673116955e+01 9.509164704508251020e+00 -3.192562199808193313e+01 -9.510289026660650791e+01
-1.640000000000000124e+00 1.882096899166120352e+01 2.433045593912154629e+02 7.449804101404473045e+01 9.494552029639010016e+00 -3.361106274161627994e+01 -9.572852662102792465e+01
-1.620000000000000107e+00 1.901963122340515611e+01 2.425559200779440800e+02 7.241175534710983186e+01 9.464141927214747341e+00 -3.530884616949688848e+01 -9.636121155243066028e+01
-1.600000000000000089e+00 1.921511978266871878e+01 2.417831360712515050e+02 7.033168876496638688e+01 9.411653711144644774e+00 -3.702443256559294582e+01 -9.698236481448923030e+01
-1.580000000000000071e+00 1.940501322566504427e+01 2.409979248052696335e+02 6.829017955665415229e+01 9.330806695337889423e+00 -3.876328221377363548e+01 -9.757340616087810758e+01
-1.560000000000000275e+00 1.958751370609939357e+01 2.402082706348596446e+02 6.631065441473842270e+01 9.218183951120202835e+00 -4.052885351655825730e+01 -9.811804370261610586e+01
-1.540000000000000258e+00 1.976331776764540393e+01 2.394072255977979751e+02 6.438089364588569197e+01 9.081823579483451425e+00 -4.231659735106654097e+01 -9.860913898009904699e+01
-1.520000000000000240e+00 1.993374555146880311e+01 2.385841086525901460e+02 6.247976596028794205e+01 8.932627438836037825e+00 -4.411996271306824724e+01 -9.904184189106709368e+01
-1.500000000000000222e+00 2.010011719873532599e+01 2.377282387577415079e+02 6.058614006813707675e+01 8.781497387586366443e+00 -4.593239859833321503e+01 -9.941130233326032339e+01
-1.480000000000000204e+00 2.026375285061070741e+01 2.368289348717575535e+02 5.867888467962503540e+01 8.639335284142845239e+00 -4.774735400263122642e+01 -9.971267020441889883e+01
-1.460000000000000187e+00 2.042554191851738210e+01 2.358786900167706904e+02 5.674217609072351109e+01 8.512591298188175060e+00 -4.955939989407416135e+01 -9.994853286492899258e+01
-1.440000000000000391e+00 2.058465089490461963e+01 2.348826934694211275e+02 5.478142094052328304e+01 8.389908844502263818e+00 -5.136759513014208522e+01 -1.001512275257609588e+02
-1.420000000000000373e+00 2.073981554247839298e+01 2.338493085699760172e+02 5.280733345389486999e+01 8.255479649139312315e+00 -5.317212054065714000e+01 -1.003605288605312182e+02
-1.400000000000000355e+00 2.088977162394467157e+01 2.327868986587025404e+02 5.083062785570877651e+01 8.093495438153526678e+00 -5.497315695544145342e+01 -1.006162115428561634e+02
-1.380000000000000338e+00 2.103325490200942838e+01 2.317038270758679062e+02 4.886201837083556399e+01 7.888147937599110371e+00 -5.677088520431716745e+01 -1.009580502463522294e+02
-1.360000000000000320e+00 2.116981290874071320e+01 2.306038192482615727e+02 4.690673647480638664e+01 7.630658349401552520e+00 -5.857100935993948099e+01 -1.014106063480120241e+02
-1.340000000000000302e+00 2.130224025365490448e+01 2.294720489487620512e+02 4.494808264579498314e+01 7.340365778971473354e+00 -6.040132646629582069e+01 -1.019375880383332174e+02
-1.320000000000000284e+00 2.143414331563045394e+01 2.282890520367703004e+02 4.296387461263575602e+01 7.043638807590784090e+00 -6.229515681020674123e+01 -1.024874902111896375e+02
-1.300000000000000266e+00 2.156912847354580265e+01 2.270353643716870238e+02 4.093193010416302968e+01 6.766846016541386177e+00 -6.428582067849271198e+01 -1.030088077604551273e+02
-1.280000000000000249e+00 2.171080210627942009e+01 2.256915218129132370e+02 3.883006684921122087e+01 6.536355987105187282e+00 -6.640663835797430181e+01 -1.034500355800035578e+02
-1.260000000000000231e+00 2.186115558047823981e+01 2.242457726627136481e+02 3.664572596421980677e+01 6.370011217974351325e+00 -6.867730064557804326e+01 -1.037750503126512598e+02
-1.240000000000000213e+00 2.201572021386317957e+01 2.227172149948085007e+02 3.440484211604874787e+01 6.251549877482067252e+00 -7.106298037865460060e+01 -1.040092555969844739e+02
-1.220000000000000195e+00 2.216841231192366379e+01 2.211326593257819297e+02 3.214297335916310061e+01 6.156184051371774935e+00 -7.351522090466065151e+01 -1.041934368205318719e+02
-1.200000000000000178e+00 2.231314818014910273e+01 2.195189161722182973e+02 2.989567774802794986e+01 6.059125825386923125e+00 -7.598556557105298737e+01 -1.043683793708222680e+02
-1.180000000000000160e+00 2.244384412402891371e+01 2.179027960507016815e+02 2.769851333710835917e+01 5.935587285270953473e+00 -7.842555772528828584e+01 -1.045748686353843198e+02
-1.160000000000000142e+00 2.255624553790576670e+01 2.163031696214719375e+02 2.557689921087183293e+01 5.766967592177955737e+00 -8.080048567343521881e+01 -1.048398421692520230e+02
-1.140000000000000124e+00 2.265341417153540604e+01 2.147071481193916611e+02 2.351569857379566741e+01 5.559414208904608579e+00 -8.313061755601044922e+01 -1.051348461974806554e+02
-1.120000000000000329e+00 2.274024086352682161e+01 2.130939029229789696e+02 2.148963566035957484e+01 5.325261673658236106e+00 -8.544996647214259156e+01 -1.054175791126307047e+02
-1.100000000000000311e+00 2.282161645248900328e+01 2.114426054107520088e+02 1.947343470504323903e+01 5.076844524646153545e+00 -8.779254552096023190e+01 -1.056457393072626161e+02
-1.080000000000000293e+00 2.290243177703095157e+01 2.097324269612289811e+02 1.744181994232639354e+01 4.826497300075686780e+00 -9.019236780159204159e+01 -1.057770251739369485e+02
-1.060000000000000275e+00 2.298626607291523172e+01 2.079482136480614543e+02 1.537637156292164953e+01 4.581944800254235339e+00 -9.267580660138285964e+01 -1.057847353864572995e+02
-1.040000000000000258e+00 2.307145216451862524e+01 2.060975103254341434e+02 1.328609358247319960e+01 4.332472873889490650e+00 -9.523867596054246576e+01 -1.057045697435994782e+02
-1.020000000000000240e+00 2.315501127337150677e+01 2.041935365426652709e+02 1.118684597285812643e+01 4.062757631789224000e+00 -9.786915010749687838e+01 -1.055878283253824321e+02
-1.000000000000000222e+00 2.323396462100422966e+01 2.022495118490729737e+02 9.094488705953517993e+00 3.757475184761207121e+00 -1.005554032706721586e+02 -1.054858112118251086e+02
-9.800000000000002043e-01 2.330533342894714366e+01 2.002786557939753322e+02 7.024881753636456061e+00 3.401301643613206860e+00 -1.032856096784942821e+02 -1.054498184829463696e+02
-9.600000000000001865e-01 2.336677235260972552e+01 1.982864872102195477e+02 4.986724045569205899e+00 2.985912933219104559e+00 -1.060550820597884751e+02 -1.055142875705368937e+02
-9.400000000000001688e-01 2.341846978291784964e+01 1.962477220647686522e+02 2.960070342554737000e+00 2.530984234717218673e+00 -1.088876871449765815e+02 -1.056462053134740842e+02
-9.200000000000001510e-01 2.346124754467652096e+01 1.941293756081147137e+02 9.178143631812054615e-01 2.063190543311980818e+00 -1.118144301648796102e+02 -1.057956959024070898e+02
-9.000000000000001332e-01 2.349592746269072308e+01 1.918984630907498570e+02 -1.167150173963240167e+00 1.609206854207819504e+00 -1.148663163503185984e+02 -1.059128835279850307e+02
-8.800000000000001155e-01 2.352333136176545025e+01 1.895219997631660362e+02 -3.321929550290449118e+00 1.195708162609164571e+00 -1.180743509321145126e+02 -1.059478923808570556e+02
-8.600000000000003197e-01 2.354418310982185858e+01 1.869797728046991949e+02 -5.562359420362746221e+00 8.401472097153939167e-01 -1.214572237024032688e+02 -1.058619053189918020e+02
-8.400000000000003020e-01 2.355881474724575142e+01 1.843026571100598403e+02 -7.859192931344555433e+00 5.230877207056486844e-01 -1.249843626985805400e+02 -1.056603398696360046e+02
-8.200000000000002842e-01 2.356746035753907620e+01 1.815342995028023267e+02 -1.017191260355071591e+01 2.158711667540251233e-01 -1.286128805193566222e+02 -1.053596722273557447e+02
-8.000000000000002665e-01 2.357035402420380166e+01 1.787183468064810086e+02 -1.246000095729610102e+01 -1.101609809653836952e-01 -1.322998897634419677e+02 -1.049763785867172885e+02
-7.800000000000002487e-01 2.356772983074188588e+01 1.758984458446502401e+02 -1.468294051289558588e+01 -4.836672512784850886e-01 -1.360025030295470856e+02 -1.045269351422867885e+02
-7.600000000000002309e-01 2.355928944328138996e+01 1.731056461740467398e+02 -1.681092504868405513e+01 -9.261596962565257218e-01 -1.396924400765185226e+02 -1.040220051139468751e+02
-7.400000000000002132e-01 2.354260485845482975e+01 1.703206082841369096e+02 -1.885699337507650597e+01 -1.430564460952109540e+00 -1.433998493037478568e+02 -1.034489998228460905e+02
-7.200000000000001954e-01 2.351471565552080989e+01 1.675113953975694017e+02 -2.084489556050793269e+01 -1.982661213663179822e+00 -1.471694862707626612e+02 -1.027895176154493981e+02
-7.000000000000001776e-01 2.347266141373793147e+01 1.646460707369929821e+02 -2.279838167341334199e+01 -2.568229622687679736e+00 -1.510461065370905658e+02 -1.020251568382217187e+02
-6.800000000000001599e-01 2.341348171236482045e+01 1.616926975250563885e+02 -2.474120178222775124e+01 -3.173049356323552672e+00 -1.550744656622593425e+02 -1.011375158376280723e+02
-6.600000000000001421e-01 2.333534689138538454e+01 1.586274464802704358e+02 -2.669084724791895624e+01 -3.786361483384009574e+00 -1.592864468316182354e+02 -1.001117990283795507e+02
-6.400000000000001243e-01 2.324095033368481111e+01 1.554589183045948459e+02 -2.863977460158596600e+01 -4.411252674743336044e+00 -1.636624437338038263e+02 -9.894763509817209979e+01
-6.200000000000001066e-01 2.313411618287360128e+01 1.522038211958513330e+02 -3.057418166686058925e+01 -5.054271001791086348e+00 -1.681699776832742828e+02 -9.764825880294776539e+01
-6.000000000000003109e-01 2.301866858256224901e+01 1.488788633518616962e+02 -3.248026626737460987e+01 -5.721964535916801431e+00 -1.727765699944876303e+02 -9.621690489864859330e+01
-5.800000000000002931e-01 2.289843167636124477e+01 1.455007529704476497e+02 -3.434422622675987213e+01 -6.420881348510053321e+00 -1.774497419819022639e+02 -9.465680814121665776e+01
-5.600000000000002753e-01 2.277513212853168767e+01 1.420742606377041568e+02 -3.615672539843712485e+01 -7.160735523505389111e+00 -1.821822211275296581e+02 -9.296046804695663468e+01
-5.400000000000002576e-01 2.264210668593702636e+01 1.385564064928185246e+02 -3.792629175498290550e+01 -7.963905195017370708e+00 -1.870675595835946012e+02 -9.107744317362335096e+01
-5.200000000000002398e-01 2.249059461609131105e+01 1.348922730632512810e+02 -3.966591929876270939e+01 -8.855934509705562618e+00 -1.922245156698752737e+02 -8.894655683933422097e+01
-5.000000000000002220e-01 2.231183518650859554e+01 1.310269428764628401e+02 -4.138860203214205313e+01 -9.862367614229532009e+00 -1.977718477061498845e+02 -8.650663236220673014e+01
-4.800000000000002043e-01 2.209706766470291583e+01 1.269054984599136446e+02 -4.310733395748639651e+01 -1.100874865524883894e+01 -2.038283140121965289e+02 -8.369649306035822178e+01
-4.600000000000001865e-01 2.184025132221069043e+01 1.224941102913860078e+02 -4.482694517838217507e+01 -1.230944046718432716e+01 -2.104644856714290029e+02 -8.045634342648263271e+01
-4.400000000000001688e-01 2.154622544665778605e+01 1.178433006499492848e+02 -4.651961020329942187e+01 -1.373408063550190761e+01 -2.175581848218031382e+02 -7.673191265157966257e+01
-4.200000000000001510e-01 2.122254932969244479e+01 1.130246797649947013e+02 -4.814933964192913152e+01 -1.524112543342877579e+01 -2.249390463649105243e+02 -7.247031110122551922e+01
-4.000000000000001332e-01 2.087678226296289807e+01 1.081098578659134262e+02 -4.968014410396224889e+01 -1.678903113419212190e+01 -2.324367052023426083e+02 -6.761864914099638213e+01
-3.800000000000001155e-01 2.051648353811738090e+01 1.031704451820966568e+02 -5.107603419908974729e+01 -1.833625401101913610e+01 -2.398807962356908661e+02 -6.212403713646843784e+01
-3.600000000000003197e-01 2.014641297531679953e+01 9.825773851664483516e+01 -5.230622963970630224e+01 -1.985823585672263292e+01 -2.471401935778857535e+02 -5.592409711615540857e+01
-3.400000000000003020e-01 1.976013250877273464e+01 9.334178096749516840e+01 -5.336078654902151186e+01 -2.139836054245806096e+01 -2.542407281872143869e+02 -4.891849776032058372e+01
-3.200000000000002842e-01 1.934840460120942396e+01 8.837230220629405153e+01 -5.423497015294864809e+01 -2.301699745896642568e+01 -2.612474702333024084e+02 -4.099741941216486651e+01
-3.000000000000002665e-01 1.890199171535111944e+01 8.329903190468802165e+01 -5.492404567740097576e+01 -2.477451599698877871e+01 -2.682254898857756871e+02 -3.205104241488913175e+01
-2.800000000000002487e-01 1.841165631392206237e+01 7.807169973432350218e+01 -5.542327834829180944e+01 -2.673128554726616102e+01 -2.752398573142601208e+02 -2.196954711169424712e+01
-2.600000000000002309e-01 1.787020667855666289e+01 7.265513675816644934e+01 -5.572420874211253050e+01 -2.892660326209961497e+01 -2.822652633521008170e+02 -1.064529880791040206e+01
-2.400000000000002132e-01 1.727863436652988582e+01 6.707457960446055267e+01 -5.580347883766689421e+01 -3.131547734003016004e+01 -2.889148814875191533e+02 2.020597342614891989e+00
-2.200000000000001954e-01 1.663997675402686838e+01 6.137036629276902744e+01 -5.563400596433676526e+01 -3.383184374115879933e+01 -2.947115058724559162e+02 1.612485122390481251e+01
-2.000000000000001776e-01 1.595727121723274600e+01 5.558283484265508889e+01 -5.518870745150401547e+01 -3.640963842558655728e+01 -2.991779306588517215e+02 3.176417271998254677e+01
-1.800000000000001599e-01 1.523355513233264169e+01 4.975232327368189544e+01 -5.444050062855048111e+01 -3.898279735341442631e+01 -3.018369499986471283e+02 4.903527171487124292e+01
-1.600000000000001421e-01 1.447028271436987268e+01 4.391604215881426398e+01 -5.335969952798519955e+01 -4.147693412818976810e+01 -3.022389582945797315e+02 6.789681860470658137e+01
-1.400000000000001243e-01 1.366257553382046552e+01 3.809869228462331847e+01 -5.190620499482588457e+01 -4.378437292724520091e+01 -3.000447509525742475e+02 8.775532583407418485e+01
-1.200000000000001066e-01 1.280397200001863744e+01 3.232184699108184844e+01 -5.003731457721740838e+01 -4.578911557135970867e+01 -2.949427236293521446e+02 1.078792663596721297e+02
-1.000000000000000888e-01 1.188801052229859856e+01 2.660707961816258660e+01 -4.771032582330461480e+01 -4.737516388131223266e+01 -2.866212719816350614e+02 1.275371131381985066e+02
-8.000000000000007105e-02 1.090822950999456253e+01 2.097596350583828340e+01 -4.488253628123238315e+01 -4.842651967788174971e+01 -2.747687916661445797e+02 1.459973391263514202e+02
-6.000000000000005329e-02 9.864571477944576117e+00 1.546165788697875065e+01 -4.153990724669665013e+01 -4.886148356865331266e+01 -2.593209504688715583e+02 1.626078222925518446e+02
-4.000000000000003553e-02 8.782595363001993505e+00 1.014366556604194258e+01 -3.778305500559739727e+01 -4.873555130843620020e+01 -2.412025046928839913e+02 1.770340606521115490e+02
-2.000000000000001776e-02 7.694264207524006416e+00 5.113075240382898734e+00 -3.374125959138577713e+01 -4.813851743884588075e+01 -2.215854827705195476e+02 1.890209572320655411e+02
0.000000000000000000e+00 6.631541053867804791e+00 4.609756073566310675e-01 -2.954380103751282860e+01 -4.716017650149771612e+01 -2.016419131341155833e+02 1.983134150594485163e+02
