-2.200000000000000178e+00 1.904630064964294434e+00 3.543035984039306641e+00 -1.922241687774658203e+00 9.430731082486235595e-01 2.865571487711564114e+00 -9.013455362166561402e-01
-2.180000000000000160e+00 1.934692528654216703e+00 3.600531741261927987e+00 -1.945127547750791885e+00 8.315029912680282909e-01 3.024964938143499538e+00 -9.000520365654552934e-01
-2.160000000000000142e+00 1.961632843559422357e+00 3.660707265377639796e+00 -1.963572245928871807e+00 7.902386096488525080e-01 3.143830848864875183e+00 -8.538075668854074873e-01
-2.140000000000000124e+00 1.985990034815926064e+00 3.723185664475484380e+00 -1.978062050274584927e+00 8.059023289763358466e-01 3.230973718425231844e+00 -7.713503504534671151e-01
-2.120000000000000107e+00 2.008303127559740719e+00 3.787590046644508490e+00 -1.989083228753620425e+00 8.651165148357182755e-01 3.295198045374112539e+00 -6.614186105465891252e-01
-2.100000000000000089e+00 2.029111146926879883e+00 3.853543519973754439e+00 -1.997122049331665039e+00 9.545035328122390972e-01 3.345308328261060282e+00 -5.327505704417275778e-01
-2.080000000000000071e+00 2.048953118053357780e+00 3.920669192552269422e+00 -2.002664779974407061e+00 1.060685748491138281e+00 3.390109065635615426e+00 -3.940844534158374768e-01
-2.060000000000000053e+00 2.068368066075187084e+00 3.988590172469094863e+00 -2.006197688647533450e+00 1.170285527457655350e+00 3.438404756047320543e+00 -2.541584827458726603e-01
-2.040000000000000036e+00 2.087895016128382686e+00 4.056929567813279291e+00 -2.008207043316733831e+00 1.269925235297030497e+00 3.498999898045719537e+00 -1.217108817087885902e-01
-2.020000000000000018e+00 2.108072993348957702e+00 4.125310486673862798e+00 -2.009179111947694718e+00 1.346227237594502801e+00 3.580698990180351871e+00 -5.479873581539196695e-03
-2.000000000000000000e+00 2.129441022872925249e+00 4.193356037139892578e+00 -2.009600162506103516e+00 1.385813899935312232e+00 3.692306531000761449e+00 8.579631835892097269e-02
-1.980000000000000204e+00 2.152373953066069046e+00 4.261043203235416854e+00 -2.009788170036211685e+00 1.380760949178874375e+00 3.839809904422208930e+00 1.463142899553442067e-01
-1.960000000000000187e+00 2.176589925213253895e+00 4.329764472724494162e+00 -2.009387937896520260e+00 1.344957557281309946e+00 4.017928035822831312e+00 1.820099135293116455e-01
-1.940000000000000169e+00 2.201642903829113429e+00 4.401266209306191612e+00 -2.007875976524092554e+00 1.297746257472914833e+00 4.218562735946484565e+00 2.017538805221113229e-01
-1.920000000000000151e+00 2.227086853428280389e+00 4.477294776679571875e+00 -2.004728796355992326e+00 1.258469582983985369e+00 4.433615815537024218e+00 2.144168823750311204e-01
-1.900000000000000133e+00 2.252475738525391069e+00 4.559596538543701172e+00 -1.999422907829284890e+00 1.246470067044818997e+00 4.654989085338306687e+00 2.288696105293592242e-01
-1.880000000000000115e+00 2.277406748240716095e+00 4.649443658110802069e+00 -1.991571514070504367e+00 1.276046791913712841e+00 4.875309775937421541e+00 2.531435100641820091e-01
-1.860000000000000098e+00 2.301649970117086053e+00 4.746211496645744710e+00 -1.981334588964078769e+00 1.341325035960976297e+00 5.090106797294398078e+00 2.919130406097798502e-01
-1.840000000000000302e+00 2.325018716302968524e+00 4.848801214926554692e+00 -1.969008799083905803e+00 1.431386626584919108e+00 5.295634479212494306e+00 3.490134154342311446e-01
-1.820000000000000284e+00 2.347326298946831535e+00 4.956113973731260280e+00 -1.954890811003884066e+00 1.535313391183851683e+00 5.488147151494971787e+00 4.282798478056147884e-01
-1.800000000000000266e+00 2.368386030197143555e+00 5.067050933837889737e+00 -1.939277291297912598e+00 1.642187157156085098e+00 5.663899143945094750e+00 5.335475509920094561e-01
-1.780000000000000249e+00 2.388167921082272382e+00 5.180800801406332035e+00 -1.922417754234442722e+00 1.741252162929471714e+00 5.820945846331664342e+00 6.660067142021300901e-01
-1.760000000000000231e+00 2.407268778150189803e+00 5.297702464123921651e+00 -1.904373104860140664e+00 1.822402291050039036e+00 5.964546888285664927e+00 8.162674304072410347e-01
-1.740000000000000213e+00 2.426442106828764711e+00 5.418382355059854660e+00 -1.885157095916224268e+00 1.875693835093355855e+00 6.101762959403623121e+00 9.722947685192419032e-01
-1.720000000000000195e+00 2.446441412545867777e+00 5.543466907283322698e+00 -1.864783480143912486e+00 1.891183088634990073e+00 6.239654749282061097e+00 1.122053797450031976e+00
-1.700000000000000178e+00 2.468020200729370117e+00 5.673582553863525391e+00 -1.843266010284423828e+00 1.858926345250512258e+00 6.385282947517508134e+00 1.253509586111512641e+00
-1.680000000000000160e+00 2.491711501588517397e+00 5.809282247744577354e+00 -1.820579744153466351e+00 1.773852007911029371e+00 6.545320606272363229e+00 1.357655965734393622e+00
-1.660000000000000142e+00 2.517166444458058372e+00 5.950825021370284240e+00 -1.796544959864706303e+00 1.650376917169803059e+00 6.724890227972518453e+00 1.437601816824626066e+00
-1.640000000000000124e+00 2.543815683454116794e+00 6.098396427059369351e+00 -1.770943240606299041e+00 1.507790022975634248e+00 6.928726677609744478e+00 1.499484782206971234e+00
-1.620000000000000107e+00 2.571089872692816858e+00 6.252182017130561320e+00 -1.743556169566400804e+00 1.365380275277324085e+00 7.161564820175810198e+00 1.549442504706191048e+00
-1.600000000000000089e+00 2.598419666290283203e+00 6.412367343902587891e+00 -1.714165329933166504e+00 1.242436624023671277e+00 7.428139520662484507e+00 1.593612627147046767e+00
-1.580000000000000071e+00 2.625377292656431383e+00 6.578725393314821979e+00 -1.682680253709797347e+00 1.155366499455323881e+00 7.729201874790710747e+00 1.636547343717187797e+00
-1.560000000000000053e+00 2.652101277376342825e+00 6.749378885789234062e+00 -1.649522268159672400e+00 1.109051252980316038e+00 8.049567901198123820e+00 1.676457054055812135e+00
-1.540000000000000036e+00 2.678871720328889872e+00 6.922037975368440677e+00 -1.615240649361215919e+00 1.105490716298529241e+00 8.370069849251537519e+00 1.709966709165006371e+00
-1.520000000000000018e+00 2.705968721392947529e+00 7.094412816095063690e+00 -1.580384673392853268e+00 1.146684721109845206e+00 8.671539968317762970e+00 1.733701260046857318e+00
-1.500000000000000000e+00 2.733672380447387695e+00 7.264213562011718750e+00 -1.545503616333008035e+00 1.234633099114144317e+00 8.934810507763609522e+00 1.744285657703450454e+00
-1.480000000000000204e+00 2.762217882549552250e+00 7.430192411143353048e+00 -1.510935562456625636e+00 1.367680464911088301e+00 9.147752165154278359e+00 1.740250338376698958e+00
-1.460000000000000187e+00 2.791660753470655454e+00 7.595269737444222180e+00 -1.476173828824731471e+00 1.529550564699460713e+00 9.326389430848514905e+00 1.727747679267815251e+00
-1.440000000000000169e+00 2.822011604160377551e+00 7.763407958850904400e+00 -1.440500540694871212e+00 1.700311927577823345e+00 9.493785243403447538e+00 1.714835542817838787e+00
-1.420000000000000151e+00 2.853281045568401453e+00 7.938569493299977964e+00 -1.403197823324590532e+00 1.860033082644739100e+00 9.673002541376208185e+00 1.709571791467808355e+00
-1.400000000000000133e+00 2.885479688644408736e+00 8.124716758728025567e+00 -1.363547801971435547e+00 1.988782558998770655e+00 9.887104263323930553e+00 1.720014287658763408e+00
-1.380000000000000115e+00 2.918586750341770397e+00 8.324731684829044909e+00 -1.321093025142595190e+00 2.071029244977336425e+00 1.015236116537709243e+01 1.752480590092785784e+00
-1.360000000000000320e+00 2.952455871628610229e+00 8.537174248326696357e+00 -1.276417734343832766e+00 2.108843465873280199e+00 1.045787527395954264e+01 1.806327042516127301e+00
-1.340000000000000302e+00 2.986909299476743218e+00 8.759523937702063279e+00 -1.230366594330553287e+00 2.108695906218299942e+00 1.078595643306848473e+01 1.879169684936084606e+00
-1.320000000000000284e+00 3.021769280857982132e+00 8.989260241436221932e+00 -1.183784269858163096e+00 2.077057250544095623e+00 1.111891448670111515e+01 1.968624557359952787e+00
-1.300000000000000266e+00 3.056858062744140625e+00 9.223862648010253906e+00 -1.137515425682067871e+00 2.020398183382366319e+00 1.143905927885463392e+01 2.072307699795027602e+00
-1.280000000000000249e+00 3.092036173135978228e+00 9.461389203727474495e+00 -1.092171653207581583e+00 1.945621256213590167e+00 1.173305245645368267e+01 2.186303955920621434e+00
-1.260000000000000231e+00 3.127317264150034415e+00 9.702212186180139142e+00 -1.047432250439647827e+00 1.861356488313367974e+00 1.200496287813268204e+01 2.300573384104113828e+00
-1.240000000000000213e+00 3.162753268931794981e+00 9.947282430782738771e+00 -1.002743442033118493e+00 1.776665765906080496e+00 1.226321120545350141e+01 2.403544846384901845e+00
-1.220000000000000195e+00 3.198396120626745276e+00 1.019755077294976253e+01 -9.575514526428436923e-01 1.700610975216106269e+00 1.251621809997800128e+01 2.483647204802382547e+00
-1.200000000000000178e+00 3.234297752380371094e+00 1.045396804809570312e+01 -9.113025069236756481e-01 1.642254002467826268e+00 1.277240422326805636e+01 2.529309321395953880e+00
-1.180000000000000160e+00 3.270562330765441228e+00 1.071741956910871352e+01 -8.636503403977445759e-01 1.610043452439738232e+00 1.303944874702743917e+01 2.531927771077587153e+00
-1.160000000000000142e+00 3.307502956063856026e+00 1.098852855877159840e+01 -8.150787320562975502e-01 1.609974804126810488e+00 1.332206488352759344e+01 2.494769980249560870e+00
-1.140000000000000124e+00 3.345484961984798833e+00 1.126785271734081562e+01 -7.662789717578604165e-01 1.647430255078128569e+00 1.362422435518186603e+01 2.424071088186726453e+00
-1.120000000000000107e+00 3.384873682237454329e+00 1.155594974507283546e+01 -7.179423493609595752e-01 1.727792002842779118e+00 1.394989888440361270e+01 2.326066234163938873e+00
-1.100000000000000089e+00 3.426034450531005859e+00 1.185337734222412109e+01 -6.707601547241209827e-01 1.856442244969847666e+00 1.430306019360618563e+01 2.206990557456049995e+00
-1.080000000000000071e+00 3.469165736712414017e+00 1.216009190551882035e+01 -6.252946946473935119e-01 2.032310665916191361e+00 1.468530828894827245e+01 2.075159552161956800e+00
-1.060000000000000053e+00 3.513798555179748817e+00 1.247364461755183385e+01 -5.815923436969174798e-01 2.228516897769758920e+00 1.508875631156993080e+01 1.947210131676734957e+00
-1.040000000000000258e+00 3.559297056468854858e+00 1.279098535738573617e+01 -5.395704933803560088e-01 2.411728059526265788e+00 1.550314568635653245e+01 1.841859564219502143e+00
-1.020000000000000240e+00 3.605025391115576738e+00 1.310906400408311256e+01 -4.991465352053711668e-01 2.548611270181434296e+00 1.591821783819347402e+01 1.777825118009373373e+00
-1.000000000000000222e+00 3.650347709655761275e+00 1.342483043670654297e+01 -4.602378606796264093e-01 2.605833648730981444e+00 1.632371419196613616e+01 1.773824061265468766e+00
-9.800000000000002043e-01 3.694852992343396814e+00 1.373660302945808809e+01 -4.226926195418858612e-01 2.563266484438476045e+00 1.671255719645335702e+01 1.839303800259037391e+00
-9.600000000000001865e-01 3.739029538305039591e+00 1.404817413709773177e+01 -3.860819944553178229e-01 2.453597747638882609e+00 1.709039339600771967e+01 1.946632293469852337e+00
-9.400000000000001688e-01 3.783590476385388701e+00 1.436470460952492978e+01 -3.499079263141916529e-01 2.322719578935014351e+00 1.746605035887527890e+01 2.058907637429816972e+00
-9.200000000000001510e-01 3.829248935429145462e+00 1.469135529663915030e+01 -3.136723560127769872e-01 2.216524118929687148e+00 1.784835565330207174e+01 2.139227928670837109e+00
-9.000000000000001332e-01 3.876718044281005859e+00 1.503328704833984375e+01 -2.768772244453430176e-01 2.180903508225713772e+00 1.824613684753413523e+01 2.150691263724814561e+00
-8.800000000000001155e-01 3.926541930449641615e+00 1.539436022683192995e+01 -2.392663990620652881e-01 2.248471018588149573e+00 1.866595369900696966e+01 2.067573603643563462e+00
-8.600000000000000977e-01 3.978588716099603406e+00 1.577323324354210499e+01 -2.015514535367425031e-01 2.398724446431011792e+00 1.910529472191386446e+01 1.908862367558532114e+00
-8.400000000000000799e-01 4.032557522059412314e+00 1.616726402220253078e+01 -1.646858880990795526e-01 2.597882719330558476e+00 1.955938061963755814e+01 1.704722839121078026e+00
-8.200000000000000622e-01 4.088147469157589420e+00 1.657381048654535505e+01 -1.296232029787811324e-01 2.812164764863046784e+00 2.002343209556080694e+01 1.485320301982557378e+00
-8.000000000000000444e-01 4.145057678222656250e+00 1.699023056030273438e+01 -9.731689840555191040e-02 3.007789510604734762e+00 2.049266985306634936e+01 1.280820039794328125e+00
-7.800000000000002487e-01 4.203020591400026262e+00 1.741441474241340970e+01 -6.853479282791011262e-02 3.157731888722108415e+00 2.096225819104632393e+01 1.114743907623089170e+00
-7.600000000000002309e-01 4.261901936102698407e+00 1.784638383264254102e+01 -4.330197756962544248e-02 3.261990849742576692e+00 2.142713579043044803e+01 9.840400461968954460e-01
-7.400000000000002132e-01 4.321600761060554241e+00 1.828669120596182296e+01 -2.145786217328166795e-02 3.327321348783768951e+00 2.188218492765782131e+01 8.790131676591473875e-01
-7.200000000000001954e-01 4.382016115003485091e+00 1.873589023734300341e+01 -2.841856181462266030e-03 3.360478340963321653e+00 2.232228787916753987e+01 7.899679841532442071e-01
-7.000000000000001776e-01 4.443047046661376953e+00 1.919453430175781605e+01 1.270663086324930365e-02 3.368216781398868598e+00 2.274232692139871759e+01 7.072092078225845624e-01
-6.800000000000001599e-01 4.504842973847706489e+00 1.966336378386107953e+01 2.521240161435866350e-02 3.358679215261275441e+00 2.314412538664462460e+01 6.197587723905733093e-01
-6.600000000000001421e-01 4.568554790710305902e+00 2.014386710704008721e+01 3.415710750972775905e-02 3.345558547934348148e+00 2.355727083061524496e+01 5.115074979006416500e-01
-6.400000000000001243e-01 4.635583760480595394e+00 2.063771970436521030e+01 3.888661218330761310e-02 3.343935274855120543e+00 2.401829186487472256e+01 3.650634259762265965e-01
-6.200000000000001066e-01 4.707331146389993393e+00 2.114659700890683780e+01 3.874677926904925018e-02 3.368889891460628672e+00 2.456371710098719774e+01 1.630345982407654104e-01
-6.000000000000000888e-01 4.785198211669921875e+00 2.167217445373535156e+01 3.308347240090370178e-02 3.435502893187910356e+00 2.523007515051682859e+01 -1.119709436823048132e-01
-5.800000000000000711e-01 4.869885371943273533e+00 2.221499157233756350e+01 2.135274010078430304e-02 3.553017410468475745e+00 2.603862185959745901e+01 -4.707243359438722519e-01
-5.600000000000000533e-01 4.959289652398847892e+00 2.277104429986605894e+01 3.451370442453651887e-03 3.707327113711750499e+00 2.694952201264182179e+01 -8.975134257921283387e-01
-5.400000000000000355e-01 5.050607230616916965e+00 2.333519267188983193e+01 -2.061366361236333447e-02 3.878488308321631273e+00 2.790766762863232486e+01 -1.370005238249589752e+00
-5.200000000000002398e-01 5.141034284177749214e+00 2.390229672397787652e+01 -5.083538910194134591e-02 4.046557299702015165e+00 2.885795072655137972e+01 -1.865866798338767341e+00
-5.000000000000002220e-01 5.227766990661621094e+00 2.446721649169921875e+01 -8.720683306455612183e-02 4.191590393256804603e+00 2.974526332538143691e+01 -2.362765131082188663e+00
-4.800000000000002043e-01 5.309074370166305457e+00 2.502718315615877032e+01 -1.301534296699600191e-01 4.300990930578956650e+00 3.053002828242612665e+01 -2.846747344495606846e+00
-4.600000000000001865e-01 5.387516812859583837e+00 2.558891248060506385e+01 -1.818302416138158073e-01 4.391550398017663781e+00 3.123479180827389357e+01 -3.337380878567743014e+00
-4.400000000000001688e-01 5.466727551426741272e+00 2.616149137382256029e+01 -2.448247387232637129e-01 4.487407318111178434e+00 3.189763095183441877e+01 -3.862613256280559959e+00
-4.200000000000001510e-01 5.550339818553062798e+00 2.675400674459572059e+01 -3.217243908254442952e-01 4.612700213397753934e+00 3.255662276201737626e+01 -4.450392000616022692e+00
-4.000000000000001332e-01 5.641986846923828125e+00 2.737554550170898438e+01 -4.151166677474975586e-01 4.791567606415636504e+00 3.324984428773242939e+01 -5.128664634556090896e+00
-3.800000000000001155e-01 5.744397011893458860e+00 2.803297305339357948e+01 -5.274992900495416581e-01 5.039865700013266725e+00 3.400818848542286332e+01 -5.924442209906224832e+00
-3.600000000000000977e-01 5.856679259492894474e+00 2.872426880566779062e+01 -6.610109812236046878e-01 5.340321418279813770e+00 3.483381194166642558e+01 -6.860989893765856884e+00
-3.400000000000000799e-01 5.977037678422212785e+00 2.944519066399668006e+01 -8.177007154946925871e-01 5.667379365614634068e+00 3.572168715057451038e+01 -7.960636382057918681e+00
-3.200000000000000622e-01 6.103676357381489836e+00 3.019149653384530296e+01 -9.996174670878111845e-01 5.995484146417082272e+00 3.666678660625846220e+01 -9.245710370705339187e+00
-3.000000000000000444e-01 6.234799385070800781e+00 3.095894432067871094e+01 -1.208810210227966309e+00 6.299080365086511257e+00 3.766408280282965393e+01 -1.073854055563104737e+01
-2.800000000000002487e-01 6.369103386550633239e+00 3.174371021376300206e+01 -1.447877428129612287e+00 6.560240071234645143e+00 3.869457915578596641e+01 -1.245799216528825148e+01
-2.600000000000002309e-01 6.507255132323137126e+00 3.254364353756849937e+01 -1.721615639965017763e+00 6.791545095322693015e+00 3.968340276617140461e+01 -1.440907655825144040e+01
-2.400000000000002132e-01 6.650413929250864165e+00 3.335701190036650132e+01 -2.035370873895894217e+00 7.013204713024218329e+00 4.054171165641645302e+01 -1.659334162562532455e+01
-2.200000000000001954e-01 6.799739084196371408e+00 3.418208291042835612e+01 -2.394489158083956237e+00 7.245428200012792530e+00 4.118066384895159615e+01 -1.901233525851464634e+01
-2.000000000000001776e-01 6.956389904022216797e+00 3.501712417602539062e+01 -2.804316520690917969e+00 7.508424831961987955e+00 4.151141736620733269e+01 -2.166760534802414995e+01
-1.800000000000001599e-01 7.121296978219918472e+00 3.585923658288737670e+01 -3.269810732959039346e+00 7.815212470139158540e+00 4.146263270397864176e+01 -2.454340803654491765e+01
-1.600000000000001421e-01 7.294476026796832713e+00 3.670085412657775237e+01 -3.794376538452755909e+00 8.150043318186790842e+00 4.103298025151836015e+01 -2.755483247161335214e+01
-1.400000000000001243e-01 7.475714052389274222e+00 3.753324408011838642e+01 -4.381030423817050767e+00 8.489978165341151239e+00 4.023863287144379797e+01 -3.059967605205221020e+01
-1.200000000000001066e-01 7.664798057633565698e+00 3.834767371653114765e+01 -5.032788875696907915e+00 8.812077800838515884e+00 3.909576342637226531e+01 -3.357573617668425925e+01
-1.000000000000000888e-01 7.861515045166015625e+00 3.913541030883789062e+01 -5.752668380737304688e+00 9.093403013915148492e+00 3.762054477892107229e+01 -3.638081024433222410e+01
-8.000000000000007105e-02 8.065057527931752901e+00 3.988818250498044193e+01 -6.540128282002004134e+00 9.315492555399544017e+00 3.583776590419213193e+01 -3.892158900420543688e+01
-6.000000000000005329e-02 8.272240060111117899e+00 4.059956445258043800e+01 -7.380399348229877532e+00 9.477797022489090395e+00 3.380668022722581867e+01 -4.114033660705943873e+01
-4.000000000000003553e-02 8.479282706193258079e+00 4.126359167417948015e+01 -8.255155204578576544e+00 9.584244973973397919e+00 3.159515728554712055e+01 -4.298821055403633551e+01
-2.000000000000001776e-02 8.682405530667322680e+00 4.187429969231914129e+01 -9.146069476205747506e+00 9.638764968642076880e+00 2.927106661668099008e+01 -4.441636834627822594e+01
0.000000000000000000e+00 8.877828598022460938e+00 4.242572402954101562e+01 -1.003481578826904297e+01 9.645285565284734020e+00 2.690227775815241529e+01 -4.537596748492723009e+01
