1.121649384498596191e+00 2.250982761383056641e+00 -6.599459052085876465e-02
1.122103571891784668e+00 2.304086923599243164e+00 -6.125866621732711792e-02
1.114513516426086426e+00 2.318822145462036133e+00 -6.925868242979049683e-02
1.132323265075683594e+00 2.364049911499023438e+00 -6.208836287260055542e-02
1.147677659988403320e+00 2.370480775833129883e+00 -6.562784314155578613e-02
1.135755181312561035e+00 2.420859575271606445e+00 -3.003556095063686371e-02
1.163367867469787598e+00 2.444029808044433594e+00 -4.202809557318687439e-02
1.172598004341125488e+00 2.518656015396118164e+00 -2.611370012164115906e-02
1.190706491470336914e+00 2.544871330261230469e+00 -3.326728567481040955e-02
1.214632272720336914e+00 2.589622020721435547e+00 -4.316119477152824402e-03
1.213639140129089355e+00 2.622410774230957031e+00 -7.780372165143489838e-03
1.240588307380676270e+00 2.686812877655029297e+00 6.257394794374704361e-03
1.245757460594177246e+00 2.755096197128295898e+00 1.773065514862537384e-02
1.248784184455871582e+00 2.817386150360107422e+00 2.561389654874801636e-02
1.261337518692016602e+00 2.858349800109863281e+00 4.818477109074592590e-02
1.275576949119567871e+00 2.915574073791503906e+00 2.767082303762435913e-02
1.303828835487365723e+00 2.971648693084716797e+00 7.062545418739318848e-02
1.307106137275695801e+00 3.027266740798950195e+00 7.662600278854370117e-02
1.327477335929870605e+00 3.083344936370849609e+00 7.071502506732940674e-02
1.330690503120422363e+00 3.182840585708618164e+00 8.582609891891479492e-02
1.349148035049438477e+00 3.246021747589111328e+00 7.853445410728454590e-02
1.352492451667785645e+00 3.283517837524414062e+00 8.604163676500320435e-02
1.401305794715881348e+00 3.353672504425048828e+00 1.072684824466705322e-01
1.395230174064636230e+00 3.426130533218383789e+00 1.092702746391296387e-01
1.451483845710754395e+00 3.500204801559448242e+00 1.227022558450698853e-01
1.457087516784667969e+00 3.590830087661743164e+00 1.389138400554656982e-01
1.475648999214172363e+00 3.633714675903320312e+00 1.567563712596893311e-01
1.489107966423034668e+00 3.710928678512573242e+00 1.565897315740585327e-01
1.510270714759826660e+00 3.794250488281250000e+00 1.860750019550323486e-01
1.548356056213378906e+00 3.872354984283447266e+00 1.791113168001174927e-01
1.566759586334228516e+00 3.965552568435668945e+00 2.112786024808883667e-01
1.557769894599914551e+00 4.040044784545898438e+00 1.993642300367355347e-01
1.599032640457153320e+00 4.166164875030517578e+00 2.292476892471313477e-01
1.621480703353881836e+00 4.257350921630859375e+00 2.340341508388519287e-01
1.639709711074829102e+00 4.340086460113525391e+00 2.652324438095092773e-01
1.661561965942382812e+00 4.436610221862792969e+00 2.472498714923858643e-01
1.682740569114685059e+00 4.547432899475097656e+00 2.761150300502777100e-01
1.691677808761596680e+00 4.622108936309814453e+00 2.825316488742828369e-01
1.700604677200317383e+00 4.742740631103515625e+00 3.035147786140441895e-01
1.738072156906127930e+00 4.815515995025634766e+00 3.315704464912414551e-01
1.759685754776000977e+00 4.934521675109863281e+00 3.450494110584259033e-01
1.795684218406677246e+00 5.013417243957519531e+00 3.620259463787078857e-01
1.815201282501220703e+00 5.136226654052734375e+00 3.930794596672058105e-01
1.835979104042053223e+00 5.252404212951660156e+00 3.996447920799255371e-01
1.841627001762390137e+00 5.352965354919433594e+00 4.258528053760528564e-01
1.843252301216125488e+00 5.494259834289550781e+00 4.336297214031219482e-01
1.885640263557434082e+00 5.573303699493408203e+00 4.401542544364929199e-01
1.893582701683044434e+00 5.702023506164550781e+00 4.581735432147979736e-01
1.928695917129516602e+00 5.829735279083251953e+00 4.945766627788543701e-01
1.944538593292236328e+00 5.935410022735595703e+00 5.135452151298522949e-01
1.991868376731872559e+00 6.084728240966796875e+00 5.186322927474975586e-01
1.999731659889221191e+00 6.209344387054443359e+00 5.257687568664550781e-01
2.031642675399780273e+00 6.330698490142822266e+00 5.671865940093994141e-01
2.076410531997680664e+00 6.524028301239013672e+00 5.646328926086425781e-01
2.102389097213745117e+00 6.673426628112792969e+00 5.980852842330932617e-01
2.116290569305419922e+00 6.809894084930419922e+00 6.126237511634826660e-01
2.138952255249023438e+00 6.958983898162841797e+00 6.282906532287597656e-01
2.186327695846557617e+00 7.097491264343261719e+00 6.557805538177490234e-01
2.204995393753051758e+00 7.265818595886230469e+00 6.618104577064514160e-01
2.226539611816406250e+00 7.421814918518066406e+00 6.625789403915405273e-01
2.265140771865844727e+00 7.569019317626953125e+00 6.738565564155578613e-01
2.309792518615722656e+00 7.717587947845458984e+00 7.229897975921630859e-01
2.341738224029541016e+00 7.889850616455078125e+00 7.113130688667297363e-01
2.338451862335205078e+00 8.057662010192871094e+00 7.514200210571289062e-01
2.401397228240966797e+00 8.223814010620117188e+00 7.519217133522033691e-01
2.435820102691650391e+00 8.396568298339843750e+00 7.576244473457336426e-01
2.459054708480834961e+00 8.571242332458496094e+00 7.748323082923889160e-01
2.478869676589965820e+00 8.747834205627441406e+00 7.755500078201293945e-01
2.511036634445190430e+00 8.938091278076171875e+00 7.824490070343017578e-01
2.549986124038696289e+00 9.132293701171875000e+00 8.145778179168701172e-01
2.555394887924194336e+00 9.313752174377441406e+00 8.196508288383483887e-01
2.603032827377319336e+00 9.496710777282714844e+00 8.239871263504028320e-01
2.628567695617675781e+00 9.703546524047851562e+00 8.264808654785156250e-01
2.702061176300048828e+00 9.998732566833496094e+00 8.424449563026428223e-01
2.744497776031494141e+00 1.022602462768554688e+01 8.392437696456909180e-01
2.782469272613525391e+00 1.045347690582275391e+01 8.641300201416015625e-01
2.812815189361572266e+00 1.066775989532470703e+01 8.628523945808410645e-01
2.848746776580810547e+00 1.089693260192871094e+01 8.497601151466369629e-01
2.880435705184936523e+00 1.110848999023437500e+01 8.516567945480346680e-01
2.952088594436645508e+00 1.134213733673095703e+01 8.495610952377319336e-01
2.972672224044799805e+00 1.156698799133300781e+01 8.362247347831726074e-01
3.037731409072875977e+00 1.182411193847656250e+01 8.363542556762695312e-01
3.068461179733276367e+00 1.205542659759521484e+01 8.207821846008300781e-01
3.123388290405273438e+00 1.229544258117675781e+01 8.177866935729980469e-01
3.169122457504272461e+00 1.256955432891845703e+01 8.059554696083068848e-01
3.215404748916625977e+00 1.282993412017822266e+01 7.703180909156799316e-01
3.276242733001708984e+00 1.310557270050048828e+01 7.381036877632141113e-01
3.317147493362426758e+00 1.339048671722412109e+01 7.209856510162353516e-01
3.361907243728637695e+00 1.364791965484619141e+01 7.073093056678771973e-01
3.433917999267578125e+00 1.395554924011230469e+01 6.856610774993896484e-01
3.507692813873291016e+00 1.426415538787841797e+01 6.480028629302978516e-01
3.531877040863037109e+00 1.456575870513916016e+01 5.877684950828552246e-01
3.576313734054565430e+00 1.485580825805664062e+01 5.404949784278869629e-01
3.653830051422119141e+00 1.517581748962402344e+01 4.913229644298553467e-01
3.758315086364746094e+00 1.569745349884033203e+01 4.005614519119262695e-01
3.821719884872436523e+00 1.603487396240234375e+01 3.194620609283447266e-01
3.887520313262939453e+00 1.637081718444824219e+01 2.441777586936950684e-01
3.977490901947021484e+00 1.673098182678222656e+01 1.796139180660247803e-01
4.064953804016113281e+00 1.713150978088378906e+01 7.124578207731246948e-02
4.119553089141845703e+00 1.748997306823730469e+01 -2.980652265250682831e-02
4.221831321716308594e+00 1.787614440917968750e+01 -1.476065814495086670e-01
4.308547496795654297e+00 1.831013679504394531e+01 -2.985731661319732666e-01
4.393660068511962891e+00 1.869195938110351562e+01 -4.437727332115173340e-01
4.483450412750244141e+00 1.913661193847656250e+01 -6.391899585723876953e-01
4.599311828613281250e+00 1.956573295593261719e+01 -8.277851939201354980e-01
4.723243713378906250e+00 1.997018623352050781e+01 -1.064229488372802734e+00
4.824745178222656250e+00 2.045231628417968750e+01 -1.323415517807006836e+00
4.931687831878662109e+00 2.090987014770507812e+01 -1.611118078231811523e+00
5.049017429351806641e+00 2.133596229553222656e+01 -1.936475753784179688e+00
5.198554039001464844e+00 2.179441452026367188e+01 -2.306066513061523438e+00
5.316854953765869141e+00 2.223949241638183594e+01 -2.707244157791137695e+00
5.444848537445068359e+00 2.266331291198730469e+01 -3.172309160232543945e+00
5.609174728393554688e+00 2.307071113586425781e+01 -3.667844772338867188e+00
5.788363456726074219e+00 2.346370315551757812e+01 -4.182272911071777344e+00
5.932845115661621094e+00 2.381749725341796875e+01 -4.720788955688476562e+00
6.140202522277832031e+00 2.428893852233886719e+01 -5.611838817596435547e+00
6.278780460357666016e+00 2.455573081970214844e+01 -6.222226142883300781e+00
6.416039943695068359e+00 2.477552604675292969e+01 -6.836918830871582031e+00
6.553113460540771484e+00 2.494740104675292969e+01 -7.460068702697753906e+00
6.705072879791259766e+00 2.511820793151855469e+01 -8.053780555725097656e+00
6.823536872863769531e+00 2.523778915405273438e+01 -8.652933120727539062e+00
6.932884216308593750e+00 2.533549308776855469e+01 -9.248682022094726562e+00
7.059277057647705078e+00 2.545091819763183594e+01 -9.791484832763671875e+00
7.169923782348632812e+00 2.551432800292968750e+01 -1.031908702850341797e+01
7.262239456176757812e+00 2.556186103820800781e+01 -1.085871410369873047e+01
7.376423835754394531e+00 2.562618064880371094e+01 -1.135220718383789062e+01
7.423358440399169922e+00 2.565299224853515625e+01 -1.180733394622802734e+01
7.518496036529541016e+00 2.568127822875976562e+01 -1.226984977722167969e+01
7.605777740478515625e+00 2.570254898071289062e+01 -1.269801998138427734e+01
7.690830707550048828e+00 2.572943115234375000e+01 -1.309491062164306641e+01
7.730258464813232422e+00 2.571456718444824219e+01 -1.346907234191894531e+01
7.795080184936523438e+00 2.571430969238281250e+01 -1.383579254150390625e+01
7.886177539825439453e+00 2.568284797668457031e+01 -1.418446063995361328e+01
7.967664241790771484e+00 2.567740440368652344e+01 -1.450076580047607422e+01
8.029459953308105469e+00 2.565402221679687500e+01 -1.481330966949462891e+01
8.088529586791992188e+00 2.567062187194824219e+01 -1.511917114257812500e+01
8.161393165588378906e+00 2.561153221130371094e+01 -1.555743026733398438e+01
8.221331596374511719e+00 2.560888481140136719e+01 -1.581924438476562500e+01
8.284694671630859375e+00 2.557044792175292969e+01 -1.606884384155273438e+01
8.350814819335937500e+00 2.557871627807617188e+01 -1.630347061157226562e+01
8.374716758728027344e+00 2.554159164428710938e+01 -1.654490280151367188e+01
8.426978111267089844e+00 2.551416969299316406e+01 -1.679048347473144531e+01
8.464226722717285156e+00 2.548316574096679688e+01 -1.699056816101074219e+01
8.530362129211425781e+00 2.544143486022949219e+01 -1.720932579040527344e+01
8.558050155639648438e+00 2.542128372192382812e+01 -1.741540145874023438e+01
8.602354049682617188e+00 2.537412643432617188e+01 -1.758936882019042969e+01
8.629427909851074219e+00 2.532839775085449219e+01 -1.778632736206054688e+01
8.672642707824707031e+00 2.531218338012695312e+01 -1.797253990173339844e+01
8.709896087646484375e+00 2.526562500000000000e+01 -1.815086174011230469e+01
8.728363990783691406e+00 2.524114799499511719e+01 -1.833036422729492188e+01
8.764761924743652344e+00 2.519898796081542969e+01 -1.847812843322753906e+01
8.797421455383300781e+00 2.517535972595214844e+01 -1.862146949768066406e+01
8.818701744079589844e+00 2.511264991760253906e+01 -1.877542495727539062e+01
8.845784187316894531e+00 2.509934806823730469e+01 -1.892187118530273438e+01
8.882880210876464844e+00 2.505881500244140625e+01 -1.906360054016113281e+01
8.897536277770996094e+00 2.505136871337890625e+01 -1.917157554626464844e+01
8.904479980468750000e+00 2.499134826660156250e+01 -1.930942726135253906e+01
8.952366828918457031e+00 2.492523956298828125e+01 -1.948938751220703125e+01
8.997397422790527344e+00 2.491483116149902344e+01 -1.959438514709472656e+01
8.990646362304687500e+00 2.490199661254882812e+01 -1.971324157714843750e+01
9.033997535705566406e+00 2.484807014465332031e+01 -1.981003189086914062e+01
9.051684379577636719e+00 2.480141830444335938e+01 -1.993055915832519531e+01
9.081116676330566406e+00 2.481965255737304688e+01 -2.003383064270019531e+01
9.103336334228515625e+00 2.476573181152343750e+01 -2.014974021911621094e+01
9.128603935241699219e+00 2.475664329528808594e+01 -2.023003387451171875e+01
9.134745597839355469e+00 2.471599388122558594e+01 -2.034356117248535156e+01
9.162803649902343750e+00 2.470559501647949219e+01 -2.042955017089843750e+01
9.193312644958496094e+00 2.467329406738281250e+01 -2.054226875305175781e+01
9.207469940185546875e+00 2.463604354858398438e+01 -2.064789009094238281e+01
9.239432334899902344e+00 2.461499595642089844e+01 -2.073622894287109375e+01
9.253579139709472656e+00 2.456936073303222656e+01 -2.084390640258789062e+01
9.264081001281738281e+00 2.455559921264648438e+01 -2.090997123718261719e+01
9.299337387084960938e+00 2.451593971252441406e+01 -2.102412605285644531e+01
9.317909240722656250e+00 2.449543571472167969e+01 -2.113129615783691406e+01
9.331516265869140625e+00 2.443286895751953125e+01 -2.121371269226074219e+01
9.354785919189453125e+00 2.443738937377929688e+01 -2.130816841125488281e+01
9.373126029968261719e+00 2.439140319824218750e+01 -2.140134811401367188e+01
9.408741950988769531e+00 2.435208129882812500e+01 -2.147984504699707031e+01
9.422875404357910156e+00 2.425104141235351562e+01 -2.162280273437500000e+01
9.442966461181640625e+00 2.423259353637695312e+01 -2.169309997558593750e+01
9.471850395202636719e+00 2.417373657226562500e+01 -2.177938652038574219e+01
9.507531166076660156e+00 2.412467384338378906e+01 -2.188204574584960938e+01
9.509787559509277344e+00 2.407443428039550781e+01 -2.196312713623046875e+01
9.523102760314941406e+00 2.404875183105468750e+01 -2.204039382934570312e+01
9.543046951293945312e+00 2.399258422851562500e+01 -2.210184478759765625e+01
9.557410240173339844e+00 2.394846153259277344e+01 -2.220199775695800781e+01
9.570764541625976562e+00 2.387140274047851562e+01 -2.225833702087402344e+01
9.610848426818847656e+00 2.381802749633789062e+01 -2.234026145935058594e+01
9.621958732604980469e+00 2.375817108154296875e+01 -2.243289184570312500e+01
9.613432884216308594e+00 2.370548248291015625e+01 -2.249765205383300781e+01
9.645214080810546875e+00 2.365473365783691406e+01 -2.257753562927246094e+01
9.658992767333984375e+00 2.360991859436035156e+01 -2.262631797790527344e+01
9.678685188293457031e+00 2.354430198669433594e+01 -2.269781875610351562e+01
9.690194129943847656e+00 2.348754310607910156e+01 -2.276296997070312500e+01
9.675789833068847656e+00 2.341721534729003906e+01 -2.280916404724121094e+01
9.706949234008789062e+00 2.334133338928222656e+01 -2.286899185180664062e+01
9.720365524291992188e+00 2.327512359619140625e+01 -2.295081901550292969e+01
9.737265586853027344e+00 2.322164154052734375e+01 -2.300183105468750000e+01
9.767409324645996094e+00 2.314649200439453125e+01 -2.309866142272949219e+01
9.762067794799804688e+00 2.307562446594238281e+01 -2.314773559570312500e+01
9.778151512145996094e+00 2.299559020996093750e+01 -2.319612312316894531e+01
9.803239822387695312e+00 2.290706634521484375e+01 -2.326022338867187500e+01
9.822198867797851562e+00 2.285892677307128906e+01 -2.329326438903808594e+01
9.794561386108398438e+00 2.283016395568847656e+01 -2.334129714965820312e+01
9.828872680664062500e+00 2.273427581787109375e+01 -2.338653564453125000e+01
9.834120750427246094e+00 2.265448951721191406e+01 -2.343982505798339844e+01
9.825393676757812500e+00 2.257525444030761719e+01 -2.349274826049804688e+01
9.828444480895996094e+00 2.250701141357421875e+01 -2.353257942199707031e+01
9.853626251220703125e+00 2.242585754394531250e+01 -2.356511878967285156e+01
9.857922554016113281e+00 2.235400772094726562e+01 -2.361589622497558594e+01
9.868099212646484375e+00 2.230275535583496094e+01 -2.365961265563964844e+01
9.865578651428222656e+00 2.225394439697265625e+01 -2.369557952880859375e+01
9.875728607177734375e+00 2.215839576721191406e+01 -2.371913528442382812e+01
9.875164985656738281e+00 2.208428764343261719e+01 -2.376449966430664062e+01
9.893556594848632812e+00 2.202508163452148438e+01 -2.379795455932617188e+01
9.878162384033203125e+00 2.195449447631835938e+01 -2.384628677368164062e+01
9.913669586181640625e+00 2.190546417236328125e+01 -2.389348793029785156e+01
9.898662567138671875e+00 2.179813385009765625e+01 -2.393295860290527344e+01
9.892788887023925781e+00 2.172287559509277344e+01 -2.396367835998535156e+01
9.917205810546875000e+00 2.162791633605957031e+01 -2.398925971984863281e+01
9.924951553344726562e+00 2.155124473571777344e+01 -2.401287651062011719e+01
9.949295043945312500e+00 2.151501464843750000e+01 -2.402928543090820312e+01
9.929198265075683594e+00 2.144703674316406250e+01 -2.406539344787597656e+01
9.936962127685546875e+00 2.135300445556640625e+01 -2.407977867126464844e+01
9.932785987854003906e+00 2.127895355224609375e+01 -2.409115409851074219e+01
9.935441017150878906e+00 2.120788192749023438e+01 -2.411034965515136719e+01
9.953850746154785156e+00 2.116407585144042969e+01 -2.409354972839355469e+01
9.939563751220703125e+00 2.108599853515625000e+01 -2.410782241821289062e+01
9.954908370971679688e+00 2.099240875244140625e+01 -2.412699127197265625e+01
9.964442253112792969e+00 2.094214057922363281e+01 -2.410654258728027344e+01
9.977795600891113281e+00 2.088554000854492188e+01 -2.411281585693359375e+01
9.972205162048339844e+00 2.078544044494628906e+01 -2.408757781982421875e+01
9.978073120117187500e+00 2.074439430236816406e+01 -2.407377433776855469e+01
9.980650901794433594e+00 2.069375228881835938e+01 -2.407611656188964844e+01
9.980318069458007812e+00 2.065141487121582031e+01 -2.405544853210449219e+01
9.963788032531738281e+00 2.060709190368652344e+01 -2.402466392517089844e+01
9.966838836669921875e+00 2.052603149414062500e+01 -2.400170516967773438e+01
9.986286163330078125e+00 2.044660377502441406e+01 -2.397722244262695312e+01
9.943863868713378906e+00 2.037222671508789062e+01 -2.394052314758300781e+01
9.950700759887695312e+00 2.034560012817382812e+01 -2.389095497131347656e+01
9.966182708740234375e+00 2.025747871398925781e+01 -2.382703208923339844e+01
9.966389656066894531e+00 2.020535850524902344e+01 -2.379122543334960938e+01
9.948975563049316406e+00 2.018145751953125000e+01 -2.371782493591308594e+01
9.938670158386230469e+00 2.012954139709472656e+01 -2.367234802246093750e+01
9.922370910644531250e+00 2.009885978698730469e+01 -2.361088371276855469e+01
9.894248008728027344e+00 2.006229591369628906e+01 -2.351868438720703125e+01
9.895246505737304688e+00 2.005009841918945312e+01 -2.343498039245605469e+01
9.882572174072265625e+00 2.001533699035644531e+01 -2.334341239929199219e+01
9.874400138854980469e+00 2.000723266601562500e+01 -2.323901939392089844e+01
9.890375137329101562e+00 2.004444122314453125e+01 -2.313867378234863281e+01
9.869827270507812500e+00 2.005172920227050781e+01 -2.297652244567871094e+01
9.856577873229980469e+00 2.009370803833007812e+01 -2.285762596130371094e+01
9.877198219299316406e+00 2.012591743469238281e+01 -2.267768859863281250e+01
9.864155769348144531e+00 2.022982025146484375e+01 -2.252391815185546875e+01
9.873156547546386719e+00 2.037112236022949219e+01 -2.233868598937988281e+01
9.864508628845214844e+00 2.055872154235839844e+01 -2.213961410522460938e+01
9.885220527648925781e+00 2.078343963623046875e+01 -2.194959259033203125e+01
9.903163909912109375e+00 2.108052825927734375e+01 -2.181011390686035156e+01
9.919561386108398438e+00 2.141596984863281250e+01 -2.167568969726562500e+01
9.958766937255859375e+00 2.176194000244140625e+01 -2.162728309631347656e+01
9.993268966674804688e+00 2.210511398315429688e+01 -2.156978225708007812e+01
1.012738227844238281e+01 2.259057807922363281e+01 -2.157822799682617188e+01
1.018792915344238281e+01 2.288108253479003906e+01 -2.162886619567871094e+01
1.025779724121093750e+01 2.315892028808593750e+01 -2.166838264465332031e+01
1.030478191375732422e+01 2.342946052551269531e+01 -2.175765419006347656e+01
1.036840152740478516e+01 2.361590766906738281e+01 -2.186955833435058594e+01
1.041550350189208984e+01 2.379500198364257812e+01 -2.197314071655273438e+01
1.047132492065429688e+01 2.396239852905273438e+01 -2.207547760009765625e+01
1.050095176696777344e+01 2.409328079223632812e+01 -2.216807937622070312e+01
1.052801609039306641e+01 2.419731330871582031e+01 -2.228832817077636719e+01
1.056817722320556641e+01 2.428134727478027344e+01 -2.242264556884765625e+01
1.061771488189697266e+01 2.435523414611816406e+01 -2.253458404541015625e+01
1.062738132476806641e+01 2.440344429016113281e+01 -2.263561439514160156e+01
1.069253063201904297e+01 2.445870971679687500e+01 -2.276345443725585938e+01
1.070355129241943359e+01 2.451564788818359375e+01 -2.287571907043457031e+01
1.073197746276855469e+01 2.454096984863281250e+01 -2.298802185058593750e+01
1.074235630035400391e+01 2.453872871398925781e+01 -2.309600257873535156e+01
1.075803565979003906e+01 2.455975914001464844e+01 -2.321580696105957031e+01
1.080058479309082031e+01 2.458561515808105469e+01 -2.334377098083496094e+01
1.083191490173339844e+01 2.457890892028808594e+01 -2.345942878723144531e+01
1.086427593231201172e+01 2.458278274536132812e+01 -2.359083938598632812e+01
1.088035011291503906e+01 2.458109283447265625e+01 -2.370288658142089844e+01
1.092926025390625000e+01 2.456380081176757812e+01 -2.388545036315917969e+01
1.098809242248535156e+01 2.453088760375976562e+01 -2.400865554809570312e+01
1.099839591979980469e+01 2.451521492004394531e+01 -2.412108230590820312e+01
1.103380680084228516e+01 2.449052810668945312e+01 -2.424210548400878906e+01
1.109409999847412109e+01 2.447122192382812500e+01 -2.435230636596679688e+01
1.109790611267089844e+01 2.444672203063964844e+01 -2.449850273132324219e+01
1.112487983703613281e+01 2.439027976989746094e+01 -2.460505104064941406e+01
1.116014003753662109e+01 2.437115478515625000e+01 -2.472647094726562500e+01
1.119072151184082031e+01 2.433181381225585938e+01 -2.483897781372070312e+01
1.118482685089111328e+01 2.427317237854003906e+01 -2.494446945190429688e+01
1.123338794708251953e+01 2.424139785766601562e+01 -2.506655693054199219e+01
1.125467395782470703e+01 2.418011856079101562e+01 -2.518774604797363281e+01
1.128817844390869141e+01 2.414381217956542969e+01 -2.531991195678710938e+01
1.129558753967285156e+01 2.409009552001953125e+01 -2.541737365722656250e+01
1.132695293426513672e+01 2.403055953979492188e+01 -2.552305030822753906e+01
1.134702968597412109e+01 2.400083351135253906e+01 -2.565051651000976562e+01
1.138626003265380859e+01 2.391320991516113281e+01 -2.579001998901367188e+01
1.138297176361083984e+01 2.389392662048339844e+01 -2.590457344055175781e+01
1.139023303985595703e+01 2.382045555114746094e+01 -2.601399230957031250e+01
1.142179298400878906e+01 2.374874877929687500e+01 -2.612473106384277344e+01
1.145273399353027344e+01 2.369590950012207031e+01 -2.624808883666992188e+01
1.148471546173095703e+01 2.360611534118652344e+01 -2.639797019958496094e+01
1.151196384429931641e+01 2.353931617736816406e+01 -2.651980018615722656e+01
1.153517913818359375e+01 2.350775337219238281e+01 -2.661145973205566406e+01
1.154841995239257812e+01 2.342328834533691406e+01 -2.671042251586914062e+01
1.157905578613281250e+01 2.336271667480468750e+01 -2.684362411499023438e+01
1.160304069519042969e+01 2.331383514404296875e+01 -2.693127822875976562e+01
1.163094043731689453e+01 2.326420783996582031e+01 -2.705850982666015625e+01
1.164469146728515625e+01 2.320950889587402344e+01 -2.715088462829589844e+01
1.163682174682617188e+01 2.315170478820800781e+01 -2.725844764709472656e+01
1.165361213684082031e+01 2.307702827453613281e+01 -2.738716506958007812e+01
1.169276714324951172e+01 2.300828170776367188e+01 -2.747232055664062500e+01
1.170351982116699219e+01 2.295322608947753906e+01 -2.760214233398437500e+01
1.175182247161865234e+01 2.290505981445312500e+01 -2.771506309509277344e+01
1.177089309692382812e+01 2.285600471496582031e+01 -2.783333969116210938e+01
1.177274322509765625e+01 2.279465293884277344e+01 -2.794556236267089844e+01
1.180641078948974609e+01 2.271876144409179688e+01 -2.808112716674804688e+01
1.183472633361816406e+01 2.267284774780273438e+01 -2.819554901123046875e+01
1.184358596801757812e+01 2.259950447082519531e+01 -2.834510803222656250e+01
1.187006664276123047e+01 2.255989837646484375e+01 -2.846748161315917969e+01
1.192166423797607422e+01 2.246787834167480469e+01 -2.856766510009765625e+01
1.195783615112304688e+01 2.238702011108398438e+01 -2.875232887268066406e+01
1.195207500457763672e+01 2.230957794189453125e+01 -2.886882972717285156e+01
1.194971847534179688e+01 2.221225166320800781e+01 -2.898681831359863281e+01
1.197880554199218750e+01 2.214479827880859375e+01 -2.910140419006347656e+01
1.202147769927978516e+01 2.206354141235351562e+01 -2.922974967956542969e+01
1.202768421173095703e+01 2.197961997985839844e+01 -2.932155799865722656e+01
1.202297687530517578e+01 2.192634010314941406e+01 -2.944404411315917969e+01
1.206545734405517578e+01 2.181875419616699219e+01 -2.956665420532226562e+01
1.207290077209472656e+01 2.173461341857910156e+01 -2.967664718627929688e+01
1.209539794921875000e+01 2.164765739440917969e+01 -2.979761505126953125e+01
1.210555458068847656e+01 2.155608940124511719e+01 -2.990212059020996094e+01
1.212401580810546875e+01 2.147523307800292969e+01 -3.000462341308593750e+01
1.215131378173828125e+01 2.137601470947265625e+01 -3.009660720825195312e+01
1.216924095153808594e+01 2.125267028808593750e+01 -3.019388008117675781e+01
1.217266464233398438e+01 2.117111587524414062e+01 -3.029483985900878906e+01
1.217541694641113281e+01 2.104180145263671875e+01 -3.039455795288085938e+01
1.217964839935302734e+01 2.091926574707031250e+01 -3.047175407409667969e+01
1.215214443206787109e+01 2.075713539123535156e+01 -3.049613380432128906e+01
1.214843463897705078e+01 2.059380531311035156e+01 -3.047361755371093750e+01
1.213963794708251953e+01 2.040696525573730469e+01 -3.045328140258789062e+01
1.211434936523437500e+01 2.026161956787109375e+01 -3.036887550354003906e+01
1.211561489105224609e+01 2.012409210205078125e+01 -3.020064163208007812e+01
1.207220363616943359e+01 2.008330345153808594e+01 -3.009077453613281250e+01
1.207205963134765625e+01 2.003590774536132812e+01 -3.002264404296875000e+01
1.207209205627441406e+01 2.001601028442382812e+01 -2.997031784057617188e+01
1.206858539581298828e+01 2.003314208984375000e+01 -2.992998123168945312e+01
1.208210849761962891e+01 2.004375267028808594e+01 -2.990919303894042969e+01
1.210050964355468750e+01 2.006134414672851562e+01 -2.992918205261230469e+01
1.213773727416992188e+01 2.008875465393066406e+01 -2.996627616882324219e+01
1.218455410003662109e+01 2.009582138061523438e+01 -3.002539443969726562e+01
1.222706222534179688e+01 2.016882133483886719e+01 -3.008812332153320312e+01
1.222762298583984375e+01 2.019195175170898438e+01 -3.015184593200683594e+01
1.226707839965820312e+01 2.021059036254882812e+01 -3.025027465820312500e+01
1.228644275665283203e+01 2.023853492736816406e+01 -3.035446548461914062e+01
1.234708786010742188e+01 2.024760818481445312e+01 -3.045905113220214844e+01
1.238119411468505859e+01 2.028504180908203125e+01 -3.056399726867675781e+01
1.242209625244140625e+01 2.033269882202148438e+01 -3.070872497558593750e+01
1.246269512176513672e+01 2.036037254333496094e+01 -3.081359863281250000e+01
1.248053932189941406e+01 2.036166191101074219e+01 -3.093132591247558594e+01
1.251208877563476562e+01 2.036700248718261719e+01 -3.105202674865722656e+01
1.256738853454589844e+01 2.039016723632812500e+01 -3.115975570678710938e+01
1.262462997436523438e+01 2.040687179565429688e+01 -3.126614761352539062e+01
1.265811252593994141e+01 2.045302581787109375e+01 -3.143773651123046875e+01
1.267182159423828125e+01 2.051132392883300781e+01 -3.157874298095703125e+01
1.267434597015380859e+01 2.052140617370605469e+01 -3.167704010009765625e+01
1.271945667266845703e+01 2.052585983276367188e+01 -3.181914901733398438e+01
1.277502822875976562e+01 2.054525566101074219e+01 -3.193652343750000000e+01
1.281949615478515625e+01 2.058482360839843750e+01 -3.207348251342773438e+01
1.286340427398681641e+01 2.061694526672363281e+01 -3.221345520019531250e+01
1.289101886749267578e+01 2.065377807617187500e+01 -3.234672927856445312e+01
1.295385074615478516e+01 2.068492507934570312e+01 -3.249848175048828125e+01
1.294917392730712891e+01 2.071520233154296875e+01 -3.263632202148437500e+01
1.297319984436035156e+01 2.071880912780761719e+01 -3.278503036499023438e+01
1.301229953765869141e+01 2.069191741943359375e+01 -3.294205093383789062e+01
1.306507587432861328e+01 2.067414283752441406e+01 -3.308122253417968750e+01
1.310245990753173828e+01 2.067985916137695312e+01 -3.323805999755859375e+01
1.319506740570068359e+01 2.069400215148925781e+01 -3.339184951782226562e+01
1.323547363281250000e+01 2.073389816284179688e+01 -3.354753112792968750e+01
1.323594093322753906e+01 2.075816917419433594e+01 -3.370012664794921875e+01
1.324413299560546875e+01 2.080334472656250000e+01 -3.382210922241210938e+01
1.325785732269287109e+01 2.077070808410644531e+01 -3.396325302124023438e+01
1.330627250671386719e+01 2.075355911254882812e+01 -3.412045669555664062e+01
1.334954929351806641e+01 2.070709991455078125e+01 -3.426365280151367188e+01
1.343611431121826172e+01 2.071693611145019531e+01 -3.448168563842773438e+01
1.348033142089843750e+01 2.071009635925292969e+01 -3.461709976196289062e+01
1.350936317443847656e+01 2.069499015808105469e+01 -3.475644302368164062e+01
1.351348686218261719e+01 2.068844032287597656e+01 -3.486627578735351562e+01
1.354912281036376953e+01 2.068570518493652344e+01 -3.501208877563476562e+01
1.358793258666992188e+01 2.063220214843750000e+01 -3.511978149414062500e+01
1.360421848297119141e+01 2.060998153686523438e+01 -3.523566436767578125e+01
1.362584018707275391e+01 2.057673454284667969e+01 -3.535703277587890625e+01
1.368314743041992188e+01 2.057583999633789062e+01 -3.545222854614257812e+01
1.367790889739990234e+01 2.058019065856933594e+01 -3.557462310791015625e+01
1.372088336944580078e+01 2.054684066772460938e+01 -3.568332290649414062e+01
1.374125289916992188e+01 2.058699798583984375e+01 -3.580348205566406250e+01
1.376539134979248047e+01 2.056390571594238281e+01 -3.592477798461914062e+01
1.380596637725830078e+01 2.053887367248535156e+01 -3.601432418823242188e+01
1.382605934143066406e+01 2.055040550231933594e+01 -3.613460922241210938e+01
1.386195564270019531e+01 2.054448509216308594e+01 -3.628966522216796875e+01
1.389607238769531250e+01 2.056323242187500000e+01 -3.641385269165039062e+01
1.393115806579589844e+01 2.057386398315429688e+01 -3.655252838134765625e+01
1.396401309967041016e+01 2.058635711669921875e+01 -3.673551559448242188e+01
1.396541595458984375e+01 2.051338768005371094e+01 -3.690693283081054688e+01
1.397908020019531250e+01 2.042713546752929688e+01 -3.708893966674804688e+01
1.405662059783935547e+01 2.029551124572753906e+01 -3.729893875122070312e+01
1.410707473754882812e+01 2.022069358825683594e+01 -3.745589065551757812e+01
1.413599967956542969e+01 2.014990234375000000e+01 -3.756102371215820312e+01
1.419981193542480469e+01 2.013191032409667969e+01 -3.766459274291992188e+01
1.423629951477050781e+01 2.012630081176757812e+01 -3.775139236450195312e+01
1.427476978302001953e+01 2.012999916076660156e+01 -3.782481002807617188e+01
1.425574207305908203e+01 2.012962150573730469e+01 -3.793139266967773438e+01
1.424763488769531250e+01 2.015459823608398438e+01 -3.800651550292968750e+01
1.424398994445800781e+01 2.013520622253417969e+01 -3.809969329833984375e+01
1.427385711669921875e+01 2.013341903686523438e+01 -3.818514633178710938e+01
1.429916000366210938e+01 2.012805366516113281e+01 -3.825075912475585938e+01
1.429200935363769531e+01 2.013119125366210938e+01 -3.836177062988281250e+01
1.434812736511230469e+01 2.011814689636230469e+01 -3.845102691650390625e+01
1.440370559692382812e+01 2.011751174926757812e+01 -3.854067993164062500e+01
1.441136264801025391e+01 2.014233970642089844e+01 -3.859975814819335938e+01
1.443353939056396484e+01 2.012024879455566406e+01 -3.867775726318359375e+01
1.445238590240478516e+01 2.010341072082519531e+01 -3.875873947143554688e+01
1.447993183135986328e+01 2.011017417907714844e+01 -3.883134841918945312e+01
1.447595977783203125e+01 2.010305786132812500e+01 -3.890241622924804688e+01
1.450365447998046875e+01 2.008133888244628906e+01 -3.898002624511718750e+01
1.456444549560546875e+01 2.005196380615234375e+01 -3.907927703857421875e+01
1.464824295043945312e+01 2.005348587036132812e+01 -3.916687011718750000e+01
1.467705726623535156e+01 2.007971000671386719e+01 -3.924583435058593750e+01
1.466405105590820312e+01 2.008826255798339844e+01 -3.931739425659179688e+01
1.463601112365722656e+01 2.007914924621582031e+01 -3.938845825195312500e+01
1.461245250701904297e+01 2.007489013671875000e+01 -3.943690872192382812e+01
1.459509944915771484e+01 2.003813552856445312e+01 -3.948822021484375000e+01
1.458786773681640625e+01 1.995915985107421875e+01 -3.953550338745117188e+01
1.462621498107910156e+01 1.991877555847167969e+01 -3.959692001342773438e+01
1.464539241790771484e+01 1.985183715820312500e+01 -3.963515853881835938e+01
1.470185375213623047e+01 1.983615684509277344e+01 -3.968366241455078125e+01
1.475743675231933594e+01 1.981993103027343750e+01 -3.972335433959960938e+01
1.483329772949218750e+01 1.984385871887207031e+01 -3.980170059204101562e+01
1.483137702941894531e+01 1.986577606201171875e+01 -3.983484649658203125e+01
1.487317752838134766e+01 1.991294479370117188e+01 -3.989799118041992188e+01
1.486101245880126953e+01 1.993081474304199219e+01 -3.997156906127929688e+01
1.487728786468505859e+01 1.996224594116210938e+01 -4.000769424438476562e+01
1.486347389221191406e+01 1.997062683105468750e+01 -4.006348419189453125e+01
1.485660076141357422e+01 1.998746871948242188e+01 -4.015775680541992188e+01
1.488570308685302734e+01 1.998378372192382812e+01 -4.021221542358398438e+01
1.492619132995605469e+01 1.997569274902343750e+01 -4.026912307739257812e+01
1.498186779022216797e+01 1.995403671264648438e+01 -4.037094879150390625e+01
1.503923797607421875e+01 1.998356056213378906e+01 -4.042665481567382812e+01
1.506564521789550781e+01 1.998170089721679688e+01 -4.053091430664062500e+01
1.505467414855957031e+01 2.001738166809082031e+01 -4.060360717773437500e+01
1.507250690460205078e+01 2.002789878845214844e+01 -4.064274215698242188e+01
1.507453918457031250e+01 2.000029373168945312e+01 -4.073039245605468750e+01
1.512459468841552734e+01 1.999934577941894531e+01 -4.081084823608398438e+01
1.514890480041503906e+01 2.000652503967285156e+01 -4.089700698852539062e+01
1.517594146728515625e+01 2.001545715332031250e+01 -4.097326660156250000e+01
1.521482849121093750e+01 2.005512237548828125e+01 -4.105487823486328125e+01
1.524887275695800781e+01 2.006635665893554688e+01 -4.115217971801757812e+01
1.529805278778076172e+01 2.005968093872070312e+01 -4.124540328979492188e+01
1.529534149169921875e+01 2.009145164489746094e+01 -4.135325622558593750e+01
1.533856010437011719e+01 2.012193489074707031e+01 -4.144780731201171875e+01
1.532850646972656250e+01 2.013477516174316406e+01 -4.157327270507812500e+01
1.531467056274414062e+01 2.011305809020996094e+01 -4.166731262207031250e+01
1.535263824462890625e+01 2.007835388183593750e+01 -4.176839447021484375e+01
1.535826015472412109e+01 1.999659538269042969e+01 -4.184332275390625000e+01
1.540087127685546875e+01 1.998978805541992188e+01 -4.196727371215820312e+01
1.540677165985107422e+01 1.995725440979003906e+01 -4.206013488769531250e+01
1.548188400268554688e+01 1.992568778991699219e+01 -4.214779663085937500e+01
1.554354095458984375e+01 1.990266990661621094e+01 -4.228316879272460938e+01
1.559700202941894531e+01 1.989954185485839844e+01 -4.238910675048828125e+01
1.559929466247558594e+01 1.988502883911132812e+01 -4.244576263427734375e+01
1.562846279144287109e+01 1.985184669494628906e+01 -4.255183792114257812e+01
1.562039279937744141e+01 1.985889816284179688e+01 -4.263932418823242188e+01
1.559801483154296875e+01 1.982516479492187500e+01 -4.272620010375976562e+01
1.561226272583007812e+01 1.978149795532226562e+01 -4.279586791992187500e+01
1.558239364624023438e+01 1.974138259887695312e+01 -4.287695312500000000e+01
1.559849739074707031e+01 1.968479728698730469e+01 -4.294968795776367188e+01
1.564657020568847656e+01 1.962914085388183594e+01 -4.303795623779296875e+01
1.568188762664794922e+01 1.957277870178222656e+01 -4.309629058837890625e+01
1.572145175933837891e+01 1.955210876464843750e+01 -4.319141769409179688e+01
1.578231906890869141e+01 1.953531837463378906e+01 -4.325985717773437500e+01
1.577586078643798828e+01 1.951479721069335938e+01 -4.331726074218750000e+01
1.579589462280273438e+01 1.947204399108886719e+01 -4.341543960571289062e+01
1.581938934326171875e+01 1.945409011840820312e+01 -4.346833419799804688e+01
1.580930137634277344e+01 1.941623687744140625e+01 -4.354656600952148438e+01
1.586345958709716797e+01 1.938942527770996094e+01 -4.359749603271484375e+01
1.589978790283203125e+01 1.937592887878417969e+01 -4.366921615600585938e+01
1.589902687072753906e+01 1.937432479858398438e+01 -4.375197982788085938e+01
1.590909957885742188e+01 1.938261604309082031e+01 -4.381604385375976562e+01
1.593145751953125000e+01 1.938022994995117188e+01 -4.393522644042968750e+01
1.594484138488769531e+01 1.934263610839843750e+01 -4.401250076293945312e+01
1.597413825988769531e+01 1.931832885742187500e+01 -4.409284210205078125e+01
1.596256160736083984e+01 1.928486633300781250e+01 -4.413708877563476562e+01
1.600699996948242188e+01 1.925141906738281250e+01 -4.423957443237304688e+01
1.602459335327148438e+01 1.921366691589355469e+01 -4.430118942260742188e+01
1.604753112792968750e+01 1.920469665527343750e+01 -4.437192153930664062e+01
1.605640602111816406e+01 1.918697738647460938e+01 -4.445300674438476562e+01
1.609739685058593750e+01 1.914114570617675781e+01 -4.452145004272460938e+01
1.608828163146972656e+01 1.910572433471679688e+01 -4.458160018920898438e+01
1.615237236022949219e+01 1.911138343811035156e+01 -4.466310119628906250e+01
