1.111739039421081543e+00 2.251001119613647461e+00 -5.971617624163627625e-02
1.121672272682189941e+00 2.304380893707275391e+00 -5.659055337309837341e-02
1.116915822029113770e+00 2.327811479568481445e+00 -5.520730093121528625e-02
1.134535908699035645e+00 2.348887443542480469e+00 -5.854767188429832458e-02
1.150054812431335449e+00 2.386245012283325195e+00 -5.324583873152732849e-02
1.141707420349121094e+00 2.435414314270019531e+00 -4.419036582112312317e-02
1.162235498428344727e+00 2.460057973861694336e+00 -4.713980481028556824e-02
1.171046137809753418e+00 2.498540878295898438e+00 -3.208164125680923462e-02
1.180394172668457031e+00 2.531333208084106445e+00 -2.017505280673503876e-02
1.198610901832580566e+00 2.586602687835693359e+00 -1.762852072715759277e-02
1.207040786743164062e+00 2.618979215621948242e+00 -1.315657608211040497e-02
1.221165180206298828e+00 2.703319787979125977e+00 -4.141030658502131701e-04
1.238365292549133301e+00 2.754075765609741211e+00 1.213993784040212631e-02
1.241808772087097168e+00 2.806588888168334961e+00 2.392302639782428741e-02
1.265087842941284180e+00 2.857482671737670898e+00 3.260451555252075195e-02
1.285438776016235352e+00 2.905645847320556641e+00 4.123519361019134521e-02
1.283764004707336426e+00 2.977178573608398438e+00 4.453550279140472412e-02
1.298401117324829102e+00 3.030899524688720703e+00 5.997601151466369629e-02
1.310428500175476074e+00 3.097070693969726562e+00 6.669545918703079224e-02
1.334049344062805176e+00 3.172608613967895508e+00 7.132694870233535767e-02
1.333918213844299316e+00 3.239058732986450195e+00 8.559587597846984863e-02
1.361114382743835449e+00 3.287997722625732422e+00 8.804730325937271118e-02
1.388340950012207031e+00 3.358438253402709961e+00 1.007814034819602966e-01
1.417329907417297363e+00 3.422556877136230469e+00 1.125958412885665894e-01
1.434902906417846680e+00 3.504091978073120117e+00 1.256133466958999634e-01
1.454959988594055176e+00 3.572386264801025391e+00 1.377405673265457153e-01
1.479967832565307617e+00 3.646767616271972656e+00 1.472741663455963135e-01
1.492225646972656250e+00 3.711716413497924805e+00 1.545097678899765015e-01
1.514185428619384766e+00 3.782524347305297852e+00 1.698880493640899658e-01
1.533137202262878418e+00 3.883793592453002930e+00 1.850475072860717773e-01
1.555558204650878906e+00 3.963569641113281250e+00 1.998006552457809448e-01
1.564794898033142090e+00 4.040758609771728516e+00 2.072781771421432495e-01
1.587657213211059570e+00 4.165734291076660156e+00 2.305564433336257935e-01
1.616626977920532227e+00 4.247221469879150391e+00 2.373218685388565063e-01
1.629202723503112793e+00 4.349256038665771484e+00 2.558740675449371338e-01
1.654267668724060059e+00 4.432181358337402344e+00 2.628571391105651855e-01
1.671499609947204590e+00 4.536215305328369141e+00 2.764413654804229736e-01
1.690465807914733887e+00 4.631863594055175781e+00 2.906069159507751465e-01
1.703498840332031250e+00 4.717164993286132812e+00 3.129909038543701172e-01
1.733518242835998535e+00 4.819539546966552734e+00 3.279336690902709961e-01
1.752374768257141113e+00 4.920681953430175781e+00 3.519019782543182373e-01
1.781688809394836426e+00 5.027832984924316406e+00 3.710888326168060303e-01
1.795188426971435547e+00 5.140647888183593750e+00 3.817004561424255371e-01
1.822369456291198730e+00 5.245776653289794922e+00 4.048056304454803467e-01
1.845824122428894043e+00 5.361138820648193359e+00 4.207374155521392822e-01
1.866298794746398926e+00 5.479886054992675781e+00 4.258239567279815674e-01
1.883705854415893555e+00 5.584921360015869141e+00 4.532053470611572266e-01
1.912051558494567871e+00 5.712126731872558594e+00 4.667004644870758057e-01
1.926585316658020020e+00 5.835539340972900391e+00 4.918222725391387939e-01
1.957807421684265137e+00 5.953119277954101562e+00 5.035946369171142578e-01
1.977241873741149902e+00 6.070584297180175781e+00 5.112547278404235840e-01
1.997954130172729492e+00 6.194167137145996094e+00 5.342960357666015625e-01
2.021158218383789062e+00 6.327107429504394531e+00 5.552817583084106445e-01
2.062302112579345703e+00 6.537133693695068359e+00 5.741643905639648438e-01
2.091706037521362305e+00 6.673233985900878906e+00 5.941728949546813965e-01
2.120596885681152344e+00 6.806165695190429688e+00 6.109384298324584961e-01
2.144217014312744141e+00 6.952977180480957031e+00 6.267518401145935059e-01
2.181353807449340820e+00 7.100744724273681641e+00 6.503335237503051758e-01
2.203919172286987305e+00 7.266394138336181641e+00 6.700109243392944336e-01
2.229325056076049805e+00 7.411614894866943359e+00 6.812952160835266113e-01
2.259514808654785156e+00 7.566200733184814453e+00 6.930979490280151367e-01
2.307915210723876953e+00 7.707087516784667969e+00 7.085038423538208008e-01
2.330219507217407227e+00 7.888486385345458984e+00 7.183223366737365723e-01
2.346404314041137695e+00 8.046492576599121094e+00 7.364547252655029297e-01
2.378253936767578125e+00 8.209456443786621094e+00 7.471284270286560059e-01
2.427690982818603516e+00 8.388633728027343750e+00 7.674019932746887207e-01
2.455650806427001953e+00 8.574475288391113281e+00 7.823186516761779785e-01
2.481996774673461914e+00 8.749603271484375000e+00 7.911330461502075195e-01
2.512403726577758789e+00 8.937786102294921875e+00 7.983824610710144043e-01
2.548361063003540039e+00 9.119958877563476562e+00 8.079975247383117676e-01
2.574301004409790039e+00 9.313034057617187500e+00 8.278627395629882812e-01
2.594852924346923828e+00 9.508533477783203125e+00 8.294378519058227539e-01
2.637414693832397461e+00 9.707614898681640625e+00 8.345993757247924805e-01
2.698185920715332031e+00 1.001327419281005859e+01 8.524060845375061035e-01
2.741857767105102539e+00 1.022635555267333984e+01 8.544266223907470703e-01
2.791613817214965820e+00 1.044773483276367188e+01 8.538356423377990723e-01
2.813271284103393555e+00 1.066761493682861328e+01 8.607558012008666992e-01
2.850940942764282227e+00 1.088768386840820312e+01 8.536499142646789551e-01
2.891659021377563477e+00 1.110149097442626953e+01 8.594565987586975098e-01
2.960869550704956055e+00 1.133526802062988281e+01 8.566002249717712402e-01
2.991474628448486328e+00 1.157690429687500000e+01 8.453037738800048828e-01
3.037321567535400391e+00 1.182273960113525391e+01 8.379071950912475586e-01
3.073655366897583008e+00 1.206613731384277344e+01 8.225824236869812012e-01
3.129370212554931641e+00 1.230987167358398438e+01 8.142932653427124023e-01
3.176342487335205078e+00 1.256780815124511719e+01 7.977226376533508301e-01
3.229517221450805664e+00 1.283019924163818359e+01 7.840468883514404297e-01
3.275470972061157227e+00 1.310724735260009766e+01 7.548645734786987305e-01
3.309646129608154297e+00 1.337312602996826172e+01 7.321418523788452148e-01
3.366206645965576172e+00 1.365800380706787109e+01 6.975769400596618652e-01
3.435567378997802734e+00 1.395092964172363281e+01 6.765086650848388672e-01
3.491952180862426758e+00 1.425126552581787109e+01 6.317393183708190918e-01
3.542257785797119141e+00 1.456112289428710938e+01 5.884131789207458496e-01
3.605715513229370117e+00 1.485859775543212891e+01 5.440614819526672363e-01
3.673461914062500000e+00 1.518199539184570312e+01 4.903706312179565430e-01
3.758692264556884766e+00 1.568648624420166016e+01 3.985982537269592285e-01
3.824580430984497070e+00 1.603072166442871094e+01 3.260442912578582764e-01
3.903646469116210938e+00 1.637938880920410156e+01 2.516679465770721436e-01
3.983898639678955078e+00 1.674444007873535156e+01 1.734357029199600220e-01
4.054725170135498047e+00 1.713160705566406250e+01 7.575321197509765625e-02
4.128944396972656250e+00 1.751149749755859375e+01 -3.854806348681449890e-02
4.202916622161865234e+00 1.789055824279785156e+01 -1.570397466421127319e-01
4.299855232238769531e+00 1.828586578369140625e+01 -3.025512397289276123e-01
4.394858837127685547e+00 1.871362876892089844e+01 -4.540867507457733154e-01
4.496265411376953125e+00 1.912516975402832031e+01 -6.297323107719421387e-01
4.590181350708007812e+00 1.955836105346679688e+01 -8.371990919113159180e-01
4.714734554290771484e+00 1.998470878601074219e+01 -1.068298459053039551e+00
4.830332756042480469e+00 2.043598556518554688e+01 -1.319736361503601074e+00
4.932093620300292969e+00 2.090118789672851562e+01 -1.618177413940429688e+00
5.046419143676757812e+00 2.134730148315429688e+01 -1.949912786483764648e+00
5.187935352325439453e+00 2.179096984863281250e+01 -2.306722879409790039e+00
5.327721595764160156e+00 2.224488449096679688e+01 -2.709316492080688477e+00
5.464605331420898438e+00 2.267762565612792969e+01 -3.164364814758300781e+00
5.625023841857910156e+00 2.307784652709960938e+01 -3.648642063140869141e+00
5.769898891448974609e+00 2.346901512145996094e+01 -4.182744026184082031e+00
5.911763668060302734e+00 2.382247924804687500e+01 -4.741117954254150391e+00
6.138627052307128906e+00 2.428381729125976562e+01 -5.610649108886718750e+00
6.277179718017578125e+00 2.454181671142578125e+01 -6.226602077484130859e+00
6.419056892395019531e+00 2.476652717590332031e+01 -6.840356349945068359e+00
6.569787979125976562e+00 2.494765281677246094e+01 -7.449287414550781250e+00
6.702472209930419922e+00 2.511830902099609375e+01 -8.054113388061523438e+00
6.815233230590820312e+00 2.524793243408203125e+01 -8.648527145385742188e+00
6.940766811370849609e+00 2.533866310119628906e+01 -9.230755805969238281e+00
7.046033382415771484e+00 2.544522285461425781e+01 -9.791850090026855469e+00
7.152542114257812500e+00 2.550596237182617188e+01 -1.032689094543457031e+01
7.258409023284912109e+00 2.557492828369140625e+01 -1.084571170806884766e+01
7.354297637939453125e+00 2.563484191894531250e+01 -1.134580135345458984e+01
7.431169033050537109e+00 2.565733528137207031e+01 -1.181315612792968750e+01
7.528745174407958984e+00 2.567560386657714844e+01 -1.226273250579833984e+01
7.608296871185302734e+00 2.570092010498046875e+01 -1.268627643585205078e+01
7.682506561279296875e+00 2.570876884460449219e+01 -1.308816814422607422e+01
7.756702423095703125e+00 2.571325111389160156e+01 -1.347010421752929688e+01
7.807365417480468750e+00 2.570595741271972656e+01 -1.383364963531494141e+01
7.891717910766601562e+00 2.568788337707519531e+01 -1.418528842926025391e+01
7.960536956787109375e+00 2.567580223083496094e+01 -1.451865386962890625e+01
8.033181190490722656e+00 2.566781806945800781e+01 -1.482806587219238281e+01
8.084078788757324219e+00 2.565387916564941406e+01 -1.512923908233642578e+01
8.171922683715820312e+00 2.561956977844238281e+01 -1.553932857513427734e+01
8.223824501037597656e+00 2.560611343383789062e+01 -1.580974388122558594e+01
8.283173561096191406e+00 2.558199501037597656e+01 -1.606555747985839844e+01
8.346856117248535156e+00 2.556223678588867188e+01 -1.630862426757812500e+01
8.387539863586425781e+00 2.553836441040039062e+01 -1.655093765258789062e+01
8.414282798767089844e+00 2.550537681579589844e+01 -1.677466201782226562e+01
8.468391418457031250e+00 2.546997261047363281e+01 -1.699688911437988281e+01
8.519419670104980469e+00 2.544208145141601562e+01 -1.720933341979980469e+01
8.564220428466796875e+00 2.541574096679687500e+01 -1.740903091430664062e+01
8.598593711853027344e+00 2.538352966308593750e+01 -1.760215950012207031e+01
8.637382507324218750e+00 2.534370231628417969e+01 -1.778729438781738281e+01
8.668231010437011719e+00 2.530441856384277344e+01 -1.797244453430175781e+01
8.690269470214843750e+00 2.526637268066406250e+01 -1.814434623718261719e+01
8.731306076049804688e+00 2.523406600952148438e+01 -1.831014633178710938e+01
8.761869430541992188e+00 2.519797515869140625e+01 -1.847522735595703125e+01
8.782924652099609375e+00 2.516171836853027344e+01 -1.862979125976562500e+01
8.816266059875488281e+00 2.512076568603515625e+01 -1.876457023620605469e+01
8.848829269409179688e+00 2.509119033813476562e+01 -1.892378616333007812e+01
8.866053581237792969e+00 2.506360816955566406e+01 -1.904638671875000000e+01
8.896241188049316406e+00 2.502954673767089844e+01 -1.917380523681640625e+01
8.914835929870605469e+00 2.499303245544433594e+01 -1.930177116394042969e+01
8.958133697509765625e+00 2.493727302551269531e+01 -1.947885704040527344e+01
8.978295326232910156e+00 2.491410636901855469e+01 -1.960362434387207031e+01
8.999917030334472656e+00 2.489401817321777344e+01 -1.970940971374511719e+01
9.021128654479980469e+00 2.485366630554199219e+01 -1.982312583923339844e+01
9.039285659790039062e+00 2.482808876037597656e+01 -1.993314933776855469e+01
9.079081535339355469e+00 2.481088638305664062e+01 -2.003517150878906250e+01
9.085686683654785156e+00 2.477748298645019531e+01 -2.013884162902832031e+01
9.124608039855957031e+00 2.475645065307617188e+01 -2.023791122436523438e+01
9.138662338256835938e+00 2.472733306884765625e+01 -2.034374618530273438e+01
9.164045333862304688e+00 2.469665527343750000e+01 -2.044211387634277344e+01
9.187565803527832031e+00 2.466720008850097656e+01 -2.054443740844726562e+01
9.210104942321777344e+00 2.463611793518066406e+01 -2.064273262023925781e+01
9.237380981445312500e+00 2.461003112792968750e+01 -2.073280906677246094e+01
9.261013984680175781e+00 2.458537864685058594e+01 -2.083679199218750000e+01
9.268335342407226562e+00 2.455381011962890625e+01 -2.092802238464355469e+01
9.299081802368164062e+00 2.450806999206542969e+01 -2.101987075805664062e+01
9.309906005859375000e+00 2.447870445251464844e+01 -2.111887359619140625e+01
9.335684776306152344e+00 2.444330787658691406e+01 -2.121604537963867188e+01
9.364071846008300781e+00 2.441062927246093750e+01 -2.129984474182128906e+01
9.386447906494140625e+00 2.438490104675292969e+01 -2.139161491394042969e+01
9.392559051513671875e+00 2.433868408203125000e+01 -2.147535705566406250e+01
9.429556846618652344e+00 2.427227592468261719e+01 -2.161027908325195312e+01
9.443634986877441406e+00 2.423093223571777344e+01 -2.170593070983886719e+01
9.460856437683105469e+00 2.417763328552246094e+01 -2.177947998046875000e+01
9.481823921203613281e+00 2.412718009948730469e+01 -2.186681365966796875e+01
9.502409934997558594e+00 2.408670616149902344e+01 -2.194622230529785156e+01
9.520892143249511719e+00 2.402972412109375000e+01 -2.202696037292480469e+01
9.530720710754394531e+00 2.399236679077148438e+01 -2.210810279846191406e+01
9.561840057373046875e+00 2.394143676757812500e+01 -2.219677543640136719e+01
9.562905311584472656e+00 2.388323593139648438e+01 -2.226186943054199219e+01
9.594928741455078125e+00 2.381491470336914062e+01 -2.234434318542480469e+01
9.616806030273437500e+00 2.377022552490234375e+01 -2.241481781005859375e+01
9.624858856201171875e+00 2.371619033813476562e+01 -2.248031616210937500e+01
9.648464202880859375e+00 2.365725898742675781e+01 -2.256581687927246094e+01
9.661454200744628906e+00 2.360069465637207031e+01 -2.262906265258789062e+01
9.668790817260742188e+00 2.354385948181152344e+01 -2.269179153442382812e+01
9.684379577636718750e+00 2.349005699157714844e+01 -2.275473785400390625e+01
9.687317848205566406e+00 2.342401313781738281e+01 -2.282161903381347656e+01
9.703335762023925781e+00 2.334499740600585938e+01 -2.288667297363281250e+01
9.735079765319824219e+00 2.327816581726074219e+01 -2.294489288330078125e+01
9.750164031982421875e+00 2.322247695922851562e+01 -2.300797653198242188e+01
9.774934768676757812e+00 2.313853645324707031e+01 -2.308641624450683594e+01
9.772798538208007812e+00 2.308235931396484375e+01 -2.314047241210937500e+01
9.770151138305664062e+00 2.300729942321777344e+01 -2.319970893859863281e+01
9.784571647644042969e+00 2.292697906494140625e+01 -2.324513626098632812e+01
9.811635971069335938e+00 2.287338066101074219e+01 -2.328855133056640625e+01
9.806786537170410156e+00 2.281729698181152344e+01 -2.334303283691406250e+01
9.818924903869628906e+00 2.273373222351074219e+01 -2.338532066345214844e+01
9.828019142150878906e+00 2.265006828308105469e+01 -2.343473625183105469e+01
9.836305618286132812e+00 2.258463287353515625e+01 -2.348304939270019531e+01
9.850378036499023438e+00 2.250407028198242188e+01 -2.352530670166015625e+01
9.861396789550781250e+00 2.243480300903320312e+01 -2.357377433776855469e+01
9.865038871765136719e+00 2.237179565429687500e+01 -2.361577606201171875e+01
9.872611045837402344e+00 2.230724716186523438e+01 -2.365640640258789062e+01
9.879033088684082031e+00 2.223423194885253906e+01 -2.368792724609375000e+01
9.879617691040039062e+00 2.216007423400878906e+01 -2.373796081542968750e+01
9.883630752563476562e+00 2.208793640136718750e+01 -2.376711654663085938e+01
9.896789550781250000e+00 2.201751899719238281e+01 -2.380369186401367188e+01
9.895184516906738281e+00 2.196830749511718750e+01 -2.384166145324707031e+01
9.888575553894042969e+00 2.189333152770996094e+01 -2.388399505615234375e+01
9.889902114868164062e+00 2.181039428710937500e+01 -2.392307662963867188e+01
9.899232864379882812e+00 2.172935867309570312e+01 -2.394989013671875000e+01
9.916690826416015625e+00 2.161020469665527344e+01 -2.399193763732910156e+01
9.930583000183105469e+00 2.155616188049316406e+01 -2.401745033264160156e+01
9.936008453369140625e+00 2.149469375610351562e+01 -2.403306388854980469e+01
9.921552658081054688e+00 2.143306732177734375e+01 -2.406099891662597656e+01
9.940031051635742188e+00 2.136612701416015625e+01 -2.407470893859863281e+01
9.943632125854492188e+00 2.129010963439941406e+01 -2.409319496154785156e+01
9.948902130126953125e+00 2.122392654418945312e+01 -2.409889221191406250e+01
9.945488929748535156e+00 2.116592597961425781e+01 -2.411419868469238281e+01
9.944775581359863281e+00 2.109546470642089844e+01 -2.412252807617187500e+01
9.946582794189453125e+00 2.100961875915527344e+01 -2.411581802368164062e+01
9.954669952392578125e+00 2.094397163391113281e+01 -2.411350440979003906e+01
9.965817451477050781e+00 2.086961364746093750e+01 -2.411018180847167969e+01
9.971193313598632812e+00 2.080630302429199219e+01 -2.409700393676757812e+01
9.979511260986328125e+00 2.075276184082031250e+01 -2.408946418762207031e+01
9.996789932250976562e+00 2.070013427734375000e+01 -2.407626342773437500e+01
9.981628417968750000e+00 2.064862823486328125e+01 -2.405312919616699219e+01
9.971295356750488281e+00 2.059330940246582031e+01 -2.402612304687500000e+01
9.958432197570800781e+00 2.051533317565917969e+01 -2.399943351745605469e+01
9.973200798034667969e+00 2.044309425354003906e+01 -2.397470283508300781e+01
9.968458175659179688e+00 2.039783096313476562e+01 -2.393396568298339844e+01
9.958321571350097656e+00 2.033416938781738281e+01 -2.390004920959472656e+01
9.968189239501953125e+00 2.025356674194335938e+01 -2.382697486877441406e+01
9.963312149047851562e+00 2.020345878601074219e+01 -2.377996063232421875e+01
9.951675415039062500e+00 2.016749954223632812e+01 -2.372943687438964844e+01
9.946337699890136719e+00 2.012975692749023438e+01 -2.365982246398925781e+01
9.934307098388671875e+00 2.010167121887207031e+01 -2.359970474243164062e+01
9.900238037109375000e+00 2.007163238525390625e+01 -2.352007675170898438e+01
9.889904022216796875e+00 2.004114723205566406e+01 -2.343395423889160156e+01
9.885202407836914062e+00 2.001453781127929688e+01 -2.333830451965332031e+01
9.888383865356445312e+00 2.002380561828613281e+01 -2.324309921264648438e+01
9.890025138854980469e+00 2.003167343139648438e+01 -2.313058280944824219e+01
9.873888015747070312e+00 2.005001640319824219e+01 -2.299086189270019531e+01
9.871809005737304688e+00 2.006999969482421875e+01 -2.284702301025390625e+01
9.869757652282714844e+00 2.014021492004394531e+01 -2.269619750976562500e+01
9.858955383300781250e+00 2.024015426635742188e+01 -2.251531600952148438e+01
9.862697601318359375e+00 2.037050437927246094e+01 -2.232832527160644531e+01
9.868718147277832031e+00 2.055435752868652344e+01 -2.213709831237792969e+01
9.887625694274902344e+00 2.078936004638671875e+01 -2.196202659606933594e+01
9.903030395507812500e+00 2.108002662658691406e+01 -2.180109405517578125e+01
9.939787864685058594e+00 2.142272949218750000e+01 -2.168667602539062500e+01
9.974592208862304688e+00 2.176894378662109375e+01 -2.161253356933593750e+01
1.001672458648681641e+01 2.210426139831542969e+01 -2.157447433471679688e+01
1.011574172973632812e+01 2.259569931030273438e+01 -2.157696533203125000e+01
1.017779731750488281e+01 2.289184761047363281e+01 -2.162239074707031250e+01
1.024723815917968750e+01 2.316495132446289062e+01 -2.168656349182128906e+01
1.031121826171875000e+01 2.341372108459472656e+01 -2.176370811462402344e+01
1.036507129669189453e+01 2.362101936340332031e+01 -2.186442565917968750e+01
1.040803432464599609e+01 2.379467391967773438e+01 -2.196517753601074219e+01
1.047418785095214844e+01 2.395834922790527344e+01 -2.207689094543457031e+01
1.049598979949951172e+01 2.409665870666503906e+01 -2.218858528137207031e+01
1.053671836853027344e+01 2.419140052795410156e+01 -2.229707717895507812e+01
1.058076190948486328e+01 2.427230453491210938e+01 -2.241600608825683594e+01
1.060171508789062500e+01 2.435032463073730469e+01 -2.252399444580078125e+01
1.063654613494873047e+01 2.440165901184082031e+01 -2.264337921142578125e+01
1.066930103302001953e+01 2.445651054382324219e+01 -2.275961685180664062e+01
1.068821907043457031e+01 2.450003623962402344e+01 -2.287222480773925781e+01
1.072254180908203125e+01 2.453330802917480469e+01 -2.298889160156250000e+01
1.074831104278564453e+01 2.455100059509277344e+01 -2.310307884216308594e+01
1.077971458435058594e+01 2.456267738342285156e+01 -2.321979522705078125e+01
1.080196952819824219e+01 2.457903289794921875e+01 -2.333807563781738281e+01
1.082127380371093750e+01 2.457020950317382812e+01 -2.345019721984863281e+01
1.085176277160644531e+01 2.457296371459960938e+01 -2.357210731506347656e+01
1.087039566040039062e+01 2.456832695007324219e+01 -2.369594001770019531e+01
1.093604373931884766e+01 2.454699325561523438e+01 -2.388329124450683594e+01
1.096819496154785156e+01 2.453130722045898438e+01 -2.399271583557128906e+01
1.101428794860839844e+01 2.450798225402832031e+01 -2.412768936157226562e+01
1.104415702819824219e+01 2.449438095092773438e+01 -2.424133491516113281e+01
1.106938266754150391e+01 2.446954727172851562e+01 -2.437151908874511719e+01
1.109205341339111328e+01 2.443369293212890625e+01 -2.448626899719238281e+01
1.112638759613037109e+01 2.440722656250000000e+01 -2.461570739746093750e+01
1.114908885955810547e+01 2.436570739746093750e+01 -2.473758506774902344e+01
1.118215656280517578e+01 2.432440948486328125e+01 -2.483444404602050781e+01
1.120589256286621094e+01 2.427204895019531250e+01 -2.496115493774414062e+01
1.122688865661621094e+01 2.423622322082519531e+01 -2.507409667968750000e+01
1.125562191009521484e+01 2.418091964721679688e+01 -2.519036102294921875e+01
1.128404426574707031e+01 2.413539123535156250e+01 -2.530930328369140625e+01
1.130931091308593750e+01 2.408662414550781250e+01 -2.542631721496582031e+01
1.132764816284179688e+01 2.403120994567871094e+01 -2.553364181518554688e+01
1.135442733764648438e+01 2.397190856933593750e+01 -2.566314697265625000e+01
1.138334369659423828e+01 2.392681884765625000e+01 -2.578111267089843750e+01
1.140122509002685547e+01 2.389016723632812500e+01 -2.589440727233886719e+01
1.139913845062255859e+01 2.382689094543457031e+01 -2.601542472839355469e+01
1.143679523468017578e+01 2.375885772705078125e+01 -2.613021469116210938e+01
1.144485569000244141e+01 2.369776153564453125e+01 -2.623894500732421875e+01
1.148549747467041016e+01 2.360449409484863281e+01 -2.640275382995605469e+01
1.150810718536376953e+01 2.355143165588378906e+01 -2.651708984375000000e+01
1.153290939331054688e+01 2.350315284729003906e+01 -2.662210464477539062e+01
1.154766082763671875e+01 2.343319702148437500e+01 -2.672949028015136719e+01
1.157892894744873047e+01 2.336924171447753906e+01 -2.683338165283203125e+01
1.161268234252929688e+01 2.332052803039550781e+01 -2.695017623901367188e+01
1.162614536285400391e+01 2.326128196716308594e+01 -2.705603790283203125e+01
1.164175987243652344e+01 2.320022773742675781e+01 -2.716392898559570312e+01
1.164342212677001953e+01 2.314457130432128906e+01 -2.727253723144531250e+01
1.166365146636962891e+01 2.307281112670898438e+01 -2.737655639648437500e+01
1.169755840301513672e+01 2.300173187255859375e+01 -2.748668479919433594e+01
1.172206687927246094e+01 2.295758438110351562e+01 -2.760012626647949219e+01
1.174238777160644531e+01 2.290526008605957031e+01 -2.772011566162109375e+01
1.176515483856201172e+01 2.284845352172851562e+01 -2.784248733520507812e+01
1.178283882141113281e+01 2.278539657592773438e+01 -2.795505523681640625e+01
1.181066894531250000e+01 2.273484420776367188e+01 -2.808169174194335938e+01
1.182002258300781250e+01 2.267725563049316406e+01 -2.820864677429199219e+01
1.184788703918457031e+01 2.260647583007812500e+01 -2.832499885559082031e+01
1.189134883880615234e+01 2.254203224182128906e+01 -2.845504188537597656e+01
1.192226791381835938e+01 2.246940422058105469e+01 -2.857328796386718750e+01
1.194540309906005859e+01 2.237941932678222656e+01 -2.875299835205078125e+01
1.194453048706054688e+01 2.230953216552734375e+01 -2.887391853332519531e+01
1.196858882904052734e+01 2.221801567077636719e+01 -2.898670578002929688e+01
1.198148250579833984e+01 2.213755798339843750e+01 -2.910518646240234375e+01
1.200362014770507812e+01 2.205448532104492188e+01 -2.922378921508789062e+01
1.202546787261962891e+01 2.198195266723632812e+01 -2.933874130249023438e+01
1.203833198547363281e+01 2.190230560302734375e+01 -2.945312500000000000e+01
1.205393409729003906e+01 2.182046699523925781e+01 -2.956025695800781250e+01
1.207369041442871094e+01 2.174090003967285156e+01 -2.967290496826171875e+01
1.210215377807617188e+01 2.164043617248535156e+01 -2.977802276611328125e+01
1.211055755615234375e+01 2.156125068664550781e+01 -2.988690185546875000e+01
1.213358211517333984e+01 2.148252868652343750e+01 -2.999711799621582031e+01
1.214500331878662109e+01 2.137085723876953125e+01 -3.009845542907714844e+01
1.216034507751464844e+01 2.126357841491699219e+01 -3.020489120483398438e+01
1.218173503875732422e+01 2.116890144348144531e+01 -3.029100608825683594e+01
1.217840290069580078e+01 2.104949188232421875e+01 -3.038746643066406250e+01
1.217474460601806641e+01 2.091054534912109375e+01 -3.044213867187500000e+01
1.217334747314453125e+01 2.074382781982421875e+01 -3.048797607421875000e+01
1.214990234375000000e+01 2.057602882385253906e+01 -3.048965644836425781e+01
1.213774299621582031e+01 2.039563751220703125e+01 -3.044215202331542969e+01
1.212367725372314453e+01 2.026871109008789062e+01 -3.035756301879882812e+01
1.210212802886962891e+01 2.012003898620605469e+01 -3.019373130798339844e+01
1.208264350891113281e+01 2.006601142883300781e+01 -3.008951950073242188e+01
1.207046413421630859e+01 2.002553939819335938e+01 -3.001867485046386719e+01
1.207730388641357422e+01 2.001231384277343750e+01 -2.995376205444335938e+01
1.208244895935058594e+01 2.002534294128417969e+01 -2.992431449890136719e+01
1.209216594696044922e+01 2.003625488281250000e+01 -2.992339706420898438e+01
1.210989761352539062e+01 2.005073356628417969e+01 -2.993554496765136719e+01
1.213473606109619141e+01 2.007983589172363281e+01 -2.996630287170410156e+01
1.217833423614501953e+01 2.011668586730957031e+01 -3.001140403747558594e+01
1.220943260192871094e+01 2.015703010559082031e+01 -3.007475471496582031e+01
1.222629833221435547e+01 2.019832420349121094e+01 -3.015739822387695312e+01
1.226515579223632812e+01 2.022893333435058594e+01 -3.024875068664550781e+01
1.230531978607177734e+01 2.023597717285156250e+01 -3.034872627258300781e+01
1.236249923706054688e+01 2.026303863525390625e+01 -3.046605300903320312e+01
1.239400005340576172e+01 2.029610252380371094e+01 -3.057335853576660156e+01
1.242604064941406250e+01 2.032750892639160156e+01 -3.068599128723144531e+01
1.246339321136474609e+01 2.035599517822265625e+01 -3.081266403198242188e+01
1.247866058349609375e+01 2.037316894531250000e+01 -3.092672920227050781e+01
1.251373958587646484e+01 2.037635231018066406e+01 -3.105757713317871094e+01
1.255673408508300781e+01 2.040027427673339844e+01 -3.117007446289062500e+01
1.260523223876953125e+01 2.041486740112304688e+01 -3.128284835815429688e+01
1.266144466400146484e+01 2.047129249572753906e+01 -3.144738769531250000e+01
1.266638469696044922e+01 2.050751113891601562e+01 -3.156332015991210938e+01
1.269661045074462891e+01 2.051430892944335938e+01 -3.167343139648437500e+01
1.272476291656494141e+01 2.052483558654785156e+01 -3.180625534057617188e+01
1.276401329040527344e+01 2.055212974548339844e+01 -3.193343734741210938e+01
1.282166290283203125e+01 2.057718276977539062e+01 -3.206848144531250000e+01
1.288539981842041016e+01 2.060827255249023438e+01 -3.221470260620117188e+01
1.290309238433837891e+01 2.064549255371093750e+01 -3.235571670532226562e+01
1.293438434600830078e+01 2.068568992614746094e+01 -3.249897384643554688e+01
1.295791244506835938e+01 2.070544433593750000e+01 -3.265208053588867188e+01
1.297007465362548828e+01 2.071136856079101562e+01 -3.278385162353515625e+01
1.299803829193115234e+01 2.069803428649902344e+01 -3.293447875976562500e+01
1.305737400054931641e+01 2.068200683593750000e+01 -3.308707809448242188e+01
1.312676239013671875e+01 2.067609405517578125e+01 -3.323419570922851562e+01
1.319867610931396484e+01 2.069915771484375000e+01 -3.338043212890625000e+01
1.323592185974121094e+01 2.073429298400878906e+01 -3.352970504760742188e+01
1.325079250335693359e+01 2.076789855957031250e+01 -3.367738723754882812e+01
1.325596237182617188e+01 2.078944969177246094e+01 -3.382611083984375000e+01
1.325806140899658203e+01 2.076968955993652344e+01 -3.396946334838867188e+01
1.330004978179931641e+01 2.074000167846679688e+01 -3.411515426635742188e+01
1.333921527862548828e+01 2.071645736694335938e+01 -3.426511383056640625e+01
1.342540740966796875e+01 2.070603752136230469e+01 -3.447267150878906250e+01
1.346302223205566406e+01 2.070630073547363281e+01 -3.461746597290039062e+01
1.349026107788085938e+01 2.070062828063964844e+01 -3.474619293212890625e+01
1.351772880554199219e+01 2.068684959411621094e+01 -3.488198471069335938e+01
1.353719139099121094e+01 2.066105842590332031e+01 -3.499954986572265625e+01
1.357813835144042969e+01 2.062004089355468750e+01 -3.512362289428710938e+01
1.360727691650390625e+01 2.060268211364746094e+01 -3.523318099975585938e+01
1.363724327087402344e+01 2.057094764709472656e+01 -3.534735488891601562e+01
1.367818069458007812e+01 2.057961273193359375e+01 -3.546260452270507812e+01
1.370760917663574219e+01 2.057414245605468750e+01 -3.557229232788085938e+01
1.372476291656494141e+01 2.057089996337890625e+01 -3.568528366088867188e+01
1.373371601104736328e+01 2.057289886474609375e+01 -3.580369186401367188e+01
1.375203514099121094e+01 2.055648612976074219e+01 -3.590361404418945312e+01
1.379506301879882812e+01 2.054424095153808594e+01 -3.602603912353515625e+01
1.382460212707519531e+01 2.054413604736328125e+01 -3.614710998535156250e+01
1.387345314025878906e+01 2.054526329040527344e+01 -3.627155303955078125e+01
1.390624523162841797e+01 2.057137298583984375e+01 -3.640769195556640625e+01
1.393774986267089844e+01 2.058438682556152344e+01 -3.656466674804687500e+01
1.395717525482177734e+01 2.056958961486816406e+01 -3.673557281494140625e+01
1.396221923828125000e+01 2.051392173767089844e+01 -3.690779495239257812e+01
1.400025749206542969e+01 2.043537902832031250e+01 -3.708427429199218750e+01
1.406214809417724609e+01 2.029117965698242188e+01 -3.730914688110351562e+01
1.410183048248291016e+01 2.021262168884277344e+01 -3.744589233398437500e+01
1.414545917510986328e+01 2.014798164367675781e+01 -3.755469894409179688e+01
1.419572353363037109e+01 2.010489654541015625e+01 -3.765475845336914062e+01
1.422826957702636719e+01 2.011618232727050781e+01 -3.775155639648437500e+01
1.426467418670654297e+01 2.012548828125000000e+01 -3.783871459960937500e+01
1.425811481475830078e+01 2.014076232910156250e+01 -3.793165206909179688e+01
1.424323177337646484e+01 2.015200805664062500e+01 -3.800804901123046875e+01
1.426175594329833984e+01 2.015225410461425781e+01 -3.809619903564453125e+01
1.426127243041992188e+01 2.013724327087402344e+01 -3.817481231689453125e+01
1.428587436676025391e+01 2.012606239318847656e+01 -3.826396179199218750e+01
1.431600666046142578e+01 2.011326599121093750e+01 -3.835445404052734375e+01
1.435478305816650391e+01 2.012002563476562500e+01 -3.843527603149414062e+01
1.438566017150878906e+01 2.012082099914550781e+01 -3.851902389526367188e+01
1.441547679901123047e+01 2.012020683288574219e+01 -3.860196304321289062e+01
1.442914104461669922e+01 2.012943077087402344e+01 -3.868015289306640625e+01
1.444972896575927734e+01 2.011988449096679688e+01 -3.875817871093750000e+01
1.445999336242675781e+01 2.011252021789550781e+01 -3.883641433715820312e+01
1.448002052307128906e+01 2.008875846862792969e+01 -3.891184616088867188e+01
1.451845264434814453e+01 2.007443046569824219e+01 -3.899035263061523438e+01
1.456922149658203125e+01 2.005574798583984375e+01 -3.906734085083007812e+01
1.463140869140625000e+01 2.006084442138671875e+01 -3.917925262451171875e+01
1.466727447509765625e+01 2.007502555847167969e+01 -3.924105453491210938e+01
1.465591812133789062e+01 2.008027458190917969e+01 -3.931060028076171875e+01
1.464068698883056641e+01 2.008617210388183594e+01 -3.937872314453125000e+01
1.461649227142333984e+01 2.006663513183593750e+01 -3.943308258056640625e+01
1.459752082824707031e+01 2.002033996582031250e+01 -3.948709869384765625e+01
1.460355091094970703e+01 1.997188949584960938e+01 -3.954223251342773438e+01
1.461556434631347656e+01 1.991174316406250000e+01 -3.959320068359375000e+01
1.464655017852783203e+01 1.985944366455078125e+01 -3.964002609252929688e+01
1.470324897766113281e+01 1.983756256103515625e+01 -3.969264984130859375e+01
1.475707912445068359e+01 1.982576942443847656e+01 -3.973863220214843750e+01
1.481574249267578125e+01 1.984840393066406250e+01 -3.978903579711914062e+01
1.485109519958496094e+01 1.987019729614257812e+01 -3.983988571166992188e+01
1.486462974548339844e+01 1.991506576538085938e+01 -3.989743804931640625e+01
1.486370372772216797e+01 1.993467330932617188e+01 -3.995877075195312500e+01
1.486290645599365234e+01 1.995889663696289062e+01 -4.001449584960937500e+01
1.485827541351318359e+01 1.998271179199218750e+01 -4.008610916137695312e+01
1.486830615997314453e+01 1.997889328002929688e+01 -4.014665603637695312e+01
1.488015556335449219e+01 1.997747611999511719e+01 -4.020265960693359375e+01
1.492214298248291016e+01 1.997107124328613281e+01 -4.027557373046875000e+01
1.498229789733886719e+01 1.996422004699707031e+01 -4.037311172485351562e+01
1.502471446990966797e+01 1.997586631774902344e+01 -4.043858718872070312e+01
1.505043220520019531e+01 1.999434661865234375e+01 -4.051274871826171875e+01
1.506194686889648438e+01 2.001103591918945312e+01 -4.057511901855468750e+01
1.507327079772949219e+01 2.001312446594238281e+01 -4.064759063720703125e+01
1.508687114715576172e+01 2.001593399047851562e+01 -4.073184204101562500e+01
1.510955619812011719e+01 2.000292968750000000e+01 -4.081013107299804688e+01
1.514538669586181641e+01 2.001542854309082031e+01 -4.089059066772460938e+01
1.517896652221679688e+01 2.002753829956054688e+01 -4.097123718261718750e+01
1.520959949493408203e+01 2.003394699096679688e+01 -4.106230926513671875e+01
1.523836040496826172e+01 2.005997085571289062e+01 -4.115024185180664062e+01
1.528226184844970703e+01 2.007935523986816406e+01 -4.125119400024414062e+01
1.530999279022216797e+01 2.008854293823242188e+01 -4.135457229614257812e+01
1.534068584442138672e+01 2.011879920959472656e+01 -4.146690750122070312e+01
1.533420658111572266e+01 2.013069152832031250e+01 -4.155936431884765625e+01
1.532746887207031250e+01 2.011743354797363281e+01 -4.166917037963867188e+01
1.533667564392089844e+01 2.007568550109863281e+01 -4.176205444335937500e+01
1.536304283142089844e+01 2.002028083801269531e+01 -4.186244201660156250e+01
1.539754390716552734e+01 1.998443412780761719e+01 -4.196360778808593750e+01
1.544223117828369141e+01 1.995091247558593750e+01 -4.204698562622070312e+01
1.548468494415283203e+01 1.992286682128906250e+01 -4.215431594848632812e+01
1.554574012756347656e+01 1.990771102905273438e+01 -4.228942108154296875e+01
1.558000850677490234e+01 1.989668846130371094e+01 -4.237923049926757812e+01
1.559688091278076172e+01 1.988987159729003906e+01 -4.246764755249023438e+01
1.560533046722412109e+01 1.986369895935058594e+01 -4.254973602294921875e+01
1.561004829406738281e+01 1.986037063598632812e+01 -4.264799499511718750e+01
1.560481357574462891e+01 1.982999229431152344e+01 -4.273127746582031250e+01
1.559307193756103516e+01 1.979524993896484375e+01 -4.279950332641601562e+01
1.558899688720703125e+01 1.974642753601074219e+01 -4.288238525390625000e+01
1.560033988952636719e+01 1.968008613586425781e+01 -4.295761871337890625e+01
1.563617515563964844e+01 1.961835479736328125e+01 -4.302994155883789062e+01
1.568393898010253906e+01 1.958234024047851562e+01 -4.310031127929687500e+01
1.572699069976806641e+01 1.954527854919433594e+01 -4.317275238037109375e+01
1.575744247436523438e+01 1.954152870178222656e+01 -4.325663375854492188e+01
1.577883148193359375e+01 1.951675224304199219e+01 -4.332585525512695312e+01
1.579555034637451172e+01 1.949130821228027344e+01 -4.340134811401367188e+01
1.580722141265869141e+01 1.945886993408203125e+01 -4.346886444091796875e+01
1.581972026824951172e+01 1.942598152160644531e+01 -4.354596328735351562e+01
1.586113166809082031e+01 1.939609527587890625e+01 -4.361159133911132812e+01
1.588512611389160156e+01 1.938102149963378906e+01 -4.368235778808593750e+01
1.590894031524658203e+01 1.937460899353027344e+01 -4.374758529663085938e+01
1.592418956756591797e+01 1.936945152282714844e+01 -4.383278274536132812e+01
1.593648338317871094e+01 1.935425567626953125e+01 -4.393730926513671875e+01
1.594901466369628906e+01 1.933809661865234375e+01 -4.401832199096679688e+01
1.596076297760009766e+01 1.931088066101074219e+01 -4.408366394042968750e+01
1.598904991149902344e+01 1.927681541442871094e+01 -4.415127182006835938e+01
1.600338745117187500e+01 1.924939537048339844e+01 -4.422808837890625000e+01
1.604022789001464844e+01 1.922278213500976562e+01 -4.430804824829101562e+01
1.604804039001464844e+01 1.919906425476074219e+01 -4.437310028076171875e+01
1.605657005310058594e+01 1.917854690551757812e+01 -4.444960021972656250e+01
1.607467651367187500e+01 1.914603805541992188e+01 -4.452407073974609375e+01
1.611435317993164062e+01 1.911222076416015625e+01 -4.458121109008789062e+01
1.615179252624511719e+01 1.909735870361328125e+01 -4.465167236328125000e+01
