1.103907942771911621e+00 2.260768413543701172e+00 -5.884840339422225952e-02
1.115471601486206055e+00 2.292343616485595703e+00 -7.155223935842514038e-02
1.120951533317565918e+00 2.324859619140625000e+00 -6.066324189305305481e-02
1.137050867080688477e+00 2.342537403106689453e+00 -5.260394141077995300e-02
1.160061955451965332e+00 2.401669979095458984e+00 -5.586267262697219849e-02
1.155378460884094238e+00 2.421734094619750977e+00 -4.017127677798271179e-02
1.159625768661499023e+00 2.457091808319091797e+00 -5.099424719810485840e-02
1.174220919609069824e+00 2.493084192276000977e+00 -3.401097655296325684e-02
1.178530812263488770e+00 2.538501262664794922e+00 -3.523936495184898376e-02
1.195508480072021484e+00 2.582736253738403320e+00 -2.153385616838932037e-02
1.204955697059631348e+00 2.631738424301147461e+00 -1.649473235011100769e-02
1.221489191055297852e+00 2.697217464447021484e+00 5.702337715774774551e-03
1.235614061355590820e+00 2.745020627975463867e+00 1.180260814726352692e-02
1.245313405990600586e+00 2.820524215698242188e+00 1.670393347740173340e-02
1.266219258308410645e+00 2.855115413665771484e+00 3.265806287527084351e-02
1.285449624061584473e+00 2.912022590637207031e+00 4.328622668981552124e-02
1.290642261505126953e+00 2.977937698364257812e+00 3.224366903305053711e-02
1.302516937255859375e+00 3.024180889129638672e+00 6.050595641136169434e-02
1.322959065437316895e+00 3.082052469253540039e+00 7.262512296438217163e-02
1.341707468032836914e+00 3.161774158477783203e+00 6.969550251960754395e-02
1.334581732749938965e+00 3.238870143890380859e+00 8.875468373298645020e-02
1.364875555038452148e+00 3.274020433425903320e+00 9.066227078437805176e-02
1.383466362953186035e+00 3.344225883483886719e+00 1.058491766452789307e-01
1.427872657775878906e+00 3.417904853820800781e+00 1.073287948966026306e-01
1.443265914916992188e+00 3.505556583404541016e+00 1.183164194226264954e-01
1.455883622169494629e+00 3.585369825363159180e+00 1.376099586486816406e-01
1.489819765090942383e+00 3.646292686462402344e+00 1.495571285486221313e-01
1.502402424812316895e+00 3.707592010498046875e+00 1.409096866846084595e-01
1.517804861068725586e+00 3.770686626434326172e+00 1.643562763929367065e-01
1.537586927413940430e+00 3.872764110565185547e+00 1.851492524147033691e-01
1.550441145896911621e+00 3.967719316482543945e+00 2.074123173952102661e-01
1.554782509803771973e+00 4.035145759582519531e+00 2.206798940896987915e-01
1.589960694313049316e+00 4.163240909576416016e+00 2.377953529357910156e-01
1.624947786331176758e+00 4.254946231842041016e+00 2.286539971828460693e-01
1.641441226005554199e+00 4.351899623870849609e+00 2.520514130592346191e-01
1.648536324501037598e+00 4.442434787750244141e+00 2.609311044216156006e-01
1.681834936141967773e+00 4.520530223846435547e+00 2.785069942474365234e-01
1.674082040786743164e+00 4.627007007598876953e+00 2.781938016414642334e-01
1.703663945198059082e+00 4.738658905029296875e+00 3.221997916698455811e-01
1.725250005722045898e+00 4.817746639251708984e+00 3.278541564941406250e-01
1.757320880889892578e+00 4.907435417175292969e+00 3.481516242027282715e-01
1.778789520263671875e+00 5.029113292694091797e+00 3.678844869136810303e-01
1.806537747383117676e+00 5.130321979522705078e+00 3.823975324630737305e-01
1.827635645866394043e+00 5.245205402374267578e+00 4.030210673809051514e-01
1.848769187927246094e+00 5.362274646759033203e+00 4.164475500583648682e-01
1.858130812644958496e+00 5.465693950653076172e+00 4.387926757335662842e-01
1.875878453254699707e+00 5.583895206451416016e+00 4.540623724460601807e-01
1.905281066894531250e+00 5.718963146209716797e+00 4.727616608142852783e-01
1.939827442169189453e+00 5.831448078155517578e+00 4.797329306602478027e-01
1.955947279930114746e+00 5.943704605102539062e+00 5.100442767143249512e-01
1.971270203590393066e+00 6.084246158599853516e+00 4.982549846172332764e-01
1.982157588005065918e+00 6.195410728454589844e+00 5.449092388153076172e-01
2.018034458160400391e+00 6.324223995208740234e+00 5.470483303070068359e-01
2.064769506454467773e+00 6.529550075531005859e+00 5.723394155502319336e-01
2.081317424774169922e+00 6.668138504028320312e+00 5.921705365180969238e-01
2.120521068572998047e+00 6.823693275451660156e+00 6.017834544181823730e-01
2.151841163635253906e+00 6.951076507568359375e+00 6.299141645431518555e-01
2.170750856399536133e+00 7.112383842468261719e+00 6.531646847724914551e-01
2.208662033081054688e+00 7.264309406280517578e+00 6.654221415519714355e-01
2.225352525711059570e+00 7.421898841857910156e+00 6.874294877052307129e-01
2.254929542541503906e+00 7.555115222930908203e+00 7.002118229866027832e-01
2.309129476547241211e+00 7.732963562011718750e+00 7.134411931037902832e-01
2.329437017440795898e+00 7.879114151000976562e+00 7.121170759201049805e-01
2.339113473892211914e+00 8.062352180480957031e+00 7.400064468383789062e-01
2.394544601440429688e+00 8.212071418762207031e+00 7.633227109909057617e-01
2.415452718734741211e+00 8.378441810607910156e+00 7.593461275100708008e-01
2.458647012710571289e+00 8.558519363403320312e+00 7.701048254966735840e-01
2.476454019546508789e+00 8.744072914123535156e+00 7.869513034820556641e-01
2.515720844268798828e+00 8.938210487365722656e+00 8.057660460472106934e-01
2.562432527542114258e+00 9.126163482666015625e+00 8.013756871223449707e-01
2.564826250076293945e+00 9.315524101257324219e+00 8.303135633468627930e-01
2.591682434082031250e+00 9.511433601379394531e+00 8.354262113571166992e-01
2.636236429214477539e+00 9.689843177795410156e+00 8.497654199600219727e-01
2.700635194778442383e+00 1.001001262664794922e+01 8.505100607872009277e-01
2.750262498855590820e+00 1.020481204986572266e+01 8.605967164039611816e-01
2.795452356338500977e+00 1.044847583770751953e+01 8.506772518157958984e-01
2.805577993392944336e+00 1.066429615020751953e+01 8.468386530876159668e-01
2.856215715408325195e+00 1.090167236328125000e+01 8.566698431968688965e-01
2.880170822143554688e+00 1.109966468811035156e+01 8.582906126976013184e-01
2.940800428390502930e+00 1.134635353088378906e+01 8.443340063095092773e-01
2.998427867889404297e+00 1.157043838500976562e+01 8.323905467987060547e-01
3.024771928787231445e+00 1.181348419189453125e+01 8.492012023925781250e-01
3.075034379959106445e+00 1.207218647003173828e+01 8.291741013526916504e-01
3.130095005035400391e+00 1.230953121185302734e+01 8.093546628952026367e-01
3.175054311752319336e+00 1.257552909851074219e+01 7.889494299888610840e-01
3.209968328475952148e+00 1.282907485961914062e+01 7.745441198348999023e-01
3.276541948318481445e+00 1.310590648651123047e+01 7.596087455749511719e-01
3.303015708923339844e+00 1.337910556793212891e+01 7.212189435958862305e-01
3.365589141845703125e+00 1.365001773834228516e+01 6.996487975120544434e-01
3.419090747833251953e+00 1.394977378845214844e+01 6.832000613212585449e-01
3.503029108047485352e+00 1.424252510070800781e+01 6.407595872879028320e-01
3.542135953903198242e+00 1.454946327209472656e+01 5.899384021759033203e-01
3.612471818923950195e+00 1.486009979248046875e+01 5.488684773445129395e-01
3.670901536941528320e+00 1.518874454498291016e+01 4.857219457626342773e-01
3.763158798217773438e+00 1.569717884063720703e+01 4.033853709697723389e-01
3.815666437149047852e+00 1.602588462829589844e+01 3.278522789478302002e-01
3.902690649032592773e+00 1.638861083984375000e+01 2.613074779510498047e-01
3.983381032943725586e+00 1.674236869812011719e+01 1.662513762712478638e-01
4.037920475006103516e+00 1.713710021972656250e+01 5.855404585599899292e-02
4.119814872741699219e+00 1.749853706359863281e+01 -4.283292591571807861e-02
4.206526756286621094e+00 1.789018630981445312e+01 -1.518102586269378662e-01
4.299549102783203125e+00 1.828570556640625000e+01 -2.928322851657867432e-01
4.402448177337646484e+00 1.870822143554687500e+01 -4.443298578262329102e-01
4.481456279754638672e+00 1.912050628662109375e+01 -6.345772147178649902e-01
4.589939594268798828e+00 1.957120132446289062e+01 -8.330852389335632324e-01
4.726718902587890625e+00 1.997497177124023438e+01 -1.067103505134582520e+00
4.825409889221191406e+00 2.043281745910644531e+01 -1.317846894264221191e+00
4.926584720611572266e+00 2.089053726196289062e+01 -1.613397359848022461e+00
5.033811092376708984e+00 2.134299278259277344e+01 -1.948788046836853027e+00
5.193394660949707031e+00 2.179317283630371094e+01 -2.316866636276245117e+00
5.317935466766357422e+00 2.225508308410644531e+01 -2.707749843597412109e+00
5.455130100250244141e+00 2.267181587219238281e+01 -3.162084579467773438e+00
5.617126464843750000e+00 2.307942962646484375e+01 -3.644555330276489258e+00
5.765244960784912109e+00 2.348311614990234375e+01 -4.179467201232910156e+00
5.916008949279785156e+00 2.382721900939941406e+01 -4.727998733520507812e+00
6.131358146667480469e+00 2.428374290466308594e+01 -5.619143009185791016e+00
6.270079135894775391e+00 2.455590629577636719e+01 -6.239095687866210938e+00
6.428736686706542969e+00 2.475911140441894531e+01 -6.832332134246826172e+00
6.568330764770507812e+00 2.494180297851562500e+01 -7.459455013275146484e+00
6.686485290527343750e+00 2.511712646484375000e+01 -8.061361312866210938e+00
6.806847572326660156e+00 2.523123550415039062e+01 -8.642386436462402344e+00
6.940121650695800781e+00 2.536136245727539062e+01 -9.230921745300292969e+00
7.053542137145996094e+00 2.544541168212890625e+01 -9.805668830871582031e+00
7.165902137756347656e+00 2.551547050476074219e+01 -1.033314228057861328e+01
7.253937244415283203e+00 2.556548690795898438e+01 -1.084906673431396484e+01
7.364423751831054688e+00 2.563051033020019531e+01 -1.133749675750732422e+01
7.439357757568359375e+00 2.566249275207519531e+01 -1.181183242797851562e+01
7.529925346374511719e+00 2.568312454223632812e+01 -1.225960636138916016e+01
7.615329265594482422e+00 2.570067977905273438e+01 -1.268478488922119141e+01
7.681084156036376953e+00 2.570814895629882812e+01 -1.310383701324462891e+01
7.767200469970703125e+00 2.570593452453613281e+01 -1.347990608215332031e+01
7.831670761108398438e+00 2.571552467346191406e+01 -1.384166526794433594e+01
7.904250621795654297e+00 2.569648933410644531e+01 -1.418600845336914062e+01
7.969421863555908203e+00 2.567729949951171875e+01 -1.451063919067382812e+01
8.034498214721679688e+00 2.566938781738281250e+01 -1.484082412719726562e+01
8.095846176147460938e+00 2.566023445129394531e+01 -1.512624359130859375e+01
8.160009384155273438e+00 2.562281036376953125e+01 -1.554666042327880859e+01
8.243349075317382812e+00 2.561859321594238281e+01 -1.581674766540527344e+01
8.296403884887695312e+00 2.559450912475585938e+01 -1.606710624694824219e+01
8.354793548583984375e+00 2.557550430297851562e+01 -1.631003379821777344e+01
8.397543907165527344e+00 2.553944587707519531e+01 -1.655744171142578125e+01
8.429807662963867188e+00 2.550863838195800781e+01 -1.678201293945312500e+01
8.476666450500488281e+00 2.545895957946777344e+01 -1.700346946716308594e+01
8.534023284912109375e+00 2.544162940979003906e+01 -1.720580673217773438e+01
8.568436622619628906e+00 2.540528106689453125e+01 -1.741745567321777344e+01
8.597377777099609375e+00 2.537153434753417969e+01 -1.760524368286132812e+01
8.639741897583007812e+00 2.532360649108886719e+01 -1.778124427795410156e+01
8.654962539672851562e+00 2.531308364868164062e+01 -1.798241615295410156e+01
8.686632156372070312e+00 2.526256752014160156e+01 -1.814282608032226562e+01
8.745396614074707031e+00 2.522204780578613281e+01 -1.830814361572265625e+01
8.767004966735839844e+00 2.520152091979980469e+01 -1.847971153259277344e+01
8.790387153625488281e+00 2.514813423156738281e+01 -1.862926101684570312e+01
8.825749397277832031e+00 2.512230682373046875e+01 -1.876448631286621094e+01
8.852838516235351562e+00 2.506926155090332031e+01 -1.892393112182617188e+01
8.874979019165039062e+00 2.505946350097656250e+01 -1.905083274841308594e+01
8.901193618774414062e+00 2.505238723754882812e+01 -1.917299652099609375e+01
8.914724349975585938e+00 2.498939514160156250e+01 -1.930417823791503906e+01
8.952471733093261719e+00 2.493865585327148438e+01 -1.947465705871582031e+01
8.992092132568359375e+00 2.491860008239746094e+01 -1.959501838684082031e+01
8.992383956909179688e+00 2.488920783996582031e+01 -1.971036911010742188e+01
9.013262748718261719e+00 2.486284446716308594e+01 -1.982766342163085938e+01
9.047502517700195312e+00 2.482631301879882812e+01 -1.994723320007324219e+01
9.082037925720214844e+00 2.479889678955078125e+01 -2.003478050231933594e+01
9.087339401245117188e+00 2.477305221557617188e+01 -2.014798927307128906e+01
9.126049995422363281e+00 2.475981712341308594e+01 -2.024435806274414062e+01
9.133148193359375000e+00 2.472021484375000000e+01 -2.034205436706542969e+01
9.160885810852050781e+00 2.470813751220703125e+01 -2.044708442687988281e+01
9.178948402404785156e+00 2.467180061340332031e+01 -2.055425071716308594e+01
9.219931602478027344e+00 2.464079475402832031e+01 -2.063544082641601562e+01
9.248172760009765625e+00 2.462013816833496094e+01 -2.074050521850585938e+01
9.259485244750976562e+00 2.459110260009765625e+01 -2.082558059692382812e+01
9.270322799682617188e+00 2.455484390258789062e+01 -2.093179512023925781e+01
9.281572341918945312e+00 2.451933670043945312e+01 -2.102330017089843750e+01
9.305697441101074219e+00 2.448405647277832031e+01 -2.112979316711425781e+01
9.331211090087890625e+00 2.444360351562500000e+01 -2.120610809326171875e+01
9.360438346862792969e+00 2.440541648864746094e+01 -2.129380226135253906e+01
9.375028610229492188e+00 2.438715171813964844e+01 -2.138792037963867188e+01
9.398095130920410156e+00 2.434028625488281250e+01 -2.148344039916992188e+01
9.436230659484863281e+00 2.426823425292968750e+01 -2.160850334167480469e+01
9.442535400390625000e+00 2.424621963500976562e+01 -2.169456672668457031e+01
9.461400985717773438e+00 2.417067909240722656e+01 -2.178242683410644531e+01
9.508405685424804688e+00 2.412978553771972656e+01 -2.186898994445800781e+01
9.505196571350097656e+00 2.407153320312500000e+01 -2.195653152465820312e+01
9.525690078735351562e+00 2.402876663208007812e+01 -2.204684448242187500e+01
9.537178039550781250e+00 2.398486518859863281e+01 -2.211295127868652344e+01
9.563835144042968750e+00 2.394237518310546875e+01 -2.219571304321289062e+01
9.572015762329101562e+00 2.388120651245117188e+01 -2.227789497375488281e+01
9.599302291870117188e+00 2.382294464111328125e+01 -2.234111404418945312e+01
9.616501808166503906e+00 2.376971244812011719e+01 -2.242866897583007812e+01
9.618874549865722656e+00 2.372824859619140625e+01 -2.247641563415527344e+01
9.648060798645019531e+00 2.366976737976074219e+01 -2.254715919494628906e+01
9.642462730407714844e+00 2.359438323974609375e+01 -2.263708114624023438e+01
9.674699783325195312e+00 2.353137207031250000e+01 -2.268105316162109375e+01
9.678707122802734375e+00 2.349220466613769531e+01 -2.275106620788574219e+01
9.684083938598632812e+00 2.342315101623535156e+01 -2.281923294067382812e+01
9.709845542907714844e+00 2.334602928161621094e+01 -2.288496398925781250e+01
9.724001884460449219e+00 2.328293800354003906e+01 -2.296028137207031250e+01
9.758520126342773438e+00 2.321183395385742188e+01 -2.301398468017578125e+01
9.786722183227539062e+00 2.313940048217773438e+01 -2.308493995666503906e+01
9.785031318664550781e+00 2.307167243957519531e+01 -2.314297676086425781e+01
9.783750534057617188e+00 2.301387596130371094e+01 -2.320723342895507812e+01
9.792094230651855469e+00 2.291831970214843750e+01 -2.324497222900390625e+01
9.812608718872070312e+00 2.287969398498535156e+01 -2.329018020629882812e+01
9.806093215942382812e+00 2.279520225524902344e+01 -2.334216690063476562e+01
9.819978713989257812e+00 2.274089241027832031e+01 -2.339899826049804688e+01
9.836144447326660156e+00 2.265300941467285156e+01 -2.343879508972167969e+01
9.830674171447753906e+00 2.260065269470214844e+01 -2.348171424865722656e+01
9.844937324523925781e+00 2.249463462829589844e+01 -2.354014015197753906e+01
9.863871574401855469e+00 2.242450141906738281e+01 -2.357866477966308594e+01
9.888060569763183594e+00 2.237141990661621094e+01 -2.360777282714843750e+01
9.864478111267089844e+00 2.231451225280761719e+01 -2.365642738342285156e+01
9.873892784118652344e+00 2.221780014038085938e+01 -2.368363571166992188e+01
9.873274803161621094e+00 2.216797065734863281e+01 -2.374316978454589844e+01
9.891480445861816406e+00 2.208799171447753906e+01 -2.376099777221679688e+01
9.897836685180664062e+00 2.202089691162109375e+01 -2.381857872009277344e+01
9.893365859985351562e+00 2.197611999511718750e+01 -2.384944343566894531e+01
9.894522666931152344e+00 2.189963150024414062e+01 -2.388025283813476562e+01
9.894444465637207031e+00 2.180994033813476562e+01 -2.390751075744628906e+01
9.908910751342773438e+00 2.173209953308105469e+01 -2.396157073974609375e+01
9.918341636657714844e+00 2.161474609375000000e+01 -2.398518562316894531e+01
9.932981491088867188e+00 2.156965446472167969e+01 -2.401517486572265625e+01
9.936129570007324219e+00 2.152114677429199219e+01 -2.403776550292968750e+01
9.946127891540527344e+00 2.144669151306152344e+01 -2.406548118591308594e+01
9.934626579284667969e+00 2.134342384338378906e+01 -2.408432579040527344e+01
9.942137718200683594e+00 2.127997970581054688e+01 -2.409558486938476562e+01
9.943664550781250000e+00 2.121696090698242188e+01 -2.410787200927734375e+01
9.938534736633300781e+00 2.116091346740722656e+01 -2.412930679321289062e+01
9.947995185852050781e+00 2.108809089660644531e+01 -2.411108970642089844e+01
9.938502311706542969e+00 2.099571037292480469e+01 -2.412018966674804688e+01
9.963573455810546875e+00 2.093918418884277344e+01 -2.411990356445312500e+01
9.980046272277832031e+00 2.088127708435058594e+01 -2.410687828063964844e+01
9.962959289550781250e+00 2.080420494079589844e+01 -2.408841896057128906e+01
9.975099563598632812e+00 2.075074577331542969e+01 -2.408753585815429688e+01
9.978375434875488281e+00 2.069578361511230469e+01 -2.406938362121582031e+01
9.995010375976562500e+00 2.065381813049316406e+01 -2.406175231933593750e+01
9.965938568115234375e+00 2.059534072875976562e+01 -2.403792190551757812e+01
9.961262702941894531e+00 2.051757240295410156e+01 -2.399772834777832031e+01
9.958682060241699219e+00 2.043821907043457031e+01 -2.397092819213867188e+01
9.974672317504882812e+00 2.040626335144042969e+01 -2.393757820129394531e+01
9.946399688720703125e+00 2.032299804687500000e+01 -2.389953422546386719e+01
9.969066619873046875e+00 2.025350952148437500e+01 -2.382814979553222656e+01
9.971406936645507812e+00 2.021010208129882812e+01 -2.378127861022949219e+01
9.951942443847656250e+00 2.016665267944335938e+01 -2.373041534423828125e+01
9.951045036315917969e+00 2.011951065063476562e+01 -2.367024230957031250e+01
9.913918495178222656e+00 2.008629226684570312e+01 -2.359865379333496094e+01
9.913824081420898438e+00 2.007188224792480469e+01 -2.352670860290527344e+01
9.896936416625976562e+00 2.003811645507812500e+01 -2.343536567687988281e+01
9.896001815795898438e+00 2.001967811584472656e+01 -2.334782791137695312e+01
9.887145042419433594e+00 2.002700233459472656e+01 -2.323985671997070312e+01
9.880193710327148438e+00 2.002349662780761719e+01 -2.313453483581542969e+01
9.862156867980957031e+00 2.004227256774902344e+01 -2.298128318786621094e+01
9.878447532653808594e+00 2.007238960266113281e+01 -2.284592437744140625e+01
9.862903594970703125e+00 2.013229942321777344e+01 -2.269225502014160156e+01
9.872900962829589844e+00 2.021738243103027344e+01 -2.252508163452148438e+01
9.855397224426269531e+00 2.037403869628906250e+01 -2.231300926208496094e+01
9.870786666870117188e+00 2.055434036254882812e+01 -2.214534187316894531e+01
9.897524833679199219e+00 2.078139686584472656e+01 -2.195573997497558594e+01
9.910392761230468750e+00 2.109335517883300781e+01 -2.179861259460449219e+01
9.918331146240234375e+00 2.141041564941406250e+01 -2.169429969787597656e+01
9.965168952941894531e+00 2.177537536621093750e+01 -2.161198425292968750e+01
1.001231288909912109e+01 2.210719108581542969e+01 -2.158628463745117188e+01
1.011045265197753906e+01 2.259177589416503906e+01 -2.157624435424804688e+01
1.017453479766845703e+01 2.288576507568359375e+01 -2.162616729736328125e+01
1.025290775299072266e+01 2.317354774475097656e+01 -2.168083763122558594e+01
1.029926395416259766e+01 2.339992904663085938e+01 -2.175804519653320312e+01
1.035544013977050781e+01 2.362042617797851562e+01 -2.185867500305175781e+01
1.041574096679687500e+01 2.379980087280273438e+01 -2.196837997436523438e+01
1.048129844665527344e+01 2.395976066589355469e+01 -2.208573532104492188e+01
1.050364589691162109e+01 2.409936332702636719e+01 -2.219128036499023438e+01
1.054143238067626953e+01 2.418572998046875000e+01 -2.229892921447753906e+01
1.057978630065917969e+01 2.428174018859863281e+01 -2.241638183593750000e+01
1.060294246673583984e+01 2.436320877075195312e+01 -2.253639411926269531e+01
1.064971160888671875e+01 2.439601135253906250e+01 -2.264924812316894531e+01
1.066859436035156250e+01 2.444933700561523438e+01 -2.276198196411132812e+01
1.070229816436767578e+01 2.450164222717285156e+01 -2.287340927124023438e+01
1.071089935302734375e+01 2.452816772460937500e+01 -2.298448753356933594e+01
1.074551963806152344e+01 2.455992889404296875e+01 -2.308658409118652344e+01
1.078257179260253906e+01 2.456630134582519531e+01 -2.320647048950195312e+01
1.079191589355468750e+01 2.458070755004882812e+01 -2.333476448059082031e+01
1.083143234252929688e+01 2.456142997741699219e+01 -2.344526481628417969e+01
1.085502052307128906e+01 2.457736396789550781e+01 -2.357088661193847656e+01
1.086953926086425781e+01 2.455182647705078125e+01 -2.369287681579589844e+01
1.092166328430175781e+01 2.454171943664550781e+01 -2.387374687194824219e+01
1.096657180786132812e+01 2.451596260070800781e+01 -2.400982284545898438e+01
1.098908901214599609e+01 2.452546119689941406e+01 -2.413150978088378906e+01
1.104599857330322266e+01 2.450096130371093750e+01 -2.424426460266113281e+01
1.106584548950195312e+01 2.447040176391601562e+01 -2.437358093261718750e+01
1.108270072937011719e+01 2.443628883361816406e+01 -2.449673652648925781e+01
1.111878108978271484e+01 2.439323043823242188e+01 -2.459181404113769531e+01
1.114559078216552734e+01 2.436403465270996094e+01 -2.473331260681152344e+01
1.117477989196777344e+01 2.432501220703125000e+01 -2.484482002258300781e+01
1.120581531524658203e+01 2.428318977355957031e+01 -2.496189308166503906e+01
1.121736335754394531e+01 2.423083496093750000e+01 -2.507791900634765625e+01
1.125403022766113281e+01 2.417700958251953125e+01 -2.518391418457031250e+01
1.126906776428222656e+01 2.413054656982421875e+01 -2.530080413818359375e+01
1.130613803863525391e+01 2.408502388000488281e+01 -2.543709945678710938e+01
1.133249759674072266e+01 2.403565025329589844e+01 -2.554512214660644531e+01
1.134328937530517578e+01 2.396822929382324219e+01 -2.565889930725097656e+01
1.138044166564941406e+01 2.392531204223632812e+01 -2.576863288879394531e+01
1.139050579071044922e+01 2.390162086486816406e+01 -2.589812850952148438e+01
1.139467430114746094e+01 2.381775665283203125e+01 -2.601177787780761719e+01
1.142969799041748047e+01 2.376373291015625000e+01 -2.614157676696777344e+01
1.144589424133300781e+01 2.369654464721679688e+01 -2.624590301513671875e+01
1.149305534362792969e+01 2.362152290344238281e+01 -2.640992546081542969e+01
1.150122261047363281e+01 2.356113052368164062e+01 -2.651132011413574219e+01
1.153089618682861328e+01 2.349181365966796875e+01 -2.660588836669921875e+01
1.153679275512695312e+01 2.343150138854980469e+01 -2.673014068603515625e+01
1.156554031372070312e+01 2.337239074707031250e+01 -2.682913780212402344e+01
1.162383651733398438e+01 2.331583976745605469e+01 -2.694450187683105469e+01
1.162776947021484375e+01 2.325045776367187500e+01 -2.706414031982421875e+01
1.165559577941894531e+01 2.322264862060546875e+01 -2.717798995971679688e+01
1.165030860900878906e+01 2.315778541564941406e+01 -2.726992034912109375e+01
1.166996765136718750e+01 2.307835578918457031e+01 -2.739384269714355469e+01
1.169838047027587891e+01 2.301455116271972656e+01 -2.749337768554687500e+01
1.172193527221679688e+01 2.296900558471679688e+01 -2.759388351440429688e+01
1.175025177001953125e+01 2.289613151550292969e+01 -2.772346878051757812e+01
1.175522327423095703e+01 2.285100173950195312e+01 -2.784268379211425781e+01
1.177955913543701172e+01 2.280092811584472656e+01 -2.795555877685546875e+01
1.182849407196044922e+01 2.273417663574218750e+01 -2.807693862915039062e+01
1.182896423339843750e+01 2.267747879028320312e+01 -2.820675849914550781e+01
1.184737491607666016e+01 2.261725807189941406e+01 -2.832492446899414062e+01
1.187778949737548828e+01 2.253535461425781250e+01 -2.845655441284179688e+01
1.193112468719482422e+01 2.246675682067871094e+01 -2.857958602905273438e+01
1.195597171783447266e+01 2.238015174865722656e+01 -2.876706886291503906e+01
1.194543075561523438e+01 2.231668090820312500e+01 -2.887432670593261719e+01
1.196464443206787109e+01 2.220806312561035156e+01 -2.899550437927246094e+01
1.199259567260742188e+01 2.214208412170410156e+01 -2.911237335205078125e+01
1.201787948608398438e+01 2.204299354553222656e+01 -2.922676086425781250e+01
1.203520584106445312e+01 2.199975204467773438e+01 -2.933744239807128906e+01
1.203837871551513672e+01 2.190243530273437500e+01 -2.945132637023925781e+01
1.205817222595214844e+01 2.182073211669921875e+01 -2.955327033996582031e+01
1.206459617614746094e+01 2.173156929016113281e+01 -2.966901016235351562e+01
1.209474658966064453e+01 2.165137100219726562e+01 -2.977656745910644531e+01
1.210452175140380859e+01 2.156999206542968750e+01 -2.989385032653808594e+01
1.213717079162597656e+01 2.146950340270996094e+01 -3.000658607482910156e+01
1.215454578399658203e+01 2.136994743347167969e+01 -3.009730720520019531e+01
1.216074562072753906e+01 2.127259254455566406e+01 -3.019681930541992188e+01
1.217952060699462891e+01 2.115760803222656250e+01 -3.030192565917968750e+01
1.217749023437500000e+01 2.105649948120117188e+01 -3.037309837341308594e+01
1.217494392395019531e+01 2.091364288330078125e+01 -3.046395492553710938e+01
1.217763137817382812e+01 2.074914360046386719e+01 -3.049308395385742188e+01
1.215030097961425781e+01 2.057822799682617188e+01 -3.049458694458007812e+01
1.214209079742431641e+01 2.039563941955566406e+01 -3.043747711181640625e+01
1.213702106475830078e+01 2.026613616943359375e+01 -3.036239624023437500e+01
1.209637832641601562e+01 2.012484931945800781e+01 -3.020324516296386719e+01
1.209520721435546875e+01 2.005446815490722656e+01 -3.008296966552734375e+01
1.206927013397216797e+01 2.003015899658203125e+01 -3.000208473205566406e+01
1.206370830535888672e+01 2.000399971008300781e+01 -2.996136093139648438e+01
1.208057498931884766e+01 2.002321052551269531e+01 -2.993064689636230469e+01
1.208408260345458984e+01 2.002651977539062500e+01 -2.992024421691894531e+01
1.210641384124755859e+01 2.005426979064941406e+01 -2.991700172424316406e+01
1.212428379058837891e+01 2.008743667602539062e+01 -2.996223831176757812e+01
1.217501735687255859e+01 2.011376571655273438e+01 -3.001037788391113281e+01
1.219770526885986328e+01 2.014971733093261719e+01 -3.008215713500976562e+01
1.222666263580322266e+01 2.019929695129394531e+01 -3.016715621948242188e+01
1.225483798980712891e+01 2.021526908874511719e+01 -3.024657249450683594e+01
1.230974006652832031e+01 2.025064277648925781e+01 -3.035412788391113281e+01
1.235841274261474609e+01 2.024538612365722656e+01 -3.046041297912597656e+01
1.239958477020263672e+01 2.029591560363769531e+01 -3.057556724548339844e+01
1.243157577514648438e+01 2.032089042663574219e+01 -3.069369506835937500e+01
1.245808315277099609e+01 2.035169601440429688e+01 -3.081901741027832031e+01
1.247092723846435547e+01 2.037278366088867188e+01 -3.093515205383300781e+01
1.250013256072998047e+01 2.037724876403808594e+01 -3.105211448669433594e+01
1.256420803070068359e+01 2.040317916870117188e+01 -3.116045379638671875e+01
1.260630989074707031e+01 2.041615676879882812e+01 -3.127090072631835938e+01
1.266534900665283203e+01 2.047918510437011719e+01 -3.145247459411621094e+01
1.265790843963623047e+01 2.050758171081542969e+01 -3.156732940673828125e+01
1.270209980010986328e+01 2.051392173767089844e+01 -3.167189025878906250e+01
1.271675491333007812e+01 2.052735900878906250e+01 -3.180563735961914062e+01
1.277660655975341797e+01 2.055510520935058594e+01 -3.193474388122558594e+01
1.281387615203857422e+01 2.057426834106445312e+01 -3.207022476196289062e+01
1.288150978088378906e+01 2.061005020141601562e+01 -3.221292877197265625e+01
1.291888427734375000e+01 2.065406608581542969e+01 -3.235666656494140625e+01
1.294748878479003906e+01 2.068338584899902344e+01 -3.250035476684570312e+01
1.295329761505126953e+01 2.070944023132324219e+01 -3.264971542358398438e+01
1.298710536956787109e+01 2.071130752563476562e+01 -3.278691482543945312e+01
1.300607776641845703e+01 2.070034027099609375e+01 -3.293363952636718750e+01
1.305234813690185547e+01 2.067741775512695312e+01 -3.307237625122070312e+01
1.311145401000976562e+01 2.068579483032226562e+01 -3.323259735107421875e+01
1.319877719879150391e+01 2.068618202209472656e+01 -3.337895584106445312e+01
1.323835754394531250e+01 2.072760772705078125e+01 -3.352442550659179688e+01
1.325922393798828125e+01 2.076439476013183594e+01 -3.368210983276367188e+01
1.324819087982177734e+01 2.078943634033203125e+01 -3.383104324340820312e+01
1.327110004425048828e+01 2.078729629516601562e+01 -3.397259140014648438e+01
1.329929351806640625e+01 2.074934387207031250e+01 -3.411128997802734375e+01
1.335037040710449219e+01 2.072434806823730469e+01 -3.426295471191406250e+01
1.342833328247070312e+01 2.070782279968261719e+01 -3.447803115844726562e+01
1.347241783142089844e+01 2.069637489318847656e+01 -3.461550140380859375e+01
1.349552726745605469e+01 2.069933700561523438e+01 -3.476212310791015625e+01
1.351271820068359375e+01 2.068103218078613281e+01 -3.487697219848632812e+01
1.354412078857421875e+01 2.066584777832031250e+01 -3.501155853271484375e+01
1.356820011138916016e+01 2.062446403503417969e+01 -3.511428833007812500e+01
1.359360313415527344e+01 2.060515213012695312e+01 -3.523925781250000000e+01
1.363912868499755859e+01 2.057413673400878906e+01 -3.535151672363281250e+01
1.368314743041992188e+01 2.057073020935058594e+01 -3.546924972534179688e+01
1.371059608459472656e+01 2.056893157958984375e+01 -3.555923461914062500e+01
1.371687221527099609e+01 2.057214355468750000e+01 -3.567956161499023438e+01
1.373729228973388672e+01 2.056474304199218750e+01 -3.580446243286132812e+01
1.374928188323974609e+01 2.056607627868652344e+01 -3.591121673583984375e+01
1.379989910125732422e+01 2.054593467712402344e+01 -3.601187896728515625e+01
1.383493995666503906e+01 2.054593086242675781e+01 -3.614731979370117188e+01
1.387236309051513672e+01 2.053817176818847656e+01 -3.627191162109375000e+01
1.390110874176025391e+01 2.056379508972167969e+01 -3.640502929687500000e+01
1.393749904632568359e+01 2.057257652282714844e+01 -3.656192398071289062e+01
1.396015834808349609e+01 2.057575988769531250e+01 -3.673328018188476562e+01
1.395950698852539062e+01 2.051568412780761719e+01 -3.691924667358398438e+01
1.401033878326416016e+01 2.043048477172851562e+01 -3.708661651611328125e+01
1.404599189758300781e+01 2.029760932922363281e+01 -3.731353378295898438e+01
1.410418796539306641e+01 2.020524787902832031e+01 -3.744388580322265625e+01
1.414342212677001953e+01 2.014262390136718750e+01 -3.755743026733398438e+01
1.419011974334716797e+01 2.010900688171386719e+01 -3.766052246093750000e+01
1.423209381103515625e+01 2.011628913879394531e+01 -3.775247192382812500e+01
1.425727272033691406e+01 2.012783432006835938e+01 -3.784399795532226562e+01
1.427051925659179688e+01 2.014585113525390625e+01 -3.792114639282226562e+01
1.425006389617919922e+01 2.015191650390625000e+01 -3.800901794433593750e+01
1.425953292846679688e+01 2.015959930419921875e+01 -3.809431838989257812e+01
1.426431846618652344e+01 2.013829994201660156e+01 -3.817328262329101562e+01
1.427729606628417969e+01 2.011919403076171875e+01 -3.825986480712890625e+01
1.432333374023437500e+01 2.012693023681640625e+01 -3.835457992553710938e+01
1.434991836547851562e+01 2.011913681030273438e+01 -3.842419433593750000e+01
1.438432407379150391e+01 2.012383270263671875e+01 -3.851675796508789062e+01
1.440577316284179688e+01 2.013714408874511719e+01 -3.859107971191406250e+01
1.442910194396972656e+01 2.013767433166503906e+01 -3.868509674072265625e+01
1.445123863220214844e+01 2.012908172607421875e+01 -3.876559829711914062e+01
1.446695137023925781e+01 2.011731338500976562e+01 -3.884264755249023438e+01
1.448860549926757812e+01 2.008407211303710938e+01 -3.892725372314453125e+01
1.451912212371826172e+01 2.006105804443359375e+01 -3.898440551757812500e+01
1.457313823699951172e+01 2.006112289428710938e+01 -3.907472229003906250e+01
1.464274883270263672e+01 2.006217193603515625e+01 -3.917662048339843750e+01
1.465989208221435547e+01 2.007169914245605469e+01 -3.924317550659179688e+01
1.465527439117431641e+01 2.007799720764160156e+01 -3.930730438232421875e+01
1.463817882537841797e+01 2.008891677856445312e+01 -3.937379837036132812e+01
1.461107540130615234e+01 2.007596588134765625e+01 -3.943090057373046875e+01
1.460869216918945312e+01 2.002799797058105469e+01 -3.948666763305664062e+01
1.459664440155029297e+01 1.996114158630371094e+01 -3.954805374145507812e+01
1.462297058105468750e+01 1.991000938415527344e+01 -3.958311080932617188e+01
1.463788127899169922e+01 1.986181259155273438e+01 -3.963604354858398438e+01
1.471195983886718750e+01 1.983551979064941406e+01 -3.968412017822265625e+01
1.475174427032470703e+01 1.982687187194824219e+01 -3.973781967163085938e+01
1.481840133666992188e+01 1.983969116210937500e+01 -3.979066467285156250e+01
1.484723472595214844e+01 1.987624168395996094e+01 -3.984847259521484375e+01
1.487777709960937500e+01 1.991304397583007812e+01 -3.989722442626953125e+01
1.486704063415527344e+01 1.995172882080078125e+01 -3.996106719970703125e+01
1.486564350128173828e+01 1.996967124938964844e+01 -4.001883316040039062e+01
1.486771774291992188e+01 1.998407936096191406e+01 -4.007634353637695312e+01
1.485795211791992188e+01 1.997424888610839844e+01 -4.015133666992187500e+01
1.489226913452148438e+01 1.996843910217285156e+01 -4.020676040649414062e+01
1.491838264465332031e+01 1.997178459167480469e+01 -4.027454757690429688e+01
1.497497177124023438e+01 1.997208023071289062e+01 -4.036798477172851562e+01
1.502116584777832031e+01 1.996953201293945312e+01 -4.042838668823242188e+01
1.504770183563232422e+01 1.999292182922363281e+01 -4.051347732543945312e+01
1.506797599792480469e+01 2.001348304748535156e+01 -4.058932113647460938e+01
1.506688404083251953e+01 2.002500534057617188e+01 -4.065311050415039062e+01
1.507908535003662109e+01 2.000246620178222656e+01 -4.073125457763671875e+01
1.511026382446289062e+01 2.000582504272460938e+01 -4.079910659790039062e+01
1.513806152343750000e+01 2.002512359619140625e+01 -4.089606857299804688e+01
1.517272186279296875e+01 2.001951599121093750e+01 -4.098139572143554688e+01
1.519924354553222656e+01 2.005093765258789062e+01 -4.105098342895507812e+01
1.525185871124267578e+01 2.005806541442871094e+01 -4.114196395874023438e+01
1.528116512298583984e+01 2.008076667785644531e+01 -4.123783111572265625e+01
1.531054115295410156e+01 2.009345054626464844e+01 -4.135517883300781250e+01
1.533875179290771484e+01 2.011185455322265625e+01 -4.145942306518554688e+01
1.533748340606689453e+01 2.011465072631835938e+01 -4.156037139892578125e+01
1.532058048248291016e+01 2.011228942871093750e+01 -4.166259765625000000e+01
1.532928943634033203e+01 2.007756614685058594e+01 -4.175647354125976562e+01
1.536644649505615234e+01 2.001856613159179688e+01 -4.185877227783203125e+01
1.539643955230712891e+01 1.997482299804687500e+01 -4.196289825439453125e+01
1.543262004852294922e+01 1.996546936035156250e+01 -4.205681610107421875e+01
1.549471664428710938e+01 1.991201972961425781e+01 -4.215148544311523438e+01
1.554635810852050781e+01 1.990010070800781250e+01 -4.228538131713867188e+01
1.556670379638671875e+01 1.989324951171875000e+01 -4.237846374511718750e+01
1.559602355957031250e+01 1.988667488098144531e+01 -4.245556640625000000e+01
1.560417842864990234e+01 1.987583351135253906e+01 -4.255816650390625000e+01
1.560348701477050781e+01 1.986614799499511719e+01 -4.263723754882812500e+01
1.560783481597900391e+01 1.984189414978027344e+01 -4.272395324707031250e+01
1.557982540130615234e+01 1.980602264404296875e+01 -4.280261611938476562e+01
1.559116554260253906e+01 1.973593521118164062e+01 -4.287961196899414062e+01
1.560431957244873047e+01 1.968356513977050781e+01 -4.296380615234375000e+01
1.563225650787353516e+01 1.962612342834472656e+01 -4.303155517578125000e+01
1.568527126312255859e+01 1.957831001281738281e+01 -4.309868621826171875e+01
1.572741222381591797e+01 1.955364418029785156e+01 -4.317480468750000000e+01
1.575450706481933594e+01 1.954736518859863281e+01 -4.325440216064453125e+01
1.576996135711669922e+01 1.951185417175292969e+01 -4.332783126831054688e+01
1.579237842559814453e+01 1.948705101013183594e+01 -4.340329360961914062e+01
1.580894088745117188e+01 1.945356369018554688e+01 -4.346562957763671875e+01
1.582292079925537109e+01 1.942643547058105469e+01 -4.354617309570312500e+01
1.585745334625244141e+01 1.939796066284179688e+01 -4.361032485961914062e+01
1.589674568176269531e+01 1.937819671630859375e+01 -4.367609405517578125e+01
1.589451980590820312e+01 1.936990737915039062e+01 -4.374519348144531250e+01
1.592874908447265625e+01 1.936869621276855469e+01 -4.382542037963867188e+01
1.592839622497558594e+01 1.934315490722656250e+01 -4.393906784057617188e+01
1.594793796539306641e+01 1.932882308959960938e+01 -4.402679061889648438e+01
1.596476078033447266e+01 1.930761528015136719e+01 -4.407955932617187500e+01
1.598494338989257812e+01 1.926583671569824219e+01 -4.415037918090820312e+01
1.600676727294921875e+01 1.924465560913085938e+01 -4.422244262695312500e+01
1.602997207641601562e+01 1.922326660156250000e+01 -4.429777526855468750e+01
1.604225540161132812e+01 1.920380973815917969e+01 -4.436790084838867188e+01
1.605437850952148438e+01 1.917336463928222656e+01 -4.444915008544921875e+01
1.607522201538085938e+01 1.914034271240234375e+01 -4.452325057983398438e+01
1.610422706604003906e+01 1.911007118225097656e+01 -4.459324264526367188e+01
1.615432357788085938e+01 1.908711433410644531e+01 -4.465474700927734375e+01
