1.919080853462219238e+00 3.538961172103881836e+00 -1.922633767127990723e+00
1.921282649040222168e+00 3.595703125000000000e+00 -1.927753329277038574e+00
1.946781039237976074e+00 3.656444787979125977e+00 -1.957735896110534668e+00
1.970132708549499512e+00 3.706103563308715820e+00 -1.986033201217651367e+00
1.996449828147888184e+00 3.750739097595214844e+00 -2.010679483413696289e+00
2.026145935058593750e+00 3.825583934783935547e+00 -1.998437404632568359e+00
2.036852359771728516e+00 3.871602773666381836e+00 -2.019501686096191406e+00
2.074632406234741211e+00 3.933090925216674805e+00 -2.045099735260009766e+00
2.071856498718261719e+00 3.981307029724121094e+00 -2.062920093536376953e+00
2.076766252517700195e+00 4.002754211425781250e+00 -2.068140268325805664e+00
2.110003948211669922e+00 4.062972545623779297e+00 -2.067344188690185547e+00
2.156481504440307617e+00 4.151789665222167969e+00 -2.102653264999389648e+00
2.195998191833496094e+00 4.182401657104492188e+00 -2.114408493041992188e+00
2.220634460449218750e+00 4.241652965545654297e+00 -2.117198228836059570e+00
2.220556259155273438e+00 4.326079368591308594e+00 -2.132996320724487305e+00
2.259255886077880859e+00 4.388820648193359375e+00 -2.153490066528320312e+00
2.290077924728393555e+00 4.433392524719238281e+00 -2.174221992492675781e+00
2.287707567214965820e+00 4.517225265502929688e+00 -2.172068595886230469e+00
2.316227436065673828e+00 4.555589675903320312e+00 -2.176677703857421875e+00
2.324733018875122070e+00 4.635153293609619141e+00 -2.189605474472045898e+00
2.343693494796752930e+00 4.703725814819335938e+00 -2.179767370223999023e+00
2.407473087310791016e+00 4.793550014495849609e+00 -2.197757244110107422e+00
2.394249200820922852e+00 4.857587337493896484e+00 -2.208397626876831055e+00
2.411823511123657227e+00 4.914385795593261719e+00 -2.208374500274658203e+00
2.430165290832519531e+00 5.003270626068115234e+00 -2.229823350906372070e+00
2.443081617355346680e+00 5.063929557800292969e+00 -2.227620601654052734e+00
2.503446102142333984e+00 5.155689716339111328e+00 -2.241791725158691406e+00
2.516236543655395508e+00 5.235980987548828125e+00 -2.247566938400268555e+00
2.523663282394409180e+00 5.335196495056152344e+00 -2.262135982513427734e+00
2.556935548782348633e+00 5.423316955566406250e+00 -2.259902000427246094e+00
2.579181671142578125e+00 5.512290000915527344e+00 -2.271542549133300781e+00
2.612557888031005859e+00 5.593988895416259766e+00 -2.253338575363159180e+00
2.634507179260253906e+00 5.748611450195312500e+00 -2.279288053512573242e+00
2.650222539901733398e+00 5.837229728698730469e+00 -2.259461164474487305e+00
2.691324710845947266e+00 5.927187442779541016e+00 -2.269971370697021484e+00
2.708724021911621094e+00 6.030243873596191406e+00 -2.281724691390991211e+00
2.745042324066162109e+00 6.142112731933593750e+00 -2.287226676940917969e+00
2.771799325942993164e+00 6.217636108398437500e+00 -2.285532951354980469e+00
2.784795522689819336e+00 6.304534912109375000e+00 -2.291751384735107422e+00
2.822180032730102539e+00 6.420193195343017578e+00 -2.288689851760864258e+00
2.852057933807373047e+00 6.529222488403320312e+00 -2.275121927261352539e+00
2.870190858840942383e+00 6.645623683929443359e+00 -2.269843101501464844e+00
2.891196489334106445e+00 6.746145248413085938e+00 -2.286278009414672852e+00
2.912297248840332031e+00 6.885208606719970703e+00 -2.283893585205078125e+00
2.947959899902343750e+00 6.988697052001953125e+00 -2.290261268615722656e+00
2.996148824691772461e+00 7.125888347625732422e+00 -2.292868614196777344e+00
3.001558542251586914e+00 7.221985340118408203e+00 -2.298572540283203125e+00
3.049894094467163086e+00 7.371663570404052734e+00 -2.295095920562744141e+00
3.078610658645629883e+00 7.493366241455078125e+00 -2.288826704025268555e+00
3.115551233291625977e+00 7.609047889709472656e+00 -2.306819200515747070e+00
3.137342214584350586e+00 7.744931697845458984e+00 -2.300137519836425781e+00
3.161091327667236328e+00 7.900041580200195312e+00 -2.282600402832031250e+00
3.186500072479248047e+00 8.014648437500000000e+00 -2.295143127441406250e+00
3.243230104446411133e+00 8.223981857299804688e+00 -2.274962425231933594e+00
3.259926319122314453e+00 8.397229194641113281e+00 -2.290838956832885742e+00
3.300491809844970703e+00 8.533188819885253906e+00 -2.304637670516967773e+00
3.339366197586059570e+00 8.699720382690429688e+00 -2.281583547592163086e+00
3.364317417144775391e+00 8.841500282287597656e+00 -2.278107404708862305e+00
3.410905361175537109e+00 9.014058113098144531e+00 -2.310288667678833008e+00
3.444907426834106445e+00 9.143982887268066406e+00 -2.301934957504272461e+00
3.490725517272949219e+00 9.325457572937011719e+00 -2.317814111709594727e+00
3.514537334442138672e+00 9.497146606445312500e+00 -2.294231653213500977e+00
3.528204441070556641e+00 9.689064025878906250e+00 -2.306640386581420898e+00
3.584594726562500000e+00 9.835316658020019531e+00 -2.306725740432739258e+00
3.634708881378173828e+00 1.000015544891357422e+01 -2.304761409759521484e+00
3.673732280731201172e+00 1.018142795562744141e+01 -2.322055578231811523e+00
3.713909864425659180e+00 1.034765911102294922e+01 -2.325257539749145508e+00
3.759607076644897461e+00 1.055373382568359375e+01 -2.335284709930419922e+00
3.779976844787597656e+00 1.075609397888183594e+01 -2.332652330398559570e+00
3.808680295944213867e+00 1.093021583557128906e+01 -2.335480928421020508e+00
3.854441404342651367e+00 1.111980342864990234e+01 -2.337918519973754883e+00
3.902415513992309570e+00 1.132289791107177734e+01 -2.348931789398193359e+00
3.929247140884399414e+00 1.153404521942138672e+01 -2.360573053359985352e+00
3.997728824615478516e+00 1.183598899841308594e+01 -2.369494438171386719e+00
4.021693229675292969e+00 1.206568813323974609e+01 -2.397099256515502930e+00
4.063652038574218750e+00 1.227476596832275391e+01 -2.414653301239013672e+00
4.129999160766601562e+00 1.250937175750732422e+01 -2.432044029235839844e+00
4.174480915069580078e+00 1.273721122741699219e+01 -2.455302715301513672e+00
4.226839542388916016e+00 1.297446250915527344e+01 -2.459749698638916016e+00
4.254025936126708984e+00 1.322170162200927734e+01 -2.487437486648559570e+00
4.300442695617675781e+00 1.347942352294921875e+01 -2.519344568252563477e+00
4.346417427062988281e+00 1.370749092102050781e+01 -2.535935878753662109e+00
4.409787654876708984e+00 1.395549106597900391e+01 -2.571551084518432617e+00
4.484113693237304688e+00 1.420518779754638672e+01 -2.593541145324707031e+00
4.539902210235595703e+00 1.449942016601562500e+01 -2.641867399215698242e+00
4.566718101501464844e+00 1.475333023071289062e+01 -2.659650564193725586e+00
4.615352630615234375e+00 1.504071617126464844e+01 -2.706905841827392578e+00
4.673257350921630859e+00 1.531812572479248047e+01 -2.741310358047485352e+00
4.740413665771484375e+00 1.560884571075439453e+01 -2.792221784591674805e+00
4.771372318267822266e+00 1.590714645385742188e+01 -2.844540119171142578e+00
4.841163158416748047e+00 1.621570968627929688e+01 -2.894725561141967773e+00
4.902196884155273438e+00 1.652163696289062500e+01 -2.958527326583862305e+00
4.977401733398437500e+00 1.684607315063476562e+01 -3.030859231948852539e+00
5.040065765380859375e+00 1.718060302734375000e+01 -3.099906206130981445e+00
5.157341480255126953e+00 1.768820381164550781e+01 -3.231720685958862305e+00
5.234329700469970703e+00 1.803694534301757812e+01 -3.315786838531494141e+00
5.292828083038330078e+00 1.841349792480468750e+01 -3.420776367187500000e+00
5.355570793151855469e+00 1.876936531066894531e+01 -3.535225629806518555e+00
5.453015327453613281e+00 1.915562820434570312e+01 -3.655855655670166016e+00
5.540703296661376953e+00 1.956635475158691406e+01 -3.764781951904296875e+00
5.624651908874511719e+00 1.998054504394531250e+01 -3.917849063873291016e+00
5.651915550231933594e+00 2.038390541076660156e+01 -4.089701652526855469e+00
5.784233093261718750e+00 2.078813362121582031e+01 -4.275544643402099609e+00
5.917211055755615234e+00 2.122255897521972656e+01 -4.486011028289794922e+00
6.039232730865478516e+00 2.167056846618652344e+01 -4.679577827453613281e+00
6.121477603912353516e+00 2.213070487976074219e+01 -4.940301418304443359e+00
6.233701229095458984e+00 2.261034202575683594e+01 -5.206050395965576172e+00
6.379289150238037109e+00 2.308257865905761719e+01 -5.520579338073730469e+00
6.491837501525878906e+00 2.354493522644042969e+01 -5.893209934234619141e+00
6.630207061767578125e+00 2.400020408630371094e+01 -6.289463996887207031e+00
6.796567440032958984e+00 2.448380088806152344e+01 -6.714785099029541016e+00
6.938250064849853516e+00 2.492917251586914062e+01 -7.174770832061767578e+00
7.082776546478271484e+00 2.535643005371093750e+01 -7.704203605651855469e+00
7.246953010559082031e+00 2.573804283142089844e+01 -8.286946296691894531e+00
7.390603542327880859e+00 2.607720947265625000e+01 -8.890227317810058594e+00
7.646232128143310547e+00 2.654908752441406250e+01 -9.831321716308593750e+00
7.822861671447753906e+00 2.682706642150878906e+01 -1.048052978515625000e+01
7.969071865081787109e+00 2.708634376525878906e+01 -1.114233779907226562e+01
8.123479843139648438e+00 2.727037620544433594e+01 -1.181107902526855469e+01
8.251317977905273438e+00 2.742872810363769531e+01 -1.246652317047119141e+01
8.393456459045410156e+00 2.761058425903320312e+01 -1.313773441314697266e+01
8.529710769653320312e+00 2.773627090454101562e+01 -1.375035285949707031e+01
8.643281936645507812e+00 2.781888580322265625e+01 -1.438379383087158203e+01
8.772016525268554688e+00 2.789270782470703125e+01 -1.499959564208984375e+01
8.869976997375488281e+00 2.796994972229003906e+01 -1.558366584777832031e+01
8.963233947753906250e+00 2.801627922058105469e+01 -1.613761329650878906e+01
9.059103012084960938e+00 2.803294181823730469e+01 -1.669433021545410156e+01
9.149830818176269531e+00 2.806006050109863281e+01 -1.721011352539062500e+01
9.258341789245605469e+00 2.808989715576171875e+01 -1.771802711486816406e+01
9.349552154541015625e+00 2.812145042419433594e+01 -1.819161605834960938e+01
9.437860488891601562e+00 2.813243484497070312e+01 -1.865533065795898438e+01
9.528269767761230469e+00 2.814045715332031250e+01 -1.910410881042480469e+01
9.581831932067871094e+00 2.812069511413574219e+01 -1.953269577026367188e+01
9.659032821655273438e+00 2.811236190795898438e+01 -1.994946098327636719e+01
9.741359710693359375e+00 2.811205863952636719e+01 -2.034112930297851562e+01
9.803835868835449219e+00 2.812287712097167969e+01 -2.073534774780273438e+01
9.932683944702148438e+00 2.809059906005859375e+01 -2.127346611022949219e+01
9.989427566528320312e+00 2.806579017639160156e+01 -2.159329032897949219e+01
1.003629398345947266e+01 2.805859565734863281e+01 -2.195086669921875000e+01
1.011509513854980469e+01 2.801902198791503906e+01 -2.225977706909179688e+01
1.016059780120849609e+01 2.801426124572753906e+01 -2.256486129760742188e+01
1.023560428619384766e+01 2.798497581481933594e+01 -2.285597038269042969e+01
1.027774524688720703e+01 2.795192527770996094e+01 -2.313634681701660156e+01
1.035226345062255859e+01 2.791959571838378906e+01 -2.342705917358398438e+01
1.040254116058349609e+01 2.790493202209472656e+01 -2.368540954589843750e+01
1.039813232421875000e+01 2.786747550964355469e+01 -2.396473693847656250e+01
1.047185420989990234e+01 2.783299255371093750e+01 -2.421180152893066406e+01
1.051683712005615234e+01 2.779367065429687500e+01 -2.444703292846679688e+01
1.055343151092529297e+01 2.775078964233398438e+01 -2.467817687988281250e+01
1.060840129852294922e+01 2.770849227905273438e+01 -2.492693710327148438e+01
1.066992759704589844e+01 2.766119956970214844e+01 -2.513030052185058594e+01
1.069806289672851562e+01 2.765428352355957031e+01 -2.534956169128417969e+01
1.075601577758789062e+01 2.758706092834472656e+01 -2.555554580688476562e+01
1.079519081115722656e+01 2.755264663696289062e+01 -2.575358009338378906e+01
1.083240795135498047e+01 2.753549385070800781e+01 -2.595061302185058594e+01
1.088377857208251953e+01 2.747757911682128906e+01 -2.612359809875488281e+01
1.092929077148437500e+01 2.745517158508300781e+01 -2.633387184143066406e+01
1.097539997100830078e+01 2.742198181152343750e+01 -2.659163284301757812e+01
1.095472908020019531e+01 2.738302612304687500e+01 -2.676981544494628906e+01
1.100514030456542969e+01 2.732750511169433594e+01 -2.692909431457519531e+01
1.103384017944335938e+01 2.730551338195800781e+01 -2.709036827087402344e+01
1.108808135986328125e+01 2.727273941040039062e+01 -2.724990272521972656e+01
1.111183738708496094e+01 2.724214172363281250e+01 -2.741015052795410156e+01
1.113408756256103516e+01 2.722975158691406250e+01 -2.754829597473144531e+01
1.115981388092041016e+01 2.716634368896484375e+01 -2.770085144042968750e+01
1.119974422454833984e+01 2.715290260314941406e+01 -2.786439132690429688e+01
1.122398567199707031e+01 2.714459037780761719e+01 -2.799663162231445312e+01
1.125085926055908203e+01 2.711839485168457031e+01 -2.812203407287597656e+01
1.128352832794189453e+01 2.710238838195800781e+01 -2.827913856506347656e+01
1.131709861755371094e+01 2.706170463562011719e+01 -2.841129493713378906e+01
1.132904148101806641e+01 2.704451751708984375e+01 -2.855377006530761719e+01
1.134770584106445312e+01 2.701349258422851562e+01 -2.871003913879394531e+01
1.140751361846923828e+01 2.695135879516601562e+01 -2.882481575012207031e+01
1.144465255737304688e+01 2.693466377258300781e+01 -2.896395874023437500e+01
1.147047042846679688e+01 2.690228462219238281e+01 -2.908836555480957031e+01
1.148546791076660156e+01 2.690710258483886719e+01 -2.922425651550292969e+01
1.150866985321044922e+01 2.685376548767089844e+01 -2.933214950561523438e+01
1.153284549713134766e+01 2.683284187316894531e+01 -2.946218299865722656e+01
1.156633853912353516e+01 2.677404403686523438e+01 -2.963445091247558594e+01
1.159731769561767578e+01 2.674223327636718750e+01 -2.973622703552246094e+01
1.159858512878417969e+01 2.671692276000976562e+01 -2.986693382263183594e+01
1.161737442016601562e+01 2.665914916992187500e+01 -2.997945785522460938e+01
1.165313529968261719e+01 2.662858200073242188e+01 -3.009206581115722656e+01
1.168431854248046875e+01 2.660041427612304688e+01 -3.020528221130371094e+01
1.169872283935546875e+01 2.655772590637207031e+01 -3.032098388671875000e+01
1.172283744812011719e+01 2.652667999267578125e+01 -3.043754577636718750e+01
1.173248481750488281e+01 2.647422790527343750e+01 -3.054356575012207031e+01
1.177603530883789062e+01 2.643884468078613281e+01 -3.064769172668457031e+01
1.177034187316894531e+01 2.641727447509765625e+01 -3.074783706665039062e+01
1.179617404937744141e+01 2.634165382385253906e+01 -3.084611892700195312e+01
1.184532165527343750e+01 2.629539299011230469e+01 -3.095642089843750000e+01
1.184331703186035156e+01 2.625718116760253906e+01 -3.105325889587402344e+01
1.188313102722167969e+01 2.620241737365722656e+01 -3.116879272460937500e+01
1.190574836730957031e+01 2.613116455078125000e+01 -3.125491905212402344e+01
1.195375919342041016e+01 2.608323669433593750e+01 -3.136519622802734375e+01
1.194849872589111328e+01 2.605031776428222656e+01 -3.145363426208496094e+01
1.195745182037353516e+01 2.602777290344238281e+01 -3.155079841613769531e+01
1.198112773895263672e+01 2.595583915710449219e+01 -3.163354110717773438e+01
1.198454284667968750e+01 2.586042404174804688e+01 -3.177536010742187500e+01
1.200727844238281250e+01 2.581622695922851562e+01 -3.185647010803222656e+01
1.203343868255615234e+01 2.576445007324218750e+01 -3.193008041381835938e+01
1.205895614624023438e+01 2.568826675415039062e+01 -3.201246643066406250e+01
1.209279346466064453e+01 2.562574768066406250e+01 -3.209406280517578125e+01
1.209000396728515625e+01 2.555893707275390625e+01 -3.217407226562500000e+01
1.215169239044189453e+01 2.550879669189453125e+01 -3.225888824462890625e+01
1.215413856506347656e+01 2.545007324218750000e+01 -3.233358764648437500e+01
1.217183494567871094e+01 2.540587043762207031e+01 -3.238565444946289062e+01
1.216846942901611328e+01 2.535287857055664062e+01 -3.247541809082031250e+01
1.217905998229980469e+01 2.529718208312988281e+01 -3.253885650634765625e+01
1.218957519531250000e+01 2.523171615600585938e+01 -3.259734725952148438e+01
1.222654819488525391e+01 2.518733787536621094e+01 -3.267230606079101562e+01
1.223878669738769531e+01 2.511955070495605469e+01 -3.272242736816406250e+01
1.226870346069335938e+01 2.501420211791992188e+01 -3.278976440429687500e+01
1.228961849212646484e+01 2.497736358642578125e+01 -3.286410140991210938e+01
1.228677558898925781e+01 2.490338325500488281e+01 -3.294520568847656250e+01
1.230295944213867188e+01 2.483545494079589844e+01 -3.297830200195312500e+01
1.230442237854003906e+01 2.477919006347656250e+01 -3.305628204345703125e+01
1.234127616882324219e+01 2.471135902404785156e+01 -3.311592864990234375e+01
1.234848117828369141e+01 2.467065238952636719e+01 -3.317434692382812500e+01
1.237529659271240234e+01 2.457057189941406250e+01 -3.324486160278320312e+01
1.235219955444335938e+01 2.450279235839843750e+01 -3.329892349243164062e+01
1.236337471008300781e+01 2.444517326354980469e+01 -3.334730911254882812e+01
1.238104724884033203e+01 2.437445259094238281e+01 -3.340966033935546875e+01
1.240169143676757812e+01 2.428470230102539062e+01 -3.346480941772460938e+01
1.242267894744873047e+01 2.423705482482910156e+01 -3.351390838623046875e+01
1.242117404937744141e+01 2.421533966064453125e+01 -3.352286529541015625e+01
1.242082691192626953e+01 2.414499473571777344e+01 -3.357582855224609375e+01
1.242217350006103516e+01 2.407851219177246094e+01 -3.361199188232421875e+01
1.243343639373779297e+01 2.401027107238769531e+01 -3.365588760375976562e+01
1.246686172485351562e+01 2.397370147705078125e+01 -3.370452117919921875e+01
1.248848819732666016e+01 2.390115928649902344e+01 -3.372394943237304688e+01
1.247048854827880859e+01 2.385771560668945312e+01 -3.375048446655273438e+01
1.247592735290527344e+01 2.380858230590820312e+01 -3.377584457397460938e+01
1.250776576995849609e+01 2.372642517089843750e+01 -3.379861450195312500e+01
1.250259590148925781e+01 2.365368652343750000e+01 -3.382472229003906250e+01
1.250642871856689453e+01 2.361012649536132812e+01 -3.382476043701171875e+01
1.252738666534423828e+01 2.355279731750488281e+01 -3.383564376831054688e+01
1.254008960723876953e+01 2.353027915954589844e+01 -3.385547256469726562e+01
1.254840469360351562e+01 2.347813796997070312e+01 -3.386180877685546875e+01
1.255909156799316406e+01 2.345280456542968750e+01 -3.385437774658203125e+01
1.253884506225585938e+01 2.338910675048828125e+01 -3.385330200195312500e+01
1.256001091003417969e+01 2.332359313964843750e+01 -3.385495376586914062e+01
1.256246376037597656e+01 2.327412796020507812e+01 -3.386178588867187500e+01
1.256876945495605469e+01 2.322453880310058594e+01 -3.384040832519531250e+01
1.258121204376220703e+01 2.317474937438964844e+01 -3.381144714355468750e+01
1.259195899963378906e+01 2.312854385375976562e+01 -3.379601287841796875e+01
1.259175205230712891e+01 2.309401512145996094e+01 -3.378635406494140625e+01
1.256214046478271484e+01 2.307796859741210938e+01 -3.374775314331054688e+01
1.258938026428222656e+01 2.304378700256347656e+01 -3.373251342773437500e+01
1.259055805206298828e+01 2.298617935180664062e+01 -3.368000411987304688e+01
1.256639480590820312e+01 2.297472572326660156e+01 -3.363186264038085938e+01
1.258785915374755859e+01 2.294810104370117188e+01 -3.358612823486328125e+01
1.259933090209960938e+01 2.292934036254882812e+01 -3.351932907104492188e+01
1.259638786315917969e+01 2.291160011291503906e+01 -3.344404602050781250e+01
1.259009456634521484e+01 2.290802383422851562e+01 -3.337093353271484375e+01
1.256400108337402344e+01 2.293176460266113281e+01 -3.326781463623046875e+01
1.259370326995849609e+01 2.296043205261230469e+01 -3.317847061157226562e+01
1.256568717956542969e+01 2.301351547241210938e+01 -3.307602310180664062e+01
1.257336044311523438e+01 2.307509803771972656e+01 -3.295169448852539062e+01
1.258192062377929688e+01 2.313529396057128906e+01 -3.281641387939453125e+01
1.256776809692382812e+01 2.323796844482421875e+01 -3.265527725219726562e+01
1.261327075958251953e+01 2.349241256713867188e+01 -3.245338821411132812e+01
1.263959121704101562e+01 2.371504402160644531e+01 -3.232965087890625000e+01
1.266045570373535156e+01 2.396249198913574219e+01 -3.220219802856445312e+01
1.269647216796875000e+01 2.427341651916503906e+01 -3.208063125610351562e+01
1.274127197265625000e+01 2.456984519958496094e+01 -3.203452301025390625e+01
1.281442737579345703e+01 2.490946960449218750e+01 -3.200971603393554688e+01
1.285377979278564453e+01 2.525110054016113281e+01 -3.199114227294921875e+01
1.290963268280029297e+01 2.557030105590820312e+01 -3.200818634033203125e+01
1.298579502105712891e+01 2.588195991516113281e+01 -3.208829879760742188e+01
1.305197429656982422e+01 2.618137931823730469e+01 -3.215094375610351562e+01
1.313219261169433594e+01 2.646682929992675781e+01 -3.222753906250000000e+01
1.318937683105468750e+01 2.672104835510253906e+01 -3.233105850219726562e+01
1.322373580932617188e+01 2.695419120788574219e+01 -3.246141815185546875e+01
1.328284740447998047e+01 2.718669700622558594e+01 -3.256690216064453125e+01
1.335607051849365234e+01 2.734592437744140625e+01 -3.269990158081054688e+01
1.340109825134277344e+01 2.755432510375976562e+01 -3.280777359008789062e+01
1.346462440490722656e+01 2.770427131652832031e+01 -3.292050933837890625e+01
1.352775287628173828e+01 2.784436607360839844e+01 -3.308126831054687500e+01
1.357550430297851562e+01 2.797976493835449219e+01 -3.320404434204101562e+01
1.360318946838378906e+01 2.809177589416503906e+01 -3.335616302490234375e+01
1.366745471954345703e+01 2.819722938537597656e+01 -3.350204086303710938e+01
1.371183872222900391e+01 2.835070037841796875e+01 -3.371134185791015625e+01
1.377104473114013672e+01 2.843451309204101562e+01 -3.385832977294921875e+01
1.376573276519775391e+01 2.849780845642089844e+01 -3.399059677124023438e+01
1.379439926147460938e+01 2.854254722595214844e+01 -3.414423751831054688e+01
1.383312988281250000e+01 2.857196235656738281e+01 -3.430474853515625000e+01
1.387456989288330078e+01 2.860039520263671875e+01 -3.444425201416015625e+01
1.393702411651611328e+01 2.861375999450683594e+01 -3.461394119262695312e+01
1.398866939544677734e+01 2.864307212829589844e+01 -3.475939178466796875e+01
1.402846336364746094e+01 2.868848800659179688e+01 -3.490412139892578125e+01
1.407482433319091797e+01 2.873793983459472656e+01 -3.504392242431640625e+01
1.410817718505859375e+01 2.876603507995605469e+01 -3.520976638793945312e+01
1.411717700958251953e+01 2.875947952270507812e+01 -3.534316253662109375e+01
1.417309284210205078e+01 2.876723098754882812e+01 -3.549964141845703125e+01
1.420685768127441406e+01 2.874858665466308594e+01 -3.566365814208984375e+01
1.425399684906005859e+01 2.875103950500488281e+01 -3.581766128540039062e+01
1.427480888366699219e+01 2.874742698669433594e+01 -3.595859527587890625e+01
1.431027698516845703e+01 2.872531318664550781e+01 -3.612593841552734375e+01
1.434521102905273438e+01 2.868007659912109375e+01 -3.625076293945312500e+01
1.437823772430419922e+01 2.864391708374023438e+01 -3.640974044799804688e+01
1.442076110839843750e+01 2.861444282531738281e+01 -3.657109069824218750e+01
1.446201324462890625e+01 2.859256553649902344e+01 -3.671692276000976562e+01
1.447763538360595703e+01 2.853792190551757812e+01 -3.692504119873046875e+01
1.449888038635253906e+01 2.850675392150878906e+01 -3.704004287719726562e+01
1.452779674530029297e+01 2.843744659423828125e+01 -3.718160629272460938e+01
1.457656860351562500e+01 2.839509773254394531e+01 -3.731386184692382812e+01
1.462129688262939453e+01 2.833299446105957031e+01 -3.743212890625000000e+01
1.464593887329101562e+01 2.830497360229492188e+01 -3.756362152099609375e+01
1.465732860565185547e+01 2.827285957336425781e+01 -3.768250274658203125e+01
1.467038249969482422e+01 2.820761299133300781e+01 -3.782548141479492188e+01
1.469511508941650391e+01 2.817572402954101562e+01 -3.794216918945312500e+01
1.469459056854248047e+01 2.810047149658203125e+01 -3.806053161621093750e+01
1.473129940032958984e+01 2.806473731994628906e+01 -3.817005920410156250e+01
1.475767993927001953e+01 2.799951934814453125e+01 -3.828861236572265625e+01
1.475467205047607422e+01 2.796009254455566406e+01 -3.840133285522460938e+01
1.478922748565673828e+01 2.790098190307617188e+01 -3.852601623535156250e+01
1.482932949066162109e+01 2.784415626525878906e+01 -3.865126037597656250e+01
1.483083248138427734e+01 2.777077102661132812e+01 -3.874278640747070312e+01
1.487999534606933594e+01 2.773389625549316406e+01 -3.888690567016601562e+01
1.491157150268554688e+01 2.766770744323730469e+01 -3.898764419555664062e+01
1.492157173156738281e+01 2.763706779479980469e+01 -3.910279846191406250e+01
1.494432735443115234e+01 2.760620880126953125e+01 -3.923792266845703125e+01
1.497923755645751953e+01 2.752841186523437500e+01 -3.941575622558593750e+01
1.500735282897949219e+01 2.750311851501464844e+01 -3.952770614624023438e+01
1.499274635314941406e+01 2.746430397033691406e+01 -3.963782119750976562e+01
1.502741813659667969e+01 2.741763305664062500e+01 -3.976443862915039062e+01
1.506462574005126953e+01 2.733593368530273438e+01 -3.988807296752929688e+01
1.510960865020751953e+01 2.732621383666992188e+01 -4.000253677368164062e+01
1.507919883728027344e+01 2.725365257263183594e+01 -4.013406372070312500e+01
1.512927341461181641e+01 2.721712493896484375e+01 -4.023614120483398438e+01
1.514068126678466797e+01 2.718266296386718750e+01 -4.037326049804687500e+01
1.515040016174316406e+01 2.710087966918945312e+01 -4.050258255004882812e+01
1.516539001464843750e+01 2.705883979797363281e+01 -4.061292648315429688e+01
1.521522998809814453e+01 2.696611404418945312e+01 -4.072670364379882812e+01
1.522454929351806641e+01 2.692254829406738281e+01 -4.082664871215820312e+01
1.527547836303710938e+01 2.683660316467285156e+01 -4.095911026000976562e+01
1.533367156982421875e+01 2.678556632995605469e+01 -4.107287216186523438e+01
1.532195377349853516e+01 2.671256828308105469e+01 -4.116773986816406250e+01
1.536145305633544922e+01 2.665512657165527344e+01 -4.127016067504882812e+01
1.538801574707031250e+01 2.660943222045898438e+01 -4.138249206542968750e+01
1.540679168701171875e+01 2.653638648986816406e+01 -4.149746704101562500e+01
1.541922092437744141e+01 2.648698997497558594e+01 -4.160237884521484375e+01
1.543446350097656250e+01 2.643564033508300781e+01 -4.170861816406250000e+01
1.542778778076171875e+01 2.631113624572753906e+01 -4.189228057861328125e+01
1.544217300415039062e+01 2.624583435058593750e+01 -4.200731277465820312e+01
1.544966983795166016e+01 2.611388969421386719e+01 -4.211089324951171875e+01
1.544495582580566406e+01 2.600687217712402344e+01 -4.222380447387695312e+01
1.550306701660156250e+01 2.592854118347167969e+01 -4.234947586059570312e+01
1.553852939605712891e+01 2.580665969848632812e+01 -4.244622421264648438e+01
1.559780120849609375e+01 2.575762557983398438e+01 -4.254552459716796875e+01
1.560344696044921875e+01 2.568646621704101562e+01 -4.263788986206054688e+01
1.561929988861083984e+01 2.557876777648925781e+01 -4.273939132690429688e+01
1.562393856048583984e+01 2.548880958557128906e+01 -4.283693313598632812e+01
1.560059070587158203e+01 2.535383605957031250e+01 -4.292436599731445312e+01
1.557506942749023438e+01 2.520386505126953125e+01 -4.300303268432617188e+01
1.556750011444091797e+01 2.505388259887695312e+01 -4.303098297119140625e+01
1.557110023498535156e+01 2.485733604431152344e+01 -4.303071594238281250e+01
1.552169322967529297e+01 2.468881988525390625e+01 -4.300142288208007812e+01
1.556906986236572266e+01 2.457003021240234375e+01 -4.296019744873046875e+01
1.556956577301025391e+01 2.444539260864257812e+01 -4.290696716308593750e+01
1.557980823516845703e+01 2.437925338745117188e+01 -4.282860946655273438e+01
1.558241844177246094e+01 2.434648132324218750e+01 -4.277066040039062500e+01
1.560094356536865234e+01 2.432634544372558594e+01 -4.271999359130859375e+01
1.555807971954345703e+01 2.433079338073730469e+01 -4.268330001831054688e+01
1.552629280090332031e+01 2.428942298889160156e+01 -4.263471221923828125e+01
1.554268074035644531e+01 2.428895378112792969e+01 -4.264948654174804688e+01
1.555698871612548828e+01 2.428647804260253906e+01 -4.264450454711914062e+01
1.557513904571533203e+01 2.425338935852050781e+01 -4.266268157958984375e+01
1.562481498718261719e+01 2.427795791625976562e+01 -4.270051193237304688e+01
1.564918613433837891e+01 2.426907730102539062e+01 -4.274748229980468750e+01
1.567057228088378906e+01 2.429959869384765625e+01 -4.281412887573242188e+01
1.570668983459472656e+01 2.430887031555175781e+01 -4.289025497436523438e+01
1.573510360717773438e+01 2.434044647216796875e+01 -4.296566772460937500e+01
1.577390480041503906e+01 2.436845397949218750e+01 -4.307037734985351562e+01
1.581145668029785156e+01 2.436398887634277344e+01 -4.316741180419921875e+01
1.581352043151855469e+01 2.437738037109375000e+01 -4.326573562622070312e+01
1.583065509796142578e+01 2.438551902770996094e+01 -4.338159179687500000e+01
1.590705108642578125e+01 2.441765022277832031e+01 -4.350744247436523438e+01
1.592103672027587891e+01 2.442721939086914062e+01 -4.364074707031250000e+01
1.595149135589599609e+01 2.442849922180175781e+01 -4.374601745605468750e+01
1.600291824340820312e+01 2.448077011108398438e+01 -4.387870788574218750e+01
1.603093147277832031e+01 2.450055885314941406e+01 -4.400458526611328125e+01
1.606098175048828125e+01 2.452942848205566406e+01 -4.414626693725585938e+01
1.611988258361816406e+01 2.455836486816406250e+01 -4.427486419677734375e+01
1.611120414733886719e+01 2.457744216918945312e+01 -4.443274688720703125e+01
1.618348693847656250e+01 2.460877418518066406e+01 -4.466556167602539062e+01
1.620738029479980469e+01 2.464103698730468750e+01 -4.480332946777343750e+01
1.624175262451171875e+01 2.464081001281738281e+01 -4.496565628051757812e+01
1.626707839965820312e+01 2.463831710815429688e+01 -4.512109756469726562e+01
1.631168174743652344e+01 2.464593887329101562e+01 -4.527076721191406250e+01
1.632521057128906250e+01 2.463098144531250000e+01 -4.545511245727539062e+01
1.637422561645507812e+01 2.465017700195312500e+01 -4.560613632202148438e+01
1.642842864990234375e+01 2.461565399169921875e+01 -4.574854278564453125e+01
1.646793174743652344e+01 2.461121368408203125e+01 -4.593822097778320312e+01
1.651644897460937500e+01 2.459176826477050781e+01 -4.609750366210937500e+01
1.655520248413085938e+01 2.458668899536132812e+01 -4.624723052978515625e+01
1.660342216491699219e+01 2.456007194519042969e+01 -4.640310668945312500e+01
1.664208793640136719e+01 2.456029701232910156e+01 -4.658243942260742188e+01
1.667808723449707031e+01 2.456440734863281250e+01 -4.673367691040039062e+01
1.671026802062988281e+01 2.454597473144531250e+01 -4.690483474731445312e+01
1.674392890930175781e+01 2.455545997619628906e+01 -4.704322433471679688e+01
1.677247238159179688e+01 2.453072357177734375e+01 -4.720968246459960938e+01
1.680555152893066406e+01 2.451474952697753906e+01 -4.735982513427734375e+01
1.682209205627441406e+01 2.450144386291503906e+01 -4.753862762451171875e+01
1.684286689758300781e+01 2.447058105468750000e+01 -4.769164657592773438e+01
1.684947967529296875e+01 2.445403099060058594e+01 -4.783022689819335938e+01
1.689821434020996094e+01 2.441053390502929688e+01 -4.804942703247070312e+01
1.693589782714843750e+01 2.437712287902832031e+01 -4.818668746948242188e+01
1.699629020690917969e+01 2.436686325073242188e+01 -4.834430313110351562e+01
1.701457214355468750e+01 2.434717750549316406e+01 -4.849612045288085938e+01
1.707533454895019531e+01 2.433112716674804688e+01 -4.861911392211914062e+01
1.709908294677734375e+01 2.432822990417480469e+01 -4.877499389648437500e+01
1.716176414489746094e+01 2.432869148254394531e+01 -4.888050460815429688e+01
1.719686698913574219e+01 2.431860923767089844e+01 -4.904874420166015625e+01
1.721961021423339844e+01 2.434342002868652344e+01 -4.918643951416015625e+01
1.723747634887695312e+01 2.433726501464843750e+01 -4.933961105346679688e+01
1.727093124389648438e+01 2.434679794311523438e+01 -4.945547103881835938e+01
1.729770851135253906e+01 2.434942054748535156e+01 -4.962840270996093750e+01
1.731900978088378906e+01 2.436307144165039062e+01 -4.976354217529296875e+01
1.733592033386230469e+01 2.435835647583007812e+01 -4.992233657836914062e+01
1.739219856262207031e+01 2.432877540588378906e+01 -5.010034179687500000e+01
1.744717407226562500e+01 2.434224319458007812e+01 -5.026327514648437500e+01
1.749871253967285156e+01 2.434454917907714844e+01 -5.041688537597656250e+01
1.755560684204101562e+01 2.436668205261230469e+01 -5.059867858886718750e+01
1.762446403503417969e+01 2.439708137512207031e+01 -5.077222442626953125e+01
1.767837333679199219e+01 2.444179344177246094e+01 -5.095950317382812500e+01
1.773139381408691406e+01 2.447540473937988281e+01 -5.116205978393554688e+01
1.776707839965820312e+01 2.452711868286132812e+01 -5.147278213500976562e+01
1.778305053710937500e+01 2.454297065734863281e+01 -5.171077728271484375e+01
1.781040000915527344e+01 2.450249862670898438e+01 -5.191333389282226562e+01
1.781012725830078125e+01 2.443779182434082031e+01 -5.214142227172851562e+01
1.783293533325195312e+01 2.435192871093750000e+01 -5.232234954833984375e+01
1.788337516784667969e+01 2.428916931152343750e+01 -5.252991104125976562e+01
1.793040084838867188e+01 2.418205642700195312e+01 -5.269589233398437500e+01
1.797042465209960938e+01 2.409201431274414062e+01 -5.284742355346679688e+01
1.802846717834472656e+01 2.403305625915527344e+01 -5.301532745361328125e+01
1.806536293029785156e+01 2.398004913330078125e+01 -5.315179443359375000e+01
1.810376548767089844e+01 2.393554306030273438e+01 -5.330057525634765625e+01
1.814797592163085938e+01 2.390567779541015625e+01 -5.342821502685546875e+01
1.816161346435546875e+01 2.389929580688476562e+01 -5.357048034667968750e+01
1.821379280090332031e+01 2.386083602905273438e+01 -5.370611190795898438e+01
1.820900154113769531e+01 2.386408424377441406e+01 -5.381007766723632812e+01
1.820491027832031250e+01 2.383297538757324219e+01 -5.390400314331054688e+01
1.822552871704101562e+01 2.381255722045898438e+01 -5.403676986694335938e+01
1.823935890197753906e+01 2.376921653747558594e+01 -5.412031936645507812e+01
1.824792480468750000e+01 2.375548934936523438e+01 -5.423628234863281250e+01
1.829143905639648438e+01 2.372306251525878906e+01 -5.434258651733398438e+01
1.835467147827148438e+01 2.367876052856445312e+01 -5.447942352294921875e+01
1.837970924377441406e+01 2.365199279785156250e+01 -5.457719039916992188e+01
1.840038871765136719e+01 2.363721847534179688e+01 -5.465032577514648438e+01
1.844061660766601562e+01 2.364232826232910156e+01 -5.474063873291015625e+01
1.848849296569824219e+01 2.362917709350585938e+01 -5.481547164916992188e+01
1.850212478637695312e+01 2.362281227111816406e+01 -5.488788986206054688e+01
1.855547142028808594e+01 2.363182640075683594e+01 -5.496846008300781250e+01
1.856819725036621094e+01 2.359856796264648438e+01 -5.505473709106445312e+01
1.857290458679199219e+01 2.360703849792480469e+01 -5.512354278564453125e+01
1.859371757507324219e+01 2.359089469909667969e+01 -5.519431304931640625e+01
1.859361267089843750e+01 2.357591629028320312e+01 -5.525862503051757812e+01
1.863462257385253906e+01 2.355203628540039062e+01 -5.534605026245117188e+01
1.863348007202148438e+01 2.355163764953613281e+01 -5.538647079467773438e+01
1.866965675354003906e+01 2.353961372375488281e+01 -5.547198486328125000e+01
1.870745277404785156e+01 2.351650810241699219e+01 -5.553807067871093750e+01
1.871353340148925781e+01 2.352743530273437500e+01 -5.558185195922851562e+01
1.875252723693847656e+01 2.349961662292480469e+01 -5.565865325927734375e+01
1.875777053833007812e+01 2.350881385803222656e+01 -5.572021102905273438e+01
1.878593826293945312e+01 2.352466964721679688e+01 -5.578726959228515625e+01
1.880192947387695312e+01 2.351075553894042969e+01 -5.583689498901367188e+01
1.883621978759765625e+01 2.354288673400878906e+01 -5.588334274291992188e+01
1.884459114074707031e+01 2.358032035827636719e+01 -5.598046875000000000e+01
1.887566375732421875e+01 2.360528564453125000e+01 -5.603860092163085938e+01
1.888890266418457031e+01 2.363680076599121094e+01 -5.607801437377929688e+01
1.892859268188476562e+01 2.368023490905761719e+01 -5.614503860473632812e+01
1.891391563415527344e+01 2.371225166320800781e+01 -5.622413253784179688e+01
1.893940734863281250e+01 2.372207832336425781e+01 -5.628515625000000000e+01
1.894549751281738281e+01 2.376386070251464844e+01 -5.635913848876953125e+01
1.897454833984375000e+01 2.377403259277343750e+01 -5.643313598632812500e+01
1.902349090576171875e+01 2.379241752624511719e+01 -5.652217864990234375e+01
1.903542900085449219e+01 2.380269432067871094e+01 -5.658277893066406250e+01
1.909931182861328125e+01 2.383326911926269531e+01 -5.666520690917968750e+01
1.911736869812011719e+01 2.385630226135253906e+01 -5.673882675170898438e+01
1.918736839294433594e+01 2.385861015319824219e+01 -5.684654235839843750e+01
1.922842979431152344e+01 2.387941932678222656e+01 -5.693386459350585938e+01
1.927075767517089844e+01 2.392794609069824219e+01 -5.702819442749023438e+01
1.929800224304199219e+01 2.395529937744140625e+01 -5.709890365600585938e+01
1.932191848754882812e+01 2.399340629577636719e+01 -5.719683074951171875e+01
1.937537956237792969e+01 2.402306556701660156e+01 -5.729425811767578125e+01
1.939258384704589844e+01 2.406515312194824219e+01 -5.737928009033203125e+01
1.943317031860351562e+01 2.409754562377929688e+01 -5.748241043090820312e+01
1.943140792846679688e+01 2.413735961914062500e+01 -5.757115936279296875e+01
1.945830917358398438e+01 2.416244125366210938e+01 -5.771163940429687500e+01
1.947566413879394531e+01 2.421440124511718750e+01 -5.781962585449218750e+01
1.949525642395019531e+01 2.421512603759765625e+01 -5.793693923950195312e+01
1.953524589538574219e+01 2.422759056091308594e+01 -5.805967330932617188e+01
1.954853820800781250e+01 2.427037239074707031e+01 -5.818523788452148438e+01
1.955834007263183594e+01 2.430097579956054688e+01 -5.831223297119140625e+01
1.960179710388183594e+01 2.432693099975585938e+01 -5.844772338867187500e+01
1.961217880249023438e+01 2.430970573425292969e+01 -5.857314300537109375e+01
1.964586067199707031e+01 2.431731033325195312e+01 -5.870578765869140625e+01
1.969432640075683594e+01 2.430323600769042969e+01 -5.885390853881835938e+01
1.973478889465332031e+01 2.428987693786621094e+01 -5.898003768920898438e+01
