1.917152285575866699e+00 3.536963939666748047e+00 -1.924287080764770508e+00 9.810724258422851562e-01 2.260185003280639648e+00 -9.947918057441711426e-01
1.935319662094116211e+00 3.591182708740234375e+00 -1.942535400390625000e+00 9.147021174430847168e-01 2.185015916824340820e+00 -8.674002885818481445e-01
1.958366394042968750e+00 3.637307167053222656e+00 -1.960075616836547852e+00 1.058575630187988281e+00 2.337841987609863281e+00 -8.993752002716064453e-01
1.983248233795166016e+00 3.691624641418457031e+00 -1.977342367172241211e+00 9.206709265708923340e-01 2.517524480819702148e+00 -8.717004060745239258e-01
1.999407768249511719e+00 3.743029117584228516e+00 -1.994428873062133789e+00 8.964337110519409180e-01 2.438014507293701172e+00 -8.125416636466979980e-01
2.018419981002807617e+00 3.798314571380615234e+00 -2.009695768356323242e+00 8.188722729682922363e-01 2.341154098510742188e+00 -7.649897933006286621e-01
2.034075498580932617e+00 3.850376605987548828e+00 -2.024360418319702148e+00 7.791451215744018555e-01 2.297713994979858398e+00 -7.015337347984313965e-01
2.055094003677368164e+00 3.906936407089233398e+00 -2.038316249847412109e+00 5.524606108665466309e-01 2.448563337326049805e+00 -7.252220511436462402e-01
2.071998834609985352e+00 3.960543155670166016e+00 -2.051408290863037109e+00 6.024439334869384766e-01 2.447445869445800781e+00 -6.560440659523010254e-01
2.091087341308593750e+00 4.001975536346435547e+00 -2.063982248306274414e+00 7.830893993377685547e-01 2.541314125061035156e+00 -6.030330657958984375e-01
2.106300115585327148e+00 4.060480117797851562e+00 -2.076195001602172852e+00 7.438341379165649414e-01 2.332348823547363281e+00 -6.021561026573181152e-01
2.150897979736328125e+00 4.139637470245361328e+00 -2.093997955322265625e+00 9.359986782073974609e-01 2.866720914840698242e+00 -6.924712657928466797e-01
2.169794559478759766e+00 4.197053909301757812e+00 -2.106786489486694336e+00 7.536164522171020508e-01 2.870102405548095703e+00 -6.132085919380187988e-01
2.192463636398315430e+00 4.254017829895019531e+00 -2.119311571121215820e+00 7.810104489326477051e-01 3.014374017715454102e+00 -6.574873924255371094e-01
2.212338924407958984e+00 4.310884475708007812e+00 -2.132389307022094727e+00 8.687072396278381348e-01 3.184250831604003906e+00 -6.724014878273010254e-01
2.244337558746337891e+00 4.376213073730468750e+00 -2.144657850265502930e+00 8.047360181808471680e-01 3.596105813980102539e+00 -5.945216417312622070e-01
2.259789228439331055e+00 4.441278457641601562e+00 -2.155553340911865234e+00 8.621602058410644531e-01 3.527149915695190430e+00 -5.186971426010131836e-01
2.276157379150390625e+00 4.511734008789062500e+00 -2.165332078933715820e+00 7.814065814018249512e-01 3.564179897308349609e+00 -4.755213856697082520e-01
2.294608592987060547e+00 4.576463699340820312e+00 -2.173859596252441406e+00 9.510584473609924316e-01 3.634361505508422852e+00 -4.240885674953460693e-01
2.322994232177734375e+00 4.644624233245849609e+00 -2.182174205780029297e+00 1.072674155235290527e+00 3.874042987823486328e+00 -4.230673015117645264e-01
2.345161437988281250e+00 4.724098205566406250e+00 -2.190585136413574219e+00 8.363265395164489746e-01 3.870335578918457031e+00 -4.365400671958923340e-01
2.368777275085449219e+00 4.791746616363525391e+00 -2.198920965194702148e+00 1.053138017654418945e+00 3.889569044113159180e+00 -4.111536145210266113e-01
2.389027833938598633e+00 4.863581657409667969e+00 -2.207252502441406250e+00 1.149951100349426270e+00 3.955313444137573242e+00 -4.443088769912719727e-01
2.413805961608886719e+00 4.933993816375732422e+00 -2.215561628341674805e+00 1.119855880737304688e+00 4.182802200317382812e+00 -4.255918562412261963e-01
2.440487861633300781e+00 5.019384384155273438e+00 -2.223470211029052734e+00 1.047139763832092285e+00 4.336920738220214844e+00 -3.614269495010375977e-01
2.460254192352294922e+00 5.090025901794433594e+00 -2.230040788650512695e+00 1.218836069107055664e+00 4.364531517028808594e+00 -3.298371136188507080e-01
2.484461307525634766e+00 5.175727367401123047e+00 -2.235508203506469727e+00 1.081147789955139160e+00 4.345492362976074219e+00 -2.425522059202194214e-01
2.505672216415405273e+00 5.263632774353027344e+00 -2.241104364395141602e+00 1.127924561500549316e+00 4.452387809753417969e+00 -3.509660363197326660e-01
2.535386323928833008e+00 5.338062286376953125e+00 -2.248810052871704102e+00 1.449164152145385742e+00 4.757225513458251953e+00 -3.863460123538970947e-01
2.558469533920288086e+00 5.429716110229492188e+00 -2.256669759750366211e+00 1.350570321083068848e+00 4.764855384826660156e+00 -4.117463529109954834e-01
2.588667631149291992e+00 5.518902301788330078e+00 -2.263875722885131836e+00 1.294959068298339844e+00 4.954357624053955078e+00 -3.220486342906951904e-01
2.604773759841918945e+00 5.607882976531982422e+00 -2.269795894622802734e+00 1.282500386238098145e+00 4.728728294372558594e+00 -3.176017403602600098e-01
2.649546623229980469e+00 5.742289543151855469e+00 -2.277710914611816406e+00 1.391335606575012207e+00 5.081801414489746094e+00 -2.010755687952041626e-01
2.670196771621704102e+00 5.833477497100830078e+00 -2.280909538269042969e+00 1.421477675437927246e+00 5.139013767242431641e+00 -1.311562210321426392e-01
2.695406436920166016e+00 5.927897453308105469e+00 -2.283653974533081055e+00 1.521145462989807129e+00 5.244162082672119141e+00 -1.430051475763320923e-01
2.718869209289550781e+00 6.030715942382812500e+00 -2.285328149795532227e+00 1.401611328125000000e+00 5.238904476165771484e+00 -6.547956168651580811e-02
2.739919185638427734e+00 6.127170562744140625e+00 -2.286066532135009766e+00 1.559559345245361328e+00 5.208386898040771484e+00 -1.537710661068558693e-03
2.770156860351562500e+00 6.220069885253906250e+00 -2.285961866378784180e+00 1.767807960510253906e+00 5.350143432617187500e+00 -1.441562082618474960e-02
2.792630434036254883e+00 6.325205802917480469e+00 -2.286245346069335938e+00 1.670125246047973633e+00 5.299123287200927734e+00 1.692604040727019310e-03
2.821099519729614258e+00 6.426014900207519531e+00 -2.286431312561035156e+00 1.736700654029846191e+00 5.527839660644531250e+00 -2.945866435766220093e-02
2.851808547973632812e+00 6.535323143005371094e+00 -2.286483764648437500e+00 1.646981954574584961e+00 5.619251728057861328e+00 -1.520816329866647720e-02
2.878242254257202148e+00 6.636638164520263672e+00 -2.287729263305664062e+00 1.915526032447814941e+00 5.687950611114501953e+00 -9.275385737419128418e-02
2.899916410446166992e+00 6.754064559936523438e+00 -2.290102243423461914e+00 1.715176105499267578e+00 5.761917114257812500e+00 -1.117440462112426758e-01
2.927449464797973633e+00 6.864881992340087891e+00 -2.291455507278442383e+00 1.970108866691589355e+00 5.816022872924804688e+00 -1.943772844970226288e-02
2.963735580444335938e+00 6.984994888305664062e+00 -2.290868282318115234e+00 1.882782936096191406e+00 6.169719219207763672e+00 6.056492403149604797e-02
2.988364696502685547e+00 7.112689971923828125e+00 -2.288939476013183594e+00 1.612571358680725098e+00 6.101621627807617188e+00 5.091944709420204163e-02
3.022076129913330078e+00 7.233300685882568359e+00 -2.289374351501464844e+00 1.634341835975646973e+00 6.379867076873779297e+00 -7.007602602243423462e-02
3.050335645675659180e+00 7.365956306457519531e+00 -2.290734529495239258e+00 1.427703976631164551e+00 6.398415565490722656e+00 -7.959917187690734863e-02
3.076940536499023438e+00 7.491481781005859375e+00 -2.291957855224609375e+00 1.435855627059936523e+00 6.413898944854736328e+00 -6.479749828577041626e-02
3.102156400680541992e+00 7.620284080505371094e+00 -2.292906999588012695e+00 1.424404025077819824e+00 6.573736190795898438e+00 -4.834219068288803101e-02
3.128262519836425781e+00 7.750965118408203125e+00 -2.293638706207275391e+00 1.521403312683105469e+00 6.620995521545410156e+00 2.648803032934665680e-02
3.162627220153808594e+00 7.881630420684814453e+00 -2.291887521743774414e+00 1.650348544120788574e+00 6.976116657257080078e+00 9.229472279548645020e-02
3.190577745437622070e+00 8.019884109497070312e+00 -2.290101051330566406e+00 1.641220331192016602e+00 7.083611965179443359e+00 4.978967458009719849e-02
3.240146875381469727e+00 8.235796928405761719e+00 -2.290605306625366211e+00 1.559565067291259766e+00 7.472824573516845703e+00 -7.467576861381530762e-02
3.267515182495117188e+00 8.387260437011718750e+00 -2.292464256286621094e+00 1.634130239486694336e+00 7.552814483642578125e+00 -7.313297688961029053e-02
3.303184747695922852e+00 8.542653083801269531e+00 -2.294031858444213867e+00 1.520099043846130371e+00 7.885925292968750000e+00 -8.509736508131027222e-02
3.337238788604736328e+00 8.702461242675781250e+00 -2.294966459274291992e+00 1.334477305412292480e+00 7.975716114044189453e+00 -1.986943744122982025e-02
3.363117933273315430e+00 8.856443405151367188e+00 -2.294920682907104492e+00 1.562656283378601074e+00 7.891326904296875000e+00 6.151114124804735184e-03
3.400957822799682617e+00 9.010712623596191406e+00 -2.295075416564941406e+00 1.783718347549438477e+00 8.145077705383300781e+00 -1.695808023214340210e-02
3.438049554824829102e+00 9.175399780273437500e+00 -2.297579526901245117e+00 1.661306262016296387e+00 8.335757255554199219e+00 -2.407799512147903442e-01
3.477318525314331055e+00 9.332153320312500000e+00 -2.302466392517089844e+00 1.828586578369140625e+00 8.495077133178710938e+00 -2.916865646839141846e-01
3.512132406234741211e+00 9.500301361083984375e+00 -2.307374000549316406e+00 1.778728127479553223e+00 8.490974426269531250e+00 -1.621130257844924927e-01
3.553276300430297852e+00 9.667841911315917969e+00 -2.310916423797607422e+00 1.802179932594299316e+00 8.814805984497070312e+00 -2.341673821210861206e-01
3.584453821182250977e+00 9.831198692321777344e+00 -2.316288232803344727e+00 2.060868024826049805e+00 8.852015495300292969e+00 -3.279600143432617188e-01
3.625307559967041016e+00 1.001018047332763672e+01 -2.321639776229858398e+00 1.893442988395690918e+00 9.003124237060546875e+00 -1.874771267175674438e-01
3.666276216506958008e+00 1.018258857727050781e+01 -2.325168132781982422e+00 2.052877187728881836e+00 9.241456031799316406e+00 -1.954856067895889282e-01
3.708572149276733398e+00 1.036303710937500000e+01 -2.328364849090576172e+00 2.018696308135986328e+00 9.568226814270019531e+00 -1.255998164415359497e-01
3.743667602539062500e+00 1.055330753326416016e+01 -2.330893516540527344e+00 1.931892752647399902e+00 9.644570350646972656e+00 -1.778068840503692627e-01
3.780838489532470703e+00 1.073915386199951172e+01 -2.334353446960449219e+00 2.071797132492065430e+00 9.882222175598144531e+00 -1.649872064590454102e-01
3.821127891540527344e+00 1.093259429931640625e+01 -2.338758707046508789e+00 1.875383138656616211e+00 1.024115371704101562e+01 -3.244392573833465576e-01
3.854672431945800781e+00 1.112317848205566406e+01 -2.346665859222412109e+00 1.974982976913452148e+00 1.018967247009277344e+01 -4.889202117919921875e-01
3.891913414001464844e+00 1.132665061950683594e+01 -2.357397317886352539e+00 2.005128622055053711e+00 1.042210197448730469e+01 -6.209914088249206543e-01
3.929961442947387695e+00 1.153055572509765625e+01 -2.369391918182373047e+00 2.114718437194824219e+00 1.063232421875000000e+01 -6.082190871238708496e-01
3.988046646118164062e+00 1.184370136260986328e+01 -2.388536930084228516e+00 2.243848800659179688e+00 1.087648010253906250e+01 -7.417855262756347656e-01
4.034718513488769531e+00 1.206055736541748047e+01 -2.403011798858642578e+00 2.278431892395019531e+00 1.123581600189208984e+01 -7.910572290420532227e-01
4.073778629302978516e+00 1.228335857391357422e+01 -2.419164657592773438e+00 2.211603164672851562e+00 1.133846092224121094e+01 -8.196315765380859375e-01
4.119195938110351562e+00 1.251284217834472656e+01 -2.435275554656982422e+00 2.136362791061401367e+00 1.165240573883056641e+01 -8.531360626220703125e-01
4.163529396057128906e+00 1.273886299133300781e+01 -2.453444480895996094e+00 2.271656751632690430e+00 1.177771663665771484e+01 -1.000035047531127930e+00
4.205836772918701172e+00 1.296886253356933594e+01 -2.473827838897705078e+00 2.457107543945312500e+00 1.192517852783203125e+01 -1.137674331665039062e+00
4.255648612976074219e+00 1.320634746551513672e+01 -2.496451616287231445e+00 2.546909570693969727e+00 1.219624710083007812e+01 -1.185196995735168457e+00
4.306871891021728516e+00 1.344978904724121094e+01 -2.520517110824584961e+00 2.620834589004516602e+00 1.253187274932861328e+01 -1.298078656196594238e+00
4.353588581085205078e+00 1.369540405273437500e+01 -2.545283079147338867e+00 2.736113071441650391e+00 1.278111362457275391e+01 -1.280691385269165039e+00
4.413985252380371094e+00 1.395484352111816406e+01 -2.570225715637207031e+00 2.628315448760986328e+00 1.328770732879638672e+01 -1.330530285835266113e+00
4.467635631561279297e+00 1.421253776550292969e+01 -2.597723960876464844e+00 2.822032928466796875e+00 1.354112052917480469e+01 -1.486160874366760254e+00
4.522919654846191406e+00 1.448164558410644531e+01 -2.629005908966064453e+00 2.852180719375610352e+00 1.388984966278076172e+01 -1.741669178009033203e+00
4.574240207672119141e+00 1.476088523864746094e+01 -2.664946794509887695e+00 2.655217885971069336e+00 1.417379665374755859e+01 -1.951571822166442871e+00
4.627761840820312500e+00 1.503471469879150391e+01 -2.705062866210937500e+00 2.763197183609008789e+00 1.447555732727050781e+01 -2.153980493545532227e+00
4.674282073974609375e+00 1.532183074951171875e+01 -2.747571706771850586e+00 2.664477586746215820e+00 1.464636707305908203e+01 -2.268411397933959961e+00
4.728065967559814453e+00 1.561488437652587891e+01 -2.794113159179687500e+00 2.628670930862426758e+00 1.505460166931152344e+01 -2.491220474243164062e+00
4.778772830963134766e+00 1.591580963134765625e+01 -2.844018459320068359e+00 2.806244611740112305e+00 1.534442138671875000e+01 -2.656155109405517578e+00
4.837239742279052734e+00 1.621893119812011719e+01 -2.898444175720214844e+00 3.128214836120605469e+00 1.579446697235107422e+01 -2.929380178451538086e+00
4.904695034027099609e+00 1.653126144409179688e+01 -2.958086729049682617e+00 3.357668876647949219e+00 1.630682945251464844e+01 -3.212080001831054688e+00
4.969799518585205078e+00 1.686020851135253906e+01 -3.024511575698852539e+00 3.426110744476318359e+00 1.670652770996093750e+01 -3.572813987731933594e+00
5.038485050201416016e+00 1.718502044677734375e+01 -3.097686052322387695e+00 3.584043025970458984e+00 1.714735412597656250e+01 -3.957708358764648438e+00
5.146949291229248047e+00 1.769364738464355469e+01 -3.221757888793945312e+00 3.866081476211547852e+00 1.769018936157226562e+01 -4.570583343505859375e+00
5.222648143768310547e+00 1.804518318176269531e+01 -3.314477920532226562e+00 3.967725038528442383e+00 1.838972663879394531e+01 -4.898395538330078125e+00
5.300676822662353516e+00 1.840700149536132812e+01 -3.414623260498046875e+00 4.036325931549072266e+00 1.901010131835937500e+01 -5.381059169769287109e+00
5.375319480895996094e+00 1.879005432128906250e+01 -3.524057865142822266e+00 3.831139087677001953e+00 1.945335769653320312e+01 -5.881335258483886719e+00
5.460271358489990234e+00 1.917107582092285156e+01 -3.644500732421875000e+00 3.992094755172729492e+00 2.007237243652343750e+01 -6.487386226654052734e+00
5.532332897186279297e+00 1.956364059448242188e+01 -3.777175426483154297e+00 4.267448425292968750e+00 2.025102996826171875e+01 -7.155486583709716797e+00
5.623203277587890625e+00 1.996821212768554688e+01 -3.924904108047485352e+00 4.567971706390380859e+00 2.086179733276367188e+01 -8.022317886352539062e+00
5.709156036376953125e+00 2.038179779052734375e+01 -4.089826107025146484e+00 4.683233261108398438e+00 2.139229965209960938e+01 -8.847206115722656250e+00
5.800449371337890625e+00 2.080497169494628906e+01 -4.270296096801757812e+00 4.842974662780761719e+00 2.182976150512695312e+01 -9.651510238647460938e+00
5.908548831939697266e+00 2.123879432678222656e+01 -4.468558788299560547e+00 5.042467594146728516e+00 2.247438621520996094e+01 -1.071247196197509766e+01
6.009149551391601562e+00 2.168222618103027344e+01 -4.689884185791015625e+00 5.358325004577636719e+00 2.278738212585449219e+01 -1.200279808044433594e+01
6.119069576263427734e+00 2.213181495666503906e+01 -4.937674999237060547e+00 5.924921989440917969e+00 2.329256820678710938e+01 -1.344564628601074219e+01
6.243407726287841797e+00 2.258962631225585938e+01 -5.216914653778076172e+00 6.375449657440185547e+00 2.386747360229492188e+01 -1.518839073181152344e+01
6.372115135192871094e+00 2.306297492980957031e+01 -5.531025886535644531e+00 6.450327873229980469e+00 2.418950843811035156e+01 -1.704789733886718750e+01
6.505311489105224609e+00 2.353039550781250000e+01 -5.882607936859130859e+00 6.898187637329101562e+00 2.426822853088378906e+01 -1.899543190002441406e+01
6.648828506469726562e+00 2.400192260742187500e+01 -6.275163173675537109e+00 7.127767562866210938e+00 2.421043968200683594e+01 -2.125455665588378906e+01
6.784227848052978516e+00 2.447220230102539062e+01 -6.712758064270019531e+00 7.269712448120117188e+00 2.342414093017578125e+01 -2.357761764526367188e+01
6.936457157135009766e+00 2.491411972045898438e+01 -7.194420814514160156e+00 7.638097763061523438e+00 2.251205253601074219e+01 -2.572771453857421875e+01
7.088796615600585938e+00 2.534013938903808594e+01 -7.717493534088134766e+00 7.916800498962402344e+00 2.103480720520019531e+01 -2.792751693725585938e+01
7.248690605163574219e+00 2.573359107971191406e+01 -8.282404899597167969e+00 8.003619194030761719e+00 1.949649238586425781e+01 -2.982729911804199219e+01
7.407807350158691406e+00 2.608304023742675781e+01 -8.880859375000000000e+00 8.286045074462890625e+00 1.775638198852539062e+01 -3.144352912902832031e+01
7.647582530975341797e+00 2.656043624877929688e+01 -9.826929092407226562e+00 8.143703460693359375e+00 1.501381015777587891e+01 -3.304711914062500000e+01
7.806804180145263672e+00 2.683045578002929688e+01 -1.047829151153564453e+01 8.060884475708007812e+00 1.318108272552490234e+01 -3.366885757446289062e+01
7.960119724273681641e+00 2.706535148620605469e+01 -1.114055824279785156e+01 7.970959186553955078e+00 1.145178508758544922e+01 -3.407507324218750000e+01
8.112811088562011719e+00 2.727375030517578125e+01 -1.180655479431152344e+01 7.631686210632324219e+00 1.001206970214843750e+01 -3.406203842163085938e+01
8.253143310546875000e+00 2.744879150390625000e+01 -1.246802997589111328e+01 7.330513477325439453e+00 8.471889495849609375e+00 -3.364365386962890625e+01
8.388564109802246094e+00 2.760241508483886719e+01 -1.312075138092041016e+01 6.827993392944335938e+00 6.984722137451171875e+00 -3.315990829467773438e+01
8.521634101867675781e+00 2.772313499450683594e+01 -1.376173400878906250e+01 6.625603199005126953e+00 5.870136737823486328e+00 -3.248656082153320312e+01
8.644721984863281250e+00 2.782235717773437500e+01 -1.438767528533935547e+01 6.215187072753906250e+00 4.794150829315185547e+00 -3.155638504028320312e+01
8.756716728210449219e+00 2.790648078918457031e+01 -1.499335956573486328e+01 5.805863380432128906e+00 3.594355344772338867e+00 -3.050988006591796875e+01
8.863989830017089844e+00 2.797020149230957031e+01 -1.558048534393310547e+01 5.464437007904052734e+00 2.789879560470581055e+00 -2.958883476257324219e+01
8.965804100036621094e+00 2.801518821716308594e+01 -1.614755821228027344e+01 5.359046936035156250e+00 2.048151969909667969e+00 -2.847270202636718750e+01
9.063020706176757812e+00 2.805703544616699219e+01 -1.669341468811035156e+01 5.054360389709472656e+00 1.435762405395507812e+00 -2.740409660339355469e+01
9.160955429077148438e+00 2.807558059692382812e+01 -1.721656799316406250e+01 4.988485813140869141e+00 1.054813385009765625e+00 -2.618448638916015625e+01
9.255244255065917969e+00 2.810256958007812500e+01 -1.771776199340820312e+01 4.578260898590087891e+00 6.814211606979370117e-01 -2.512123680114746094e+01
9.341202735900878906e+00 2.811436653137207031e+01 -1.819824028015136719e+01 4.571327686309814453e+00 3.317589759826660156e-01 -2.414158630371093750e+01
9.427289962768554688e+00 2.812282562255859375e+01 -1.866120910644531250e+01 4.434206485748291016e+00 1.010783612728118896e-01 -2.322583580017089844e+01
9.510438919067382812e+00 2.813206481933593750e+01 -1.910587120056152344e+01 4.074728488922119141e+00 -6.252767145633697510e-02 -2.235523414611816406e+01
9.591984748840332031e+00 2.812848472595214844e+01 -1.953433227539062500e+01 4.062315464019775391e+00 -1.765452474355697632e-01 -2.148251342773437500e+01
9.668843269348144531e+00 2.813376235961914062e+01 -1.994570541381835938e+01 3.568907499313354492e+00 -3.358700871467590332e-01 -2.064266204833984375e+01
9.745544433593750000e+00 2.812894058227539062e+01 -2.034114837646484375e+01 3.324762344360351562e+00 -6.351456046104431152e-01 -1.981802558898925781e+01
9.810193061828613281e+00 2.810861968994140625e+01 -2.072099304199218750e+01 3.596136808395385742e+00 -9.554021954536437988e-01 -1.911550712585449219e+01
9.921952247619628906e+00 2.807980346679687500e+01 -2.126472854614257812e+01 3.495482683181762695e+00 -8.775466680526733398e-01 -1.799123764038085938e+01
9.987658500671386719e+00 2.806591033935546875e+01 -2.160823822021484375e+01 3.199324607849121094e+00 -9.802474975585937500e-01 -1.729748725891113281e+01
1.005264854431152344e+01 2.805079650878906250e+01 -2.194014167785644531e+01 3.005805015563964844e+00 -1.092312097549438477e+00 -1.665776062011718750e+01
1.011134815216064453e+01 2.803045082092285156e+01 -2.225799560546875000e+01 2.860842943191528320e+00 -1.184259295463562012e+00 -1.593061733245849609e+01
1.016884994506835938e+01 2.799999618530273438e+01 -2.256275367736816406e+01 2.867998600006103516e+00 -1.288613915443420410e+00 -1.530739879608154297e+01
1.022545719146728516e+01 2.798444175720214844e+01 -2.285676383972167969e+01 2.583552122116088867e+00 -1.415711998939514160e+00 -1.480168056488037109e+01
1.027993011474609375e+01 2.795471191406250000e+01 -2.314192199707031250e+01 2.440624952316284180e+00 -1.479575157165527344e+00 -1.447412872314453125e+01
1.033840560913085938e+01 2.792134666442871094e+01 -2.342105293273925781e+01 2.349565267562866211e+00 -1.390299797058105469e+00 -1.408307647705078125e+01
1.038284873962402344e+01 2.789657020568847656e+01 -2.369202995300292969e+01 2.163610219955444336e+00 -1.560996174812316895e+00 -1.368808078765869141e+01
1.042553043365478516e+01 2.785969352722167969e+01 -2.395438385009765625e+01 2.170922040939331055e+00 -1.669661521911621094e+00 -1.324045276641845703e+01
1.047006511688232422e+01 2.782148361206054688e+01 -2.420841979980468750e+01 2.287115097045898438e+00 -1.731638550758361816e+00 -1.278634643554687500e+01
1.051877403259277344e+01 2.779442024230957031e+01 -2.445357704162597656e+01 2.115296840667724609e+00 -1.734709739685058594e+00 -1.226759815216064453e+01
1.056421184539794922e+01 2.775720596313476562e+01 -2.468852615356445312e+01 2.211425781250000000e+00 -1.717651844024658203e+00 -1.182465457916259766e+01
1.061130428314208984e+01 2.772523880004882812e+01 -2.491468048095703125e+01 2.044746875762939453e+00 -1.756285548210144043e+00 -1.139320468902587891e+01
1.066028118133544922e+01 2.767564201354980469e+01 -2.513378334045410156e+01 2.451239347457885742e+00 -1.681380748748779297e+00 -1.105810928344726562e+01
1.070098686218261719e+01 2.765030860900878906e+01 -2.534568786621093750e+01 2.139850139617919922e+00 -1.737033843994140625e+00 -1.070108890533447266e+01
1.075331687927246094e+01 2.760403823852539062e+01 -2.555258750915527344e+01 2.371205568313598633e+00 -1.482470631599426270e+00 -1.045230484008789062e+01
1.079680633544921875e+01 2.757309150695800781e+01 -2.575453758239746094e+01 2.211416959762573242e+00 -1.525920987129211426e+00 -1.023809146881103516e+01
1.083379173278808594e+01 2.753897666931152344e+01 -2.595151519775390625e+01 2.013132572174072266e+00 -1.604210019111633301e+00 -9.944334983825683594e+00
1.088078975677490234e+01 2.749911117553710938e+01 -2.614208602905273438e+01 2.000589847564697266e+00 -1.438876271247863770e+00 -9.603072166442871094e+00
1.091686534881591797e+01 2.746866416931152344e+01 -2.632670783996582031e+01 1.767211437225341797e+00 -1.438635587692260742e+00 -9.296839714050292969e+00
1.095898437500000000e+01 2.741489982604980469e+01 -2.659110450744628906e+01 1.873019456863403320e+00 -1.564705252647399902e+00 -8.863018035888671875e+00
1.098577976226806641e+01 2.737464523315429688e+01 -2.676248931884765625e+01 1.929787039756774902e+00 -1.682113647460937500e+00 -8.694590568542480469e+00
1.102274036407470703e+01 2.734541511535644531e+01 -2.693035888671875000e+01 1.774436831474304199e+00 -1.502697110176086426e+00 -8.488563537597656250e+00
1.104652690887451172e+01 2.731307411193847656e+01 -2.709400558471679688e+01 1.661549925804138184e+00 -1.729124426841735840e+00 -8.272316932678222656e+00
1.107703495025634766e+01 2.727675819396972656e+01 -2.725214004516601562e+01 1.730175018310546875e+00 -1.605226159095764160e+00 -8.007545471191406250e+00
1.110366058349609375e+01 2.723814392089843750e+01 -2.740555572509765625e+01 2.063441514968872070e+00 -1.569046378135681152e+00 -7.721602439880371094e+00
1.113933086395263672e+01 2.720992088317871094e+01 -2.755465888977050781e+01 2.078569412231445312e+00 -1.442165732383728027e+00 -7.524026393890380859e+00
1.116793918609619141e+01 2.718275260925292969e+01 -2.770033645629882812e+01 2.028824329376220703e+00 -1.476038455963134766e+00 -7.477538585662841797e+00
1.119988727569580078e+01 2.716102218627929688e+01 -2.784530067443847656e+01 1.850980520248413086e+00 -1.630527615547180176e+00 -7.346953392028808594e+00
1.123672103881835938e+01 2.713333702087402344e+01 -2.798921394348144531e+01 1.840082764625549316e+00 -1.447395563125610352e+00 -7.414880275726318359e+00
1.125986862182617188e+01 2.709933853149414062e+01 -2.813330268859863281e+01 1.863248705863952637e+00 -1.566459894180297852e+00 -7.378144741058349609e+00
1.128721427917480469e+01 2.707342910766601562e+01 -2.827790641784667969e+01 1.772624850273132324e+00 -1.692360401153564453e+00 -7.381074905395507812e+00
1.131630897521972656e+01 2.704485511779785156e+01 -2.842060852050781250e+01 1.801056742668151855e+00 -1.711533427238464355e+00 -7.272677898406982422e+00
1.134207916259765625e+01 2.702244377136230469e+01 -2.856117057800292969e+01 1.663388729095458984e+00 -1.841199517250061035e+00 -7.086872100830078125e+00
1.137813568115234375e+01 2.699246025085449219e+01 -2.869794845581054688e+01 1.614376664161682129e+00 -1.578036785125732422e+00 -6.907647132873535156e+00
1.140453243255615234e+01 2.695710754394531250e+01 -2.883007431030273438e+01 1.679217576980590820e+00 -1.647135376930236816e+00 -6.686695575714111328e+00
1.143136310577392578e+01 2.693492889404296875e+01 -2.895997238159179688e+01 1.397301435470581055e+00 -1.790155053138732910e+00 -6.674013614654541016e+00
1.146509552001953125e+01 2.691068840026855469e+01 -2.908946418762207031e+01 1.246530294418334961e+00 -1.637548923492431641e+00 -6.585127353668212891e+00
1.148315143585205078e+01 2.687939834594726562e+01 -2.921700477600097656e+01 1.344998598098754883e+00 -1.745757818222045898e+00 -6.463822841644287109e+00
1.150442981719970703e+01 2.685084533691406250e+01 -2.934118461608886719e+01 1.219443202018737793e+00 -1.757030367851257324e+00 -6.232135295867919922e+00
1.152738475799560547e+01 2.682720756530761719e+01 -2.946101760864257812e+01 9.598589539527893066e-01 -1.878167748451232910e+00 -6.044278621673583984e+00
1.155576324462890625e+01 2.677768707275390625e+01 -2.963470268249511719e+01 9.199320077896118164e-01 -2.178523302078247070e+00 -5.813636779785156250e+00
1.157517242431640625e+01 2.674469184875488281e+01 -2.974757766723632812e+01 7.617928981781005859e-01 -2.167235136032104492e+00 -5.786013126373291016e+00
1.159445381164550781e+01 2.670548057556152344e+01 -2.986148071289062500e+01 9.086349010467529297e-01 -2.250690698623657227e+00 -5.837256908416748047e+00
1.162147426605224609e+01 2.667285346984863281e+01 -2.997602081298828125e+01 8.799214959144592285e-01 -2.028380870819091797e+00 -5.795449733734130859e+00
1.164133453369140625e+01 2.663971138000488281e+01 -3.008817672729492188e+01 8.474279642105102539e-01 -2.214568614959716797e+00 -5.747840404510498047e+00
1.166833019256591797e+01 2.660276031494140625e+01 -3.020081710815429688e+01 8.828671574592590332e-01 -2.163024187088012695e+00 -5.783359527587890625e+00
1.169059181213378906e+01 2.656525421142578125e+01 -3.031282424926757812e+01 8.002089858055114746e-01 -2.194796562194824219e+00 -5.678170680999755859e+00
1.172058296203613281e+01 2.652771377563476562e+01 -3.042308044433593750e+01 7.339611053466796875e-01 -2.031125068664550781e+00 -5.606596469879150391e+00
1.173185634613037109e+01 2.648645401000976562e+01 -3.053241920471191406e+01 7.048454880714416504e-01 -2.368362665176391602e+00 -5.614792823791503906e+00
1.175669384002685547e+01 2.644856452941894531e+01 -3.064176559448242188e+01 6.111938953399658203e-01 -2.403310060501098633e+00 -5.521862506866455078e+00
1.177762508392333984e+01 2.639967346191406250e+01 -3.074728012084960938e+01 9.543993473052978516e-01 -2.409662485122680664e+00 -5.289454460144042969e+00
1.181161403656005859e+01 2.635439491271972656e+01 -3.084972763061523438e+01 9.916298985481262207e-01 -2.188357353210449219e+00 -5.253207206726074219e+00
1.183876800537109375e+01 2.630477905273437500e+01 -3.095340156555175781e+01 1.076672315597534180e+00 -2.266738414764404297e+00 -5.357211112976074219e+00
1.186610794067382812e+01 2.625934600830078125e+01 -3.105871391296386719e+01 1.005436658859252930e+00 -2.288102865219116211e+00 -5.461992740631103516e+00
1.189610099792480469e+01 2.621026611328125000e+01 -3.116372108459472656e+01 1.049515128135681152e+00 -2.199650526046752930e+00 -5.259773254394531250e+00
1.192149734497070312e+01 2.615948295593261719e+01 -3.126515960693359375e+01 9.703033566474914551e-01 -2.117650270462036133e+00 -5.058546543121337891e+00
1.194136428833007812e+01 2.611425399780273438e+01 -3.136268806457519531e+01 7.334737181663513184e-01 -2.215305805206298828e+00 -4.958724021911621094e+00
1.195709514617919922e+01 2.606732749938964844e+01 -3.145724868774414062e+01 6.686018705368041992e-01 -2.508013010025024414e+00 -4.742301464080810547e+00
1.197006893157958984e+01 2.601636695861816406e+01 -3.154910850524902344e+01 6.670528650283813477e-01 -2.578589200973510742e+00 -4.629528999328613281e+00
1.199022388458251953e+01 2.595825958251953125e+01 -3.163763809204101562e+01 7.543330788612365723e-01 -2.651358604431152344e+00 -4.473890304565429688e+00
1.201846027374267578e+01 2.587620925903320312e+01 -3.176801490783691406e+01 7.521641254425048828e-01 -2.627520084381103516e+00 -4.345888614654541016e+00
1.203248405456542969e+01 2.582085037231445312e+01 -3.185147285461425781e+01 6.652314662933349609e-01 -2.900044918060302734e+00 -4.225958824157714844e+00
1.205391502380371094e+01 2.576092147827148438e+01 -3.193320655822753906e+01 7.719834446907043457e-01 -2.848588228225708008e+00 -4.120569229125976562e+00
1.207820892333984375e+01 2.569091224670410156e+01 -3.201204681396484375e+01 1.076842784881591797e+00 -2.732634544372558594e+00 -3.996073484420776367e+00
1.209180164337158203e+01 2.563123130798339844e+01 -3.209045791625976562e+01 1.100611805915832520e+00 -2.896501541137695312e+00 -4.023932456970214844e+00
1.211174488067626953e+01 2.557475471496582031e+01 -3.216853713989257812e+01 1.003570914268493652e+00 -2.777052164077758789e+00 -3.993530035018920898e+00
1.213105106353759766e+01 2.551316070556640625e+01 -3.224636840820312500e+01 9.431408643722534180e-01 -2.827155351638793945e+00 -3.919471740722656250e+00
1.214913654327392578e+01 2.545679855346679688e+01 -3.232226181030273438e+01 8.409339189529418945e-01 -2.801287651062011719e+00 -3.861312150955200195e+00
1.216475963592529297e+01 2.539486122131347656e+01 -3.239673995971679688e+01 9.939157962799072266e-01 -2.769676685333251953e+00 -3.750467061996459961e+00
1.217972087860107422e+01 2.534226989746093750e+01 -3.246774673461914062e+01 8.011906743049621582e-01 -2.689643383026123047e+00 -3.546449899673461914e+00
1.219334316253662109e+01 2.528680229187011719e+01 -3.253535461425781250e+01 7.493347525596618652e-01 -2.782908439636230469e+00 -3.439476490020751953e+00
1.220243930816650391e+01 2.522792053222656250e+01 -3.260197067260742188e+01 7.545263767242431641e-01 -3.004902362823486328e+00 -3.421255111694335938e+00
1.222286891937255859e+01 2.517145347595214844e+01 -3.266954040527343750e+01 6.664530038833618164e-01 -3.056314945220947266e+00 -3.502525806427001953e+00
1.223518276214599609e+01 2.510925674438476562e+01 -3.273767471313476562e+01 6.365563273429870605e-01 -3.112466812133789062e+00 -3.444908618927001953e+00
1.225083446502685547e+01 2.503178977966308594e+01 -3.280297088623046875e+01 8.610049486160278320e-01 -3.334036827087402344e+00 -3.297352552413940430e+00
1.226355361938476562e+01 2.496499252319335938e+01 -3.286686325073242188e+01 1.092611432075500488e+00 -3.429184913635253906e+00 -3.175998926162719727e+00
1.228400516510009766e+01 2.489852333068847656e+01 -3.292735290527343750e+01 1.010446667671203613e+00 -3.259291887283325195e+00 -3.083081245422363281e+00
1.230362319946289062e+01 2.483916473388671875e+01 -3.298648834228515625e+01 7.825420498847961426e-01 -3.167819261550903320e+00 -2.983324050903320312e+00
1.231914997100830078e+01 2.477283287048339844e+01 -3.304443359375000000e+01 8.422703146934509277e-01 -2.977074861526489258e+00 -2.962121486663818359e+00
1.232355117797851562e+01 2.471832275390625000e+01 -3.310239028930664062e+01 5.097544193267822266e-01 -3.135852813720703125e+00 -2.987305879592895508e+00
1.233035659790039062e+01 2.465334510803222656e+01 -3.316052627563476562e+01 5.946612358093261719e-01 -3.271246433258056641e+00 -2.919832944869995117e+00
1.235226249694824219e+01 2.456105995178222656e+01 -3.324329757690429688e+01 6.724224090576171875e-01 -3.016739130020141602e+00 -2.711047649383544922e+00
1.236588382720947266e+01 2.449785614013671875e+01 -3.329541015625000000e+01 8.661581873893737793e-01 -2.910675048828125000e+00 -2.716694116592407227e+00
1.237259292602539062e+01 2.444272994995117188e+01 -3.334777450561523438e+01 6.033155322074890137e-01 -3.165787220001220703e+00 -2.644072294235229492e+00
1.238260364532470703e+01 2.437559890747070312e+01 -3.339912796020507812e+01 7.025396227836608887e-01 -3.167269468307495117e+00 -2.577615737915039062e+00
1.239137077331542969e+01 2.430552864074707031e+01 -3.344818878173828125e+01 7.483233213424682617e-01 -3.204919576644897461e+00 -2.490023374557495117e+00
1.240412330627441406e+01 2.425199317932128906e+01 -3.349488830566406250e+01 5.937718749046325684e-01 -3.227340221405029297e+00 -2.252971887588500977e+00
1.241480636596679688e+01 2.419206619262695312e+01 -3.353787231445312500e+01 7.951852083206176758e-01 -3.006767749786376953e+00 -2.170395851135253906e+00
1.241951751708984375e+01 2.413425445556640625e+01 -3.357959365844726562e+01 6.055237054824829102e-01 -3.065631389617919922e+00 -2.085866928100585938e+00
1.243761539459228516e+01 2.408063316345214844e+01 -3.361923599243164062e+01 5.864067673683166504e-01 -2.816334724426269531e+00 -1.945201754570007324e+00
1.244268608093261719e+01 2.402240562438964844e+01 -3.365507507324218750e+01 5.928619503974914551e-01 -2.875709295272827148e+00 -1.799894332885742188e+00
1.245143699645996094e+01 2.396903419494628906e+01 -3.368960571289062500e+01 4.206222593784332275e-01 -3.048480510711669922e+00 -1.711441397666931152e+00
1.246163463592529297e+01 2.391214942932128906e+01 -3.372175598144531250e+01 3.429753780364990234e-01 -3.089651584625244141e+00 -1.563144803047180176e+00
1.246840953826904297e+01 2.385422897338867188e+01 -3.375029754638671875e+01 4.507911503314971924e-01 -3.126342058181762695e+00 -1.333138346672058105e+00
1.247623157501220703e+01 2.379246330261230469e+01 -3.377526855468750000e+01 7.367510199546813965e-01 -3.140859603881835938e+00 -1.185988903045654297e+00
1.248731899261474609e+01 2.373383903503417969e+01 -3.379576492309570312e+01 6.475618481636047363e-01 -2.982326507568359375e+00 -9.361636638641357422e-01
1.249664306640625000e+01 2.367805099487304688e+01 -3.381175994873046875e+01 5.609644651412963867e-01 -2.767085552215576172e+00 -7.768152356147766113e-01
1.251046562194824219e+01 2.362290573120117188e+01 -3.382661056518554688e+01 5.808116197586059570e-01 -2.544344425201416016e+00 -7.234417200088500977e-01
1.251422309875488281e+01 2.357792663574218750e+01 -3.383934783935546875e+01 4.441635012626647949e-01 -2.665336608886718750e+00 -5.888363718986511230e-01
1.251944923400878906e+01 2.353421401977539062e+01 -3.384884643554687500e+01 2.942499518394470215e-01 -2.739591836929321289e+00 -3.529450297355651855e-01
1.253447437286376953e+01 2.348580932617187500e+01 -3.385475921630859375e+01 3.233440816402435303e-01 -2.415690183639526367e+00 -2.815548181533813477e-01
1.253958702087402344e+01 2.343951988220214844e+01 -3.385824203491210938e+01 2.456683218479156494e-01 -2.569929838180541992e+00 -7.073415815830230713e-02
1.255223751068115234e+01 2.337288665771484375e+01 -3.385855102539062500e+01 1.887779980897903442e-01 -2.385489702224731445e+00 1.279843878000974655e-02
1.255929374694824219e+01 2.332750320434570312e+01 -3.385739898681640625e+01 -1.908575929701328278e-02 -2.311178207397460938e+00 1.927634477615356445e-01
1.256184864044189453e+01 2.327654838562011719e+01 -3.385079574584960938e+01 8.418574929237365723e-02 -2.331225395202636719e+00 3.929086029529571533e-01
1.256818675994873047e+01 2.323441886901855469e+01 -3.384009170532226562e+01 -1.695411950349807739e-01 -2.185741901397705078e+00 7.342861294746398926e-01
1.256696510314941406e+01 2.318932533264160156e+01 -3.382238388061523438e+01 -2.075187414884567261e-01 -2.157917499542236328e+00 1.032545328140258789e+00
1.256411552429199219e+01 2.315018272399902344e+01 -3.380114364624023438e+01 -2.702351808547973633e-01 -2.335976839065551758e+00 1.192602992057800293e+00
1.257218742370605469e+01 2.310870361328125000e+01 -3.377595901489257812e+01 -4.217707738280296326e-02 -2.045976161956787109e+00 1.421801209449768066e+00
1.257313156127929688e+01 2.306070899963378906e+01 -3.374594116210937500e+01 2.470009922981262207e-01 -1.887648463249206543e+00 1.672030091285705566e+00
1.258160686492919922e+01 2.303244400024414062e+01 -3.371075820922851562e+01 -1.102028936147689819e-01 -1.560357213020324707e+00 1.949511528015136719e+00
1.258473014831542969e+01 2.300591278076171875e+01 -3.367044830322265625e+01 -1.628328412771224976e-01 -1.491573214530944824e+00 2.209153652191162109e+00
1.257855892181396484e+01 2.297704696655273438e+01 -3.362472152709960938e+01 -1.535515934228897095e-01 -1.463073492050170898e+00 2.491123199462890625e+00
1.259159755706787109e+01 2.295305442810058594e+01 -3.357274246215820312e+01 -2.856793105602264404e-01 -9.191722273826599121e-01 2.881121397018432617e+00
1.259217739105224609e+01 2.293811225891113281e+01 -3.351161956787109375e+01 -2.712726891040802002e-01 -5.323774218559265137e-01 3.421700716018676758e+00
1.259504032135009766e+01 2.292615318298339844e+01 -3.344039154052734375e+01 -2.566932141780853271e-01 -8.671826124191284180e-02 3.761514186859130859e+00
1.258690261840820312e+01 2.292646980285644531e+01 -3.336199188232421875e+01 -5.051158070564270020e-01 2.560375630855560303e-01 4.262959957122802734e+00
1.258683204650878906e+01 2.294029808044433594e+01 -3.327516937255859375e+01 -5.495676994323730469e-01 8.323928713798522949e-01 4.673045158386230469e+00
1.258018016815185547e+01 2.296803283691406250e+01 -3.317702865600585938e+01 -7.556448578834533691e-01 1.591971635818481445e+00 5.369229316711425781e+00
1.257171821594238281e+01 2.299562644958496094e+01 -3.306657791137695312e+01 -4.713863134384155273e-01 2.274138212203979492e+00 5.927297592163085938e+00
1.257284259796142578e+01 2.304852867126464844e+01 -3.294460296630859375e+01 -3.088847994804382324e-01 3.637906789779663086e+00 6.575388431549072266e+00
1.257754230499267578e+01 2.312801551818847656e+01 -3.281073760986328125e+01 -2.061300165951251984e-02 5.275569915771484375e+00 7.096883773803710938e+00
1.257930374145507812e+01 2.324195861816406250e+01 -3.266924285888671875e+01 2.238768935203552246e-01 6.806735515594482422e+00 7.354535579681396484e+00
1.260396862030029297e+01 2.348875236511230469e+01 -3.245071411132812500e+01 6.408877372741699219e-01 1.018868350982666016e+01 7.393744468688964844e+00
1.262338352203369141e+01 2.369632148742675781e+01 -3.231250762939453125e+01 1.425069689750671387e+00 1.250317955017089844e+01 6.651074409484863281e+00
1.266104412078857422e+01 2.395242500305175781e+01 -3.219129180908203125e+01 2.014819622039794922e+00 1.467235088348388672e+01 5.638736724853515625e+00
1.270043468475341797e+01 2.425145149230957031e+01 -3.209524154663085938e+01 2.425204753875732422e+00 1.614764022827148438e+01 4.131780624389648438e+00
1.275516605377197266e+01 2.456755447387695312e+01 -3.203090286254882812e+01 2.953687429428100586e+00 1.724355697631835938e+01 2.403154850006103516e+00
1.281040954589843750e+01 2.490132713317871094e+01 -3.200054550170898438e+01 3.049927234649658203e+00 1.773696517944335938e+01 6.368361711502075195e-01
1.286571788787841797e+01 2.523725128173828125e+01 -3.200212097167968750e+01 3.271201133728027344e+00 1.767560768127441406e+01 -8.365353345870971680e-01
1.292281246185302734e+01 2.557078361511230469e+01 -3.203118896484375000e+01 3.398778676986694336e+00 1.728129196166992188e+01 -2.104849815368652344e+00
1.297798252105712891e+01 2.588895225524902344e+01 -3.208358383178710938e+01 3.476284265518188477e+00 1.624955558776855469e+01 -3.226809263229370117e+00
1.304526042938232422e+01 2.618330192565917969e+01 -3.215512466430664062e+01 3.667282342910766602e+00 1.532277965545654297e+01 -4.117633342742919922e+00
1.311295890808105469e+01 2.645975875854492188e+01 -3.224143981933593750e+01 3.784749031066894531e+00 1.424165821075439453e+01 -4.762096881866455078e+00
1.317782497406005859e+01 2.672242164611816406e+01 -3.233959960937500000e+01 3.645098924636840820e+00 1.323030090332031250e+01 -5.235540866851806641e+00
1.323107242584228516e+01 2.695932579040527344e+01 -3.244524765014648438e+01 3.645320653915405273e+00 1.176245784759521484e+01 -5.629935264587402344e+00
1.328260421752929688e+01 2.716875648498535156e+01 -3.255923080444335938e+01 3.772478818893432617e+00 1.041539573669433594e+01 -6.018055915832519531e+00
1.333923721313476562e+01 2.735278701782226562e+01 -3.267946243286132812e+01 3.924522161483764648e+00 9.211553573608398438e+00 -6.296461582183837891e+00
1.340844821929931641e+01 2.752404975891113281e+01 -3.280548477172851562e+01 3.896198034286499023e+00 8.647859573364257812e+00 -6.555218696594238281e+00
1.347064590454101562e+01 2.768349266052246094e+01 -3.293543243408203125e+01 3.804707765579223633e+00 8.048535346984863281e+00 -6.780171871185302734e+00
1.352062892913818359e+01 2.784111785888671875e+01 -3.306976318359375000e+01 3.287051439285278320e+00 7.224318027496337891e+00 -7.001716613769531250e+00
1.356327152252197266e+01 2.798329353332519531e+01 -3.320788574218750000e+01 2.824666976928710938e+00 6.370888233184814453e+00 -7.178378105163574219e+00
1.360865306854248047e+01 2.809870719909667969e+01 -3.334770584106445312e+01 2.714201688766479492e+00 5.576844692230224609e+00 -7.214132785797119141e+00
1.365022563934326172e+01 2.820560073852539062e+01 -3.348999023437500000e+01 2.671421051025390625e+00 4.822286605834960938e+00 -7.304643630981445312e+00
1.371304130554199219e+01 2.834281921386718750e+01 -3.370682525634765625e+01 2.333909511566162109e+00 3.702956676483154297e+00 -7.394859790802001953e+00
1.374953365325927734e+01 2.841684532165527344e+01 -3.385058593750000000e+01 2.241233587265014648e+00 2.926459074020385742e+00 -7.402339458465576172e+00
1.377904415130615234e+01 2.848141860961914062e+01 -3.399707412719726562e+01 2.032159328460693359e+00 2.180507183074951172e+00 -7.474862575531005859e+00
1.381066417694091797e+01 2.852953910827636719e+01 -3.414434814453125000e+01 2.226496696472167969e+00 1.723574519157409668e+00 -7.573063850402832031e+00
1.385037040710449219e+01 2.857064056396484375e+01 -3.429250335693359375e+01 2.272765159606933594e+00 1.328884601593017578e+00 -7.614758491516113281e+00
1.388622283935546875e+01 2.860819435119628906e+01 -3.444221115112304688e+01 2.217083930969238281e+00 9.037393331527709961e-01 -7.682077884674072266e+00
1.393508243560791016e+01 2.863867187500000000e+01 -3.459284973144531250e+01 2.195086002349853516e+00 8.608865737915039062e-01 -7.721536159515380859e+00
1.398539733886718750e+01 2.867165374755859375e+01 -3.474504852294921875e+01 2.014744997024536133e+00 7.758133411407470703e-01 -7.779930114746093750e+00
1.402970409393310547e+01 2.870356559753417969e+01 -3.489844894409179688e+01 1.782482385635375977e+00 6.000016331672668457e-01 -7.869931697845458984e+00
1.406132507324218750e+01 2.872822761535644531e+01 -3.505153656005859375e+01 1.570969820022583008e+00 3.885412216186523438e-02 -7.817578792572021484e+00
1.409011554718017578e+01 2.874541282653808594e+01 -3.520428085327148438e+01 1.419410228729248047e+00 -2.958096563816070557e-01 -7.733638763427734375e+00
1.413118267059326172e+01 2.874397277832031250e+01 -3.535459518432617188e+01 1.472672343254089355e+00 -3.156640231609344482e-01 -7.697977066040039062e+00
1.417273902893066406e+01 2.874935150146484375e+01 -3.550605010986328125e+01 1.166184306144714355e+00 -4.484141170978546143e-01 -7.803825378417968750e+00
1.421513080596923828e+01 2.874740028381347656e+01 -3.565909576416015625e+01 9.761807918548583984e-01 -4.347116053104400635e-01 -7.805106163024902344e+00
1.424455928802490234e+01 2.874593925476074219e+01 -3.581110382080078125e+01 5.997447371482849121e-01 -6.654016971588134766e-01 -7.772176742553710938e+00
1.426818275451660156e+01 2.873975563049316406e+01 -3.596246337890625000e+01 4.739524722099304199e-01 -1.064896106719970703e+00 -7.712392807006835938e+00
1.429697895050048828e+01 2.871355819702148438e+01 -3.611312866210937500e+01 8.725767731666564941e-01 -1.070406794548034668e+00 -7.674098491668701172e+00
1.433682823181152344e+01 2.868689537048339844e+01 -3.626181030273437500e+01 9.289994835853576660e-01 -9.742944836616516113e-01 -7.611937522888183594e+00
1.437643337249755859e+01 2.866879653930664062e+01 -3.641015625000000000e+01 7.156433463096618652e-01 -1.031284928321838379e+00 -7.549811840057373047e+00
1.439725208282470703e+01 2.864336585998535156e+01 -3.655532455444335938e+01 5.088715553283691406e-01 -1.401450634002685547e+00 -7.342262744903564453e+00
1.442424297332763672e+01 2.860341644287109375e+01 -3.669729232788085938e+01 8.076475262641906738e-01 -1.777146339416503906e+00 -7.192137241363525391e+00
1.447833824157714844e+01 2.853724861145019531e+01 -3.690471267700195312e+01 1.373778223991394043e+00 -1.480051398277282715e+00 -6.954849720001220703e+00
1.451750087738037109e+01 2.850310897827148438e+01 -3.704022598266601562e+01 1.274431347846984863e+00 -1.300949573516845703e+00 -6.962783813476562500e+00
1.454865169525146484e+01 2.846094131469726562e+01 -3.717530441284179688e+01 1.219353437423706055e+00 -1.372552633285522461e+00 -6.876217365264892578e+00
1.457305812835693359e+01 2.841172599792480469e+01 -3.730762100219726562e+01 1.338289380073547363e+00 -1.667886376380920410e+00 -6.723883152008056641e+00
1.460420131683349609e+01 2.835873603820800781e+01 -3.743607711791992188e+01 1.298376560211181641e+00 -1.660134553909301758e+00 -6.538761615753173828e+00
1.463546657562255859e+01 2.831537055969238281e+01 -3.756158828735351562e+01 1.246082544326782227e+00 -1.676914572715759277e+00 -6.376060009002685547e+00
1.465703678131103516e+01 2.827692413330078125e+01 -3.768570709228515625e+01 1.121840834617614746e+00 -1.832054018974304199e+00 -6.330470561981201172e+00
1.468294811248779297e+01 2.823012351989746094e+01 -3.780780792236328125e+01 1.123525977134704590e+00 -2.008781433105468750e+00 -6.214783668518066406e+00
1.470057678222656250e+01 2.818091392517089844e+01 -3.792825317382812500e+01 9.707551002502441406e-01 -2.092625856399536133e+00 -6.157169342041015625e+00
1.470929241180419922e+01 2.812732315063476562e+01 -3.804735565185546875e+01 9.391786456108093262e-01 -2.381125688552856445e+00 -6.079997062683105469e+00
1.472823619842529297e+01 2.806907081604003906e+01 -3.816491317749023438e+01 1.161950945854187012e+00 -2.430707693099975586e+00 -5.955018520355224609e+00
1.474792194366455078e+01 2.800413513183593750e+01 -3.828077316284179688e+01 1.565059185028076172e+00 -2.500365734100341797e+00 -5.964869976043701172e+00
1.477630138397216797e+01 2.794745635986328125e+01 -3.839755249023437500e+01 1.741950392723083496e+00 -2.628084421157836914e+00 -6.001882553100585938e+00
1.480654907226562500e+01 2.788332939147949219e+01 -3.851523590087890625e+01 2.053880691528320312e+00 -2.471998691558837891e+00 -6.052639484405517578e+00
1.483430194854736328e+01 2.783322334289550781e+01 -3.863410568237304688e+01 1.981379985809326172e+00 -2.495057106018066406e+00 -6.109031677246093750e+00
1.486254215240478516e+01 2.778291511535644531e+01 -3.875358963012695312e+01 1.886857032775878906e+00 -2.383085727691650391e+00 -6.038305282592773438e+00
1.488179016113281250e+01 2.773423194885253906e+01 -3.887118911743164062e+01 1.697285890579223633e+00 -2.583539485931396484e+00 -5.982891559600830078e+00
1.490629196166992188e+01 2.768231773376464844e+01 -3.898812484741210938e+01 1.730111718177795410e+00 -2.559405803680419922e+00 -5.953010559082031250e+00
1.493704223632812500e+01 2.763143348693847656e+01 -3.910510635375976562e+01 1.707942008972167969e+00 -2.460724115371704102e+00 -5.993773460388183594e+00
1.495622634887695312e+01 2.758256530761718750e+01 -3.922181320190429688e+01 1.641977190971374512e+00 -2.331591844558715820e+00 -5.952266216278076172e+00
1.498362827301025391e+01 2.752567481994628906e+01 -3.939825439453125000e+01 1.277106881141662598e+00 -2.343000411987304688e+00 -6.012365818023681641e+00
1.499697875976562500e+01 2.748217582702636719e+01 -3.951716613769531250e+01 1.289445519447326660e+00 -2.601246595382690430e+00 -6.105383396148681641e+00
1.501680088043212891e+01 2.743101692199707031e+01 -3.963716506958007812e+01 1.563569784164428711e+00 -2.659184455871582031e+00 -6.155817508697509766e+00
1.503760433197021484e+01 2.738654708862304688e+01 -3.975917816162109375e+01 1.383475303649902344e+00 -2.631094455718994141e+00 -6.280533313751220703e+00
1.506619739532470703e+01 2.733950996398925781e+01 -3.988291931152343750e+01 1.203458786010742188e+00 -2.572623014450073242e+00 -6.321274757385253906e+00
1.508442115783691406e+01 2.729551506042480469e+01 -4.000544357299804688e+01 1.187392950057983398e+00 -2.691243410110473633e+00 -6.322716712951660156e+00
1.510233020782470703e+01 2.725123214721679688e+01 -4.012791442871093750e+01 9.461663365364074707e-01 -2.917745351791381836e+00 -6.190981864929199219e+00
1.512190055847167969e+01 2.720919990539550781e+01 -4.024953842163085938e+01 6.701486110687255859e-01 -3.140837907791137695e+00 -6.156253337860107422e+00
1.513240337371826172e+01 2.716206741333007812e+01 -4.036811828613281250e+01 6.384975314140319824e-01 -3.323788642883300781e+00 -5.986334323883056641e+00
1.514566230773925781e+01 2.709581565856933594e+01 -4.048496627807617188e+01 8.634607195854187012e-01 -3.875496387481689453e+00 -5.894765853881835938e+00
1.516713523864746094e+01 2.702876091003417969e+01 -4.060128402709960938e+01 1.177458405494689941e+00 -3.945642232894897461e+00 -5.994434833526611328e+00
1.519111156463623047e+01 2.696211433410644531e+01 -4.071934890747070312e+01 1.298492074012756348e+00 -3.898423910140991211e+00 -6.006151676177978516e+00
1.522912788391113281e+01 2.689085197448730469e+01 -4.083565902709960938e+01 1.595291972160339355e+00 -3.697379112243652344e+00 -5.841367721557617188e+00
1.526993656158447266e+01 2.683024024963378906e+01 -4.094683837890625000e+01 1.478767633438110352e+00 -3.333638906478881836e+00 -5.612661361694335938e+00
1.530550098419189453e+01 2.677432632446289062e+01 -4.105662536621093750e+01 1.288146376609802246e+00 -3.284677505493164062e+00 -5.614877223968505859e+00
1.533528518676757812e+01 2.671690750122070312e+01 -4.116688919067382812e+01 1.255755662918090820e+00 -2.984833002090454102e+00 -5.589727878570556641e+00
1.536227703094482422e+01 2.667049217224121094e+01 -4.127620697021484375e+01 6.717063188552856445e-01 -2.898242473602294922e+00 -5.558917522430419922e+00
1.537645912170410156e+01 2.662616539001464844e+01 -4.138611602783203125e+01 2.364033013582229614e-01 -2.989517450332641602e+00 -5.615812301635742188e+00
1.538326930999755859e+01 2.656930351257324219e+01 -4.149589920043945312e+01 1.507111191749572754e-01 -3.302026271820068359e+00 -5.617076396942138672e+00
1.539008712768554688e+01 2.650707054138183594e+01 -4.160560989379882812e+01 7.822254300117492676e-02 -3.808973312377929688e+00 -5.621742725372314453e+00
1.540342140197753906e+01 2.643334007263183594e+01 -4.171582412719726562e+01 1.606616377830505371e-01 -4.131895542144775391e+00 -5.657394409179687500e+00
1.541584587097167969e+01 2.631533432006835938e+01 -4.188262557983398438e+01 5.362610220909118652e-01 -4.631907463073730469e+00 -5.724723339080810547e+00
1.543481254577636719e+01 2.622578620910644531e+01 -4.199409103393554688e+01 9.047961235046386719e-01 -4.703597068786621094e+00 -5.682290554046630859e+00
1.546302604675292969e+01 2.613079071044921875e+01 -4.210513687133789062e+01 1.208225965499877930e+00 -4.715087413787841797e+00 -5.651304721832275391e+00
1.549282550811767578e+01 2.603617668151855469e+01 -4.221412658691406250e+01 1.300406455993652344e+00 -4.470835208892822266e+00 -5.608248233795166016e+00
1.552329921722412109e+01 2.594842910766601562e+01 -4.232342529296875000e+01 1.273197770118713379e+00 -4.488102912902832031e+00 -5.522091388702392578e+00
1.555265045166015625e+01 2.585437583923339844e+01 -4.243039321899414062e+01 1.338348507881164551e+00 -4.363792419433593750e+00 -5.468098163604736328e+00
1.557568931579589844e+01 2.576422500610351562e+01 -4.253537368774414062e+01 1.179674983024597168e+00 -4.829615116119384766e+00 -5.318780899047851562e+00
1.559436893463134766e+01 2.567439460754394531e+01 -4.263968658447265625e+01 8.161011338233947754e-01 -4.903527736663818359e+00 -5.316068649291992188e+00
1.561111927032470703e+01 2.557139015197753906e+01 -4.274195098876953125e+01 5.656610131263732910e-01 -5.314685344696044922e+00 -5.125509262084960938e+00
1.562030887603759766e+01 2.546100044250488281e+01 -4.283814620971679688e+01 1.049231067299842834e-01 -5.808247089385986328e+00 -4.636877059936523438e+00
1.561766052246093750e+01 2.533886528015136719e+01 -4.292169570922851562e+01 -4.566650986671447754e-01 -6.611826896667480469e+00 -3.781909227371215820e+00
1.559455776214599609e+01 2.519528961181640625e+01 -4.298471832275390625e+01 -4.716646075248718262e-01 -7.712723255157470703e+00 -2.644652605056762695e+00
1.557696247100830078e+01 2.502836036682128906e+01 -4.302152252197265625e+01 -1.680995672941207886e-01 -8.197745323181152344e+00 -1.132903456687927246e+00
1.557218360900878906e+01 2.485966110229492188e+01 -4.302836227416992188e+01 1.812090631574392319e-04 -7.901576042175292969e+00 3.510611355304718018e-01
1.556695365905761719e+01 2.470271873474121094e+01 -4.300749588012695312e+01 1.779987514019012451e-01 -6.965559005737304688e+00 1.779510974884033203e+00
1.557113552093505859e+01 2.457786941528320312e+01 -4.296157836914062500e+01 2.034988105297088623e-01 -5.602996826171875000e+00 2.848309040069580078e+00
1.557565689086914062e+01 2.447224807739257812e+01 -4.289871215820312500e+01 2.905604541301727295e-01 -4.272298812866210938e+00 3.464233160018920898e+00
1.557177734375000000e+01 2.440319824218750000e+01 -4.282940292358398438e+01 1.904388964176177979e-01 -3.124105453491210938e+00 3.494320392608642578e+00
1.556337833404541016e+01 2.435095214843750000e+01 -4.276473999023437500e+01 2.108715474605560303e-01 -2.375485420227050781e+00 3.113093614578247070e+00
1.556641101837158203e+01 2.430877304077148438e+01 -4.270889282226562500e+01 5.064063072204589844e-01 -1.474192023277282715e+00 2.468270778656005859e+00
1.555888175964355469e+01 2.428929901123046875e+01 -4.266753768920898438e+01 5.234845876693725586e-01 -9.598160982131958008e-01 1.722678303718566895e+00
1.556323432922363281e+01 2.427484893798828125e+01 -4.263266754150390625e+01 7.665642499923706055e-01 -2.868980467319488525e-01 5.920899510383605957e-01
1.557415866851806641e+01 2.427107620239257812e+01 -4.262829208374023438e+01 8.616345524787902832e-01 -3.254691883921623230e-02 -1.816457659006118774e-01
1.558329677581787109e+01 2.427197837829589844e+01 -4.263784408569335938e+01 1.052890300750732422e+00 -2.664902806282043457e-02 -9.133762121200561523e-01
1.560194110870361328e+01 2.427148056030273438e+01 -4.266179275512695312e+01 1.405275583267211914e+00 -3.033952042460441589e-02 -1.570113539695739746e+00
1.562608718872070312e+01 2.427333831787109375e+01 -4.269912719726562500e+01 1.627154588699340820e+00 1.241368725895881653e-01 -2.268160104751586914e+00
1.565340137481689453e+01 2.428261947631835938e+01 -4.274838256835937500e+01 1.665462970733642578e+00 3.778891861438751221e-01 -2.912076711654663086e+00
1.567925453186035156e+01 2.430195617675781250e+01 -4.281094360351562500e+01 1.533021450042724609e+00 4.394934773445129395e-01 -3.502249956130981445e+00
1.570878314971923828e+01 2.431185913085937500e+01 -4.288417816162109375e+01 1.588667631149291992e+00 5.900934934616088867e-01 -4.059601783752441406e+00
1.573547935485839844e+01 2.432818031311035156e+01 -4.296786117553710938e+01 1.796049714088439941e+00 6.271130442619323730e-01 -4.556903839111328125e+00
1.576478481292724609e+01 2.434456825256347656e+01 -4.306031417846679688e+01 1.727058291435241699e+00 7.119773626327514648e-01 -5.060398101806640625e+00
1.579982471466064453e+01 2.436150169372558594e+01 -4.316172790527343750e+01 1.695465087890625000e+00 7.821611762046813965e-01 -5.391716957092285156e+00
1.582974338531494141e+01 2.437740516662597656e+01 -4.326894760131835938e+01 1.752523064613342285e+00 7.310546636581420898e-01 -5.575071334838867188e+00
1.585654354095458984e+01 2.438786888122558594e+01 -4.337981414794921875e+01 1.837974071502685547e+00 6.634380221366882324e-01 -5.853973388671875000e+00
1.589811992645263672e+01 2.440498733520507812e+01 -4.349732208251953125e+01 1.876712560653686523e+00 8.527985811233520508e-01 -6.170614719390869141e+00
1.593054008483886719e+01 2.442225646972656250e+01 -4.361814498901367188e+01 1.948248863220214844e+00 1.061616778373718262e+00 -6.349155426025390625e+00
1.596493625640869141e+01 2.444419860839843750e+01 -4.374496078491210938e+01 1.867222189903259277e+00 1.060637116432189941e+00 -6.601705551147460938e+00
1.599942111968994141e+01 2.446802139282226562e+01 -4.387403488159179688e+01 1.769398570060729980e+00 1.203099846839904785e+00 -6.609543800354003906e+00
1.603325462341308594e+01 2.449049568176269531e+01 -4.400387954711914062e+01 1.726651906967163086e+00 1.281790375709533691e+00 -6.698027610778808594e+00
1.606337738037109375e+01 2.452374839782714844e+01 -4.413711166381835938e+01 1.739570736885070801e+00 1.174685478210449219e+00 -6.972208023071289062e+00
1.609753608703613281e+01 2.454846000671386719e+01 -4.427624511718750000e+01 1.458909273147583008e+00 1.257399201393127441e+00 -7.268321037292480469e+00
1.612631797790527344e+01 2.457441711425781250e+01 -4.441977691650390625e+01 1.600571632385253906e+00 1.128900051116943359e+00 -7.461555480957031250e+00
1.617347717285156250e+01 2.461107254028320312e+01 -4.464322280883789062e+01 1.228810787200927734e+00 9.373260736465454102e-01 -7.816745281219482422e+00
1.620051002502441406e+01 2.462698936462402344e+01 -4.479647445678710938e+01 1.374217152595520020e+00 6.888394951820373535e-01 -7.915105342864990234e+00
1.623152351379394531e+01 2.463787078857421875e+01 -4.495251083374023438e+01 1.458908438682556152e+00 4.693751633167266846e-01 -8.121773719787597656e+00
1.626282310485839844e+01 2.464619827270507812e+01 -4.511084747314453125e+01 1.516796588897705078e+00 1.648736000061035156e-01 -8.106739997863769531e+00
1.629573059082031250e+01 2.463816070556640625e+01 -4.526921844482421875e+01 1.813440561294555664e+00 -1.554302871227264404e-01 -8.222504615783691406e+00
1.633561897277832031e+01 2.463908958435058594e+01 -4.543025588989257812e+01 1.872409939765930176e+00 -3.442674279212951660e-01 -8.298418998718261719e+00
1.637867355346679688e+01 2.462402725219726562e+01 -4.559290313720703125e+01 2.072687149047851562e+00 -4.526498615741729736e-01 -8.434639930725097656e+00
1.642073440551757812e+01 2.461398506164550781e+01 -4.575738143920898438e+01 2.150671720504760742e+00 -5.272735357284545898e-01 -8.499997138977050781e+00
1.647393608093261719e+01 2.460272407531738281e+01 -4.592172622680664062e+01 2.115183353424072266e+00 -3.350630998611450195e-01 -8.435945510864257812e+00
1.651477813720703125e+01 2.459414672851562500e+01 -4.608391952514648438e+01 2.172365427017211914e+00 -5.079993009567260742e-01 -8.262045860290527344e+00
1.655596923828125000e+01 2.458099365234375000e+01 -4.624415588378906250e+01 2.350479125976562500e+00 -5.054988265037536621e-01 -8.213825225830078125e+00
1.659879112243652344e+01 2.457067680358886719e+01 -4.640359115600585938e+01 2.354583740234375000e+00 -3.177113234996795654e-01 -8.200183868408203125e+00
1.664706802368164062e+01 2.457029151916503906e+01 -4.656311035156250000e+01 2.348090887069702148e+00 7.740408927202224731e-02 -8.272313117980957031e+00
1.668672943115234375e+01 2.457025909423828125e+01 -4.672339248657226562e+01 2.005069494247436523e+00 8.360744267702102661e-02 -8.247189521789550781e+00
1.671694564819335938e+01 2.456444549560546875e+01 -4.688230895996093750e+01 1.704673528671264648e+00 -9.730875492095947266e-02 -8.166940689086914062e+00
1.674771499633789062e+01 2.455415344238281250e+01 -4.704168319702148438e+01 1.556864976882934570e+00 -3.045627176761627197e-01 -8.184164047241210938e+00
1.677621841430664062e+01 2.454220771789550781e+01 -4.720083999633789062e+01 1.375385165214538574e+00 -5.271206498146057129e-01 -8.221072196960449219e+00
1.680339431762695312e+01 2.452342987060546875e+01 -4.735890960693359375e+01 1.280295014381408691e+00 -6.714726686477661133e-01 -8.058334350585937500e+00
1.682291793823242188e+01 2.450630760192871094e+01 -4.751672744750976562e+01 1.330839276313781738e+00 -1.291765213012695312e+00 -8.095230102539062500e+00
1.684424018859863281e+01 2.448445701599121094e+01 -4.767384338378906250e+01 1.382424592971801758e+00 -1.420091271400451660e+00 -8.048442840576171875e+00
1.686704444885253906e+01 2.445648574829101562e+01 -4.782666015625000000e+01 1.638606429100036621e+00 -1.660429954528808594e+00 -7.778873920440673828e+00
1.691286468505859375e+01 2.440951347351074219e+01 -4.804910278320312500e+01 2.098501682281494141e+00 -1.638465166091918945e+00 -7.493984222412109375e+00
1.695364379882812500e+01 2.438227844238281250e+01 -4.819353485107421875e+01 2.323063850402832031e+00 -1.335960030555725098e+00 -7.355924129486083984e+00
1.699525260925292969e+01 2.435857582092285156e+01 -4.833648681640625000e+01 2.302918195724487305e+00 -1.066468477249145508e+00 -7.372448921203613281e+00
1.703762817382812500e+01 2.433710479736328125e+01 -4.847826766967773438e+01 2.414773464202880859e+00 -6.602109670639038086e-01 -7.272374629974365234e+00
1.708241653442382812e+01 2.432183074951171875e+01 -4.861809539794921875e+01 2.407391309738159180e+00 -2.529624104499816895e-01 -7.115778923034667969e+00
1.713009834289550781e+01 2.432279205322265625e+01 -4.875447082519531250e+01 2.239654541015625000e+00 3.490836918354034424e-01 -7.039311408996582031e+00
1.716622161865234375e+01 2.433254051208496094e+01 -4.889120864868164062e+01 1.913665533065795898e+00 5.231084227561950684e-01 -7.111631870269775391e+00
1.719217300415039062e+01 2.434326553344726562e+01 -4.902999496459960938e+01 1.490926861763000488e+00 2.427057623863220215e-01 -7.169244289398193359e+00
1.721770668029785156e+01 2.434578323364257812e+01 -4.917008590698242188e+01 1.402755498886108398e+00 1.143224351108074188e-02 -7.309453487396240234e+00
1.724299621582031250e+01 2.434730339050292969e+01 -4.931400299072265625e+01 1.259333848953247070e+00 7.318177819252014160e-02 -7.522756099700927734e+00
1.726674270629882812e+01 2.435020256042480469e+01 -4.946347808837890625e+01 1.185533642768859863e+00 -6.058627739548683167e-02 -7.897768974304199219e+00
1.728251647949218750e+01 2.434970283508300781e+01 -4.961758804321289062e+01 1.461974143981933594e+00 -3.963200747966766357e-01 -7.905330181121826172e+00
1.730726623535156250e+01 2.434334754943847656e+01 -4.977157211303710938e+01 2.006729364395141602e+00 -5.298958420753479004e-01 -8.050207138061523438e+00
1.734640312194824219e+01 2.433619117736816406e+01 -4.992713165283203125e+01 2.391607522964477539e+00 -4.346506893634796143e-01 -8.055891036987304688e+00
1.739475822448730469e+01 2.432875442504882812e+01 -5.008382797241210938e+01 2.879666566848754883e+00 -1.657519489526748657e-01 -8.224299430847167969e+00
1.744935417175292969e+01 2.432717323303222656e+01 -5.024621582031250000e+01 3.073981761932373047e+00 3.977598547935485840e-01 -8.464599609375000000e+00
1.750903129577636719e+01 2.434125518798828125e+01 -5.041220092773437500e+01 3.157391309738159180e+00 1.049252986907958984e+00 -8.691924095153808594e+00
1.756910514831542969e+01 2.436475753784179688e+01 -5.058374786376953125e+01 3.120957374572753906e+00 1.564201951026916504e+00 -9.097750663757324219e+00
1.762352561950683594e+01 2.440014457702636719e+01 -5.076303100585937500e+01 2.828393459320068359e+00 1.713088870048522949e+00 -9.437793731689453125e+00
1.766986274719238281e+01 2.444206428527832031e+01 -5.095124816894531250e+01 2.407443284988403320e+00 1.818268299102783203e+00 -9.977944374084472656e+00
1.771635627746582031e+01 2.448047256469726562e+01 -5.114938735961914062e+01 2.148532867431640625e+00 1.859739422798156738e+00 -1.051024341583251953e+01
1.776171493530273438e+01 2.452825164794921875e+01 -5.146590423583984375e+01 1.460220456123352051e+00 3.825832307338714600e-01 -1.123744583129882812e+01
1.778137016296386719e+01 2.452519607543945312e+01 -5.168398666381835938e+01 1.208635449409484863e+00 -1.156098127365112305e+00 -1.133391857147216797e+01
1.780300521850585938e+01 2.448932838439941406e+01 -5.190304946899414062e+01 1.263619899749755859e+00 -2.618160724639892578e+00 -1.117651844024658203e+01
1.782537460327148438e+01 2.442965888977050781e+01 -5.211441802978515625e+01 1.198630452156066895e+00 -3.685864448547363281e+00 -1.065552806854248047e+01
1.784493064880371094e+01 2.435262680053710938e+01 -5.231440734863281250e+01 1.531555771827697754e+00 -4.557706832885742188e+00 -1.010748863220214844e+01
1.788064384460449219e+01 2.426471519470214844e+01 -5.250419235229492188e+01 1.881610155105590820e+00 -4.679452419281005859e+00 -9.548840522766113281e+00
1.792460632324218750e+01 2.417977905273437500e+01 -5.268173217773437500e+01 2.202744960784912109e+00 -4.334802150726318359e+00 -8.862405776977539062e+00
1.796997642517089844e+01 2.410116004943847656e+01 -5.284677886962890625e+01 2.252203941345214844e+00 -3.932781457901000977e+00 -8.305470466613769531e+00
1.801199531555175781e+01 2.402797508239746094e+01 -5.300020217895507812e+01 2.291029691696166992e+00 -3.340187549591064453e+00 -7.762444019317626953e+00
1.805866050720214844e+01 2.397349739074707031e+01 -5.314632415771484375e+01 2.246908903121948242e+00 -2.652381896972656250e+00 -7.409694671630859375e+00
1.810139465332031250e+01 2.393464279174804688e+01 -5.328670120239257812e+01 2.058986425399780273e+00 -1.921547889709472656e+00 -7.108183860778808594e+00
1.813791847229003906e+01 2.390659332275390625e+01 -5.342144775390625000e+01 1.746572017669677734e+00 -1.459080696105957031e+00 -6.852745532989501953e+00
1.816171836853027344e+01 2.388862609863281250e+01 -5.355094909667968750e+01 1.441307783126831055e+00 -1.232979059219360352e+00 -6.581760883331298828e+00
1.818832778930664062e+01 2.386663818359375000e+01 -5.367482757568359375e+01 1.135649323463439941e+00 -1.053203582763671875e+00 -6.303283214569091797e+00
1.820894241333007812e+01 2.384905815124511719e+01 -5.379319381713867188e+01 9.142525792121887207e-01 -9.701634645462036133e-01 -5.947708129882812500e+00
1.822255325317382812e+01 2.383201408386230469e+01 -5.390740203857421875e+01 4.507051110267639160e-01 -1.042479276657104492e+00 -5.821659564971923828e+00
1.823304367065429688e+01 2.381056022644042969e+01 -5.401694869995117188e+01 3.954533636569976807e-01 -1.408703207969665527e+00 -5.606783390045166016e+00
1.824523353576660156e+01 2.377957916259765625e+01 -5.412381744384765625e+01 4.989159703254699707e-01 -1.495937466621398926e+00 -5.487494468688964844e+00
1.826164054870605469e+01 2.375074386596679688e+01 -5.422652435302734375e+01 8.024277687072753906e-01 -1.605975627899169922e+00 -5.180317878723144531e+00
1.828558349609375000e+01 2.372359657287597656e+01 -5.432383728027343750e+01 1.015960574150085449e+00 -1.716591835021972656e+00 -5.026545524597167969e+00
1.832857513427734375e+01 2.368365859985351562e+01 -5.446533203125000000e+01 1.533218741416931152e+00 -1.218139529228210449e+00 -4.738293170928955078e+00
1.836216545104980469e+01 2.366101455688476562e+01 -5.455449676513671875e+01 1.694623708724975586e+00 -1.150096297264099121e+00 -4.581525802612304688e+00
1.839705848693847656e+01 2.364209365844726562e+01 -5.464115524291992188e+01 1.810377120971679688e+00 -6.741964817047119141e-01 -4.459664344787597656e+00
1.843127822875976562e+01 2.362509727478027344e+01 -5.472439956665039062e+01 1.906396627426147461e+00 -5.160421729087829590e-01 -4.404246330261230469e+00
1.847084236145019531e+01 2.361367607116699219e+01 -5.480593490600585938e+01 1.997456789016723633e+00 -2.484576106071472168e-01 -4.154062747955322266e+00
1.850876617431640625e+01 2.361085700988769531e+01 -5.488405990600585938e+01 1.869147419929504395e+00 -4.996214807033538818e-02 -4.029458999633789062e+00
1.853877639770507812e+01 2.361191177368164062e+01 -5.495947647094726562e+01 1.492443799972534180e+00 -4.863888025283813477e-02 -4.019077777862548828e+00
1.856252288818359375e+01 2.360832405090332031e+01 -5.503668594360351562e+01 1.330833911895751953e+00 -1.513084024190902710e-01 -4.042564392089843750e+00
1.858320999145507812e+01 2.360100936889648438e+01 -5.511241912841796875e+01 1.112479090690612793e+00 -3.203617036342620850e-01 -3.970756292343139648e+00
1.859854316711425781e+01 2.359138107299804688e+01 -5.518480682373046875e+01 1.018389463424682617e+00 -3.204703330993652344e-01 -3.740675210952758789e+00
1.861059761047363281e+01 2.358224296569824219e+01 -5.525457000732421875e+01 9.340606927871704102e-01 -5.051096677780151367e-01 -3.639110803604125977e+00
1.862519836425781250e+01 2.356793785095214844e+01 -5.532277297973632812e+01 9.203140139579772949e-01 -6.620907187461853027e-01 -3.594808816909790039e+00
1.864113998413085938e+01 2.355480003356933594e+01 -5.539102935791015625e+01 1.090316653251647949e+00 -7.938266992568969727e-01 -3.598486423492431641e+00
1.865847206115722656e+01 2.354004287719726562e+01 -5.545906066894531250e+01 1.048101544380187988e+00 -1.038731336593627930e+00 -3.550038337707519531e+00
1.868101119995117188e+01 2.352360534667968750e+01 -5.552601623535156250e+01 1.358267784118652344e+00 -9.385481476783752441e-01 -3.422818899154663086e+00
1.870917892456054688e+01 2.350609207153320312e+01 -5.558889770507812500e+01 1.510935902595520020e+00 -6.794915199279785156e-01 -3.211265802383422852e+00
1.873865699768066406e+01 2.350047874450683594e+01 -5.564835739135742188e+01 1.443448424339294434e+00 -1.651686429977416992e-01 -3.030397176742553711e+00
1.875868034362792969e+01 2.350274848937988281e+01 -5.570684051513671875e+01 1.326650619506835938e+00 5.042397975921630859e-02 -3.086687564849853516e+00
1.878013420104980469e+01 2.350311279296875000e+01 -5.576329803466796875e+01 1.483896613121032715e+00 2.030627429485321045e-01 -2.884859561920166016e+00
1.880207824707031250e+01 2.351288604736328125e+01 -5.581734466552734375e+01 1.460670351982116699e+00 6.440922021865844727e-01 -2.874532222747802734e+00
1.882915496826171875e+01 2.352915000915527344e+01 -5.587250900268554688e+01 1.424914956092834473e+00 9.343461990356445312e-01 -2.980340719223022461e+00
1.886379432678222656e+01 2.357051658630371094e+01 -5.595902633666992188e+01 1.075673460960388184e+00 1.310809373855590820e+00 -3.097952842712402344e+00
1.888256645202636719e+01 2.360501480102539062e+01 -5.601856231689453125e+01 8.588530421257019043e-01 1.478355646133422852e+00 -3.266820907592773438e+00
1.889427947998046875e+01 2.363860130310058594e+01 -5.607945632934570312e+01 6.415798068046569824e-01 1.396018624305725098e+00 -3.283385276794433594e+00
1.890889930725097656e+01 2.367184066772460938e+01 -5.614340972900390625e+01 4.764329791069030762e-01 1.391373991966247559e+00 -3.516832351684570312e+00
1.892424964904785156e+01 2.369989776611328125e+01 -5.620895767211914062e+01 8.873925805091857910e-01 1.460058331489562988e+00 -3.563118457794189453e+00
1.894049644470214844e+01 2.373117637634277344e+01 -5.627703094482421875e+01 6.823191642761230469e-01 1.080495119094848633e+00 -3.662267208099365234e+00
1.895208168029785156e+01 2.375245475769042969e+01 -5.634749984741210938e+01 8.011564016342163086e-01 7.726064920425415039e-01 -3.809980869293212891e+00
1.897188186645507812e+01 2.376398086547851562e+01 -5.642113876342773438e+01 1.303474307060241699e+00 5.804342031478881836e-01 -3.983242988586425781e+00
1.900210571289062500e+01 2.378463172912597656e+01 -5.649707794189453125e+01 1.436150908470153809e+00 6.850923299789428711e-01 -4.040313243865966797e+00
1.904042434692382812e+01 2.380336761474609375e+01 -5.657374954223632812e+01 1.676653146743774414e+00 9.953017234802246094e-01 -4.213668823242187500e+00
1.908143615722656250e+01 2.382715415954589844e+01 -5.665347671508789062e+01 1.829664945602416992e+00 1.052175045013427734e+00 -4.301111698150634766e+00
1.912283325195312500e+01 2.385028266906738281e+01 -5.673509216308593750e+01 2.034660339355468750e+00 1.174709200859069824e+00 -4.375823974609375000e+00
1.917067909240722656e+01 2.387384033203125000e+01 -5.681924438476562500e+01 2.040250778198242188e+00 1.395234107971191406e+00 -4.648048877716064453e+00
1.921133041381835938e+01 2.390219879150390625e+01 -5.690779876708984375e+01 1.947581648826599121e+00 1.390345573425292969e+00 -4.712188720703125000e+00
1.924960136413574219e+01 2.393064689636230469e+01 -5.699726486206054688e+01 2.008328914642333984e+00 1.454954862594604492e+00 -4.874340534210205078e+00
1.929026603698730469e+01 2.395840454101562500e+01 -5.709042358398437500e+01 2.126649856567382812e+00 1.610409617424011230e+00 -4.961262226104736328e+00
1.933292388916015625e+01 2.399665069580078125e+01 -5.718572998046875000e+01 1.698374032974243164e+00 1.765304207801818848e+00 -5.104786396026611328e+00
1.936794281005859375e+01 2.403790473937988281e+01 -5.728065490722656250e+01 1.294702768325805664e+00 1.738593101501464844e+00 -4.904782772064208984e+00
1.939159202575683594e+01 2.406533050537109375e+01 -5.737297058105468750e+01 1.199741125106811523e+00 1.624481201171875000e+00 -4.961111545562744141e+00
1.942000389099121094e+01 2.409288024902343750e+01 -5.746771240234375000e+01 1.062753200531005859e+00 1.673449039459228516e+00 -5.080735206604003906e+00
1.944717979431152344e+01 2.412683296203613281e+01 -5.756490325927734375e+01 8.700181245803833008e-01 1.882786154747009277e+00 -5.219564437866210938e+00
1.947285461425781250e+01 2.417410278320312500e+01 -5.771448516845703125e+01 6.828294396400451660e-01 1.818344593048095703e+00 -5.392802238464355469e+00
1.948738288879394531e+01 2.419908142089843750e+01 -5.781699371337890625e+01 7.894543409347534180e-01 1.815068960189819336e+00 -5.529736042022705078e+00
1.950383758544921875e+01 2.423030853271484375e+01 -5.792412948608398438e+01 1.014148712158203125e+00 1.804093599319458008e+00 -5.887378692626953125e+00
1.952689170837402344e+01 2.425766372680664062e+01 -5.803940963745117188e+01 1.254738926887512207e+00 1.559755682945251465e+00 -6.322082042694091797e+00
1.955371093750000000e+01 2.428400230407714844e+01 -5.816447067260742188e+01 1.317033052444458008e+00 1.397442340850830078e+00 -6.835450172424316406e+00
1.957593917846679688e+01 2.430643272399902344e+01 -5.829611968994140625e+01 1.239356637001037598e+00 8.619997501373291016e-01 -7.004926204681396484e+00
1.959917068481445312e+01 2.431876945495605469e+01 -5.843252563476562500e+01 1.216413378715515137e+00 4.079215824604034424e-01 -7.268278121948242188e+00
1.962423706054687500e+01 2.432056999206542969e+01 -5.857124710083007812e+01 1.368790984153747559e+00 -6.991985440254211426e-02 -7.335941791534423828e+00
1.965243721008300781e+01 2.431183624267578125e+01 -5.870895385742187500e+01 1.876868605613708496e+00 -4.718104302883148193e-01 -7.095719814300537109e+00
1.969159889221191406e+01 2.429895210266113281e+01 -5.884272766113281250e+01 2.124001979827880859e+00 -5.787799358367919922e-01 -7.027667045593261719e+00
1.973516082763671875e+01 2.428283500671386719e+01 -5.897527694702148438e+01 2.253946542739868164e+00 -7.500976324081420898e-01 -6.885543346405029297e+00
