1.912886500358581543e+00 3.541435003280639648e+00 -1.923536300659179688e+00 9.506726264953613281e-01 3.023792028427124023e+00 -1.072273135185241699e+00
1.928431034088134766e+00 3.597975254058837891e+00 -1.943384528160095215e+00 7.662758231163024902e-01 2.722604751586914062e+00 -9.807155132293701172e-01
1.945966482162475586e+00 3.647077560424804688e+00 -1.959506511688232422e+00 9.279276728630065918e-01 2.453903913497924805e+00 -8.598616719245910645e-01
1.966506004333496094e+00 3.697675466537475586e+00 -1.977459907531738281e+00 1.318307161331176758e+00 2.660660266876220703e+00 -9.329095482826232910e-01
1.991075992584228516e+00 3.751344203948974609e+00 -1.992069363594055176e+00 1.356318831443786621e+00 2.772221803665161133e+00 -9.266384840011596680e-01
2.019307374954223633e+00 3.810696363449096680e+00 -2.010241508483886719e+00 1.145528912544250488e+00 3.108472585678100586e+00 -7.519024014472961426e-01
2.036464452743530273e+00 3.869852781295776367e+00 -2.022788047790527344e+00 8.740364313125610352e-01 2.811427593231201172e+00 -7.526865601539611816e-01
2.056891441345214844e+00 3.922105073928833008e+00 -2.037824392318725586e+00 1.096236109733581543e+00 2.753436565399169922e+00 -6.123310327529907227e-01
2.071590662002563477e+00 3.974721908569335938e+00 -2.050200462341308594e+00 5.033842921257019043e-01 2.434369802474975586e+00 -6.896376609802246094e-01
2.089577436447143555e+00 4.018146991729736328e+00 -2.063075065612792969e+00 1.346873402595520020e+00 2.143512010574340820e+00 -8.837965726852416992e-01
2.117871522903442383e+00 4.067692756652832031e+00 -2.076050519943237305e+00 1.390165925025939941e+00 2.855948686599731445e+00 -5.998470187187194824e-01
2.153769493103027344e+00 4.148187160491943359e+00 -2.091432094573974609e+00 1.151790618896484375e+00 2.479225397109985352e+00 -5.474560260772705078e-01
2.180376291275024414e+00 4.196470737457275391e+00 -2.103838205337524414e+00 1.506832361221313477e+00 2.616897106170654297e+00 -8.342972397804260254e-01
2.205934524536132812e+00 4.253457546234130859e+00 -2.119990348815917969e+00 1.141445398330688477e+00 3.123875141143798828e+00 -8.271008729934692383e-01
2.228785753250122070e+00 4.315285205841064453e+00 -2.134501457214355469e+00 1.145136237144470215e+00 3.096035003662109375e+00 -7.336149215698242188e-01
2.250870943069458008e+00 4.376556873321533203e+00 -2.146586656570434570e+00 1.194318771362304688e+00 3.280899763107299805e+00 -6.227167248725891113e-01
2.270275354385375977e+00 4.439132213592529297e+00 -2.156651020050048828e+00 9.292210340499877930e-01 3.388209581375122070e+00 -3.403931260108947754e-01
2.288109064102172852e+00 4.504695415496826172e+00 -2.163993358612060547e+00 9.251527786254882812e-01 3.277565479278564453e+00 -3.860304057598114014e-01
2.310315847396850586e+00 4.569430828094482422e+00 -2.172593355178833008e+00 1.187942504882812500e+00 3.491638422012329102e+00 -4.250617921352386475e-01
2.334508419036865234e+00 4.636571884155273438e+00 -2.180187463760375977e+00 1.173446178436279297e+00 3.480854034423828125e+00 -3.935497701168060303e-01
2.359387159347534180e+00 4.704961776733398438e+00 -2.192894935607910156e+00 1.262133121490478516e+00 3.745814800262451172e+00 -5.338702201843261719e-01
2.382994174957275391e+00 4.783353328704833984e+00 -2.200928449630737305e+00 8.519067168235778809e-01 4.049939155578613281e+00 -3.420768082141876221e-01
2.395688295364379883e+00 4.859609127044677734e+00 -2.206655025482177734e+00 5.237434506416320801e-01 3.727357149124145508e+00 -2.386904060840606689e-01
2.413514375686645508e+00 4.928599834442138672e+00 -2.214051246643066406e+00 1.264950156211853027e+00 3.633007287979125977e+00 -4.264158308506011963e-01
2.435737609863281250e+00 5.003073692321777344e+00 -2.224657535552978516e+00 1.000176191329956055e+00 3.844619274139404297e+00 -4.000759124755859375e-01
2.458697319030761719e+00 5.077082633972167969e+00 -2.229387283325195312e+00 1.630399107933044434e+00 3.824816226959228516e+00 -2.134331911802291870e-01
2.489778280258178711e+00 5.159417152404785156e+00 -2.233860254287719727e+00 1.280232429504394531e+00 4.637406349182128906e+00 -2.943249642848968506e-01
2.509151220321655273e+00 5.251351833343505859e+00 -2.242955207824707031e+00 8.593971133232116699e-01 4.559529781341552734e+00 -5.049630403518676758e-01
2.527405261993408203e+00 5.336028575897216797e+00 -2.248314142227172852e+00 1.269683480262756348e+00 4.293254852294921875e+00 -3.633470237255096436e-01
2.552988529205322266e+00 5.422451019287109375e+00 -2.256270408630371094e+00 1.358636140823364258e+00 4.447767257690429688e+00 -2.698532044887542725e-01
2.576178550720214844e+00 5.509746551513671875e+00 -2.262752294540405273e+00 1.069546818733215332e+00 4.431420326232910156e+00 -1.951775103807449341e-01
2.601915597915649414e+00 5.597823619842529297e+00 -2.269900798797607422e+00 1.414356827735900879e+00 4.724004745483398438e+00 -4.151851236820220947e-01
2.641479015350341797e+00 5.740197181701660156e+00 -2.277090072631835938e+00 1.300709366798400879e+00 4.822616577148437500e+00 -3.911211788654327393e-01
2.665495157241821289e+00 5.836015701293945312e+00 -2.283504486083984375e+00 1.101010799407958984e+00 4.867328166961669922e+00 -3.457038104534149170e-01
2.687970876693725586e+00 5.932363033294677734e+00 -2.286468029022216797e+00 1.195996761322021484e+00 4.917608737945556641e+00 3.744848072528839111e-02
2.712585926055908203e+00 6.029718399047851562e+00 -2.285155296325683594e+00 1.166361927986145020e+00 5.092411994934082031e+00 -8.753333240747451782e-02
2.733984470367431641e+00 6.126482009887695312e+00 -2.286797523498535156e+00 1.159211754798889160e+00 4.923038959503173828e+00 3.521559294313192368e-03
2.760198831558227539e+00 6.222423553466796875e+00 -2.286186218261718750e+00 1.470303416252136230e+00 4.994529724121093750e+00 5.527666956186294556e-02
2.789594888687133789e+00 6.323931217193603516e+00 -2.285598039627075195e+00 1.470966696739196777e+00 5.370147705078125000e+00 -2.906790375709533691e-02
2.819112539291381836e+00 6.427996635437011719e+00 -2.285735368728637695e+00 1.525612831115722656e+00 5.209681510925292969e+00 1.429816931486129761e-01
2.849536418914794922e+00 6.532851219177246094e+00 -2.284191370010375977e+00 1.608519554138183594e+00 5.609905719757080078e+00 -1.277055889368057251e-01
2.876345872879028320e+00 6.648069858551025391e+00 -2.288464784622192383e+00 1.255615592002868652e+00 5.981019020080566406e+00 -2.889982163906097412e-01
2.901904582977294922e+00 6.763041496276855469e+00 -2.291451930999755859e+00 1.388351202011108398e+00 5.750405788421630859e+00 -4.080918803811073303e-02
2.929409265518188477e+00 6.879420280456542969e+00 -2.290772914886474609e+00 1.278187751770019531e+00 6.020300865173339844e+00 7.312352303415536880e-03
2.954031705856323242e+00 6.997586250305175781e+00 -2.290688753128051758e+00 1.442994952201843262e+00 5.999255657196044922e+00 1.272004246711730957e-01
2.984724760055541992e+00 7.115767955780029297e+00 -2.289961338043212891e+00 1.560981035232543945e+00 6.124492168426513672e+00 3.986937552690505981e-02
3.016932487487792969e+00 7.236135482788085938e+00 -2.288883209228515625e+00 1.816914319992065430e+00 6.146354675292968750e+00 1.558363735675811768e-01
3.053886413574218750e+00 7.359585285186767578e+00 -2.289167165756225586e+00 1.728671550750732422e+00 6.646071910858154297e+00 -2.622585929930210114e-02
3.086048364639282227e+00 7.492608070373535156e+00 -2.290055274963378906e+00 1.441112756729125977e+00 6.833672046661376953e+00 -3.792948275804519653e-02
3.111578941345214844e+00 7.625399112701416016e+00 -2.292654752731323242e+00 1.270203113555908203e+00 6.752673149108886719e+00 -2.449127286672592163e-01
3.136298179626464844e+00 7.759495258331298828e+00 -2.295195341110229492e+00 1.242792010307312012e+00 6.953341960906982422e+00 -1.151035428047180176e-01
3.162128448486328125e+00 7.890806198120117188e+00 -2.293908119201660156e+00 1.578235149383544922e+00 6.626645088195800781e+00 1.929172724485397339e-01
3.195369720458984375e+00 8.023344993591308594e+00 -2.290873050689697266e+00 1.775874018669128418e+00 6.840651988983154297e+00 -8.499790728092193604e-02
3.245404243469238281e+00 8.233140945434570312e+00 -2.291024208068847656e+00 1.792243242263793945e+00 7.402375698089599609e+00 -4.729699809104204178e-03
3.277810811996459961e+00 8.385014533996582031e+00 -2.291374444961547852e+00 1.561495780944824219e+00 7.932223796844482422e+00 -1.055785790085792542e-01
3.305024862289428711e+00 8.540772438049316406e+00 -2.290941238403320312e+00 1.470094919204711914e+00 7.775062561035156250e+00 2.319653145968914032e-02
3.337946653366088867e+00 8.695246696472167969e+00 -2.291941165924072266e+00 1.806573390960693359e+00 7.993494033813476562e+00 -1.400140076875686646e-01
3.373283863067626953e+00 8.850191116333007812e+00 -2.295742750167846680e+00 1.707063555717468262e+00 8.083880424499511719e+00 -1.926158517599105835e-01
3.406314849853515625e+00 9.010417938232421875e+00 -2.297172307968139648e+00 1.751561522483825684e+00 8.241109848022460938e+00 -2.680990397930145264e-01
3.441251039505004883e+00 9.168224334716796875e+00 -2.300450563430786133e+00 1.855937480926513672e+00 8.137864112854003906e+00 2.552182227373123169e-02
3.478322505950927734e+00 9.329806327819824219e+00 -2.304363727569580078e+00 1.841401576995849609e+00 8.446554183959960938e+00 -2.950253784656524658e-01
3.513503789901733398e+00 9.497292518615722656e+00 -2.306479930877685547e+00 1.850278615951538086e+00 8.756526947021484375e+00 -1.576763242483139038e-01
3.547555923461914062e+00 9.667285919189453125e+00 -2.310423135757446289e+00 1.635851144790649414e+00 8.658112525939941406e+00 -7.230580598115921021e-02
3.582564830780029297e+00 9.834360122680664062e+00 -2.313637495040893555e+00 1.989920377731323242e+00 8.478696823120117188e+00 -1.751415729522705078e-01
3.625134944915771484e+00 1.000186157226562500e+01 -2.320360183715820312e+00 2.181513547897338867e+00 8.775207519531250000e+00 -3.539509177207946777e-01
3.666260242462158203e+00 1.017705059051513672e+01 -2.325694084167480469e+00 2.029154062271118164e+00 9.204301834106445312e+00 -1.699058860540390015e-01
3.709497213363647461e+00 1.036054706573486328e+01 -2.327349662780761719e+00 2.288735389709472656e+00 9.644354820251464844e+00 -1.230209246277809143e-01
3.752463817596435547e+00 1.055327606201171875e+01 -2.331320762634277344e+00 2.000292062759399414e+00 9.917254447937011719e+00 -9.545090049505233765e-02
3.784340620040893555e+00 1.074659538269042969e+01 -2.335865497589111328e+00 1.426171302795410156e+00 9.798292160034179688e+00 -2.327975481748580933e-01
3.811574220657348633e+00 1.093254470825195312e+01 -2.339496850967407227e+00 1.712870836257934570e+00 9.476188659667968750e+00 -1.785285770893096924e-01
3.849426746368408203e+00 1.112227535247802734e+01 -2.347458839416503906e+00 2.033058643341064453e+00 1.022022533416748047e+01 -4.853182733058929443e-01
3.889609575271606445e+00 1.132834053039550781e+01 -2.357364892959594727e+00 1.984062075614929199e+00 1.060743236541748047e+01 -4.118663668632507324e-01
3.929210901260375977e+00 1.153352546691894531e+01 -2.368412256240844727e+00 2.129019260406494141e+00 1.054955768585205078e+01 -7.191151976585388184e-01
3.990122318267822266e+00 1.184832954406738281e+01 -2.389096498489379883e+00 2.091968297958374023e+00 1.083133220672607422e+01 -5.999082326889038086e-01
4.030710220336914062e+00 1.206573390960693359e+01 -2.402355670928955078e+00 1.995817542076110840e+00 1.111317920684814453e+01 -8.280285000801086426e-01
4.071319580078125000e+00 1.228512191772460938e+01 -2.417533636093139648e+00 2.194511890411376953e+00 1.127409934997558594e+01 -9.826758503913879395e-01
4.114760875701904297e+00 1.250555515289306641e+01 -2.438190937042236328e+00 2.442426681518554688e+00 1.134062671661376953e+01 -9.817145466804504395e-01
4.166323661804199219e+00 1.273344993591308594e+01 -2.452919483184814453e+00 2.665698289871215820e+00 1.208368778228759766e+01 -8.204754590988159180e-01
4.216072559356689453e+00 1.297389411926269531e+01 -2.472472429275512695e+00 2.340765237808227539e+00 1.234860038757324219e+01 -9.892512559890747070e-01
4.259329795837402344e+00 1.321846961975097656e+01 -2.495517253875732422e+00 2.175631761550903320e+00 1.264079475402832031e+01 -1.213297724723815918e+00
4.301300525665283203e+00 1.346380043029785156e+01 -2.518491983413696289e+00 2.198640346527099609e+00 1.235963916778564453e+01 -1.064462184906005859e+00
4.348484516143798828e+00 1.370081901550292969e+01 -2.543179988861083984e+00 2.749918222427368164e+00 1.229759025573730469e+01 -1.363497018814086914e+00
4.408851623535156250e+00 1.394921588897705078e+01 -2.570450544357299805e+00 3.256477594375610352e+00 1.321140670776367188e+01 -1.524194121360778809e+00
4.470623970031738281e+00 1.421520996093750000e+01 -2.597827434539794922e+00 2.981145620346069336e+00 1.396796035766601562e+01 -1.400665402412414551e+00
4.528090000152587891e+00 1.448741245269775391e+01 -2.632113933563232422e+00 2.893086910247802734e+00 1.410996913909912109e+01 -1.769560098648071289e+00
4.582067489624023438e+00 1.476588058471679688e+01 -2.664589166641235352e+00 2.695882081985473633e+00 1.418417549133300781e+01 -1.906272411346435547e+00
4.631286621093750000e+00 1.504245948791503906e+01 -2.707138061523437500e+00 2.409082651138305664e+00 1.421336650848388672e+01 -1.970605492591857910e+00
4.677587509155273438e+00 1.532214355468750000e+01 -2.748118400573730469e+00 2.481540441513061523e+00 1.448112297058105469e+01 -2.147263526916503906e+00
4.731435298919677734e+00 1.560920143127441406e+01 -2.791221141815185547e+00 2.949446678161621094e+00 1.504245662689208984e+01 -2.412129640579223633e+00
4.788632869720458984e+00 1.590994548797607422e+01 -2.842853069305419922e+00 2.927567481994628906e+00 1.554035758972167969e+01 -2.740878582000732422e+00
4.844954490661621094e+00 1.621552848815917969e+01 -2.899291276931762695e+00 3.073219776153564453e+00 1.584157562255859375e+01 -2.882927656173706055e+00
4.906756401062011719e+00 1.652987480163574219e+01 -2.957154035568237305e+00 3.162863731384277344e+00 1.645821380615234375e+01 -3.051193237304687500e+00
4.970423698425292969e+00 1.685434150695800781e+01 -3.021987676620483398e+00 3.140209913253784180e+00 1.655760955810546875e+01 -3.621203184127807617e+00
5.037482738494873047e+00 1.717639923095703125e+01 -3.097528457641601562e+00 3.868493556976318359e+00 1.683891296386718750e+01 -3.898226261138916016e+00
5.154050350189208984e+00 1.769242858886718750e+01 -3.221310615539550781e+00 3.518480777740478516e+00 1.802400207519531250e+01 -4.605540275573730469e+00
5.221508026123046875e+00 1.804372024536132812e+01 -3.316464662551879883e+00 3.631020307540893555e+00 1.806693649291992188e+01 -5.076590061187744141e+00
5.296876430511474609e+00 1.840327644348144531e+01 -3.416066169738769531e+00 3.879768371582031250e+00 1.878268814086914062e+01 -5.258691310882568359e+00
5.373075962066650391e+00 1.877536010742187500e+01 -3.523042201995849609e+00 4.132471084594726562e+00 1.927714920043945312e+01 -5.811509132385253906e+00
5.456880092620849609e+00 1.916035079956054688e+01 -3.643406391143798828e+00 4.251072883605957031e+00 1.998756980895996094e+01 -6.401660919189453125e+00
5.539566040039062500e+00 1.955960083007812500e+01 -3.776237487792968750e+00 4.283073902130126953e+00 2.070918464660644531e+01 -7.184173583984375000e+00
5.622072696685791016e+00 1.997230720520019531e+01 -3.927959203720092773e+00 4.064594745635986328e+00 2.130988883972167969e+01 -8.122250556945800781e+00
5.699725151062011719e+00 2.038502693176269531e+01 -4.090028285980224609e+00 4.232095718383789062e+00 2.104766654968261719e+01 -8.659038543701171875e+00
5.790397167205810547e+00 2.079817199707031250e+01 -4.267665386199951172e+00 4.992872714996337891e+00 2.142093276977539062e+01 -9.782711982727050781e+00
5.896805763244628906e+00 2.122602462768554688e+01 -4.469794750213623047e+00 5.840562820434570312e+00 2.251788711547851562e+01 -1.084959030151367188e+01
6.011425018310546875e+00 2.167756080627441406e+01 -4.691316604614257812e+00 5.639428138732910156e+00 2.366092872619628906e+01 -1.208751392364501953e+01
6.119565963745117188e+00 2.214054679870605469e+01 -4.939810752868652344e+00 5.527755737304687500e+00 2.348659896850585938e+01 -1.337187480926513672e+01
6.234642982482910156e+00 2.259843444824218750e+01 -5.217536926269531250e+00 6.296169757843017578e+00 2.352862739562988281e+01 -1.510096740722656250e+01
6.364825725555419922e+00 2.306024742126464844e+01 -5.533011913299560547e+00 6.942441940307617188e+00 2.387760925292968750e+01 -1.708311462402343750e+01
6.502830982208251953e+00 2.353183174133300781e+01 -5.883043289184570312e+00 6.983547687530517578e+00 2.415237045288085938e+01 -1.902877998352050781e+01
6.640978336334228516e+00 2.400365638732910156e+01 -6.276470661163330078e+00 7.326212406158447266e+00 2.412367820739746094e+01 -2.127799415588378906e+01
6.786296367645263672e+00 2.447106742858886719e+01 -6.714124202728271484e+00 7.486465454101562500e+00 2.346855354309082031e+01 -2.345329093933105469e+01
6.935644149780273438e+00 2.491893577575683594e+01 -7.193760871887207031e+00 7.854176521301269531e+00 2.253586387634277344e+01 -2.565154266357421875e+01
7.086096286773681641e+00 2.534976387023925781e+01 -7.719807624816894531e+00 7.624062538146972656e+00 2.105276107788085938e+01 -2.782454681396484375e+01
7.238514423370361328e+00 2.573975753784179688e+01 -8.282878875732421875e+00 8.045745849609375000e+00 1.894698333740234375e+01 -2.990001869201660156e+01
7.402459144592285156e+00 2.609068870544433594e+01 -8.881175994873046875e+00 8.548942565917968750e+00 1.712965774536132812e+01 -3.140217781066894531e+01
7.651176452636718750e+00 2.655416107177734375e+01 -9.827905654907226562e+00 8.459318161010742188e+00 1.462949180603027344e+01 -3.283499526977539062e+01
7.814452171325683594e+00 2.682952117919921875e+01 -1.047754669189453125e+01 8.234096527099609375e+00 1.340244579315185547e+01 -3.363026046752929688e+01
7.970443725585937500e+00 2.707413864135742188e+01 -1.113822650909423828e+01 7.588686466217041016e+00 1.148572635650634766e+01 -3.399028015136718750e+01
8.113059043884277344e+00 2.727953147888183594e+01 -1.180731201171875000e+01 7.246000766754150391e+00 9.606906890869140625e+00 -3.410868835449218750e+01
8.254086494445800781e+00 2.744986152648925781e+01 -1.246953201293945312e+01 7.228745460510253906e+00 8.127726554870605469e+00 -3.372806549072265625e+01
8.394289970397949219e+00 2.760144996643066406e+01 -1.312167644500732422e+01 6.896839141845703125e+00 7.095284461975097656e+00 -3.313264465332031250e+01
8.520935058593750000e+00 2.772640228271484375e+01 -1.376105022430419922e+01 6.226221561431884766e+00 5.703361988067626953e+00 -3.223707580566406250e+01
8.643019676208496094e+00 2.782320976257324219e+01 -1.438302803039550781e+01 6.222454547882080078e+00 4.495204925537109375e+00 -3.161364173889160156e+01
8.759428024291992188e+00 2.790386962890625000e+01 -1.499330997467041016e+01 5.645163059234619141e+00 3.749745845794677734e+00 -3.071389389038085938e+01
8.865815162658691406e+00 2.796798324584960938e+01 -1.558061408996582031e+01 5.469089508056640625e+00 2.799569368362426758e+00 -2.939735221862792969e+01
8.967245101928710938e+00 2.801505661010742188e+01 -1.614523887634277344e+01 5.097783565521240234e+00 2.137402296066284180e+00 -2.857435989379882812e+01
9.062883377075195312e+00 2.805237770080566406e+01 -1.669492340087890625e+01 4.873065948486328125e+00 1.449774861335754395e+00 -2.744445419311523438e+01
9.159746170043945312e+00 2.807304763793945312e+01 -1.721879196166992188e+01 5.042120456695556641e+00 1.087904691696166992e+00 -2.634560966491699219e+01
9.256471633911132812e+00 2.809482002258300781e+01 -1.771855163574218750e+01 4.894809722900390625e+00 1.010956406593322754e+00 -2.493349456787109375e+01
9.349919319152832031e+00 2.811331939697265625e+01 -1.819875717163085938e+01 4.567543506622314453e+00 7.625883221626281738e-01 -2.425760841369628906e+01
9.431717872619628906e+00 2.812622070312500000e+01 -1.866229057312011719e+01 4.091604232788085938e+00 5.465571880340576172e-01 -2.318032264709472656e+01
9.510250091552734375e+00 2.813452148437500000e+01 -1.910508537292480469e+01 4.004857063293457031e+00 2.134525328874588013e-01 -2.233574485778808594e+01
9.587424278259277344e+00 2.813495826721191406e+01 -1.953602981567382812e+01 3.763983488082885742e+00 -4.590974375605583191e-02 -2.154928207397460938e+01
9.661086082458496094e+00 2.812801361083984375e+01 -1.994702148437500000e+01 3.948559522628784180e+00 -4.796290099620819092e-01 -2.071360588073730469e+01
9.740391731262207031e+00 2.812316322326660156e+01 -2.034239196777343750e+01 3.890521049499511719e+00 -7.121577858924865723e-02 -1.973180580139160156e+01
9.811837196350097656e+00 2.811697578430175781e+01 -2.072279739379882812e+01 3.501372098922729492e+00 -5.768532156944274902e-01 -1.909633445739746094e+01
9.920856475830078125e+00 2.808779335021972656e+01 -2.126464843750000000e+01 3.773907661437988281e+00 -1.126140832901000977e+00 -1.782659530639648438e+01
9.990086555480957031e+00 2.806866264343261719e+01 -2.160881996154785156e+01 3.370674610137939453e+00 -9.333822727203369141e-01 -1.743571662902832031e+01
1.005398654937744141e+01 2.805280113220214844e+01 -2.193995094299316406e+01 3.203804492950439453e+00 -9.019480347633361816e-01 -1.642939949035644531e+01
1.011204624176025391e+01 2.803084754943847656e+01 -2.225818634033203125e+01 2.955631732940673828e+00 -1.261814951896667480e+00 -1.605410003662109375e+01
1.017163848876953125e+01 2.800446319580078125e+01 -2.256406974792480469e+01 3.042215824127197266e+00 -1.373710393905639648e+00 -1.537935447692871094e+01
1.022687721252441406e+01 2.798041725158691406e+01 -2.285640907287597656e+01 2.545685529708862305e+00 -1.245964884757995605e+00 -1.480529499053955078e+01
1.027539348602294922e+01 2.795231246948242188e+01 -2.314204406738281250e+01 2.790343999862670898e+00 -1.663774490356445312e+00 -1.451641845703125000e+01
1.033356380462646484e+01 2.792315101623535156e+01 -2.342319488525390625e+01 2.952109813690185547e+00 -1.398442864418029785e+00 -1.414053344726562500e+01
1.038647079467773438e+01 2.789675903320312500e+01 -2.369213676452636719e+01 2.380129814147949219e+00 -1.523468017578125000e+00 -1.342061233520507812e+01
1.042780017852783203e+01 2.786266708374023438e+01 -2.395551300048828125e+01 2.204169511795043945e+00 -1.843553900718688965e+00 -1.331578445434570312e+01
1.047151660919189453e+01 2.782688140869140625e+01 -2.420907402038574219e+01 2.289526939392089844e+00 -1.803686857223510742e+00 -1.274993991851806641e+01
1.051891899108886719e+01 2.779142379760742188e+01 -2.445262145996093750e+01 2.475038766860961914e+00 -1.722757577896118164e+00 -1.222901344299316406e+01
1.056500339508056641e+01 2.775460433959960938e+01 -2.468519783020019531e+01 2.484519243240356445e+00 -2.125759124755859375e+00 -1.159301757812500000e+01
1.061541080474853516e+01 2.771264076232910156e+01 -2.491367530822753906e+01 2.615430355072021484e+00 -1.983963727951049805e+00 -1.166673183441162109e+01
1.066463088989257812e+01 2.767674446105957031e+01 -2.513503074645996094e+01 2.226362943649291992e+00 -1.694385409355163574e+00 -1.097205448150634766e+01
1.070680141448974609e+01 2.764533805847167969e+01 -2.534595108032226562e+01 2.035699367523193359e+00 -1.756462931632995605e+00 -1.057203674316406250e+01
1.074794673919677734e+01 2.760709381103515625e+01 -2.555306816101074219e+01 2.238364696502685547e+00 -2.009362936019897461e+00 -1.058471012115478516e+01
1.079179859161376953e+01 2.756790733337402344e+01 -2.575619506835937500e+01 2.045812845230102539e+00 -1.988693952560424805e+00 -1.021861457824707031e+01
1.083315277099609375e+01 2.752803611755371094e+01 -2.595202445983886719e+01 2.211876392364501953e+00 -2.207597017288208008e+00 -9.813763618469238281e+00
1.087759780883789062e+01 2.748840522766113281e+01 -2.614107704162597656e+01 2.232058286666870117e+00 -1.923764586448669434e+00 -9.561573028564453125e+00
1.091817855834960938e+01 2.745817756652832031e+01 -2.632491111755371094e+01 1.846287012100219727e+00 -1.345445871353149414e+00 -9.339995384216308594e+00
1.095480060577392578e+01 2.741444778442382812e+01 -2.659262847900390625e+01 1.100959300994873047e+00 -1.780767083168029785e+00 -8.781305313110351562e+00
1.098158168792724609e+01 2.737730979919433594e+01 -2.676083564758300781e+01 1.548722624778747559e+00 -1.988047242164611816e+00 -8.601737022399902344e+00
1.101242351531982422e+01 2.733759498596191406e+01 -2.692905998229980469e+01 1.579960107803344727e+00 -2.023537397384643555e+00 -8.640954971313476562e+00
1.104199600219726562e+01 2.730374145507812500e+01 -2.709506034851074219e+01 1.547040462493896484e+00 -1.515821218490600586e+00 -8.204839706420898438e+00
1.107183170318603516e+01 2.727397727966308594e+01 -2.725366401672363281e+01 1.462849974632263184e+00 -1.484010457992553711e+00 -7.997394561767578125e+00
1.109936714172363281e+01 2.724120521545410156e+01 -2.740622711181640625e+01 1.378797769546508789e+00 -1.737341165542602539e+00 -7.825383186340332031e+00
1.112701797485351562e+01 2.720932960510253906e+01 -2.755412101745605469e+01 1.456849575042724609e+00 -1.501158356666564941e+00 -7.597566604614257812e+00
1.116209983825683594e+01 2.717775344848632812e+01 -2.770112419128417969e+01 2.000662326812744141e+00 -1.603358268737792969e+00 -7.440867424011230469e+00
1.120105934143066406e+01 2.715399932861328125e+01 -2.784585571289062500e+01 1.925415396690368652e+00 -9.277554154396057129e-01 -7.501829147338867188e+00
1.123114204406738281e+01 2.713650703430175781e+01 -2.798843383789062500e+01 1.297353863716125488e+00 -1.235011696815490723e+00 -7.171251773834228516e+00
1.125676250457763672e+01 2.710852432250976562e+01 -2.813322639465332031e+01 1.291167616844177246e+00 -1.551479339599609375e+00 -7.492503166198730469e+00
1.128331756591796875e+01 2.707954978942871094e+01 -2.827755546569824219e+01 1.524298429489135742e+00 -1.496815681457519531e+00 -7.344452857971191406e+00
1.131275367736816406e+01 2.705035209655761719e+01 -2.842060852050781250e+01 1.470119833946228027e+00 -1.388748168945312500e+00 -7.244511127471923828e+00
1.134027671813964844e+01 2.702728271484375000e+01 -2.855924987792968750e+01 1.262884378433227539e+00 -1.281601428985595703e+00 -7.087539672851562500e+00
1.136715316772460938e+01 2.699608612060546875e+01 -2.869631767272949219e+01 1.598227858543395996e+00 -1.705566287040710449e+00 -6.853245735168457031e+00
1.140108203887939453e+01 2.696178436279296875e+01 -2.883016586303710938e+01 1.855391502380371094e+00 -1.802778840065002441e+00 -6.921511650085449219e+00
1.143635940551757812e+01 2.693000793457031250e+01 -2.896263694763183594e+01 1.689792633056640625e+00 -1.245650768280029297e+00 -6.593647956848144531e+00
1.146721363067626953e+01 2.690854835510253906e+01 -2.909029388427734375e+01 1.326857686042785645e+00 -9.371844530105590820e-01 -6.537036895751953125e+00
1.148586750030517578e+01 2.689046096801757812e+01 -2.921773910522460938e+01 7.899354100227355957e-01 -1.298622369766235352e+00 -6.370358467102050781e+00
1.150535678863525391e+01 2.686221122741699219e+01 -2.934078407287597656e+01 1.171543717384338379e+00 -1.496665954589843750e+00 -6.177756786346435547e+00
1.152804470062255859e+01 2.683358383178710938e+01 -2.945830154418945312e+01 1.219854235649108887e+00 -1.574529409408569336e+00 -5.943186759948730469e+00
1.156129074096679688e+01 2.678288459777832031e+01 -2.963377952575683594e+01 8.679246902465820312e-01 -1.697717785835266113e+00 -5.933846473693847656e+00
1.157807064056396484e+01 2.674636650085449219e+01 -2.974921226501464844e+01 9.544099569320678711e-01 -1.948228240013122559e+00 -5.969237804412841797e+00
1.159889030456542969e+01 2.670935821533203125e+01 -2.986222839355468750e+01 1.073866248130798340e+00 -1.915661334991455078e+00 -5.906751632690429688e+00
1.162143421173095703e+01 2.667209625244140625e+01 -2.997609519958496094e+01 1.246280312538146973e+00 -1.968970894813537598e+00 -5.908956050872802734e+00
1.164983272552490234e+01 2.663572883605957031e+01 -3.009160423278808594e+01 1.446829319000244141e+00 -1.629821777343750000e+00 -5.715869426727294922e+00
1.167630863189697266e+01 2.660296440124511719e+01 -3.020414161682128906e+01 1.157928347587585449e+00 -1.966089248657226562e+00 -5.733149051666259766e+00
1.170163249969482422e+01 2.656490707397460938e+01 -3.031389808654785156e+01 1.365227341651916504e+00 -2.089648246765136719e+00 -5.435042858123779297e+00
1.172611904144287109e+01 2.652480125427246094e+01 -3.042194938659667969e+01 1.098515272140502930e+00 -2.134259939193725586e+00 -5.663338184356689453e+00
1.174551868438720703e+01 2.648243331909179688e+01 -3.053210830688476562e+01 1.098915815353393555e+00 -2.133833885192871094e+00 -5.599424839019775391e+00
1.177079963684082031e+01 2.644268417358398438e+01 -3.064161872863769531e+01 1.268833279609680176e+00 -1.921527266502380371e+00 -5.524444580078125000e+00
1.178899192810058594e+01 2.640076828002929688e+01 -3.074675369262695312e+01 7.539604902267456055e-01 -2.425180196762084961e+00 -5.327936649322509766e+00
1.180555820465087891e+01 2.635020256042480469e+01 -3.085084533691406250e+01 1.099736452102661133e+00 -2.626081466674804688e+00 -5.317524909973144531e+00
1.183270835876464844e+01 2.629702758789062500e+01 -3.095260047912597656e+01 1.414150595664978027e+00 -2.709557771682739258e+00 -5.224336147308349609e+00
1.186232185363769531e+01 2.624421501159667969e+01 -3.105744552612304688e+01 1.542540788650512695e+00 -2.621798276901245117e+00 -5.299019813537597656e+00
1.189153957366943359e+01 2.619471931457519531e+01 -3.116376304626464844e+01 1.355597615242004395e+00 -2.491633653640747070e+00 -5.469045639038085938e+00
1.191892433166503906e+01 2.614627838134765625e+01 -3.126496887207031250e+01 1.470844388008117676e+00 -2.445253372192382812e+00 -5.149740219116210938e+00
1.194494628906250000e+01 2.610018920898437500e+01 -3.136497688293457031e+01 1.353400349617004395e+00 -2.243324279785156250e+00 -4.903994083404541016e+00
1.196541786193847656e+01 2.606401824951171875e+01 -3.145855140686035156e+01 6.348315477371215820e-01 -1.757968664169311523e+00 -4.802076339721679688e+00
1.197099971771240234e+01 2.601893424987792969e+01 -3.154667472839355469e+01 3.221667706966400146e-01 -2.660117864608764648e+00 -4.512784004211425781e+00
1.198072338104248047e+01 2.596208000183105469e+01 -3.163675880432128906e+01 6.408595442771911621e-01 -2.946158885955810547e+00 -4.458816528320312500e+00
1.200378894805908203e+01 2.587035179138183594e+01 -3.176882743835449219e+01 9.366043210029602051e-01 -3.197903633117675781e+00 -4.455973148345947266e+00
1.202517604827880859e+01 2.580602645874023438e+01 -3.185331726074218750e+01 1.214923739433288574e+00 -3.069248914718627930e+00 -4.306721210479736328e+00
1.205013942718505859e+01 2.574666595458984375e+01 -3.193214416503906250e+01 1.194938421249389648e+00 -3.168485403060913086e+00 -3.980896472930908203e+00
1.207334327697753906e+01 2.568564414978027344e+01 -3.201138687133789062e+01 9.738170504570007324e-01 -3.092489242553710938e+00 -4.265006542205810547e+00
1.209072208404541016e+01 2.562846565246582031e+01 -3.209259414672851562e+01 8.264644145965576172e-01 -2.814125776290893555e+00 -3.997397422790527344e+00
1.210604286193847656e+01 2.556849288940429688e+01 -3.217060089111328125e+01 8.652638196945190430e-01 -3.321675539016723633e+00 -3.913643121719360352e+00
1.212837123870849609e+01 2.550486373901367188e+01 -3.224640655517578125e+01 1.416936635971069336e+00 -2.993003845214843750e+00 -3.956932067871093750e+00
1.215175437927246094e+01 2.545138359069824219e+01 -3.232248306274414062e+01 9.864807724952697754e-01 -2.650135040283203125e+00 -3.880429267883300781e+00
1.216546916961669922e+01 2.540191650390625000e+01 -3.239813995361328125e+01 5.243976116180419922e-01 -2.832927703857421875e+00 -3.780929327011108398e+00
1.217804527282714844e+01 2.534515762329101562e+01 -3.246783828735351562e+01 6.989970207214355469e-01 -2.978537321090698242e+00 -3.362108945846557617e+00
1.218929386138916016e+01 2.528684806823730469e+01 -3.253277969360351562e+01 5.167318582534790039e-01 -2.790427684783935547e+00 -3.465121984481811523e+00
1.219947910308837891e+01 2.523107910156250000e+01 -3.260244369506835938e+01 7.397217154502868652e-01 -3.015186548233032227e+00 -3.513606786727905273e+00
1.221678066253662109e+01 2.517487907409667969e+01 -3.267142868041992188e+01 8.135383725166320801e-01 -2.941345214843750000e+00 -3.502197265625000000e+00
1.223082351684570312e+01 2.510879135131835938e+01 -3.273683166503906250e+01 9.687368869781494141e-01 -3.744234561920166016e+00 -3.178439617156982422e+00
1.225361728668212891e+01 2.503280448913574219e+01 -3.280243682861328125e+01 1.381720304489135742e+00 -3.448306560516357422e+00 -3.389321804046630859e+00
1.227197933197021484e+01 2.496736717224121094e+01 -3.286466598510742188e+01 4.780151546001434326e-01 -3.281339645385742188e+00 -3.164226770401000977e+00
1.228285503387451172e+01 2.490216064453125000e+01 -3.292621231079101562e+01 8.450980782508850098e-01 -3.285565614700317383e+00 -3.094587087631225586e+00
1.229921531677246094e+01 2.484044265747070312e+01 -3.298653411865234375e+01 9.003981947898864746e-01 -3.099177598953247070e+00 -2.960957765579223633e+00
1.231481647491455078e+01 2.477530288696289062e+01 -3.304370117187500000e+01 7.340445518493652344e-01 -3.371274948120117188e+00 -2.976142883300781250e+00
1.233183479309082031e+01 2.471466064453125000e+01 -3.310394287109375000e+01 9.418753385543823242e-01 -2.955173015594482422e+00 -3.172556161880493164e+00
1.234573936462402344e+01 2.465491867065429688e+01 -3.316208648681640625e+01 7.878965735435485840e-01 -2.998097658157348633e+00 -2.779087305068969727e+00
1.236223316192626953e+01 2.457213973999023438e+01 -3.324174880981445312e+01 2.215159684419631958e-01 -2.792367696762084961e+00 -2.639825105667114258e+00
1.235776042938232422e+01 2.451329612731933594e+01 -3.329480361938476562e+01 -2.558950781822204590e-01 -3.404918909072875977e+00 -2.550710201263427734e+00
1.236093616485595703e+01 2.444308471679687500e+01 -3.334842681884765625e+01 6.523771882057189941e-01 -3.630151987075805664e+00 -2.827775001525878906e+00
1.237687397003173828e+01 2.437371826171875000e+01 -3.339989089965820312e+01 7.615109682083129883e-01 -3.649399757385253906e+00 -2.518928766250610352e+00
1.239445114135742188e+01 2.430118370056152344e+01 -3.344987869262695312e+01 1.064005017280578613e+00 -3.429330348968505859e+00 -2.429068088531494141e+00
1.241630744934082031e+01 2.424590682983398438e+01 -3.349610519409179688e+01 7.138378620147705078e-01 -2.403205156326293945e+00 -2.306931018829345703e+00
1.241895675659179688e+01 2.419925880432128906e+01 -3.353749084472656250e+01 -1.484543532133102417e-01 -2.822391748428344727e+00 -2.168354272842407227e+00
1.242293453216552734e+01 2.413844680786132812e+01 -3.358195114135742188e+01 6.511987447738647461e-01 -3.046546220779418945e+00 -2.258033990859985352e+00
1.243462467193603516e+01 2.408088684082031250e+01 -3.362133026123046875e+01 6.145748496055603027e-01 -3.057029724121093750e+00 -1.775186777114868164e+00
1.244594383239746094e+01 2.402107238769531250e+01 -3.365536117553710938e+01 7.097277641296386719e-01 -3.051366806030273438e+00 -1.705509424209594727e+00
1.246309852600097656e+01 2.396413993835449219e+01 -3.368943786621093750e+01 6.720956563949584961e-01 -2.876318931579589844e+00 -1.726589560508728027e+00
1.247673511505126953e+01 2.390777969360351562e+01 -3.372148513793945312e+01 6.571026444435119629e-01 -2.867264032363891602e+00 -1.506903767585754395e+00
1.248547458648681641e+01 2.385222816467285156e+01 -3.374964141845703125e+01 2.635438144207000732e-01 -2.794953823089599609e+00 -1.350514650344848633e+00
1.248329925537109375e+01 2.379580879211425781e+01 -3.377363967895507812e+01 -2.939395010471343994e-01 -3.193435430526733398e+00 -1.108920931816101074e+00
1.248253154754638672e+01 2.373363876342773438e+01 -3.379581832885742188e+01 1.149516552686691284e-01 -3.105005979537963867e+00 -1.118130564689636230e+00
1.248995113372802734e+01 2.367085456848144531e+01 -3.381460952758789062e+01 5.891221761703491211e-01 -3.079593896865844727e+00 -7.725694775581359863e-01
1.250364208221435547e+01 2.361609458923339844e+01 -3.382773208618164062e+01 8.386298418045043945e-01 -2.706680774688720703e+00 -6.525592207908630371e-01
1.252107143402099609e+01 2.356447982788085938e+01 -3.383835983276367188e+01 8.551531434059143066e-01 -2.357989788055419922e+00 -5.469578504562377930e-01
1.253635215759277344e+01 2.352531051635742188e+01 -3.384540557861328125e+01 7.667458057403564453e-01 -2.043659687042236328e+00 -1.658985167741775513e-01
1.254604530334472656e+01 2.348246955871582031e+01 -3.385272598266601562e+01 7.416664958000183105e-01 -2.212672948837280273e+00 -3.040443062782287598e-01
1.256193351745605469e+01 2.344229316711425781e+01 -3.385895156860351562e+01 5.203679800033569336e-01 -2.051059722900390625e+00 -3.330246210098266602e-01
1.256241226196289062e+01 2.337876510620117188e+01 -3.386468505859375000e+01 -2.123603969812393188e-01 -2.524637699127197266e+00 3.796156495809555054e-02
1.255943393707275391e+01 2.332650756835937500e+01 -3.385937881469726562e+01 -3.967385366559028625e-02 -2.648005485534667969e+00 4.690588414669036865e-01
1.255959510803222656e+01 2.327524375915527344e+01 -3.385177993774414062e+01 3.053354844450950623e-02 -2.576347827911376953e+00 6.767722368240356445e-01
1.256781959533691406e+01 2.322606086730957031e+01 -3.383690261840820312e+01 4.117906689643859863e-01 -2.428239345550537109e+00 7.529591321945190430e-01
1.257859802246093750e+01 2.317902374267578125e+01 -3.382291412353515625e+01 6.102430820465087891e-01 -2.232158422470092773e+00 7.604737281799316406e-01
1.259005355834960938e+01 2.314164924621582031e+01 -3.380319213867187500e+01 3.026745915412902832e-01 -1.470605731010437012e+00 1.159408807754516602e+00
1.258958721160888672e+01 2.311085319519042969e+01 -3.377690505981445312e+01 -2.331183701753616333e-01 -1.693332433700561523e+00 1.436414122581481934e+00
1.258084297180175781e+01 2.307643699645996094e+01 -3.374554061889648438e+01 -5.084869265556335449e-01 -2.123742580413818359e+00 1.771296024322509766e+00
1.257918167114257812e+01 2.303195953369140625e+01 -3.371203231811523438e+01 9.575398266315460205e-02 -2.017627000808715820e+00 1.607267737388610840e+00
1.257930469512939453e+01 2.299878311157226562e+01 -3.367391204833984375e+01 3.237276524305343628e-02 -1.425603866577148438e+00 2.216382026672363281e+00
1.257736015319824219e+01 2.296997642517089844e+01 -3.362717819213867188e+01 6.675337255001068115e-02 -1.595255613327026367e+00 2.518963098526000977e+00
1.258596038818359375e+01 2.294037055969238281e+01 -3.357167434692382812e+01 6.365976333618164062e-01 -1.149733543395996094e+00 3.102486610412597656e+00
1.258973693847656250e+01 2.292545318603515625e+01 -3.350854492187500000e+01 -9.077594429254531860e-02 -7.033175826072692871e-01 3.442685365676879883e+00
1.258895874023437500e+01 2.291728019714355469e+01 -3.343878936767578125e+01 4.147328808903694153e-02 -2.173399329185485840e-01 3.699373960494995117e+00
1.259182643890380859e+01 2.292043113708496094e+01 -3.336503219604492188e+01 1.750377863645553589e-01 4.987734258174896240e-01 4.057719707489013672e+00
1.258841514587402344e+01 2.294167518615722656e+01 -3.327742385864257812e+01 -4.673271179199218750e-01 1.312114119529724121e+00 4.890815734863281250e+00
1.257697010040283203e+01 2.296738243103027344e+01 -3.317758560180664062e+01 -4.187509417533874512e-01 1.414093613624572754e+00 5.361827373504638672e+00
1.256801891326904297e+01 2.300509262084960938e+01 -3.306607055664062500e+01 -5.271699428558349609e-01 2.344415426254272461e+00 6.025627136230468750e+00
1.255755710601806641e+01 2.305429649353027344e+01 -3.294462203979492188e+01 -2.791162133216857910e-01 3.156273603439331055e+00 6.455781459808349609e+00
1.255970954895019531e+01 2.312845802307128906e+01 -3.281305694580078125e+01 2.803995907306671143e-01 4.613909244537353516e+00 7.101501464843750000e+00
1.257129955291748047e+01 2.323861694335937500e+01 -3.266947937011718750e+01 8.642489910125732422e-01 6.770939350128173828e+00 7.578168869018554688e+00
1.260196685791015625e+01 2.348672294616699219e+01 -3.244956207275390625e+01 1.141691565513610840e+00 1.004800701141357422e+01 7.417818546295166016e+00
1.262785911560058594e+01 2.370189857482910156e+01 -3.231152725219726562e+01 1.404685258865356445e+00 1.194893074035644531e+01 6.786762714385986328e+00
1.266383266448974609e+01 2.395798683166503906e+01 -3.219186019897460938e+01 2.064567089080810547e+00 1.424173641204833984e+01 5.554968357086181641e+00
1.270743274688720703e+01 2.425448608398437500e+01 -3.209548950195312500e+01 2.290989160537719727e+00 1.603140640258789062e+01 3.988958120346069336e+00
1.275491428375244141e+01 2.457700157165527344e+01 -3.203399658203125000e+01 2.424629449844360352e+00 1.692289161682128906e+01 2.309580087661743164e+00
1.280705642700195312e+01 2.491230201721191406e+01 -3.200485992431640625e+01 2.826514720916748047e+00 1.704165458679199219e+01 7.409275174140930176e-01
1.286272239685058594e+01 2.524596786499023438e+01 -3.200518417358398438e+01 2.765490770339965820e+00 1.718369483947753906e+01 -5.751196146011352539e-01
1.291830444335937500e+01 2.557314491271972656e+01 -3.202936553955078125e+01 3.059502601623535156e+00 1.633158111572265625e+01 -2.090206146240234375e+00
1.298144626617431641e+01 2.588457489013671875e+01 -3.208238601684570312e+01 3.476579427719116211e+00 1.575888061523437500e+01 -3.191423177719116211e+00
1.304929733276367188e+01 2.618281936645507812e+01 -3.215420150756835938e+01 3.607155799865722656e+00 1.469775676727294922e+01 -4.002413749694824219e+00
1.311345291137695312e+01 2.646423149108886719e+01 -3.224155044555664062e+01 3.038563728332519531e+00 1.397156906127929688e+01 -4.902404308319091797e+00
1.317122554779052734e+01 2.672643661499023438e+01 -3.234257507324218750e+01 3.019073009490966797e+00 1.276903533935546875e+01 -5.304027080535888672e+00
1.323199081420898438e+01 2.696277046203613281e+01 -3.244732666015625000e+01 3.136715888977050781e+00 1.153311061859130859e+01 -5.533871650695800781e+00
1.328979682922363281e+01 2.717144393920898438e+01 -3.255913162231445312e+01 3.006307840347290039e+00 1.002921962738037109e+01 -6.027168750762939453e+00
1.334671211242675781e+01 2.736165618896484375e+01 -3.268136596679687500e+01 2.929713487625122070e+00 9.383586883544921875e+00 -6.299831390380859375e+00
1.340442943572998047e+01 2.753536987304687500e+01 -3.280469512939453125e+01 3.151222467422485352e+00 8.613564491271972656e+00 -6.474571228027343750e+00
1.346629619598388672e+01 2.769514656066894531e+01 -3.293436813354492188e+01 2.767063856124877930e+00 7.939031124114990234e+00 -6.720032215118408203e+00
1.351554393768310547e+01 2.784568595886230469e+01 -3.306983947753906250e+01 2.502227544784545898e+00 7.378767967224121094e+00 -6.863299846649169922e+00
1.356260299682617188e+01 2.797929954528808594e+01 -3.320966339111328125e+01 2.374899148941040039e+00 6.435141086578369141e+00 -7.054923057556152344e+00
1.361166095733642578e+01 2.809913825988769531e+01 -3.334872055053710938e+01 2.520791292190551758e+00 5.897931575775146484e+00 -7.302226066589355469e+00
1.365570831298828125e+01 2.820613861083984375e+01 -3.349258422851562500e+01 2.003499507904052734e+00 5.146735191345214844e+00 -7.421741008758544922e+00
1.371843719482421875e+01 2.834157562255859375e+01 -3.370484161376953125e+01 2.128593206405639648e+00 4.360845088958740234e+00 -7.283579826354980469e+00
1.375388813018798828e+01 2.842320251464843750e+01 -3.385094070434570312e+01 1.404688239097595215e+00 3.704380750656127930e+00 -7.439201354980468750e+00
1.377789783477783203e+01 2.849103927612304688e+01 -3.399626159667968750e+01 1.387412309646606445e+00 3.091579914093017578e+00 -7.609087944030761719e+00
1.380354976654052734e+01 2.854003334045410156e+01 -3.414493560791015625e+01 1.373001337051391602e+00 1.902088046073913574e+00 -7.609668731689453125e+00
1.383961486816406250e+01 2.857238388061523438e+01 -3.429410934448242188e+01 2.066593647003173828e+00 1.562079429626464844e+00 -7.491569995880126953e+00
1.388341712951660156e+01 2.859888458251953125e+01 -3.444398498535156250e+01 2.482870340347290039e+00 1.298675775527954102e+00 -7.791211128234863281e+00
1.393463420867919922e+01 2.862854957580566406e+01 -3.459740447998046875e+01 2.729468345642089844e+00 1.500059723854064941e+00 -7.639950275421142578e+00
1.399081325531005859e+01 2.866291999816894531e+01 -3.474820327758789062e+01 2.590792894363403320e+00 1.875798106193542480e+00 -8.019521713256835938e+00
1.403708267211914062e+01 2.869679641723632812e+01 -3.490096664428710938e+01 2.332493305206298828e+00 1.550216555595397949e+00 -7.796061515808105469e+00
1.407668781280517578e+01 2.873315238952636719e+01 -3.505589675903320312e+01 1.601448893547058105e+00 1.791636347770690918e+00 -7.982173442840576172e+00
1.410165500640869141e+01 2.876056098937988281e+01 -3.520736312866210938e+01 1.202138662338256836e+00 6.921799182891845703e-01 -7.780027389526367188e+00
1.412987613677978516e+01 2.876644515991210938e+01 -3.535825347900390625e+01 1.743753075599670410e+00 3.536725649610161781e-03 -7.801943778991699219e+00
1.416735744476318359e+01 2.876011085510253906e+01 -3.550849151611328125e+01 1.955980539321899414e+00 -5.649143457412719727e-01 -7.787625312805175781e+00
1.420707893371582031e+01 2.875039672851562500e+01 -3.566231155395507812e+01 1.781027793884277344e+00 -3.318075835704803467e-01 -7.750413417816162109e+00
1.423870658874511719e+01 2.874335670471191406e+01 -3.581319808959960938e+01 1.845488786697387695e+00 -3.602308928966522217e-01 -7.789901733398437500e+00
1.427425193786621094e+01 2.873557472229003906e+01 -3.596486282348632812e+01 1.513300776481628418e+00 -6.472430229187011719e-01 -7.827034950256347656e+00
1.430187797546386719e+01 2.871252441406250000e+01 -3.611555480957031250e+01 1.489825963973999023e+00 -1.559703469276428223e+00 -7.501447200775146484e+00
1.433587265014648438e+01 2.867810630798339844e+01 -3.626350021362304688e+01 2.076277017593383789e+00 -1.833504676818847656e+00 -7.727188110351562500e+00
1.437747859954833984e+01 2.864550781250000000e+01 -3.641300582885742188e+01 2.042864084243774414e+00 -1.389154314994812012e+00 -7.489502906799316406e+00
1.441706085205078125e+01 2.861374282836914062e+01 -3.655803680419921875e+01 2.143561124801635742e+00 -1.576802730560302734e+00 -7.518258571624755859e+00
1.445769214630126953e+01 2.858944702148437500e+01 -3.670442581176757812e+01 1.508873105049133301e+00 -1.075020670890808105e+00 -7.327009677886962891e+00
1.448689365386962891e+01 2.854859733581542969e+01 -3.690836334228515625e+01 7.632700800895690918e-01 -2.110481023788452148e+00 -6.890256404876708984e+00
1.450588417053222656e+01 2.850143051147460938e+01 -3.704350280761718750e+01 1.042865276336669922e+00 -2.582654476165771484e+00 -6.960934638977050781e+00
1.453211402893066406e+01 2.844253730773925781e+01 -3.717827606201171875e+01 1.773839116096496582e+00 -3.048836946487426758e+00 -6.911965847015380859e+00
1.456575775146484375e+01 2.838882064819335938e+01 -3.731255722045898438e+01 1.478849887847900391e+00 -2.543012857437133789e+00 -6.734055995941162109e+00
1.460356330871582031e+01 2.833764648437500000e+01 -3.744051742553710938e+01 1.933619976043701172e+00 -2.326152801513671875e+00 -6.431402683258056641e+00
1.463916969299316406e+01 2.829675483703613281e+01 -3.756479263305664062e+01 1.610161423683166504e+00 -1.997107863426208496e+00 -6.232150554656982422e+00
1.466519641876220703e+01 2.825843429565429688e+01 -3.768703079223632812e+01 1.092317461967468262e+00 -2.221283197402954102e+00 -6.324533939361572266e+00
1.468019580841064453e+01 2.821783447265625000e+01 -3.781077575683593750e+01 6.055608987808227539e-01 -2.251885414123535156e+00 -6.299693584442138672e+00
1.469204044342041016e+01 2.816776657104492188e+01 -3.793001174926757812e+01 7.515213489532470703e-01 -2.571636438369750977e+00 -6.026207923889160156e+00
1.470811557769775391e+01 2.811459541320800781e+01 -3.805124664306640625e+01 1.104772090911865234e+00 -2.770092010498046875e+00 -6.209180831909179688e+00
1.472887897491455078e+01 2.806384086608886719e+01 -3.816839981079101562e+01 1.027419924736022949e+00 -2.706648588180541992e+00 -6.053114414215087891e+00
1.474765110015869141e+01 2.800697898864746094e+01 -3.828511428833007812e+01 9.894634485244750977e-01 -3.016321182250976562e+00 -6.020271301269531250e+00
1.476706409454345703e+01 2.795523071289062500e+01 -3.840433120727539062e+01 1.135830998420715332e+00 -2.552111625671386719e+00 -6.097321033477783203e+00
1.478992462158203125e+01 2.789655303955078125e+01 -3.852167510986328125e+01 1.143749237060546875e+00 -3.263881921768188477e+00 -5.890680789947509766e+00
1.481551170349121094e+01 2.783600807189941406e+01 -3.864051437377929688e+01 1.259208798408508301e+00 -2.915319442749023438e+00 -6.110502243041992188e+00
1.484246158599853516e+01 2.778039169311523438e+01 -3.875758361816406250e+01 1.604302763938903809e+00 -2.829137325286865234e+00 -6.176864624023437500e+00
1.487625026702880859e+01 2.772796440124511719e+01 -3.887570953369140625e+01 1.594817876815795898e+00 -2.455438137054443359e+00 -5.845576763153076172e+00
1.490367412567138672e+01 2.768045425415039062e+01 -3.899111175537109375e+01 1.453382253646850586e+00 -2.455652236938476562e+00 -6.067975044250488281e+00
1.493056774139404297e+01 2.763974952697753906e+01 -3.910930633544921875e+01 1.253081202507019043e+00 -2.026769161224365234e+00 -5.959425449371337891e+00
1.495334053039550781e+01 2.759589958190917969e+01 -3.922670364379882812e+01 1.142739057540893555e+00 -2.321432352066040039e+00 -6.224828720092773438e+00
1.498106956481933594e+01 2.753461837768554688e+01 -3.940363693237304688e+01 7.590078115463256836e-01 -2.004417419433593750e+00 -6.195086479187011719e+00
1.499438381195068359e+01 2.749470520019531250e+01 -3.952352905273437500e+01 6.205254793167114258e-01 -2.163903951644897461e+00 -6.053291320800781250e+00
1.500557994842529297e+01 2.745156669616699219e+01 -3.964458084106445312e+01 6.613833904266357422e-01 -2.234548807144165039e+00 -6.200314044952392578e+00
1.502347469329833984e+01 2.740185165405273438e+01 -3.976551437377929688e+01 1.139476895332336426e+00 -2.692904472351074219e+00 -6.231243610382080078e+00
1.505562114715576172e+01 2.734592819213867188e+01 -3.988492584228515625e+01 1.775627255439758301e+00 -2.524109363555908203e+00 -6.068035125732421875e+00
1.508201122283935547e+01 2.730525398254394531e+01 -4.001175308227539062e+01 1.152090311050415039e+00 -2.126652479171752930e+00 -6.347526073455810547e+00
1.510465049743652344e+01 2.725656890869140625e+01 -4.013529586791992188e+01 1.032813429832458496e+00 -2.427955389022827148e+00 -6.281652450561523438e+00
1.512667274475097656e+01 2.721492195129394531e+01 -4.025345611572265625e+01 1.019548773765563965e+00 -2.162312030792236328e+00 -5.968830108642578125e+00
1.513960075378417969e+01 2.716212463378906250e+01 -4.037347412109375000e+01 6.429440379142761230e-01 -3.119443893432617188e+00 -6.046943664550781250e+00
1.515571308135986328e+01 2.710324287414550781e+01 -4.049119186401367188e+01 8.539311289787292480e-01 -2.778115749359130859e+00 -6.193640708923339844e+00
1.517415523529052734e+01 2.704553985595703125e+01 -4.061323165893554688e+01 1.138700842857360840e+00 -3.255553960800170898e+00 -6.022824287414550781e+00
1.520053768157958984e+01 2.697253990173339844e+01 -4.072502517700195312e+01 1.532986879348754883e+00 -3.635781526565551758e+00 -5.821671962738037109e+00
1.523243999481201172e+01 2.690392112731933594e+01 -4.083841323852539062e+01 1.506643533706665039e+00 -3.284579515457153320e+00 -5.834679603576660156e+00
1.526641941070556641e+01 2.683645629882812500e+01 -4.095400619506835938e+01 2.066635847091674805e+00 -3.409458398818969727e+00 -5.930591106414794922e+00
1.530780315399169922e+01 2.677721786499023438e+01 -4.106848144531250000e+01 1.780912280082702637e+00 -2.730921745300292969e+00 -5.767721176147460938e+00
1.533112907409667969e+01 2.671714973449707031e+01 -4.117388916015625000e+01 1.037045359611511230e+00 -3.302575826644897461e+00 -5.436828613281250000e+00
1.535909938812255859e+01 2.665861701965332031e+01 -4.128250885009765625e+01 1.586874842643737793e+00 -2.676374912261962891e+00 -5.666607379913330078e+00
1.538532257080078125e+01 2.660797119140625000e+01 -4.139236068725585938e+01 1.181413173675537109e+00 -2.721781969070434570e+00 -5.551304817199707031e+00
1.540628528594970703e+01 2.655254936218261719e+01 -4.150074386596679688e+01 9.061916470527648926e-01 -2.892737865447998047e+00 -5.657358646392822266e+00
1.542227554321289062e+01 2.649566268920898438e+01 -4.161133956909179688e+01 5.448787808418273926e-01 -3.079793453216552734e+00 -5.792716503143310547e+00
1.542878532409667969e+01 2.643409538269042969e+01 -4.172339248657226562e+01 2.556925714015960693e-01 -3.293188333511352539e+00 -5.785322666168212891e+00
1.542868900299072266e+01 2.632395553588867188e+01 -4.189142227172851562e+01 -8.205943554639816284e-02 -4.173195362091064453e+00 -5.583742618560791016e+00
1.542812824249267578e+01 2.623594474792480469e+01 -4.200197601318359375e+01 1.299151480197906494e-01 -4.978100776672363281e+00 -5.705373287200927734e+00
1.543402290344238281e+01 2.613342666625976562e+01 -4.211106109619140625e+01 7.115095853805541992e-01 -5.288140296936035156e+00 -5.368802070617675781e+00
1.545846557617187500e+01 2.602462196350097656e+01 -4.222177124023437500e+01 1.574265837669372559e+00 -5.767961025238037109e+00 -5.554896831512451172e+00
1.549875164031982422e+01 2.591977310180664062e+01 -4.232768630981445312e+01 2.298780679702758789e+00 -4.991872787475585938e+00 -5.533611774444580078e+00
1.554272270202636719e+01 2.582690811157226562e+01 -4.243577957153320312e+01 2.091478347778320312e+00 -4.742218494415283203e+00 -5.466987609863281250e+00
1.558202075958251953e+01 2.574931335449218750e+01 -4.254382324218750000e+01 1.758129239082336426e+00 -3.631473541259765625e+00 -5.354642391204833984e+00
1.561100101470947266e+01 2.567018127441406250e+01 -4.264806365966796875e+01 1.082365393638610840e+00 -4.688764572143554688e+00 -5.244081497192382812e+00
1.562488746643066406e+01 2.557969856262207031e+01 -4.274794006347656250e+01 3.342660367488861084e-01 -4.818907737731933594e+00 -5.154185771942138672e+00
1.562025070190429688e+01 2.547703552246093750e+01 -4.284669876098632812e+01 -3.276113271713256836e-01 -5.938451766967773438e+00 -4.818986892700195312e+00
1.560971069335937500e+01 2.535351181030273438e+01 -4.292978668212890625e+01 -7.174237966537475586e-01 -6.767652034759521484e+00 -3.702101945877075195e+00
1.558880901336669922e+01 2.520979881286621094e+01 -4.299040222167968750e+01 -1.267882943153381348e+00 -7.759927749633789062e+00 -2.551952838897705078e+00
1.556377410888671875e+01 2.504292869567871094e+01 -4.302631759643554688e+01 -1.155560731887817383e+00 -9.068135261535644531e+00 -1.163548469543457031e+00
1.554758739471435547e+01 2.486474418640136719e+01 -4.303570556640625000e+01 -5.773137211799621582e-01 -8.879631996154785156e+00 7.054387032985687256e-02
1.554258441925048828e+01 2.469938278198242188e+01 -4.301681900024414062e+01 -1.489450633525848389e-01 -7.862357616424560547e+00 1.954127788543701172e+00
1.554723548889160156e+01 2.455878257751464844e+01 -4.296668243408203125e+01 4.989930391311645508e-01 -6.226784706115722656e+00 2.909735202789306641e+00
1.556449127197265625e+01 2.445717811584472656e+01 -4.290317153930664062e+01 9.159207344055175781e-01 -4.332305431365966797e+00 3.554026365280151367e+00
1.557777881622314453e+01 2.438891410827636719e+01 -4.283521270751953125e+01 5.428016185760498047e-01 -2.877618312835693359e+00 3.360133171081542969e+00
1.558347988128662109e+01 2.434369277954101562e+01 -4.277382278442382812e+01 6.446783244609832764e-02 -1.632611632347106934e+00 3.120982885360717773e+00
1.557947826385498047e+01 2.432267570495605469e+01 -4.271735763549804688e+01 -4.186862707138061523e-01 -7.431829571723937988e-01 2.646353721618652344e+00
1.556292819976806641e+01 2.431205177307128906e+01 -4.267861938476562500e+01 -7.743174433708190918e-01 -7.391276359558105469e-01 1.611491084098815918e+00
1.555025482177734375e+01 2.429307746887207031e+01 -4.264262008666992188e+01 -3.491243720054626465e-01 -6.163702607154846191e-01 7.751844525337219238e-01
1.555041027069091797e+01 2.428110122680664062e+01 -4.263602828979492188e+01 3.901622593402862549e-01 -4.732975959777832031e-01 -1.536226123571395874e-01
1.556391716003417969e+01 2.427351951599121094e+01 -4.264589309692382812e+01 8.908312916755676270e-01 -5.261412858963012695e-01 -7.950409650802612305e-01
1.558470249176025391e+01 2.426240921020507812e+01 -4.266936111450195312e+01 1.185694098472595215e+00 -2.665464580059051514e-01 -1.734782338142395020e+00
1.561478996276855469e+01 2.426409721374511719e+01 -4.270415878295898438e+01 1.541803836822509766e+00 2.298640757799148560e-01 -2.062173843383789062e+00
1.564955902099609375e+01 2.427155876159667969e+01 -4.275418090820312500e+01 1.571442842483520508e+00 7.506312727928161621e-01 -2.882447481155395508e+00
1.568046951293945312e+01 2.429358482360839844e+01 -4.281813049316406250e+01 1.523420214653015137e+00 1.113546013832092285e+00 -3.429041147232055664e+00
1.571133708953857422e+01 2.431303596496582031e+01 -4.289202499389648438e+01 1.676288127899169922e+00 1.007847666740417480e+00 -4.061593532562255859e+00
1.573940086364746094e+01 2.433605384826660156e+01 -4.297690582275390625e+01 1.171919226646423340e+00 1.344087243080139160e+00 -4.631339073181152344e+00
1.576142978668212891e+01 2.435556221008300781e+01 -4.307084655761718750e+01 1.424049973487854004e+00 6.885077953338623047e-01 -4.953748703002929688e+00
1.579254055023193359e+01 2.436699485778808594e+01 -4.317118453979492188e+01 1.716875195503234863e+00 7.293184995651245117e-01 -5.297803401947021484e+00
1.582256889343261719e+01 2.438267517089843750e+01 -4.327530670166015625e+01 1.349423646926879883e+00 9.099401831626892090e-01 -5.620672225952148438e+00
1.585183811187744141e+01 2.439773368835449219e+01 -4.338759613037109375e+01 1.746033549308776855e+00 6.137198805809020996e-01 -5.890476226806640625e+00
1.588883686065673828e+01 2.441349983215332031e+01 -4.350555419921875000e+01 1.816852211952209473e+00 1.004964232444763184e+00 -5.999757289886474609e+00
1.591979408264160156e+01 2.442962265014648438e+01 -4.362643051147460938e+01 1.548465013504028320e+00 5.679498314857482910e-01 -6.326663494110107422e+00
1.595538043975830078e+01 2.444105148315429688e+01 -4.375144577026367188e+01 1.984150171279907227e+00 7.200473546981811523e-01 -6.543308258056640625e+00
1.599493217468261719e+01 2.445858001708984375e+01 -4.387915420532226562e+01 1.933210015296936035e+00 8.914374113082885742e-01 -6.559953689575195312e+00
1.603803825378417969e+01 2.448096275329589844e+01 -4.400971603393554688e+01 2.171096801757812500e+00 1.702489852905273438e+00 -6.992509365081787109e+00
1.606954002380371094e+01 2.452150535583496094e+01 -4.414665985107421875e+01 1.242891788482666016e+00 1.893557310104370117e+00 -7.035041332244873047e+00
1.610147857666015625e+01 2.455284500122070312e+01 -4.428506088256835938e+01 1.852100610733032227e+00 1.354696869850158691e+00 -7.380220413208007812e+00
1.612979698181152344e+01 2.457776069641113281e+01 -4.442900466918945312e+01 1.133552908897399902e+00 1.199262619018554688e+00 -7.452603340148925781e+00
1.617058563232421875e+01 2.460746192932128906e+01 -4.464997100830078125e+01 1.857522368431091309e+00 1.114265322685241699e+00 -7.652619361877441406e+00
1.619824218750000000e+01 2.462785911560058594e+01 -4.480329513549804688e+01 1.518706083297729492e+00 8.852238059043884277e-01 -8.035135269165039062e+00
1.622774314880371094e+01 2.464001655578613281e+01 -4.495958709716796875e+01 1.530028223991394043e+00 3.424636423587799072e-01 -8.104132652282714844e+00
1.625839805603027344e+01 2.464060211181640625e+01 -4.511720657348632812e+01 1.714069843292236328e+00 -1.955324411392211914e-01 -8.066748619079589844e+00
1.629384040832519531e+01 2.463624191284179688e+01 -4.527674484252929688e+01 2.128976583480834961e+00 -3.210920989513397217e-01 -8.160900115966796875e+00
1.633608055114746094e+01 2.463084793090820312e+01 -4.543942260742187500e+01 1.986276030540466309e+00 -2.437684684991836548e-01 -8.339825630187988281e+00
1.637702178955078125e+01 2.462255859375000000e+01 -4.559993362426757812e+01 2.265210390090942383e+00 -3.883201777935028076e-01 -8.202324867248535156e+00
1.642171287536621094e+01 2.461527252197265625e+01 -4.576439285278320312e+01 2.549511909484863281e+00 -5.162222385406494141e-01 -8.439082145690917969e+00
1.647462081909179688e+01 2.460317802429199219e+01 -4.592762756347656250e+01 2.571678400039672852e+00 -6.697549819946289062e-01 -8.068359375000000000e+00
1.652216720581054688e+01 2.459348678588867188e+01 -4.608763885498046875e+01 2.055838108062744141e+00 -2.738687396049499512e-01 -8.327659606933593750e+00
1.656331634521484375e+01 2.458479309082031250e+01 -4.625000762939453125e+01 2.114886760711669922e+00 -6.195570826530456543e-01 -8.307040214538574219e+00
1.660605621337890625e+01 2.457683753967285156e+01 -4.641063690185546875e+01 2.027511119842529297e+00 -1.942003518342971802e-01 -8.321874618530273438e+00
1.664463043212890625e+01 2.457053947448730469e+01 -4.657157516479492188e+01 1.824385643005371094e+00 -5.155089497566223145e-01 -8.144575119018554688e+00
1.668442153930664062e+01 2.456265449523925781e+01 -4.673124313354492188e+01 1.903991937637329102e+00 -3.626357913017272949e-01 -8.124792098999023438e+00
1.671975326538085938e+01 2.455611991882324219e+01 -4.689170837402343750e+01 1.619938254356384277e+00 -4.374825358390808105e-01 -8.131469726562500000e+00
1.674834632873535156e+01 2.454916763305664062e+01 -4.704801177978515625e+01 1.335622310638427734e+00 -2.745749354362487793e-01 -8.235800743103027344e+00
1.677389144897460938e+01 2.453893852233886719e+01 -4.720922851562500000e+01 1.277075529098510742e+00 -6.422708630561828613e-01 -8.089201927185058594e+00
1.679985237121582031e+01 2.452082252502441406e+01 -4.736827850341796875e+01 1.590252161026000977e+00 -1.088867187500000000e+00 -8.216949462890625000e+00
1.682636260986328125e+01 2.450211334228515625e+01 -4.752316665649414062e+01 1.116529703140258789e+00 -8.043145537376403809e-01 -7.932345867156982422e+00
1.685007286071777344e+01 2.448184204101562500e+01 -4.768025970458984375e+01 1.271347284317016602e+00 -1.284451007843017578e+00 -7.794126033782958984e+00
1.687520027160644531e+01 2.445758628845214844e+01 -4.783695602416992188e+01 1.190053462982177734e+00 -1.193264126777648926e+00 -7.800746440887451172e+00
1.691226577758789062e+01 2.441408348083496094e+01 -4.805734252929687500e+01 1.727534770965576172e+00 -1.375633955001831055e+00 -7.402546882629394531e+00
1.694581604003906250e+01 2.438401412963867188e+01 -4.820087432861328125e+01 1.758842587471008301e+00 -1.565782904624938965e+00 -7.373792171478271484e+00
1.698648262023925781e+01 2.435651016235351562e+01 -4.834640502929687500e+01 2.286475658416748047e+00 -9.777346253395080566e-01 -7.435715675354003906e+00
1.702943038940429688e+01 2.434291267395019531e+01 -4.848877334594726562e+01 2.160593509674072266e+00 -5.875492691993713379e-01 -7.205898284912109375e+00
1.707554626464843750e+01 2.433291625976562500e+01 -4.862423324584960938e+01 2.420175075531005859e+00 -1.664708405733108521e-01 -7.004278182983398438e+00
1.712122535705566406e+01 2.433146095275878906e+01 -4.876312255859375000e+01 2.078947782516479492e+00 -3.613186255097389221e-02 -6.936529159545898438e+00
1.716189002990722656e+01 2.433151435852050781e+01 -4.890037918090820312e+01 2.065032482147216797e+00 -1.150321122258901596e-02 -6.928391456604003906e+00
1.719638824462890625e+01 2.433372116088867188e+01 -4.903797912597656250e+01 1.854797124862670898e+00 2.732817232608795166e-01 -7.078664302825927734e+00
1.722678375244140625e+01 2.434613418579101562e+01 -4.917539596557617188e+01 1.217916011810302734e+00 6.734343767166137695e-01 -7.267581939697265625e+00
1.724652099609375000e+01 2.435479164123535156e+01 -4.932219314575195312e+01 1.023496270179748535e+00 1.347271203994750977e-01 -7.638572216033935547e+00
1.726874923706054688e+01 2.435494041442871094e+01 -4.947158050537109375e+01 1.250304937362670898e+00 -1.254853159189224243e-01 -7.727044105529785156e+00
1.729418754577636719e+01 2.435207176208496094e+01 -4.962406539916992188e+01 1.258344531059265137e+00 -1.087593212723731995e-01 -8.000219345092773438e+00
1.731379890441894531e+01 2.434908294677734375e+01 -4.977851104736328125e+01 1.077175259590148926e+00 -1.934392601251602173e-01 -7.797055244445800781e+00
1.734120178222656250e+01 2.434386253356933594e+01 -4.993384170532226562e+01 1.968937993049621582e+00 -4.390290081501007080e-01 -8.258528709411621094e+00
1.738896942138671875e+01 2.433306884765625000e+01 -5.009518814086914062e+01 2.350969314575195312e+00 -2.844299376010894775e-01 -8.153881072998046875e+00
1.744122123718261719e+01 2.433068084716796875e+01 -5.025401687622070312e+01 2.949294328689575195e+00 2.433091402053833008e-01 -8.159310340881347656e+00
1.750297164916992188e+01 2.434152030944824219e+01 -5.041801452636718750e+01 3.000800848007202148e+00 7.941244840621948242e-01 -8.627621650695800781e+00
1.756472396850585938e+01 2.436257553100585938e+01 -5.059120178222656250e+01 3.207150220870971680e+00 1.270619034767150879e+00 -9.102216720581054688e+00
1.762413406372070312e+01 2.439697456359863281e+01 -5.077295684814453125e+01 2.692640066146850586e+00 2.173967838287353516e+00 -9.440596580505371094e+00
1.767555427551269531e+01 2.444551277160644531e+01 -5.096238327026367188e+01 2.545311212539672852e+00 2.323625564575195312e+00 -9.735384941101074219e+00
1.772177505493164062e+01 2.448572349548339844e+01 -5.115715026855468750e+01 2.225173950195312500e+00 1.812512397766113281e+00 -1.030426597595214844e+01
1.776925277709960938e+01 2.452901268005371094e+01 -5.147394943237304688e+01 1.346790075302124023e+00 6.395953297615051270e-01 -1.099163246154785156e+01
1.778876495361328125e+01 2.453148460388183594e+01 -5.169334411621093750e+01 7.823523879051208496e-01 -8.320094943046569824e-01 -1.135332584381103516e+01
1.780104255676269531e+01 2.449622726440429688e+01 -5.191277313232421875e+01 7.890129089355468750e-01 -2.506158351898193359e+00 -1.100818347930908203e+01
1.782392311096191406e+01 2.443671417236328125e+01 -5.212197113037109375e+01 1.412235021591186523e+00 -3.562572717666625977e+00 -1.061743545532226562e+01
1.784852409362792969e+01 2.435656166076660156e+01 -5.232433700561523438e+01 1.364417791366577148e+00 -4.258954524993896484e+00 -9.993321418762207031e+00
1.788323211669921875e+01 2.426838493347167969e+01 -5.251461791992187500e+01 1.818745613098144531e+00 -4.469347476959228516e+00 -9.311036109924316406e+00
1.792381095886230469e+01 2.418027496337890625e+01 -5.269058609008789062e+01 2.081081151962280273e+00 -4.321076393127441406e+00 -8.721242904663085938e+00
1.796891784667968750e+01 2.409990119934082031e+01 -5.285353469848632812e+01 2.231082439422607422e+00 -3.894537210464477539e+00 -7.866692543029785156e+00
1.801968383789062500e+01 2.402821922302246094e+01 -5.300813674926757812e+01 2.442664623260498047e+00 -3.414540529251098633e+00 -7.663911819458007812e+00
1.806518554687500000e+01 2.396936607360839844e+01 -5.315695190429687500e+01 2.302733421325683594e+00 -2.372262716293334961e+00 -7.539575576782226562e+00
1.810751724243164062e+01 2.393177604675292969e+01 -5.329777908325195312e+01 1.938821196556091309e+00 -1.700953006744384766e+00 -7.144497394561767578e+00
1.814488029479980469e+01 2.390776634216308594e+01 -5.343149566650390625e+01 1.725710272789001465e+00 -8.405508995056152344e-01 -6.691858291625976562e+00
1.817117691040039062e+01 2.389559936523437500e+01 -5.356154632568359375e+01 1.279927492141723633e+00 -8.284587860107421875e-01 -6.600100994110107422e+00
1.819742202758789062e+01 2.387531852722167969e+01 -5.368550872802734375e+01 1.052602529525756836e+00 -1.008303284645080566e+00 -6.139649868011474609e+00
1.820728492736816406e+01 2.385980606079101562e+01 -5.380405426025390625e+01 3.092933595180511475e-01 -9.057094454765319824e-01 -6.296563625335693359e+00
1.821862983703613281e+01 2.383453750610351562e+01 -5.391729736328125000e+01 7.607243061065673828e-01 -1.588912010192871094e+00 -5.637711048126220703e+00
1.822646522521972656e+01 2.380508232116699219e+01 -5.402856063842773438e+01 3.437525928020477295e-01 -1.178620338439941406e+00 -5.613540649414062500e+00
1.823770713806152344e+01 2.377947807312011719e+01 -5.413445281982421875e+01 8.373779058456420898e-01 -1.621942400932312012e+00 -5.162140369415283203e+00
1.825751495361328125e+01 2.374525833129882812e+01 -5.423416137695312500e+01 1.212351441383361816e+00 -1.809393048286437988e+00 -4.979926109313964844e+00
1.828500556945800781e+01 2.371377372741699219e+01 -5.433366775512695312e+01 1.668677806854248047e+00 -1.187690258026123047e+00 -5.068908214569091797e+00
1.833451080322265625e+01 2.367819213867187500e+01 -5.447348022460937500e+01 1.722277402877807617e+00 -1.328347086906433105e+00 -4.567401409149169922e+00
1.836819267272949219e+01 2.366218376159667969e+01 -5.456304931640625000e+01 1.701808691024780273e+00 -6.624858975410461426e-01 -4.683598995208740234e+00
1.840038871765136719e+01 2.364225578308105469e+01 -5.464953231811523438e+01 1.922437191009521484e+00 -1.104637980461120605e+00 -4.348327636718750000e+00
1.844138526916503906e+01 2.362620162963867188e+01 -5.473434829711914062e+01 1.996613979339599609e+00 -5.606856346130371094e-01 -4.072147846221923828e+00
1.848040199279785156e+01 2.361893653869628906e+01 -5.481547546386718750e+01 1.786187052726745605e+00 -1.402087658643722534e-01 -4.180694103240966797e+00
1.851324081420898438e+01 2.362082672119140625e+01 -5.489196014404296875e+01 1.374522924423217773e+00 1.549715399742126465e-01 -3.989266872406005859e+00
1.853804588317871094e+01 2.361514472961425781e+01 -5.496965408325195312e+01 1.339032530784606934e+00 -3.304506838321685791e-01 -3.951669692993164062e+00
1.855737113952636719e+01 2.360863685607910156e+01 -5.504492568969726562e+01 8.651977181434631348e-01 -3.161274492740631104e-01 -3.625975131988525391e+00
1.857719421386718750e+01 2.360534667968750000e+01 -5.511949539184570312e+01 9.070840477943420410e-01 -1.607308834791183472e-01 -3.766694068908691406e+00
1.858954811096191406e+01 2.359539413452148438e+01 -5.519386672973632812e+01 6.719632148742675781e-01 -5.899452567100524902e-01 -3.622908115386962891e+00
1.860447883605957031e+01 2.358239936828613281e+01 -5.526293945312500000e+01 7.077593803405761719e-01 -8.156509995460510254e-01 -3.451023578643798828e+00
1.861974525451660156e+01 2.356765365600585938e+01 -5.532961273193359375e+01 9.281331300735473633e-01 -8.499459624290466309e-01 -3.307191610336303711e+00
1.863563728332519531e+01 2.354774856567382812e+01 -5.539727783203125000e+01 7.473175525665283203e-01 -1.161376833915710449e+00 -3.416151285171508789e+00
1.866100692749023438e+01 2.353158569335937500e+01 -5.546593093872070312e+01 1.512049317359924316e+00 -2.987478971481323242e-01 -3.414355278015136719e+00
1.868747520446777344e+01 2.352396965026855469e+01 -5.553073883056640625e+01 1.250357270240783691e+00 -4.917832911014556885e-01 -3.334281206130981445e+00
1.870897865295410156e+01 2.351826095581054688e+01 -5.559498596191406250e+01 1.101830005645751953e+00 -2.450375258922576904e-01 -3.256903409957885742e+00
1.873322677612304688e+01 2.351327323913574219e+01 -5.565729141235351562e+01 1.334096074104309082e+00 -3.910358250141143799e-01 -3.188385009765625000e+00
1.876009559631347656e+01 2.350442123413085938e+01 -5.571903228759765625e+01 1.312308192253112793e+00 -1.736653596162796021e-01 -3.022173881530761719e+00
1.878109169006347656e+01 2.351039505004882812e+01 -5.577073669433593750e+01 8.946461677551269531e-01 6.058827638626098633e-01 -2.738199710845947266e+00
1.879888916015625000e+01 2.351856803894042969e+01 -5.582563781738281250e+01 1.400921940803527832e+00 6.109681725502014160e-01 -2.745522499084472656e+00
1.882725524902343750e+01 2.353382492065429688e+01 -5.588063049316406250e+01 1.120759367942810059e+00 8.874042630195617676e-01 -2.801002979278564453e+00
1.885867500305175781e+01 2.357109260559082031e+01 -5.596871566772460938e+01 1.355635643005371094e+00 1.691894650459289551e+00 -2.925166845321655273e+00
1.888323402404785156e+01 2.360302162170410156e+01 -5.602747344970703125e+01 9.460242986679077148e-01 1.686484456062316895e+00 -2.903908729553222656e+00
1.889811134338378906e+01 2.363777160644531250e+01 -5.608769989013671875e+01 8.457111120223999023e-01 1.852442383766174316e+00 -3.225558519363403320e+00
1.891516494750976562e+01 2.367650604248046875e+01 -5.615097427368164062e+01 8.369125723838806152e-01 1.931549072265625000e+00 -3.228484869003295898e+00
1.892473030090332031e+01 2.370662307739257812e+01 -5.621655654907226562e+01 2.837570905685424805e-01 1.194084405899047852e+00 -3.418779611587524414e+00
1.894134140014648438e+01 2.373170852661132812e+01 -5.628625488281250000e+01 8.470894694328308105e-01 1.355585217475891113e+00 -3.641304969787597656e+00
1.895610618591308594e+01 2.375145912170410156e+01 -5.635715103149414062e+01 1.080940723419189453e+00 7.302575111389160156e-01 -3.703328132629394531e+00
1.897914314270019531e+01 2.376765441894531250e+01 -5.643102645874023438e+01 1.224420785903930664e+00 1.132418870925903320e+00 -3.928864717483520508e+00
1.900845146179199219e+01 2.378951835632324219e+01 -5.650550460815429688e+01 1.627782225608825684e+00 9.509826302528381348e-01 -3.783694267272949219e+00
1.904401397705078125e+01 2.380575561523437500e+01 -5.658122253417968750e+01 1.973063707351684570e+00 7.150871753692626953e-01 -3.794175386428833008e+00
1.908446502685546875e+01 2.382183074951171875e+01 -5.666036987304687500e+01 2.057088613510131836e+00 1.143194675445556641e+00 -3.886754512786865234e+00
1.912586402893066406e+01 2.385019874572753906e+01 -5.674064254760742188e+01 2.174804449081420898e+00 1.124168276786804199e+00 -4.304021835327148438e+00
1.917389297485351562e+01 2.386983680725097656e+01 -5.682923507690429688e+01 2.467515945434570312e+00 1.175198435783386230e+00 -4.343762397766113281e+00
1.921719551086425781e+01 2.389790534973144531e+01 -5.691590118408203125e+01 2.415362358093261719e+00 1.559946656227111816e+00 -4.480418682098388672e+00
1.925767135620117188e+01 2.393003082275390625e+01 -5.700571823120117188e+01 1.932790875434875488e+00 1.768769979476928711e+00 -4.633348464965820312e+00
1.929652404785156250e+01 2.396188354492187500e+01 -5.709997177124023438e+01 1.692759156227111816e+00 1.553287982940673828e+00 -5.158503055572509766e+00
1.933278656005859375e+01 2.399153900146484375e+01 -5.719408416748046875e+01 2.113638877868652344e+00 1.564574718475341797e+00 -4.680600166320800781e+00
1.937328529357910156e+01 2.402298355102539062e+01 -5.728668594360351562e+01 1.736289262771606445e+00 1.806989312171936035e+00 -4.778712272644042969e+00
1.940120124816894531e+01 2.405782890319824219e+01 -5.737953186035156250e+01 1.193839550018310547e+00 1.728483796119689941e+00 -4.738095760345458984e+00
1.942375183105468750e+01 2.409293174743652344e+01 -5.747425079345703125e+01 9.762399196624755859e-01 1.868143320083618164e+00 -5.004456520080566406e+00
1.944312477111816406e+01 2.413119506835937500e+01 -5.757354736328125000e+01 6.116190552711486816e-01 1.676132678985595703e+00 -5.114410877227783203e+00
1.946455574035644531e+01 2.417081832885742188e+01 -5.772311019897460938e+01 9.293038249015808105e-01 1.095555186271667480e+00 -5.222952842712402344e+00
1.948426437377929688e+01 2.419351577758789062e+01 -5.782378005981445312e+01 1.017144322395324707e+00 1.360178112983703613e+00 -5.428932189941406250e+00
1.950548934936523438e+01 2.422031211853027344e+01 -5.793206405639648438e+01 1.227862238883972168e+00 1.368652582168579102e+00 -5.643423080444335938e+00
1.952877235412597656e+01 2.425022315979003906e+01 -5.804596328735351562e+01 1.128188967704772949e+00 1.754936218261718750e+00 -6.207889080047607422e+00
1.954939270019531250e+01 2.428019142150878906e+01 -5.817094039916992188e+01 1.096875905990600586e+00 1.139818191528320312e+00 -6.499847888946533203e+00
1.957083892822265625e+01 2.430048751831054688e+01 -5.830292892456054688e+01 1.172190666198730469e+00 8.961586356163024902e-01 -6.918021678924560547e+00
1.959537696838378906e+01 2.431258964538574219e+01 -5.843991851806640625e+01 1.322829842567443848e+00 3.172878026962280273e-01 -7.143383979797363281e+00
1.962718963623046875e+01 2.431378746032714844e+01 -5.857934188842773438e+01 1.619266271591186523e+00 -7.350063323974609375e-02 -7.026402473449707031e+00
1.965473175048828125e+01 2.431231498718261719e+01 -5.871400070190429688e+01 1.359989404678344727e+00 -9.685587882995605469e-02 -6.903300285339355469e+00
1.968709373474121094e+01 2.430183792114257812e+01 -5.884905624389648438e+01 1.721789479255676270e+00 -8.716022372245788574e-01 -6.801370143890380859e+00
1.972889900207519531e+01 2.428401374816894531e+01 -5.898101425170898438e+01 2.424371957778930664e+00 -8.659851551055908203e-01 -6.568432807922363281e+00
