1.904630064964294434e+00 3.543035984039306641e+00 -1.922241687774658203e+00
1.913161873817443848e+00 3.598114967346191406e+00 -1.937152743339538574e+00
1.945891022682189941e+00 3.649036645889282227e+00 -1.958910107612609863e+00
1.962729692459106445e+00 3.700480461120605469e+00 -1.979094266891479492e+00
1.984007835388183594e+00 3.755588054656982422e+00 -1.993752479553222656e+00
2.027984619140625000e+00 3.818031787872314453e+00 -2.007052659988403320e+00
2.039557218551635742e+00 3.874162912368774414e+00 -2.018924951553344727e+00
2.058629989624023438e+00 3.920855522155761719e+00 -2.037622213363647461e+00
2.069930553436279297e+00 3.983104467391967773e+00 -2.048778772354125977e+00
2.089030265808105469e+00 4.022293090820312500e+00 -2.067059278488159180e+00
2.126768589019775391e+00 4.067986488342285156e+00 -2.069293260574340820e+00
2.151315689086914062e+00 4.144411087036132812e+00 -2.097894191741943359e+00
2.186593294143676758e+00 4.199051380157470703e+00 -2.103902816772460938e+00
2.212028264999389648e+00 4.255585670471191406e+00 -2.113039970397949219e+00
2.226321935653686523e+00 4.316850662231445312e+00 -2.135771512985229492e+00
2.250007152557373047e+00 4.380414485931396484e+00 -2.147171497344970703e+00
2.270987510681152344e+00 4.435503005981445312e+00 -2.157896280288696289e+00
2.284644603729248047e+00 4.505712032318115234e+00 -2.168024301528930664e+00
2.308311462402343750e+00 4.566646099090576172e+00 -2.171190023422241211e+00
2.338897466659545898e+00 4.642101287841796875e+00 -2.179406642913818359e+00
2.367612600326538086e+00 4.700777053833007812e+00 -2.188849449157714844e+00
2.392146825790405273e+00 4.791259288787841797e+00 -2.198345184326171875e+00
2.392326593399047852e+00 4.861484050750732422e+00 -2.201570510864257812e+00
2.414018392562866211e+00 4.926922798156738281e+00 -2.211963415145874023e+00
2.440711736679077148e+00 5.001650333404541016e+00 -2.227641582489013672e+00
2.457976579666137695e+00 5.071801662445068359e+00 -2.234800815582275391e+00
2.487202644348144531e+00 5.157062053680419922e+00 -2.232861042022705078e+00
2.505749702453613281e+00 5.250368595123291016e+00 -2.242124795913696289e+00
2.523854970932006836e+00 5.329524517059326172e+00 -2.245484113693237305e+00
2.548573255538940430e+00 5.424498081207275391e+00 -2.259370088577270508e+00
2.568196773529052734e+00 5.509838581085205078e+00 -2.258892297744750977e+00
2.604711532592773438e+00 5.593238353729248047e+00 -2.271360397338867188e+00
2.645326852798461914e+00 5.735766410827636719e+00 -2.282111406326293945e+00
2.663719892501831055e+00 5.835143089294433594e+00 -2.284386157989501953e+00
2.690055608749389648e+00 5.934304714202880859e+00 -2.279071807861328125e+00
2.714450120925903320e+00 6.032304763793945312e+00 -2.285229921340942383e+00
2.733695745468139648e+00 6.120706558227539062e+00 -2.285594224929809570e+00
2.762806653976440430e+00 6.218197345733642578e+00 -2.289181470870971680e+00
2.790169954299926758e+00 6.320932865142822266e+00 -2.292652845382690430e+00
2.819201707839965820e+00 6.428384780883789062e+00 -2.282313108444213867e+00
2.854740381240844727e+00 6.524996757507324219e+00 -2.280205011367797852e+00
2.879671812057495117e+00 6.637773036956787109e+00 -2.292541027069091797e+00
2.908199071884155273e+00 6.762700557708740234e+00 -2.291388034820556641e+00
2.929971933364868164e+00 6.879602432250976562e+00 -2.292495489120483398e+00
2.958841085433959961e+00 6.992409706115722656e+00 -2.284183979034423828e+00
2.989112138748168945e+00 7.121668815612792969e+00 -2.289070606231689453e+00
3.013698339462280273e+00 7.235105991363525391e+00 -2.287247180938720703e+00
3.059870004653930664e+00 7.361629962921142578e+00 -2.291014432907104492e+00
3.086693048477172852e+00 7.496273994445800781e+00 -2.294394493103027344e+00
3.110264062881469727e+00 7.625040531158447266e+00 -2.289225339889526367e+00
3.139194250106811523e+00 7.764337062835693359e+00 -2.287988424301147461e+00
3.158611774444580078e+00 7.883316516876220703e+00 -2.296960353851318359e+00
3.200863122940063477e+00 8.021272659301757812e+00 -2.288905143737792969e+00
3.244217872619628906e+00 8.233620643615722656e+00 -2.290803670883178711e+00
3.278794765472412109e+00 8.385011672973632812e+00 -2.295751094818115234e+00
3.303329467773437500e+00 8.534132957458496094e+00 -2.288286447525024414e+00
3.341714143753051758e+00 8.689974784851074219e+00 -2.295823097229003906e+00
3.372487783432006836e+00 8.843926429748535156e+00 -2.301027297973632812e+00
3.405120134353637695e+00 9.017630577087402344e+00 -2.295943021774291992e+00
3.440870046615600586e+00 9.173193931579589844e+00 -2.296745777130126953e+00
3.480819940567016602e+00 9.323868751525878906e+00 -2.304623126983642578e+00
3.512493133544921875e+00 9.494509696960449219e+00 -2.307144880294799805e+00
3.547243118286132812e+00 9.669840812683105469e+00 -2.313498020172119141e+00
3.580670833587646484e+00 9.833180427551269531e+00 -2.312808513641357422e+00
3.624737501144409180e+00 9.995554924011230469e+00 -2.321750402450561523e+00
3.673340082168579102e+00 1.017805671691894531e+01 -2.322280645370483398e+00
3.713424205780029297e+00 1.035809612274169922e+01 -2.321880340576171875e+00
3.760790109634399414e+00 1.055829620361328125e+01 -2.330446481704711914e+00
3.780796527862548828e+00 1.075806999206542969e+01 -2.337706804275512695e+00
3.798902988433837891e+00 1.092946147918701172e+01 -2.334970474243164062e+00
3.856553316116333008e+00 1.112075901031494141e+01 -2.342842102050781250e+00
3.896217823028564453e+00 1.132923030853271484e+01 -2.353047132492065430e+00
3.926862716674804688e+00 1.152957534790039062e+01 -2.368449687957763672e+00
3.988027572631835938e+00 1.184833335876464844e+01 -2.394695520401000977e+00
4.035493850708007812e+00 1.206932449340820312e+01 -2.406491994857788086e+00
4.070117473602294922e+00 1.229288482666015625e+01 -2.412922382354736328e+00
4.116021633148193359e+00 1.250741767883300781e+01 -2.434023380279541016e+00
4.166363716125488281e+00 1.273493194580078125e+01 -2.453630924224853516e+00
4.219146251678466797e+00 1.297881221771240234e+01 -2.468427658081054688e+00
4.261096000671386719e+00 1.322262096405029297e+01 -2.499240159988403320e+00
4.300231933593750000e+00 1.346523666381835938e+01 -2.517783880233764648e+00
4.345262527465820312e+00 1.369334030151367188e+01 -2.542772054672241211e+00
4.407085895538330078e+00 1.394773864746093750e+01 -2.564553022384643555e+00
4.472956180572509766e+00 1.421678829193115234e+01 -2.591204404830932617e+00
4.526750564575195312e+00 1.448169994354248047e+01 -2.627509355545043945e+00
4.578112602233886719e+00 1.476973533630371094e+01 -2.664083957672119141e+00
4.637901306152343750e+00 1.503784561157226562e+01 -2.708736181259155273e+00
4.676929473876953125e+00 1.532100009918212891e+01 -2.752433776855468750e+00
4.734473228454589844e+00 1.561102390289306641e+01 -2.796694755554199219e+00
4.787035465240478516e+00 1.590985679626464844e+01 -2.841467142105102539e+00
4.845654964447021484e+00 1.621092987060546875e+01 -2.899500131607055664e+00
4.904427051544189453e+00 1.653000831604003906e+01 -2.958905935287475586e+00
4.973939895629882812e+00 1.685395240783691406e+01 -3.026037693023681641e+00
5.044855594635009766e+00 1.716640663146972656e+01 -3.097509384155273438e+00
5.152740001678466797e+00 1.769763183593750000e+01 -3.220332622528076172e+00
5.219793319702148438e+00 1.803894615173339844e+01 -3.314500093460083008e+00
5.300059795379638672e+00 1.840209007263183594e+01 -3.410356998443603516e+00
5.366779327392578125e+00 1.877017402648925781e+01 -3.522495985031127930e+00
5.461510658264160156e+00 1.916452217102050781e+01 -3.649041414260864258e+00
5.538872241973876953e+00 1.955656814575195312e+01 -3.782107353210449219e+00
5.621109008789062500e+00 1.997686767578125000e+01 -3.936267852783203125e+00
5.695221900939941406e+00 2.038656425476074219e+01 -4.093646526336669922e+00
5.782321453094482422e+00 2.079901885986328125e+01 -4.276226043701171875e+00
5.896727561950683594e+00 2.122902107238769531e+01 -4.471326351165771484e+00
6.019146442413330078e+00 2.167300796508789062e+01 -4.690022945404052734e+00
6.116561412811279297e+00 2.214434051513671875e+01 -4.938104152679443359e+00
6.231954574584960938e+00 2.259319305419921875e+01 -5.223279476165771484e+00
6.366285800933837891e+00 2.305918693542480469e+01 -5.535545825958251953e+00
6.503844738006591797e+00 2.353422546386718750e+01 -5.884430885314941406e+00
6.642637252807617188e+00 2.399889373779296875e+01 -6.277338027954101562e+00
6.780579090118408203e+00 2.447813987731933594e+01 -6.713188648223876953e+00
6.936008453369140625e+00 2.491868972778320312e+01 -7.197571277618408203e+00
7.088654518127441406e+00 2.535527420043945312e+01 -7.721172332763671875e+00
7.241646289825439453e+00 2.573937034606933594e+01 -8.281290054321289062e+00
7.400139808654785156e+00 2.608316802978515625e+01 -8.885420799255371094e+00
7.648511886596679688e+00 2.654865646362304688e+01 -9.828386306762695312e+00
7.814267158508300781e+00 2.683629608154296875e+01 -1.047863101959228516e+01
7.965898036956787109e+00 2.706900024414062500e+01 -1.114201450347900391e+01
8.108303070068359375e+00 2.728068923950195312e+01 -1.181536293029785156e+01
8.253540039062500000e+00 2.744303512573242188e+01 -1.247537517547607422e+01
8.395295143127441406e+00 2.760119819641113281e+01 -1.311731243133544922e+01
8.524696350097656250e+00 2.773001861572265625e+01 -1.375966644287109375e+01
8.649473190307617188e+00 2.782099342346191406e+01 -1.438418388366699219e+01
8.754493713378906250e+00 2.790233039855957031e+01 -1.499104118347167969e+01
8.861187934875488281e+00 2.797279739379882812e+01 -1.558063983917236328e+01
8.969577789306640625e+00 2.801184272766113281e+01 -1.614133644104003906e+01
9.057013511657714844e+00 2.804895973205566406e+01 -1.669357299804687500e+01
9.155491828918457031e+00 2.806805610656738281e+01 -1.721927261352539062e+01
9.258367538452148438e+00 2.809417915344238281e+01 -1.771982955932617188e+01
9.351349830627441406e+00 2.811975288391113281e+01 -1.819844818115234375e+01
9.429469108581542969e+00 2.813073158264160156e+01 -1.866529464721679688e+01
9.509222984313964844e+00 2.814120483398437500e+01 -1.910158729553222656e+01
9.585035324096679688e+00 2.813721084594726562e+01 -1.953381347656250000e+01
9.660547256469726562e+00 2.812642860412597656e+01 -1.994529533386230469e+01
9.748842239379882812e+00 2.812826728820800781e+01 -2.034465217590332031e+01
9.811927795410156250e+00 2.811367797851562500e+01 -2.072572708129882812e+01
9.924806594848632812e+00 2.808982658386230469e+01 -2.126467895507812500e+01
9.986402511596679688e+00 2.807422447204589844e+01 -2.161089897155761719e+01
1.005349540710449219e+01 2.804689788818359375e+01 -2.193675613403320312e+01
1.010440540313720703e+01 2.802908515930175781e+01 -2.225721931457519531e+01
1.017450046539306641e+01 2.800437545776367188e+01 -2.256575584411621094e+01
1.022537040710449219e+01 2.798586082458496094e+01 -2.285850906372070312e+01
1.027698707580566406e+01 2.794564247131347656e+01 -2.314306831359863281e+01
1.034140205383300781e+01 2.792985534667968750e+01 -2.342410278320312500e+01
1.038588237762451172e+01 2.789924812316894531e+01 -2.368738365173339844e+01
1.041694450378417969e+01 2.786519050598144531e+01 -2.396128273010253906e+01
1.047127342224121094e+01 2.782428359985351562e+01 -2.421325492858886719e+01
1.052274131774902344e+01 2.778970336914062500e+01 -2.445121574401855469e+01
1.056045341491699219e+01 2.775032043457031250e+01 -2.468882751464843750e+01
1.061522483825683594e+01 2.771282958984375000e+01 -2.491495704650878906e+01
1.066372203826904297e+01 2.767650222778320312e+01 -2.513227081298828125e+01
1.071000289916992188e+01 2.764810180664062500e+01 -2.534707260131835938e+01
1.074739933013916016e+01 2.760203170776367188e+01 -2.555987930297851562e+01
1.079578876495361328e+01 2.756921768188476562e+01 -2.575195884704589844e+01
1.083660697937011719e+01 2.752443122863769531e+01 -2.595356559753417969e+01
1.087831497192382812e+01 2.747444534301757812e+01 -2.613909339904785156e+01
1.092125701904296875e+01 2.745894622802734375e+01 -2.632661056518554688e+01
1.095315837860107422e+01 2.741632080078125000e+01 -2.658914184570312500e+01
1.096988868713378906e+01 2.737927627563476562e+01 -2.676526641845703125e+01
1.101527976989746094e+01 2.734170341491699219e+01 -2.693139839172363281e+01
1.104219150543212891e+01 2.730308532714843750e+01 -2.709737968444824219e+01
1.106601810455322266e+01 2.727358818054199219e+01 -2.725525856018066406e+01
1.109670448303222656e+01 2.724599456787109375e+01 -2.740493965148925781e+01
1.112930297851562500e+01 2.721130752563476562e+01 -2.755139541625976562e+01
1.115935516357421875e+01 2.717338180541992188e+01 -2.770392417907714844e+01
1.120479965209960938e+01 2.715289497375488281e+01 -2.784465980529785156e+01
1.122200012207031250e+01 2.713739013671875000e+01 -2.798676872253417969e+01
1.125623703002929688e+01 2.710697174072265625e+01 -2.814290428161621094e+01
1.127932739257812500e+01 2.708017921447753906e+01 -2.828124046325683594e+01
1.131806182861328125e+01 2.704228019714355469e+01 -2.842032241821289062e+01
1.134182453155517578e+01 2.702800369262695312e+01 -2.856117248535156250e+01
1.136411190032958984e+01 2.699460411071777344e+01 -2.870164299011230469e+01
1.140199089050292969e+01 2.696044731140136719e+01 -2.883243942260742188e+01
1.143763732910156250e+01 2.692473602294921875e+01 -2.895424270629882812e+01
1.147485065460205078e+01 2.690572357177734375e+01 -2.909298706054687500e+01
1.148799705505371094e+01 2.689422607421875000e+01 -2.921992111206054688e+01
1.149980449676513672e+01 2.686159324645996094e+01 -2.933684539794921875e+01
1.152856826782226562e+01 2.683464431762695312e+01 -2.946029663085937500e+01
1.156480503082275391e+01 2.678358078002929688e+01 -2.963228607177734375e+01
1.157332229614257812e+01 2.674775695800781250e+01 -2.975112533569335938e+01
1.160241413116455078e+01 2.671360969543457031e+01 -2.986385536193847656e+01
1.161749649047851562e+01 2.667615127563476562e+01 -2.997578048706054688e+01
1.165346431732177734e+01 2.664124679565429688e+01 -3.009001922607421875e+01
1.167733192443847656e+01 2.659815788269042969e+01 -3.020262145996093750e+01
1.171041488647460938e+01 2.656428909301757812e+01 -3.031061935424804688e+01
1.173054122924804688e+01 2.652497673034667969e+01 -3.042382240295410156e+01
1.174739742279052734e+01 2.648071098327636719e+01 -3.053441238403320312e+01
1.177260780334472656e+01 2.644091987609863281e+01 -3.064427375793457031e+01
1.178948497772216797e+01 2.640510177612304688e+01 -3.074488639831542969e+01
1.180224990844726562e+01 2.634800338745117188e+01 -3.085191726684570312e+01
1.184122657775878906e+01 2.629625320434570312e+01 -3.095339012145996094e+01
1.186607646942138672e+01 2.624398040771484375e+01 -3.105962753295898438e+01
1.189073562622070312e+01 2.619960784912109375e+01 -3.116899681091308594e+01
1.192252445220947266e+01 2.614221763610839844e+01 -3.126268196105957031e+01
1.194305610656738281e+01 2.609288597106933594e+01 -3.136476135253906250e+01
1.196418094635009766e+01 2.606281280517578125e+01 -3.145762825012207031e+01
1.196739482879638672e+01 2.601766395568847656e+01 -3.154533958435058594e+01
1.197351169586181641e+01 2.596425628662109375e+01 -3.163743782043457031e+01
1.199725246429443359e+01 2.586792182922363281e+01 -3.176777839660644531e+01
1.202767181396484375e+01 2.580651664733886719e+01 -3.185262298583984375e+01
1.204843807220458984e+01 2.575132751464843750e+01 -3.193113327026367188e+01
1.207615089416503906e+01 2.568548774719238281e+01 -3.200703430175781250e+01
1.209178352355957031e+01 2.563112068176269531e+01 -3.208817291259765625e+01
1.210410881042480469e+01 2.556188774108886719e+01 -3.217326354980468750e+01
1.213694095611572266e+01 2.550272750854492188e+01 -3.225056838989257812e+01
1.214179134368896484e+01 2.544946670532226562e+01 -3.232217407226562500e+01
1.216699981689453125e+01 2.540366744995117188e+01 -3.239639663696289062e+01
1.218657875061035156e+01 2.534875106811523438e+01 -3.246209335327148438e+01
1.219157695770263672e+01 2.529183387756347656e+01 -3.252731323242187500e+01
1.219773674011230469e+01 2.522447776794433594e+01 -3.260821533203125000e+01
1.222649669647216797e+01 2.518038177490234375e+01 -3.267560195922851562e+01
1.223045730590820312e+01 2.511046409606933594e+01 -3.273780822753906250e+01
1.225959014892578125e+01 2.502334594726562500e+01 -3.279885482788085938e+01
1.227220630645751953e+01 2.496699714660644531e+01 -3.286932754516601562e+01
1.227804183959960938e+01 2.489862442016601562e+01 -3.292754745483398438e+01
1.229800796508789062e+01 2.483930397033691406e+01 -3.298025131225585938e+01
1.232295417785644531e+01 2.477298164367675781e+01 -3.304538726806640625e+01
1.233342456817626953e+01 2.471508598327636719e+01 -3.311082458496093750e+01
1.234037876129150391e+01 2.465312957763671875e+01 -3.316443252563476562e+01
1.236224269866943359e+01 2.457569885253906250e+01 -3.324237060546875000e+01
1.235475826263427734e+01 2.450916671752929688e+01 -3.329530334472656250e+01
1.236007881164550781e+01 2.444693756103515625e+01 -3.335201263427734375e+01
1.237433433532714844e+01 2.437805366516113281e+01 -3.340084075927734375e+01
1.239759159088134766e+01 2.429342842102050781e+01 -3.345436859130859375e+01
1.241503238677978516e+01 2.424934196472167969e+01 -3.349852752685546875e+01
1.242098140716552734e+01 2.419423484802246094e+01 -3.353815078735351562e+01
1.242967414855957031e+01 2.413976097106933594e+01 -3.358147811889648438e+01
1.243098258972167969e+01 2.408487892150878906e+01 -3.362239074707031250e+01
1.244467735290527344e+01 2.401457405090332031e+01 -3.365642166137695312e+01
1.246980094909667969e+01 2.395481109619140625e+01 -3.369252395629882812e+01
1.248382472991943359e+01 2.390120124816894531e+01 -3.372403717041015625e+01
1.248215293884277344e+01 2.385661697387695312e+01 -3.375302886962890625e+01
1.247766876220703125e+01 2.380024147033691406e+01 -3.377264785766601562e+01
1.249223613739013672e+01 2.373299598693847656e+01 -3.379556274414062500e+01
1.249025249481201172e+01 2.367101478576660156e+01 -3.381226348876953125e+01
1.250813007354736328e+01 2.361487770080566406e+01 -3.382004547119140625e+01
1.251612186431884766e+01 2.356168556213378906e+01 -3.383811187744140625e+01
1.253267288208007812e+01 2.352825927734375000e+01 -3.384235763549804688e+01
1.254784774780273438e+01 2.347759246826171875e+01 -3.385586547851562500e+01
1.256464195251464844e+01 2.344223976135253906e+01 -3.385998535156250000e+01
1.256278324127197266e+01 2.337830352783203125e+01 -3.386317443847656250e+01
1.255838298797607422e+01 2.332907676696777344e+01 -3.385810089111328125e+01
1.255561351776123047e+01 2.327936172485351562e+01 -3.385157775878906250e+01
1.257266998291015625e+01 2.322907257080078125e+01 -3.383925628662109375e+01
1.258649444580078125e+01 2.317633247375488281e+01 -3.381920242309570312e+01
1.259593868255615234e+01 2.314651107788085938e+01 -3.380181884765625000e+01
1.259905147552490234e+01 2.310805511474609375e+01 -3.377683258056640625e+01
1.258166980743408203e+01 2.307643508911132812e+01 -3.374868392944335938e+01
1.258178329467773438e+01 2.302878761291503906e+01 -3.371010971069335938e+01
1.258481693267822266e+01 2.300084495544433594e+01 -3.367047882080078125e+01
1.257758903503417969e+01 2.297222900390625000e+01 -3.362738418579101562e+01
1.259255027770996094e+01 2.294063377380371094e+01 -3.356964492797851562e+01
1.259521484375000000e+01 2.292625427246093750e+01 -3.351283645629882812e+01
1.259082317352294922e+01 2.291949462890625000e+01 -3.344269561767578125e+01
1.259884834289550781e+01 2.292098045349121094e+01 -3.336662292480468750e+01
1.259311389923095703e+01 2.294534873962402344e+01 -3.327722167968750000e+01
1.257836246490478516e+01 2.296429061889648438e+01 -3.317384719848632812e+01
1.256894588470458984e+01 2.300987243652343750e+01 -3.306948471069335938e+01
1.255678939819335938e+01 2.305803489685058594e+01 -3.294112014770507812e+01
1.256217956542968750e+01 2.312750434875488281e+01 -3.281283569335937500e+01
1.257087135314941406e+01 2.324114608764648438e+01 -3.267286682128906250e+01
1.260611438751220703e+01 2.348832130432128906e+01 -3.244908905029296875e+01
1.263111495971679688e+01 2.370528221130371094e+01 -3.231530380249023438e+01
1.265869331359863281e+01 2.395705604553222656e+01 -3.219451522827148438e+01
1.270718288421630859e+01 2.425890731811523438e+01 -3.209907913208007812e+01
1.276471233367919922e+01 2.457460403442382812e+01 -3.203409576416015625e+01
1.281131839752197266e+01 2.491515350341796875e+01 -3.200407028198242188e+01
1.285645484924316406e+01 2.524932479858398438e+01 -3.200331497192382812e+01
1.292288589477539062e+01 2.557469367980957031e+01 -3.203281784057617188e+01
1.297941398620605469e+01 2.588335227966308594e+01 -3.208565521240234375e+01
1.305485057830810547e+01 2.617947006225585938e+01 -3.215768814086914062e+01
1.312275695800781250e+01 2.646969223022460938e+01 -3.224255752563476562e+01
1.317520809173583984e+01 2.672326469421386719e+01 -3.233758163452148438e+01
1.322965431213378906e+01 2.695768928527832031e+01 -3.244412231445312500e+01
1.328567314147949219e+01 2.717042922973632812e+01 -3.256467056274414062e+01
1.334328556060791016e+01 2.735648536682128906e+01 -3.268257522583007812e+01
1.340440177917480469e+01 2.753049468994140625e+01 -3.280345153808593750e+01
1.346589851379394531e+01 2.769400405883789062e+01 -3.293643188476562500e+01
1.351944828033447266e+01 2.784572219848632812e+01 -3.307395935058593750e+01
1.355734920501708984e+01 2.797565460205078125e+01 -3.320983886718750000e+01
1.361350154876708984e+01 2.809891128540039062e+01 -3.334720611572265625e+01
1.365031814575195312e+01 2.820868110656738281e+01 -3.349303817749023438e+01
1.372205543518066406e+01 2.833362579345703125e+01 -3.370665740966796875e+01
1.374879741668701172e+01 2.841935539245605469e+01 -3.385110092163085938e+01
1.377362537384033203e+01 2.848593330383300781e+01 -3.399675750732421875e+01
1.379897785186767578e+01 2.853776359558105469e+01 -3.414413452148437500e+01
1.383497810363769531e+01 2.856827545166015625e+01 -3.429054260253906250e+01
1.387971115112304688e+01 2.859560203552246094e+01 -3.443711090087890625e+01
1.393486022949218750e+01 2.862329292297363281e+01 -3.460008621215820312e+01
1.398928260803222656e+01 2.866342926025390625e+01 -3.474371719360351562e+01
1.403238201141357422e+01 2.869473266601562500e+01 -3.489585494995117188e+01
1.406793594360351562e+01 2.873820114135742188e+01 -3.505588531494140625e+01
1.410123634338378906e+01 2.876354026794433594e+01 -3.521157836914062500e+01
1.413377571105957031e+01 2.876227951049804688e+01 -3.536477661132812500e+01
1.417006111145019531e+01 2.875876998901367188e+01 -3.550790405273437500e+01
1.421164131164550781e+01 2.875130462646484375e+01 -3.566103744506835938e+01
1.423592853546142578e+01 2.874327278137207031e+01 -3.581201553344726562e+01
1.426544952392578125e+01 2.874125099182128906e+01 -3.596672439575195312e+01
1.429951190948486328e+01 2.870912170410156250e+01 -3.611853790283203125e+01
1.433360481262207031e+01 2.867308044433593750e+01 -3.626480484008789062e+01
1.437510585784912109e+01 2.864945030212402344e+01 -3.641069793701171875e+01
1.442279815673828125e+01 2.861061668395996094e+01 -3.655698013305664062e+01
1.446039009094238281e+01 2.859059524536132812e+01 -3.670702362060546875e+01
1.448979187011718750e+01 2.854719543457031250e+01 -3.690469360351562500e+01
1.450691032409667969e+01 2.850675582885742188e+01 -3.703876876831054688e+01
1.452800559997558594e+01 2.843519401550292969e+01 -3.718291854858398438e+01
1.456263732910156250e+01 2.838736152648925781e+01 -3.730971145629882812e+01
1.461175251007080078e+01 2.833482551574707031e+01 -3.744486236572265625e+01
1.464346790313720703e+01 2.830050659179687500e+01 -3.756298828125000000e+01
1.467389106750488281e+01 2.825959777832031250e+01 -3.768789291381835938e+01
1.467896270751953125e+01 2.821709823608398438e+01 -3.781459808349609375e+01
1.469531250000000000e+01 2.815947151184082031e+01 -3.792823410034179688e+01
1.470951747894287109e+01 2.809992408752441406e+01 -3.805916595458984375e+01
1.472880172729492188e+01 2.806231880187988281e+01 -3.816986083984375000e+01
1.474812889099121094e+01 2.800631332397460938e+01 -3.828672409057617188e+01
1.475656604766845703e+01 2.796202850341796875e+01 -3.840799331665039062e+01
1.478562259674072266e+01 2.789372825622558594e+01 -3.852065658569335938e+01
1.481659507751464844e+01 2.783973884582519531e+01 -3.863908767700195312e+01
1.484135627746582031e+01 2.778241920471191406e+01 -3.875298690795898438e+01
1.487692260742187500e+01 2.773110389709472656e+01 -3.887027740478515625e+01
1.490803050994873047e+01 2.768016624450683594e+01 -3.899802780151367188e+01
1.492468070983886719e+01 2.764180755615234375e+01 -3.911481475830078125e+01
1.494550418853759766e+01 2.759199523925781250e+01 -3.923266983032226562e+01
1.497665023803710938e+01 2.753803253173828125e+01 -3.940371704101562500e+01
1.499181079864501953e+01 2.749218750000000000e+01 -3.952393341064453125e+01
1.500362968444824219e+01 2.745220375061035156e+01 -3.964379882812500000e+01
1.502195167541503906e+01 2.740429878234863281e+01 -3.976490020751953125e+01
1.505536174774169922e+01 2.735240173339843750e+01 -3.989608764648437500e+01
1.508055019378662109e+01 2.729955673217773438e+01 -4.001237487792968750e+01
1.510281085968017578e+01 2.724935913085937500e+01 -4.013594818115234375e+01
1.512924861907958984e+01 2.722499275207519531e+01 -4.025465774536132812e+01
1.513779449462890625e+01 2.716594314575195312e+01 -4.037335968017578125e+01
1.515548610687255859e+01 2.710945510864257812e+01 -4.049343490600585938e+01
1.517231845855712891e+01 2.704814338684082031e+01 -4.061703491210937500e+01
1.520223426818847656e+01 2.697346687316894531e+01 -4.073339843750000000e+01
1.522496700286865234e+01 2.689996719360351562e+01 -4.084407806396484375e+01
1.526645183563232422e+01 2.683935546875000000e+01 -4.095613479614257812e+01
1.530884361267089844e+01 2.677937316894531250e+01 -4.106011581420898438e+01
1.532859134674072266e+01 2.671299934387207031e+01 -4.117643737792968750e+01
1.535798835754394531e+01 2.666172409057617188e+01 -4.128660202026367188e+01
1.538239002227783203e+01 2.660670089721679688e+01 -4.139644241333007812e+01
1.540540313720703125e+01 2.654785346984863281e+01 -4.150111007690429688e+01
1.542364215850830078e+01 2.649108505249023438e+01 -4.161469268798828125e+01
1.543053245544433594e+01 2.643621444702148438e+01 -4.172509384155273438e+01
1.542335987091064453e+01 2.632704162597656250e+01 -4.189277648925781250e+01
1.542551517486572266e+01 2.623896026611328125e+01 -4.200762939453125000e+01
1.543583583831787109e+01 2.612759399414062500e+01 -4.210536956787109375e+01
1.546089458465576172e+01 2.602225112915039062e+01 -4.221977233886718750e+01
1.549860095977783203e+01 2.592400169372558594e+01 -4.232917404174804688e+01
1.554363632202148438e+01 2.582952880859375000e+01 -4.244181060791015625e+01
1.558578968048095703e+01 2.575001907348632812e+01 -4.254258346557617188e+01
1.560699176788330078e+01 2.566390800476074219e+01 -4.265040206909179688e+01
1.562269687652587891e+01 2.558010101318359375e+01 -4.274739456176757812e+01
1.561929512023925781e+01 2.547976303100585938e+01 -4.285403060913085938e+01
1.561443614959716797e+01 2.535855865478515625e+01 -4.292879867553710938e+01
1.559046173095703125e+01 2.520657157897949219e+01 -4.298746871948242188e+01
1.556361579895019531e+01 2.503843307495117188e+01 -4.302624893188476562e+01
1.554659175872802734e+01 2.486619377136230469e+01 -4.303893661499023438e+01
1.554061985015869141e+01 2.470716667175292969e+01 -4.301247024536132812e+01
1.555148124694824219e+01 2.456397056579589844e+01 -4.296271514892578125e+01
1.556955623626708984e+01 2.445598983764648438e+01 -4.290691375732421875e+01
1.557749462127685547e+01 2.439020156860351562e+01 -4.283577728271484375e+01
1.557835960388183594e+01 2.434650039672851562e+01 -4.277864074707031250e+01
1.557710552215576172e+01 2.432182884216308594e+01 -4.271566390991210938e+01
1.555866622924804688e+01 2.430904197692871094e+01 -4.267376708984375000e+01
1.555462360382080078e+01 2.429476737976074219e+01 -4.264550018310546875e+01
1.555175399780273438e+01 2.427849578857421875e+01 -4.263891220092773438e+01
1.556019020080566406e+01 2.427149581909179688e+01 -4.263884353637695312e+01
1.558265876770019531e+01 2.426255035400390625e+01 -4.266627883911132812e+01
1.561541652679443359e+01 2.427136421203613281e+01 -4.270571136474609375e+01
1.564419460296630859e+01 2.427545356750488281e+01 -4.275251770019531250e+01
1.567005252838134766e+01 2.430413246154785156e+01 -4.281848907470703125e+01
1.571516227722167969e+01 2.431793403625488281e+01 -4.289738464355468750e+01
1.573681640625000000e+01 2.433503913879394531e+01 -4.297822570800781250e+01
1.576305484771728516e+01 2.434832763671875000e+01 -4.307112503051757812e+01
1.579086589813232422e+01 2.436068534851074219e+01 -4.317751693725585938e+01
1.581714344024658203e+01 2.437783241271972656e+01 -4.327584457397460938e+01
1.585210609436035156e+01 2.439127540588378906e+01 -4.338735580444335938e+01
1.588332843780517578e+01 2.441348457336425781e+01 -4.350970458984375000e+01
1.591991519927978516e+01 2.442505073547363281e+01 -4.363265991210937500e+01
1.595099639892578125e+01 2.444131088256835938e+01 -4.376074600219726562e+01
1.599338817596435547e+01 2.446714591979980469e+01 -4.388038253784179688e+01
1.603711509704589844e+01 2.447894477844238281e+01 -4.401670455932617188e+01
1.606665420532226562e+01 2.453071594238281250e+01 -4.414549255371093750e+01
1.610373687744140625e+01 2.455270767211914062e+01 -4.429127120971679688e+01
1.613398933410644531e+01 2.457913208007812500e+01 -4.442486190795898438e+01
1.618201065063476562e+01 2.460901832580566406e+01 -4.465514755249023438e+01
1.619903564453125000e+01 2.461961364746093750e+01 -4.480403900146484375e+01
1.623038101196289062e+01 2.464185905456542969e+01 -4.496445083618164062e+01
1.626345443725585938e+01 2.464024925231933594e+01 -4.512161254882812500e+01
1.629241561889648438e+01 2.463651275634765625e+01 -4.528016662597656250e+01
1.633154106140136719e+01 2.463015556335449219e+01 -4.544667816162109375e+01
1.637829971313476562e+01 2.462496948242187500e+01 -4.560333251953125000e+01
1.641740989685058594e+01 2.461918067932128906e+01 -4.576955795288085938e+01
1.647704887390136719e+01 2.460169219970703125e+01 -4.593696975708007812e+01
1.651822853088378906e+01 2.460098457336425781e+01 -4.610041427612304688e+01
1.656126213073730469e+01 2.457933616638183594e+01 -4.625766372680664062e+01
1.660455703735351562e+01 2.457748985290527344e+01 -4.641042709350585938e+01
1.664478874206542969e+01 2.456363868713378906e+01 -4.657363510131835938e+01
1.668253135681152344e+01 2.456408500671386719e+01 -4.672654342651367188e+01
1.672589874267578125e+01 2.455787086486816406e+01 -4.689397430419921875e+01
1.675356864929199219e+01 2.455141830444335938e+01 -4.704933166503906250e+01
1.677571105957031250e+01 2.453885841369628906e+01 -4.721567153930664062e+01
1.679960060119628906e+01 2.451397323608398438e+01 -4.736635589599609375e+01
1.682120895385742188e+01 2.449829673767089844e+01 -4.752927780151367188e+01
1.685021781921386719e+01 2.447936820983886719e+01 -4.768564987182617188e+01
1.686585044860839844e+01 2.446023368835449219e+01 -4.784399032592773438e+01
1.690948104858398438e+01 2.441952514648437500e+01 -4.805944442749023438e+01
1.694669151306152344e+01 2.437668037414550781e+01 -4.820175170898437500e+01
1.699267959594726562e+01 2.435444068908691406e+01 -4.835122299194335938e+01
1.703586196899414062e+01 2.434344291687011719e+01 -4.849337387084960938e+01
1.707387542724609375e+01 2.434371566772460938e+01 -4.862538146972656250e+01
1.711969375610351562e+01 2.432637786865234375e+01 -4.876549148559570312e+01
1.716028594970703125e+01 2.433333396911621094e+01 -4.890063476562500000e+01
1.720333862304687500e+01 2.433451461791992188e+01 -4.904672241210937500e+01
1.722960090637207031e+01 2.434715461730957031e+01 -4.918149948120117188e+01
1.724659538269042969e+01 2.435993003845214844e+01 -4.932839202880859375e+01
1.727324676513671875e+01 2.435640907287597656e+01 -4.947602081298828125e+01
1.729878425598144531e+01 2.434692573547363281e+01 -4.962876129150390625e+01
1.731714439392089844e+01 2.434802436828613281e+01 -4.978239822387695312e+01
1.733289527893066406e+01 2.434437561035156250e+01 -4.993587112426757812e+01
1.739044952392578125e+01 2.432850837707519531e+01 -5.009709548950195312e+01
1.744011688232421875e+01 2.432520675659179688e+01 -5.026178741455078125e+01
1.750441551208496094e+01 2.434516716003417969e+01 -5.041957092285156250e+01
1.756709671020507812e+01 2.435886192321777344e+01 -5.059285354614257812e+01
1.763160705566406250e+01 2.440091133117675781e+01 -5.077125167846679688e+01
1.768177795410156250e+01 2.444329833984375000e+01 -5.096886825561523438e+01
1.772510719299316406e+01 2.448183631896972656e+01 -5.116040039062500000e+01
1.776715660095214844e+01 2.452720260620117188e+01 -5.148141479492187500e+01
1.778526306152343750e+01 2.453569602966308594e+01 -5.169865417480468750e+01
1.780115890502929688e+01 2.450156402587890625e+01 -5.191205596923828125e+01
1.782981491088867188e+01 2.443956947326660156e+01 -5.212440872192382812e+01
1.785483169555664062e+01 2.435548782348632812e+01 -5.232704544067382812e+01
1.788432502746582031e+01 2.426465034484863281e+01 -5.252114105224609375e+01
1.792444419860839844e+01 2.418094062805175781e+01 -5.268908309936523438e+01
1.796666526794433594e+01 2.410405540466308594e+01 -5.285944366455078125e+01
1.801977729797363281e+01 2.403122711181640625e+01 -5.301609420776367188e+01
1.805756187438964844e+01 2.396918106079101562e+01 -5.315874099731445312e+01
1.810221862792968750e+01 2.393450927734375000e+01 -5.330590438842773438e+01
1.814238929748535156e+01 2.390571403503417969e+01 -5.343774795532226562e+01
1.817106056213378906e+01 2.389907836914062500e+01 -5.356611251831054688e+01
1.819771957397460938e+01 2.386946105957031250e+01 -5.368903350830078125e+01
1.820615959167480469e+01 2.386064147949218750e+01 -5.380296707153320312e+01
1.822193527221679688e+01 2.383242797851562500e+01 -5.392315292358398438e+01
1.822465324401855469e+01 2.381214332580566406e+01 -5.403054809570312500e+01
1.822886848449707031e+01 2.377484130859375000e+01 -5.413720321655273438e+01
1.826139640808105469e+01 2.374163818359375000e+01 -5.424252700805664062e+01
1.828524208068847656e+01 2.371758079528808594e+01 -5.434019088745117188e+01
1.833108520507812500e+01 2.367972183227539062e+01 -5.447585296630859375e+01
1.835777664184570312e+01 2.365929031372070312e+01 -5.456812286376953125e+01
1.840569114685058594e+01 2.363653182983398438e+01 -5.465006256103515625e+01
1.844668769836425781e+01 2.362244415283203125e+01 -5.473398208618164062e+01
1.848586273193359375e+01 2.361806106567382812e+01 -5.481887817382812500e+01
1.851680183410644531e+01 2.361999893188476562e+01 -5.489258575439453125e+01
1.854146766662597656e+01 2.361515808105468750e+01 -5.496961212158203125e+01
1.855308914184570312e+01 2.360671806335449219e+01 -5.505157089233398438e+01
1.857965087890625000e+01 2.360619735717773438e+01 -5.512730789184570312e+01
1.858937835693359375e+01 2.359505844116210938e+01 -5.519695281982421875e+01
1.860207557678222656e+01 2.357777976989746094e+01 -5.527027130126953125e+01
1.861502647399902344e+01 2.356453514099121094e+01 -5.532700729370117188e+01
1.863087081909179688e+01 2.354580116271972656e+01 -5.540411758422851562e+01
1.865843582153320312e+01 2.353376007080078125e+01 -5.546604156494140625e+01
1.868545722961425781e+01 2.352547073364257812e+01 -5.553958511352539062e+01
1.870861816406250000e+01 2.351724815368652344e+01 -5.560136032104492188e+01
1.873977088928222656e+01 2.351072502136230469e+01 -5.566136169433593750e+01
1.875969314575195312e+01 2.350243759155273438e+01 -5.571917724609375000e+01
1.877529144287109375e+01 2.351923370361328125e+01 -5.577214431762695312e+01
1.879734420776367188e+01 2.352389335632324219e+01 -5.582638931274414062e+01
1.882853507995605469e+01 2.353870010375976562e+01 -5.588470458984375000e+01
1.886457824707031250e+01 2.357168197631835938e+01 -5.597391128540039062e+01
1.887971687316894531e+01 2.360221099853515625e+01 -5.602369308471679688e+01
1.889044952392578125e+01 2.363559532165527344e+01 -5.608340454101562500e+01
1.891580390930175781e+01 2.367203330993652344e+01 -5.615258789062500000e+01
1.891669082641601562e+01 2.370462799072265625e+01 -5.621661376953125000e+01
1.894393539428710938e+01 2.372920417785644531e+01 -5.629226684570312500e+01
1.895905876159667969e+01 2.375209236145019531e+01 -5.636381149291992188e+01
1.898157119750976562e+01 2.376760673522949219e+01 -5.643421936035156250e+01
1.900502014160156250e+01 2.379226493835449219e+01 -5.650812911987304688e+01
1.903835296630859375e+01 2.380998802185058594e+01 -5.658847045898437500e+01
1.908424186706542969e+01 2.381538391113281250e+01 -5.667044830322265625e+01
1.913087463378906250e+01 2.385560798645019531e+01 -5.674559402465820312e+01
1.917396545410156250e+01 2.387548255920410156e+01 -5.683253097534179688e+01
1.921830940246582031e+01 2.390690231323242188e+01 -5.692110061645507812e+01
1.925404167175292969e+01 2.392998123168945312e+01 -5.701166915893554688e+01
1.929561614990234375e+01 2.396298408508300781e+01 -5.710279083251953125e+01
1.933579826354980469e+01 2.398666763305664062e+01 -5.719935607910156250e+01
1.937373161315917969e+01 2.402138900756835938e+01 -5.728602600097656250e+01
1.939809226989746094e+01 2.405676078796386719e+01 -5.738889312744140625e+01
1.942850303649902344e+01 2.409663391113281250e+01 -5.747550964355468750e+01
1.944579696655273438e+01 2.413210296630859375e+01 -5.757696533203125000e+01
1.946312332153320312e+01 2.417429733276367188e+01 -5.772617340087890625e+01
1.948505401611328125e+01 2.419736862182617188e+01 -5.782757949829101562e+01
1.950273704528808594e+01 2.422012329101562500e+01 -5.793368148803710938e+01
1.952537345886230469e+01 2.425566291809082031e+01 -5.805201339721679688e+01
1.954224967956542969e+01 2.428394317626953125e+01 -5.817285156250000000e+01
1.956747436523437500e+01 2.429651832580566406e+01 -5.830122756958007812e+01
1.959299468994140625e+01 2.431945991516113281e+01 -5.844674682617187500e+01
1.963490676879882812e+01 2.431569480895996094e+01 -5.857868576049804688e+01
1.964826774597167969e+01 2.431281280517578125e+01 -5.872120666503906250e+01
1.969083023071289062e+01 2.430250740051269531e+01 -5.885454559326171875e+01
1.973276901245117188e+01 2.428097915649414062e+01 -5.898435592651367188e+01
