1.099378705024719238e+00 2.254475593566894531e+00 -6.433116644620895386e-02 1.200853228569030762e+00 2.166758537292480469e+00 1.136636212468147278e-01
1.114255070686340332e+00 2.299009799957275391e+00 -6.364436447620391846e-02 5.050877332687377930e-01 2.034898996353149414e+00 4.555525258183479309e-02
1.118878960609436035e+00 2.332575798034667969e+00 -6.160783767700195312e-02 3.646580278873443604e-01 1.386214017868041992e+00 2.404242902994155884e-01
1.134044885635375977e+00 2.359260797500610352e+00 -5.796786025166511536e-02 9.937654733657836914e-01 1.472597718238830566e+00 3.092590868473052979e-01
1.149826526641845703e+00 2.392881155014038086e+00 -5.260190367698669434e-02 5.402890443801879883e-01 2.037117242813110352e+00 4.000266194343566895e-01
1.149658560752868652e+00 2.431806325912475586e+00 -4.449431598186492920e-02 -1.535227801650762558e-02 1.581293106079101562e+00 2.533964514732360840e-01
1.154909610748291016e+00 2.461591482162475586e+00 -4.009469226002693176e-02 5.172494053840637207e-01 1.799276351928710938e+00 3.697332441806793213e-01
1.166757583618164062e+00 2.500384569168090820e+00 -3.340443596243858337e-02 3.951820135116577148e-01 2.000146627426147461e+00 4.507739841938018799e-01
1.179097175598144531e+00 2.537903070449829102e+00 -2.596011944115161896e-02 7.330936193466186523e-01 2.041319608688354492e+00 3.414747118949890137e-01
1.194348573684692383e+00 2.582011461257934570e+00 -1.866736821830272675e-02 7.255633473396301270e-01 2.383556842803955078e+00 2.912940084934234619e-01
1.208080172538757324e+00 2.627873182296752930e+00 -9.040531702339649200e-03 6.775569319725036621e-01 2.389061927795410156e+00 5.692303776741027832e-01
1.227379560470581055e+00 2.701034784317016602e+00 -8.811059524305164814e-04 6.886225938796997070e-01 2.756826400756835938e+00 3.100449740886688232e-01
1.239358663558959961e+00 2.755382537841796875e+00 9.830753318965435028e-03 4.932580888271331787e-01 2.740889787673950195e+00 5.698295831680297852e-01
1.249800682067871094e+00 2.804138660430908203e+00 1.848701760172843933e-02 6.998559236526489258e-01 2.639204502105712891e+00 3.803851008415222168e-01
1.264728784561157227e+00 2.856529951095581055e+00 2.790861949324607849e-02 8.440964221954345703e-01 2.676144838333129883e+00 5.533965826034545898e-01
1.283229589462280273e+00 2.912106513977050781e+00 3.515838831663131714e-02 9.417860507965087891e-01 3.058422327041625977e+00 3.610990345478057861e-01
1.294130563735961914e+00 2.974113225936889648e+00 4.487064480781555176e-02 4.011328518390655518e-01 3.035645246505737305e+00 5.195477008819580078e-01
1.301703929901123047e+00 3.030895709991455078e+00 5.699181929230690002e-02 5.419502258300781250e-01 2.927839517593383789e+00 5.800083279609680176e-01
1.316394567489624023e+00 3.094439268112182617e+00 6.833522021770477295e-02 9.543443918228149414e-01 3.307825565338134766e+00 4.861942529678344727e-01
1.334997415542602539e+00 3.164223670959472656e+00 7.512589544057846069e-02 6.427366137504577637e-01 3.740749597549438477e+00 2.080336660146713257e-01
1.340095877647399902e+00 3.233470916748046875e+00 8.246628195047378540e-02 2.199420630931854248e-01 3.179809808731079102e+00 3.912332355976104736e-01
1.357166647911071777e+00 3.291072607040405273e+00 8.924986422061920166e-02 1.373699545860290527e+00 3.136857986450195312e+00 4.911068379878997803e-01
1.388594508171081543e+00 3.357939958572387695e+00 1.008985415101051331e-01 1.471660256385803223e+00 3.529211997985839844e+00 5.379235744476318359e-01
1.414290547370910645e+00 3.425342321395874023e+00 1.107164174318313599e-01 1.249454617500305176e+00 3.462388277053833008e+00 5.026838183403015137e-01
1.437369942665100098e+00 3.500396490097045898e+00 1.210284233093261719e-01 1.114407539367675781e+00 3.793568611145019531e+00 5.213245749473571777e-01
1.459874510765075684e+00 3.572977781295776367e+00 1.336952596902847290e-01 9.314525723457336426e-01 3.573555707931518555e+00 7.858037352561950684e-01
1.474107384681701660e+00 3.643958091735839844e+00 1.453782767057418823e-01 7.134698033332824707e-01 3.542743444442749023e+00 5.884683728218078613e-01
1.490160346031188965e+00 3.712725400924682617e+00 1.547413766384124756e-01 1.046576976776123047e+00 3.670401811599731445e+00 4.834161996841430664e-01
1.513514876365661621e+00 3.788744211196899414e+00 1.687132567167282104e-01 1.235867857933044434e+00 4.235154151916503906e+00 7.793426513671875000e-01
1.535802841186523438e+00 3.877621889114379883e+00 1.825123280286788940e-01 9.039442539215087891e-01 4.552084445953369141e+00 4.394237399101257324e-01
1.550285220146179199e+00 3.962606430053710938e+00 1.935734748840332031e-01 5.608768463134765625e-01 4.153996944427490234e+00 7.380955219268798828e-01
1.559824705123901367e+00 4.040118217468261719e+00 2.057587802410125732e-01 7.645696401596069336e-01 4.234548568725585938e+00 6.630353331565856934e-01
1.590588569641113281e+00 4.164941787719726562e+00 2.309100031852722168e-01 1.144864439964294434e+00 4.352442264556884766e+00 7.881718873977661133e-01
1.614468693733215332e+00 4.251197338104248047e+00 2.426276355981826782e-01 1.098743677139282227e+00 4.655050277709960938e+00 4.480700194835662842e-01
1.633666157722473145e+00 4.345609664916992188e+00 2.520874738693237305e-01 8.049736022949218750e-01 4.917339324951171875e+00 5.687714219093322754e-01
1.651993274688720703e+00 4.438300132751464844e+00 2.613221406936645508e-01 1.040269732475280762e+00 4.821868896484375000e+00 4.557184875011444092e-01
1.672716736793518066e+00 4.534706115722656250e+00 2.739242911338806152e-01 8.370059132575988770e-01 5.066134452819824219e+00 8.544095158576965332e-01
1.688481450080871582e+00 4.631703853607177734e+00 2.920497357845306396e-01 7.881401777267456055e-01 4.875299453735351562e+00 8.730633854866027832e-01
1.705910801887512207e+00 4.724861145019531250e+00 3.119448125362396240e-01 1.111967086791992188e+00 4.740550994873046875e+00 1.092400789260864258e+00
1.731565356254577637e+00 4.822630882263183594e+00 3.318658471107482910e-01 1.354052662849426270e+00 5.157436847686767578e+00 1.012966394424438477e+00
1.755253911018371582e+00 4.925225257873535156e+00 3.490298092365264893e-01 1.326244592666625977e+00 5.199914932250976562e+00 8.796072006225585938e-01
1.779778957366943359e+00 5.028059959411621094e+00 3.667459785938262939e-01 1.256038784980773926e+00 5.342122077941894531e+00 7.304983735084533691e-01
1.803172826766967773e+00 5.137829303741455078e+00 3.831726610660552979e-01 1.220673918724060059e+00 5.568449020385742188e+00 8.948678374290466309e-01
1.825542807579040527e+00 5.245061397552490234e+00 4.015533626079559326e-01 1.227392077445983887e+00 5.683377742767333984e+00 9.049825072288513184e-01
1.845254182815551758e+00 5.360508918762207031e+00 4.189363121986389160e-01 9.783384203910827637e-01 5.852068901062011719e+00 9.026428461074829102e-01
1.865208625793457031e+00 5.476443290710449219e+00 4.353305697441101074e-01 1.006568312644958496e+00 5.927081584930419922e+00 7.996985912322998047e-01
1.884781479835510254e+00 5.590333938598632812e+00 4.516847133636474609e-01 1.205393075942993164e+00 5.911444664001464844e+00 8.051581382751464844e-01
1.910713791847229004e+00 5.709134101867675781e+00 4.677694141864776611e-01 1.169433951377868652e+00 6.116621017456054688e+00 7.848296165466308594e-01
1.932048678398132324e+00 5.830070972442626953e+00 4.860318601131439209e-01 1.006545424461364746e+00 6.218661308288574219e+00 8.800556063652038574e-01
1.953523159027099609e+00 5.952189445495605469e+00 5.011571645736694336e-01 1.099695324897766113e+00 6.284158229827880859e+00 8.380848765373229980e-01
1.975566744804382324e+00 6.076016902923583984e+00 5.157577395439147949e-01 1.168146848678588867e+00 6.376327514648437500e+00 8.256074786186218262e-01
1.999778509140014648e+00 6.197866439819335938e+00 5.320363044738769531e-01 1.255881428718566895e+00 6.166318893432617188e+00 8.725424408912658691e-01
2.026406764984130859e+00 6.324539184570312500e+00 5.510694384574890137e-01 1.550961732864379883e+00 6.819085121154785156e+00 9.817147254943847656e-01
2.069756746292114258e+00 6.531916618347167969e+00 5.780137181282043457e-01 1.230929613113403320e+00 7.202703952789306641e+00 1.000025391578674316e+00
2.093268156051635742e+00 6.672204494476318359e+00 5.966708660125732422e-01 1.295179843902587891e+00 7.212240219116210938e+00 1.005999326705932617e+00
2.119472265243530273e+00 6.813848495483398438e+00 6.130068898200988770e-01 1.262808203697204590e+00 7.467860221862792969e+00 8.981792926788330078e-01
2.142627954483032227e+00 6.960606098175048828e+00 6.315446496009826660e-01 1.236312150955200195e+00 7.564330101013183594e+00 7.511960268020629883e-01
2.173199892044067383e+00 7.107443809509277344e+00 6.486903429031372070e-01 1.714905738830566406e+00 7.658884048461914062e+00 8.787379264831542969e-01
2.204500436782836914e+00 7.262078762054443359e+00 6.633201241493225098e-01 1.319169998168945312e+00 8.040405273437500000e+00 6.506856083869934082e-01
2.230092763900756836e+00 7.413734436035156250e+00 6.740217804908752441e-01 1.408726215362548828e+00 7.718219280242919922e+00 8.467876315116882324e-01
2.259667634963989258e+00 7.561783790588378906e+00 6.941094398498535156e-01 1.806758880615234375e+00 7.411067008972167969e+00 8.707390427589416504e-01
2.299849987030029297e+00 7.714291095733642578e+00 7.080015540122985840e-01 1.868340969085693359e+00 8.411190986633300781e+00 7.290534973144531250e-01
2.327832937240600586e+00 7.886060237884521484e+00 7.205847501754760742e-01 1.073100209236145020e+00 8.505797386169433594e+00 6.969725489616394043e-01
2.350490093231201172e+00 8.045873641967773438e+00 7.368668913841247559e-01 1.539775490760803223e+00 8.123831748962402344e+00 8.063406944274902344e-01
2.386342048645019531e+00 8.210428237915039062e+00 7.508746385574340820e-01 2.051071405410766602e+00 8.559295654296875000e+00 7.273691892623901367e-01
2.429223060607910156e+00 8.383140563964843750e+00 7.647414207458496094e-01 1.989385962486267090e+00 9.083271026611328125e+00 4.651237726211547852e-01
2.458891391754150391e+00 8.567484855651855469e+00 7.772786021232604980e-01 1.184521913528442383e+00 9.480012893676757812e+00 7.274797558784484863e-01
2.481987476348876953e+00 8.750538825988769531e+00 7.882632613182067871e-01 1.415174841880798340e+00 9.256913185119628906e+00 6.169641613960266113e-01
2.511961221694946289e+00 8.933729171752929688e+00 8.003924489021301270e-01 1.783759832382202148e+00 9.538598060607910156e+00 3.839565217494964600e-01
2.548804521560668945e+00 9.123976707458496094e+00 8.107946515083312988e-01 1.585149288177490234e+00 1.008370399475097656e+01 6.642902493476867676e-01
2.575671195983886719e+00 9.317318916320800781e+00 8.225967288017272949e-01 1.362685799598693848e+00 9.712381362915039062e+00 4.959212541580200195e-01
2.601046085357666016e+00 9.507762908935546875e+00 8.289452195167541504e-01 1.535372018814086914e+00 9.861519813537597656e+00 3.427762091159820557e-01
2.637841939926147461e+00 9.702867507934570312e+00 8.402877449989318848e-01 1.984711647033691406e+00 1.019960117340087891e+01 5.003554224967956543e-01
2.698476076126098633e+00 1.001459312438964844e+01 8.508926033973693848e-01 2.065493822097778320e+00 1.076434898376464844e+01 5.017083883285522461e-02
2.743326187133789062e+00 1.022650432586669922e+01 8.532119393348693848e-01 2.440346240997314453e+00 1.102895450592041016e+01 1.965142786502838135e-01
2.785960197448730469e+00 1.044593811035156250e+01 8.556410670280456543e-01 1.751987099647521973e+00 1.130663776397705078e+01 1.470927894115447998e-01
2.817703962326049805e+00 1.066545963287353516e+01 8.568939566612243652e-01 1.681244850158691406e+00 1.103385925292968750e+01 -7.074397522956132889e-03
2.854486703872680664e+00 1.088489246368408203e+01 8.558014035224914551e-01 2.027245521545410156e+00 1.137520694732666016e+01 -1.207192987203598022e-01
2.896731376647949219e+00 1.110805225372314453e+01 8.534289002418518066e-01 2.391701936721801758e+00 1.163968467712402344e+01 -1.492440402507781982e-01
2.947336673736572266e+00 1.134048271179199219e+01 8.505208492279052734e-01 2.486906290054321289e+00 1.206040287017822266e+01 -1.597486883401870728e-01
2.992982625961303711e+00 1.157703113555908203e+01 8.437373638153076172e-01 2.262834787368774414e+00 1.223319625854492188e+01 -3.741382062435150146e-01
3.034022808074951172e+00 1.181930160522460938e+01 8.332377076148986816e-01 2.090049743652343750e+00 1.245341873168945312e+01 -4.752855896949768066e-01
3.072173118591308594e+00 1.206105041503906250e+01 8.213001489639282227e-01 2.108235359191894531e+00 1.243044471740722656e+01 -6.067112684249877930e-01
3.119790315628051758e+00 1.230748939514160156e+01 8.098347187042236328e-01 2.685673475265502930e+00 1.295700359344482422e+01 -6.910865306854248047e-01
3.172738313674926758e+00 1.256577777862548828e+01 7.950051426887512207e-01 2.662997245788574219e+00 1.341295814514160156e+01 -7.712589502334594727e-01
3.225679874420166016e+00 1.282886600494384766e+01 7.782229781150817871e-01 2.809903860092163086e+00 1.371143817901611328e+01 -8.519966006278991699e-01
3.277715206146240234e+00 1.310393142700195312e+01 7.568438649177551270e-01 2.254958868026733398e+00 1.441032505035400391e+01 -1.192303657531738281e+00
3.317319393157958984e+00 1.338094234466552734e+01 7.337746620178222656e-01 2.210052967071533203e+00 1.411557865142822266e+01 -1.298976421356201172e+00
3.368952989578247070e+00 1.365979003906250000e+01 7.039501070976257324e-01 2.903100967407226562e+00 1.451473522186279297e+01 -1.591084003448486328e+00
3.429394245147705078e+00 1.394955253601074219e+01 6.717472672462463379e-01 3.178260087966918945e+00 1.502923488616943359e+01 -1.944636464118957520e+00
3.490862846374511719e+00 1.424973487854003906e+01 6.321749091148376465e-01 2.943068981170654297e+00 1.548238849639892578e+01 -2.017494916915893555e+00
3.543137073516845703e+00 1.455464553833007812e+01 5.905907750129699707e-01 2.579708337783813477e+00 1.571810817718505859e+01 -2.117191553115844727e+00
3.599356889724731445e+00 1.486394882202148438e+01 5.460878014564514160e-01 3.385296106338500977e+00 1.610917282104492188e+01 -2.564925432205200195e+00
3.670966863632202148e+00 1.518660354614257812e+01 4.925333261489868164e-01 3.457345247268676758e+00 1.701238059997558594e+01 -2.849258422851562500e+00
3.761350870132446289e+00 1.569198703765869141e+01 3.986757993698120117e-01 3.036998271942138672e+00 1.722122192382812500e+01 -3.336599588394165039e+00
3.824861764907836914e+00 1.603190231323242188e+01 3.289928138256072998e-01 3.483545780181884766e+00 1.774110031127929688e+01 -3.985801935195922852e+00
3.899206161499023438e+00 1.638334655761718750e+01 2.510104179382324219e-01 3.999846696853637695e+00 1.830368041992187500e+01 -4.232063293457031250e+00
3.978342771530151367e+00 1.674543190002441406e+01 1.651234030723571777e-01 4.045227527618408203e+00 1.879243659973144531e+01 -4.592090606689453125e+00
4.056912899017333984e+00 1.712500381469726562e+01 6.980606913566589355e-02 3.943562507629394531e+00 1.974435043334960938e+01 -5.156847000122070312e+00
4.131637573242187500e+00 1.750974464416503906e+01 -3.647122904658317566e-02 3.951922178268432617e+00 1.951444625854492188e+01 -5.711113929748535156e+00
4.212666034698486328e+00 1.789198493957519531e+01 -1.568583548069000244e-01 4.494578838348388672e+00 2.010024261474609375e+01 -6.642704486846923828e+00
4.302965641021728516e+00 1.829173469543457031e+01 -2.975996732711791992e-01 4.718121528625488281e+00 2.092577362060546875e+01 -7.537837982177734375e+00
4.396314620971679688e+00 1.870937347412109375e+01 -4.530669152736663818e-01 4.865142822265625000e+00 2.145088958740234375e+01 -8.508886337280273438e+00
4.493166446685791016e+00 1.912746429443359375e+01 -6.301128864288330078e-01 5.058053970336914062e+00 2.148246192932128906e+01 -9.747505187988281250e+00
4.594820976257324219e+00 1.955179023742675781e+01 -8.339030146598815918e-01 5.450189113616943359e+00 2.210122299194335938e+01 -1.113556957244873047e+01
4.709751605987548828e+00 1.998712348937988281e+01 -1.065099358558654785e+00 6.110572814941406250e+00 2.266067504882812500e+01 -1.248568058013916016e+01
4.826587677001953125e+00 2.043977355957031250e+01 -1.324882626533508301e+00 5.874409675598144531e+00 2.348941230773925781e+01 -1.420650959014892578e+01
4.936812877655029297e+00 2.089889144897460938e+01 -1.621882915496826172e+00 5.664653778076171875e+00 2.330819892883300781e+01 -1.602111053466796875e+01
5.052380561828613281e+00 2.134947967529296875e+01 -1.948741197586059570e+00 6.456539630889892578e+00 2.278697204589843750e+01 -1.749091911315917969e+01
5.188701152801513672e+00 2.179345893859863281e+01 -2.308292388916015625e+00 7.165323257446289062e+00 2.294372749328613281e+01 -1.951176834106445312e+01
5.328953266143798828e+00 2.224213600158691406e+01 -2.712760448455810547e+00 7.170154094696044922e+00 2.265125846862792969e+01 -2.192196655273437500e+01
5.469644069671630859e+00 2.267466735839843750e+01 -3.162386417388916016e+00 7.306290626525878906e+00 2.138689613342285156e+01 -2.397529220581054688e+01
5.617659091949462891e+00 2.308287048339843750e+01 -3.652477741241455078e+00 7.622818946838378906e+00 2.040416145324707031e+01 -2.603567886352539062e+01
5.766660690307617188e+00 2.346976852416992188e+01 -4.180666923522949219e+00 7.693385601043701172e+00 1.909864234924316406e+01 -2.782415008544921875e+01
5.914770603179931641e+00 2.382690238952636719e+01 -4.736882209777832031e+00 7.321102142333984375e+00 1.726639938354492188e+01 -2.916501045227050781e+01
6.129756450653076172e+00 2.428743171691894531e+01 -5.619428157806396484e+00 7.518854141235351562e+00 1.421109867095947266e+01 -3.092060089111328125e+01
6.275125980377197266e+00 2.454372787475585938e+01 -6.226024150848388672e+00 7.217084407806396484e+00 1.226032638549804688e+01 -3.107915878295898438e+01
6.416598796844482422e+00 2.476460838317871094e+01 -6.836307048797607422e+00 7.333763122558593750e+00 1.034381771087646484e+01 -3.144500541687011719e+01
6.560993671417236328e+00 2.495096969604492188e+01 -7.451357364654541016e+00 7.441920280456542969e+00 9.017243385314941406e+00 -3.144232177734375000e+01
6.697983264923095703e+00 2.511688232421875000e+01 -8.058767318725585938e+00 6.473205089569091797e+00 7.794200897216796875e+00 -3.063671112060546875e+01
6.817815303802490234e+00 2.524890518188476562e+01 -8.654395103454589844e+00 6.078602313995361328e+00 5.812634468078613281e+00 -3.014256858825683594e+01
6.941059589385986328e+00 2.535017776489257812e+01 -9.234312057495117188e+00 6.356375694274902344e+00 4.991571426391601562e+00 -2.915678787231445312e+01
7.053139209747314453e+00 2.544337844848632812e+01 -9.791734695434570312e+00 5.350864410400390625e+00 4.220420360565185547e+00 -2.814202880859375000e+01
7.157655239105224609e+00 2.551314926147460938e+01 -1.033226776123046875e+01 5.464442253112792969e+00 3.112441062927246094e+00 -2.713259887695312500e+01
7.261700630187988281e+00 2.557034873962402344e+01 -1.084830856323242188e+01 5.104753017425537109e+00 2.755731582641601562e+00 -2.586470031738281250e+01
7.356104850769042969e+00 2.562332344055175781e+01 -1.134203433990478516e+01 4.400328636169433594e+00 2.318844318389892578e+00 -2.462706375122070312e+01
7.439424991607666016e+00 2.565711402893066406e+01 -1.181275272369384766e+01 4.485523223876953125e+00 1.252941846847534180e+00 -2.358774757385253906e+01
7.528280735015869141e+00 2.567811012268066406e+01 -1.225850200653076172e+01 4.471375942230224609e+00 1.137801766395568848e+00 -2.242059516906738281e+01
7.610753536224365234e+00 2.570004272460937500e+01 -1.268452835083007812e+01 3.750872850418090820e+00 7.584045529365539551e-01 -2.122837066650390625e+01
7.680660724639892578e+00 2.570983695983886719e+01 -1.308823394775390625e+01 3.651100397109985352e+00 2.534833848476409912e-01 -2.015242195129394531e+01
7.751290798187255859e+00 2.571198081970214844e+01 -1.347245121002197266e+01 3.417541742324829102e+00 -3.397941589355468750e-02 -1.919213104248046875e+01
7.814172744750976562e+00 2.570642280578613281e+01 -1.383670616149902344e+01 3.224907636642456055e+00 -6.723223328590393066e-01 -1.836033439636230469e+01
7.884743213653564453e+00 2.568841934204101562e+01 -1.418574142456054688e+01 3.790743350982666016e+00 -8.934088349342346191e-01 -1.719347000122070312e+01
7.960495948791503906e+00 2.567497825622558594e+01 -1.451550865173339844e+01 3.807883977890014648e+00 -5.601763129234313965e-01 -1.644549751281738281e+01
8.030050277709960938e+00 2.566658973693847656e+01 -1.482842063903808594e+01 3.272428989410400391e+00 -4.724179506301879883e-01 -1.570971488952636719e+01
8.087635040283203125e+00 2.565485572814941406e+01 -1.512779331207275391e+01 2.649745702743530273e+00 -9.108338952064514160e-01 -1.491354370117187500e+01
8.173107147216796875e+00 2.562098121643066406e+01 -1.554546833038330078e+01 3.191029548645019531e+00 -1.028534531593322754e+00 -1.394310855865478516e+01
8.233376502990722656e+00 2.560570907592773438e+01 -1.581032752990722656e+01 2.801119089126586914e+00 -8.462815284729003906e-01 -1.332697105407714844e+01
8.285672187805175781e+00 2.558447074890136719e+01 -1.606857681274414062e+01 2.533971071243286133e+00 -1.188208580017089844e+00 -1.273622035980224609e+01
8.336928367614746094e+00 2.556085586547851562e+01 -1.631179237365722656e+01 2.704342126846313477e+00 -9.639553427696228027e-01 -1.234143257141113281e+01
8.383802413940429688e+00 2.554033851623535156e+01 -1.655031394958496094e+01 2.058011770248413086e+00 -1.253343343734741211e+00 -1.185721302032470703e+01
8.422081947326660156e+00 2.551016235351562500e+01 -1.677919960021972656e+01 2.182218074798583984e+00 -1.778976678848266602e+00 -1.147517395019531250e+01
8.470121383666992188e+00 2.547161674499511719e+01 -1.700003433227539062e+01 2.679740667343139648e+00 -1.760390996932983398e+00 -1.101175880432128906e+01
8.523218154907226562e+00 2.544098281860351562e+01 -1.721087646484375000e+01 2.679611444473266602e+00 -1.340648889541625977e+00 -1.048650836944580078e+01
8.567409515380859375e+00 2.541376876831054688e+01 -1.741206741333007812e+01 1.853733062744140625e+00 -1.397556543350219727e+00 -1.006107234954833984e+01
8.598655700683593750e+00 2.538358497619628906e+01 -1.760484123229980469e+01 1.673674821853637695e+00 -1.810950636863708496e+00 -9.571108818054199219e+00
8.629749298095703125e+00 2.534695053100585938e+01 -1.779028511047363281e+01 1.506238102912902832e+00 -1.861058235168457031e+00 -9.256835937500000000e+00
8.660113334655761719e+00 2.531042480468750000e+01 -1.797053337097167969e+01 1.662063598632812500e+00 -1.899112462997436523e+00 -9.012027740478515625e+00
8.694590568542480469e+00 2.526997947692871094e+01 -1.814212417602539062e+01 1.756157994270324707e+00 -2.051339864730834961e+00 -8.591550827026367188e+00
8.727787971496582031e+00 2.523076820373535156e+01 -1.830857276916503906e+01 1.606622576713562012e+00 -1.997453331947326660e+00 -8.535457611083984375e+00
8.758755683898925781e+00 2.519498443603515625e+01 -1.847225570678710938e+01 1.485846042633056641e+00 -1.761173129081726074e+00 -7.869863510131835938e+00
8.785901069641113281e+00 2.516150474548339844e+01 -1.862643051147460938e+01 1.400602936744689941e+00 -1.911708235740661621e+00 -7.947309494018554688e+00
8.818065643310546875e+00 2.512195968627929688e+01 -1.877193832397460938e+01 1.741964578628540039e+00 -1.792725086212158203e+00 -7.486021518707275391e+00
8.849737167358398438e+00 2.508953094482421875e+01 -1.891520309448242188e+01 1.493154525756835938e+00 -1.572973370552062988e+00 -7.074985027313232422e+00
8.874651908874511719e+00 2.506054878234863281e+01 -1.904895973205566406e+01 1.026176571846008301e+00 -1.497552752494812012e+00 -6.775252342224121094e+00
8.894160270690917969e+00 2.502870559692382812e+01 -1.917908096313476562e+01 8.725679516792297363e-01 -1.784651756286621094e+00 -6.416321754455566406e+00
8.915264129638671875e+00 2.499179458618164062e+01 -1.930295372009277344e+01 1.346483349800109863e+00 -1.799468874931335449e+00 -6.265595912933349609e+00
8.955800056457519531e+00 2.494122505187988281e+01 -1.948050689697265625e+01 1.401978611946105957e+00 -1.533819913864135742e+00 -6.022685050964355469e+00
8.980583190917968750e+00 2.491303253173828125e+01 -1.959748077392578125e+01 1.127347350120544434e+00 -1.322847604751586914e+00 -5.967860698699951172e+00
9.000568389892578125e+00 2.488708305358886719e+01 -1.971231842041015625e+01 1.150608181953430176e+00 -1.337805628776550293e+00 -5.731058120727539062e+00
9.022541046142578125e+00 2.485927200317382812e+01 -1.982346534729003906e+01 1.046621799468994141e+00 -1.508428454399108887e+00 -5.646051883697509766e+00
9.045665740966796875e+00 2.482810974121093750e+01 -1.993265724182128906e+01 1.346810698509216309e+00 -1.431612610816955566e+00 -5.468600273132324219e+00
9.071379661560058594e+00 2.480566787719726562e+01 -2.003830718994140625e+01 1.089713573455810547e+00 -1.160539746284484863e+00 -5.397348880767822266e+00
9.092054367065429688e+00 2.477783584594726562e+01 -2.014259719848632812e+01 1.138107061386108398e+00 -1.636206746101379395e+00 -5.470366001129150391e+00
9.119136810302734375e+00 2.474870300292968750e+01 -2.024628257751464844e+01 1.436958551406860352e+00 -1.385393500328063965e+00 -4.958425045013427734e+00
9.143081665039062500e+00 2.472439002990722656e+01 -2.034281539916992188e+01 1.109132528305053711e+00 -1.367180943489074707e+00 -5.121865749359130859e+00
9.164545059204101562e+00 2.469463729858398438e+01 -2.044425201416015625e+01 9.398910403251647949e-01 -1.534620046615600586e+00 -5.183072566986083984e+00
9.182611465454101562e+00 2.466316413879394531e+01 -2.054176712036132812e+01 1.081093668937683105e+00 -1.711502075195312500e+00 -4.787196636199951172e+00
9.208113670349121094e+00 2.463072395324707031e+01 -2.063710784912109375e+01 1.636386275291442871e+00 -1.521349668502807617e+00 -4.889518737792968750e+00
9.238324165344238281e+00 2.460655784606933594e+01 -2.073373985290527344e+01 1.296408057212829590e+00 -1.333950996398925781e+00 -4.984002113342285156e+00
9.260169982910156250e+00 2.458077430725097656e+01 -2.083128166198730469e+01 7.952619194984436035e-01 -1.348533630371093750e+00 -4.972029685974121094e+00
9.271965026855468750e+00 2.455210304260253906e+01 -2.092744255065917969e+01 5.163174867630004883e-01 -1.907529592514038086e+00 -4.979569911956787109e+00
9.290562629699707031e+00 2.451056671142578125e+01 -2.102298355102539062e+01 1.267537832260131836e+00 -2.077281713485717773e+00 -4.870579719543457031e+00
9.315090179443359375e+00 2.447473716735839844e+01 -2.111900711059570312e+01 1.106664299964904785e+00 -1.603386998176574707e+00 -4.842360973358154297e+00
9.335692405700683594e+00 2.444119071960449219e+01 -2.121220779418945312e+01 1.000936985015869141e+00 -1.727992534637451172e+00 -4.774735927581787109e+00
9.361400604248046875e+00 2.440816116333007812e+01 -2.130122756958007812e+01 1.304382681846618652e+00 -1.473508477210998535e+00 -4.504545211791992188e+00
9.381949424743652344e+00 2.437763977050781250e+01 -2.139114570617675781e+01 6.783313751220703125e-01 -1.729861021041870117e+00 -4.582938194274902344e+00
9.391123771667480469e+00 2.433767509460449219e+01 -2.148056030273437500e+01 5.320758223533630371e-01 -2.293588638305664062e+00 -4.501855850219726562e+00
9.422260284423828125e+00 2.426757431030273438e+01 -2.161106109619140625e+01 1.270977616310119629e+00 -2.084499597549438477e+00 -4.403953552246093750e+00
9.444283485412597656e+00 2.422877693176269531e+01 -2.169742774963378906e+01 8.917829990386962891e-01 -2.218943119049072266e+00 -4.445962429046630859e+00
9.464816093444824219e+00 2.417910003662109375e+01 -2.178435325622558594e+01 1.221097826957702637e+00 -2.484663009643554688e+00 -4.434818744659423828e+00
9.484930992126464844e+00 2.413191795349121094e+01 -2.186823844909667969e+01 8.281962275505065918e-01 -2.455857992172241211e+00 -4.041574001312255859e+00
9.504800796508789062e+00 2.408312416076660156e+01 -2.194690132141113281e+01 1.026214957237243652e+00 -2.599764347076416016e+00 -4.268151760101318359e+00
9.523245811462402344e+00 2.403147697448730469e+01 -2.202985572814941406e+01 9.436968564987182617e-01 -2.462631225585937500e+00 -4.135533332824707031e+00
9.539092063903808594e+00 2.398334884643554688e+01 -2.211118888854980469e+01 1.078075408935546875e+00 -2.629997491836547852e+00 -4.207370281219482422e+00
9.558984756469726562e+00 2.393469047546386719e+01 -2.219248771667480469e+01 7.362723350524902344e-01 -2.476630687713623047e+00 -4.082385063171386719e+00
9.570112228393554688e+00 2.388014793395996094e+01 -2.226868247985839844e+01 7.699339985847473145e-01 -3.118329286575317383e+00 -3.917257070541381836e+00
9.590158462524414062e+00 2.381734657287597656e+01 -2.234448242187500000e+01 1.246325135231018066e+00 -2.972880601882934570e+00 -3.755587577819824219e+00
9.610142707824707031e+00 2.376470375061035156e+01 -2.241918563842773438e+01 8.480420708656311035e-01 -2.526185035705566406e+00 -3.702939271926879883e+00
9.625974655151367188e+00 2.371441650390625000e+01 -2.248952293395996094e+01 7.915109395980834961e-01 -2.770137310028076172e+00 -3.617880105972290039e+00
9.641797065734863281e+00 2.365846252441406250e+01 -2.255773544311523438e+01 8.984619379043579102e-01 -2.779678106307983398e+00 -3.332922458648681641e+00
9.657952308654785156e+00 2.360398483276367188e+01 -2.262540435791015625e+01 6.508347392082214355e-01 -2.853934288024902344e+00 -3.331396102905273438e+00
9.669118881225585938e+00 2.354714012145996094e+01 -2.269015693664550781e+01 4.923266470432281494e-01 -2.946079015731811523e+00 -3.371086835861206055e+00
9.679459571838378906e+00 2.348652076721191406e+01 -2.275832748413085938e+01 4.588699638843536377e-01 -3.377970457077026367e+00 -3.550359249114990234e+00
9.687952995300292969e+00 2.341631507873535156e+01 -2.282270622253417969e+01 6.280305385589599609e-01 -3.669734954833984375e+00 -3.183112621307373047e+00
9.705838203430175781e+00 2.334561157226562500e+01 -2.288280487060546875e+01 1.009431719779968262e+00 -3.358124732971191406e+00 -3.190591812133789062e+00
9.727906227111816406e+00 2.328266143798828125e+01 -2.294437217712402344e+01 1.013530850410461426e+00 -3.084675550460815430e+00 -3.205200672149658203e+00
9.747318267822265625e+00 2.322209739685058594e+01 -2.300516319274902344e+01 8.254675269126892090e-01 -3.229128837585449219e+00 -3.030081748962402344e+00
9.772319793701171875e+00 2.313358306884765625e+01 -2.308947181701660156e+01 6.181921362876892090e-01 -2.770326137542724609e+00 -2.885242938995361328e+00
9.777304649353027344e+00 2.307754325866699219e+01 -2.314479255676269531e+01 5.217628926038742065e-02 -3.116463184356689453e+00 -2.656830549240112305e+00
9.776185035705566406e+00 2.300876045227050781e+01 -2.319586372375488281e+01 1.262595206499099731e-01 -4.005242347717285156e+00 -2.581976175308227539e+00
9.786979675292968750e+00 2.293234634399414062e+01 -2.324551582336425781e+01 7.965229153633117676e-01 -3.654425144195556641e+00 -2.545726060867309570e+00
9.805481910705566406e+00 2.286807250976562500e+01 -2.329132843017578125e+01 7.488914728164672852e-01 -3.010617733001708984e+00 -2.437189102172851562e+00
9.811644554138183594e+00 2.280805587768554688e+01 -2.333963966369628906e+01 1.459690928459167480e-01 -3.452527761459350586e+00 -2.417262792587280273e+00
9.819149017333984375e+00 2.273496055603027344e+01 -2.339151000976562500e+01 4.463092982769012451e-01 -3.888144493103027344e+00 -2.586475372314453125e+00
9.827390670776367188e+00 2.265641975402832031e+01 -2.343874549865722656e+01 5.403691530227661133e-01 -4.021153926849365234e+00 -2.473667621612548828e+00
9.837160110473632812e+00 2.257980155944824219e+01 -2.348441123962402344e+01 5.716801881790161133e-01 -3.799600601196289062e+00 -2.201311826705932617e+00
9.848588943481445312e+00 2.250406455993652344e+01 -2.352738571166992188e+01 6.141154170036315918e-01 -3.740184545516967773e+00 -2.132970094680786133e+00
9.862195968627929688e+00 2.243540382385253906e+01 -2.356983375549316406e+01 7.192878723144531250e-01 -3.386591434478759766e+00 -2.253960132598876953e+00
9.870800018310546875e+00 2.236986923217773438e+01 -2.361194610595703125e+01 2.442501783370971680e-01 -3.382932662963867188e+00 -2.084815263748168945e+00
9.873874664306640625e+00 2.230147933959960938e+01 -2.365319061279296875e+01 1.397609263658523560e-01 -3.350276231765747070e+00 -2.233719110488891602e+00
9.876228332519531250e+00 2.223498344421386719e+01 -2.369397544860839844e+01 2.105523049831390381e-01 -3.508881807327270508e+00 -1.947281837463378906e+00
9.878787040710449219e+00 2.216580963134765625e+01 -2.373271369934082031e+01 1.762589253485202789e-02 -3.558293104171752930e+00 -1.947025775909423828e+00
9.879726409912109375e+00 2.209267044067382812e+01 -2.377007293701171875e+01 2.710155248641967773e-01 -3.702804088592529297e+00 -1.934022665023803711e+00
9.887302398681640625e+00 2.202610969543457031e+01 -2.380934333801269531e+01 4.799042046070098877e-01 -3.159015178680419922e+00 -1.939162015914916992e+00
9.893595695495605469e+00 2.196273231506347656e+01 -2.384583091735839844e+01 9.220644831657409668e-02 -3.423772573471069336e+00 -1.785945892333984375e+00
9.892141342163085938e+00 2.189199447631835938e+01 -2.388360023498535156e+01 -4.078881442546844482e-02 -3.854554414749145508e+00 -1.930389761924743652e+00
9.894382476806640625e+00 2.181081390380859375e+01 -2.391720008850097656e+01 1.610056757926940918e-01 -4.304943084716796875e+00 -1.584773540496826172e+00
9.900413513183593750e+00 2.172773933410644531e+01 -2.394696807861328125e+01 4.872816205024719238e-01 -4.159447669982910156e+00 -1.583085656166076660e+00
9.921746253967285156e+00 2.161680412292480469e+01 -2.398980331420898438e+01 8.041259050369262695e-01 -3.249685049057006836e+00 -1.279936671257019043e+00
9.932146072387695312e+00 2.155732536315917969e+01 -2.401289749145507812e+01 1.387602686882019043e-01 -2.988742589950561523e+00 -1.204074740409851074e+00
9.930569648742675781e+00 2.149818611145019531e+01 -2.403682708740234375e+01 -1.627985388040542603e-02 -3.135312318801879883e+00 -1.263869285583496094e+00
9.928868293762207031e+00 2.143053627014160156e+01 -2.406076049804687500e+01 2.933937590569257736e-03 -3.660243272781372070e+00 -1.129652261734008789e+00
9.932338714599609375e+00 2.135844612121582031e+01 -2.407767105102539062e+01 3.151282370090484619e-01 -3.768203020095825195e+00 -7.489836812019348145e-01
9.940591812133789062e+00 2.128642463684082031e+01 -2.409222221374511719e+01 4.447803497314453125e-01 -3.418558120727539062e+00 -7.012202739715576172e-01
9.946883201599121094e+00 2.122376251220703125e+01 -2.410461616516113281e+01 1.921774446964263916e-01 -3.124761343002319336e+00 -4.751469194889068604e-01
9.948925971984863281e+00 2.116306877136230469e+01 -2.411362075805664062e+01 4.836041852831840515e-02 -3.224959850311279297e+00 -4.937910735607147217e-01
9.946324348449707031e+00 2.109467124938964844e+01 -2.411874961853027344e+01 -2.682005465030670166e-01 -3.789310216903686523e+00 5.763019248843193054e-02
9.944901466369628906e+00 2.101429176330566406e+01 -2.411669540405273438e+01 2.457006871700286865e-01 -4.359325885772705078e+00 3.267600014805793762e-02
9.955206871032714844e+00 2.093770408630371094e+01 -2.411342811584472656e+01 7.285448312759399414e-01 -3.381341218948364258e+00 2.415182739496231079e-01
9.964907646179199219e+00 2.087433433532714844e+01 -2.410719871520996094e+01 3.042166829109191895e-01 -3.456660509109497070e+00 3.594966828823089600e-01
9.972279548645019531e+00 2.080554389953613281e+01 -2.410029602050781250e+01 4.658313095569610596e-01 -3.367325544357299805e+00 4.300311803817749023e-01
9.982906341552734375e+00 2.074937248229980469e+01 -2.408987045288085938e+01 4.514015614986419678e-01 -2.717923641204833984e+00 6.834311485290527344e-01
9.988327980041503906e+00 2.069816207885742188e+01 -2.407571792602539062e+01 -8.128931513056159019e-04 -2.530394077301025391e+00 8.899334669113159180e-01
9.982382774353027344e+00 2.064901733398437500e+01 -2.405426979064941406e+01 -3.378821909427642822e-01 -2.411445140838623047e+00 1.176234960556030273e+00
9.968556404113769531e+00 2.059679412841796875e+01 -2.403051376342773438e+01 -1.014877557754516602e+00 -3.188974618911743164e+00 1.352456212043762207e+00
9.956210136413574219e+00 2.052214241027832031e+01 -2.400360870361328125e+01 -1.327786594629287720e-01 -3.981214284896850586e+00 1.589567422866821289e+00
9.958209991455078125e+00 2.044928741455078125e+01 -2.397210121154785156e+01 1.781055927276611328e-01 -3.217724800109863281e+00 1.754688978195190430e+00
9.961023330688476562e+00 2.039276313781738281e+01 -2.393684196472167969e+01 6.551851052790880203e-03 -2.886687994003295898e+00 1.873609781265258789e+00
9.958595275878906250e+00 2.033273696899414062e+01 -2.390024757385253906e+01 -7.840561121702194214e-02 -3.039829492568969727e+00 2.037929296493530273e+00
9.966051101684570312e+00 2.024954795837402344e+01 -2.383487319946289062e+01 2.544568181037902832e-01 -2.445382595062255859e+00 2.384433984756469727e+00
9.967869758605957031e+00 2.020770835876464844e+01 -2.378333663940429688e+01 -1.082794964313507080e-01 -1.927498459815979004e+00 2.706044197082519531e+00
9.958498001098632812e+00 2.017235946655273438e+01 -2.372648620605468750e+01 -6.665940284729003906e-01 -1.925331473350524902e+00 3.110970258712768555e+00
9.947266578674316406e+00 2.013306617736816406e+01 -2.366532516479492188e+01 -6.324048042297363281e-01 -1.970457673072814941e+00 3.316658258438110352e+00
9.933115005493164062e+00 2.010020828247070312e+01 -2.359738540649414062e+01 -1.177771806716918945e+00 -1.536825537681579590e+00 3.699685573577880859e+00
9.907406806945800781e+00 2.007235717773437500e+01 -2.351833343505859375e+01 -1.046040296554565430e+00 -1.592885851860046387e+00 4.310003757476806641e+00
9.893749237060546875e+00 2.004422950744628906e+01 -2.343418693542480469e+01 -3.954129815101623535e-01 -1.180006980895996094e+00 4.372639656066894531e+00
9.889922142028808594e+00 2.002393722534179688e+01 -2.334073829650878906e+01 -2.233151942491531372e-01 -8.840342760086059570e-01 5.103483676910400391e+00
9.891454696655273438e+00 2.001481819152832031e+01 -2.323837280273437500e+01 2.021274566650390625e-01 1.914692223072052002e-01 5.382174015045166016e+00
9.888343811035156250e+00 2.003017425537109375e+01 -2.312468528747558594e+01 -5.903716683387756348e-01 1.161916613578796387e+00 6.216318130493164062e+00
9.873142242431640625e+00 2.005355834960937500e+01 -2.299316406250000000e+01 -7.248265743255615234e-01 1.140112757682800293e+00 6.926827907562255859e+00
9.868153572082519531e+00 2.007976150512695312e+01 -2.285000610351562500e+01 1.469217985868453979e-01 2.096777439117431641e+00 7.723147392272949219e+00
9.873008728027343750e+00 2.014176559448242188e+01 -2.269135475158691406e+01 5.012793932110071182e-03 4.116162300109863281e+00 8.501521110534667969e+00
9.865805625915527344e+00 2.023884391784667969e+01 -2.251655197143554688e+01 -3.228135108947753906e-01 5.618006229400634766e+00 9.362813949584960938e+00
9.863690376281738281e+00 2.036639595031738281e+01 -2.232995986938476562e+01 8.197978138923645020e-02 7.747001647949218750e+00 9.791279792785644531e+00
9.872324943542480469e+00 2.054766273498535156e+01 -2.213893890380859375e+01 6.295004487037658691e-01 1.093994426727294922e+01 9.560409545898437500e+00
9.883788108825683594e+00 2.079159355163574219e+01 -2.195814132690429688e+01 7.230097055435180664e-01 1.383153820037841797e+01 8.773612022399902344e+00
9.901670455932617188e+00 2.108283233642578125e+01 -2.180244445800781250e+01 1.313068985939025879e+00 1.603051757812500000e+01 7.078283786773681641e+00
9.932483673095703125e+00 2.141591072082519531e+01 -2.168728446960449219e+01 1.650852918624877930e+00 1.776309013366699219e+01 5.020285129547119141e+00
9.968508720397949219e+00 2.176678276062011719e+01 -2.161046981811523438e+01 2.088458538055419922e+00 1.779987525939941406e+01 2.885717153549194336e+00
1.001472663879394531e+01 2.210549354553222656e+01 -2.157190513610839844e+01 2.772328376770019531e+00 1.711228752136230469e+01 1.023061394691467285e+00
1.011406135559082031e+01 2.259412193298339844e+01 -2.158252143859863281e+01 3.548210620880126953e+00 1.642103385925292969e+01 -1.420781016349792480e+00
1.018055248260498047e+01 2.290101432800292969e+01 -2.162327194213867188e+01 3.205349206924438477e+00 1.495974349975585938e+01 -2.757853746414184570e+00
1.024464321136474609e+01 2.317452621459960938e+01 -2.168600845336914062e+01 3.245068788528442383e+00 1.327588367462158203e+01 -3.649900197982788086e+00
1.030455017089843750e+01 2.341892814636230469e+01 -2.176531791687011719e+01 2.927908182144165039e+00 1.175181865692138672e+01 -4.421455860137939453e+00
1.036040306091308594e+01 2.363116073608398438e+01 -2.186251449584960938e+01 2.712575197219848633e+00 9.794295310974121094e+00 -5.182412147521972656e+00
1.041279029846191406e+01 2.380197334289550781e+01 -2.196436119079589844e+01 2.830164194107055664e+00 8.109642982482910156e+00 -5.482489109039306641e+00
1.046863269805908203e+01 2.395763778686523438e+01 -2.207419204711914062e+01 2.443234920501708984e+00 7.820548057556152344e+00 -5.761960029602050781e+00
1.050319099426269531e+01 2.409624290466308594e+01 -2.218751144409179688e+01 1.463466644287109375e+00 5.983679771423339844e+00 -5.904884338378906250e+00
1.053393840789794922e+01 2.419338607788085938e+01 -2.230111885070800781e+01 1.922595620155334473e+00 4.310781955718994141e+00 -5.800664424896240234e+00
1.057569694519042969e+01 2.427595329284667969e+01 -2.241422653198242188e+01 2.199461221694946289e+00 4.279562950134277344e+00 -5.777066707611083984e+00
1.061191940307617188e+01 2.435206604003906250e+01 -2.252820587158203125e+01 1.485316395759582520e+00 3.440457582473754883e+00 -5.994143009185791016e+00
1.064096546173095703e+01 2.440733718872070312e+01 -2.264367866516113281e+01 1.634370565414428711e+00 2.368150234222412109e+00 -5.784216403961181641e+00
1.067101764678955078e+01 2.445652008056640625e+01 -2.275777816772460938e+01 1.416903614997863770e+00 2.566071271896362305e+00 -5.775055408477783203e+00
1.069469928741455078e+01 2.450074005126953125e+01 -2.286972427368164062e+01 1.215646862983703613e+00 1.730250716209411621e+00 -5.875326633453369141e+00
1.072307395935058594e+01 2.452724647521972656e+01 -2.298502540588378906e+01 1.493999361991882324e+00 1.269141197204589844e+00 -5.751318931579589844e+00
1.074981307983398438e+01 2.454807662963867188e+01 -2.309949684143066406e+01 1.325648784637451172e+00 8.433806896209716797e-01 -6.025936126708984375e+00
1.077550697326660156e+01 2.456135559082031250e+01 -2.321489715576171875e+01 1.288453698158264160e+00 4.340665340423583984e-01 -5.927695751190185547e+00
1.080177402496337891e+01 2.456780433654785156e+01 -2.333061790466308594e+01 1.300166487693786621e+00 1.761486232280731201e-01 -6.027826309204101562e+00
1.082768630981445312e+01 2.457112121582031250e+01 -2.344962501525878906e+01 1.343401789665222168e+00 7.680783420801162720e-02 -6.305536746978759766e+00
1.085198020935058594e+01 2.457056808471679688e+01 -2.357236862182617188e+01 1.237439990043640137e+00 -2.279578447341918945e-01 -6.283596038818359375e+00
1.087752056121826172e+01 2.456347465515136719e+01 -2.369607543945312500e+01 1.469688177108764648e+00 -5.540493130683898926e-01 -6.378657817840576172e+00
1.092776489257812500e+01 2.453973770141601562e+01 -2.387772941589355469e+01 1.821293234825134277e+00 -1.073295950889587402e+00 -6.289133071899414062e+00
1.096605014801025391e+01 2.451972579956054688e+01 -2.400081443786621094e+01 2.048389911651611328e+00 -8.665217161178588867e-01 -6.309100627899169922e+00
1.100609588623046875e+01 2.450510597229003906e+01 -2.412526893615722656e+01 1.784852147102355957e+00 -7.131110429763793945e-01 -6.119296550750732422e+00
1.103542137145996094e+01 2.448800086975097656e+01 -2.424413299560546875e+01 1.440066814422607422e+00 -1.086603999137878418e+00 -6.118137836456298828e+00
1.106402683258056641e+01 2.446564292907714844e+01 -2.436363029479980469e+01 1.539767146110534668e+00 -1.283452749252319336e+00 -6.126828193664550781e+00
1.109233188629150391e+01 2.443538665771484375e+01 -2.448907661437988281e+01 1.392940163612365723e+00 -1.652791857719421387e+00 -6.474454402923583984e+00
1.111928844451904297e+01 2.440086555480957031e+01 -2.461119842529296875e+01 1.429943323135375977e+00 -2.034032106399536133e+00 -6.158877372741699219e+00
1.114827156066894531e+01 2.435981559753417969e+01 -2.473017501831054688e+01 1.485797524452209473e+00 -2.152537584304809570e+00 -5.992372512817382812e+00
1.117611026763916016e+01 2.431949615478515625e+01 -2.484477233886718750e+01 1.328555226325988770e+00 -2.118095874786376953e+00 -5.861313819885253906e+00
1.120069408416748047e+01 2.427820396423339844e+01 -2.496080780029296875e+01 1.011349678039550781e+00 -2.185049295425415039e+00 -5.826613903045654297e+00
1.122082138061523438e+01 2.423199653625488281e+01 -2.507526969909667969e+01 1.168241143226623535e+00 -2.430400371551513672e+00 -5.964216709136962891e+00
1.124731826782226562e+01 2.418550300598144531e+01 -2.519021606445312500e+01 1.545075416564941406e+00 -2.296261072158813477e+00 -5.795449256896972656e+00
1.127705478668212891e+01 2.413958358764648438e+01 -2.530825233459472656e+01 1.197916984558105469e+00 -2.509530782699584961e+00 -6.138104438781738281e+00
1.129900646209716797e+01 2.408934974670410156e+01 -2.542631149291992188e+01 1.050146341323852539e+00 -2.592836141586303711e+00 -5.906959056854248047e+00
1.132060813903808594e+01 2.403307151794433594e+01 -2.554261779785156250e+01 1.358955979347229004e+00 -2.957631111145019531e+00 -5.888193130493164062e+00
1.134843254089355469e+01 2.397831726074218750e+01 -2.566019630432128906e+01 1.479460835456848145e+00 -2.583553791046142578e+00 -6.022404670715332031e+00
1.137630939483642578e+01 2.393050003051757812e+01 -2.577768135070800781e+01 1.332160234451293945e+00 -2.345417022705078125e+00 -5.867919445037841797e+00
1.139602375030517578e+01 2.388398551940917969e+01 -2.589554023742675781e+01 7.194284796714782715e-01 -2.447326421737670898e+00 -6.026074886322021484e+00
1.140732574462890625e+01 2.382979393005371094e+01 -2.601253128051757812e+01 6.837768554687500000e-01 -3.092882156372070312e+00 -5.856176376342773438e+00
1.142704105377197266e+01 2.376400756835937500e+01 -2.612519836425781250e+01 1.287895202636718750e+00 -3.308934450149536133e+00 -5.929856300354003906e+00
1.145005893707275391e+01 2.370098304748535156e+01 -2.624094200134277344e+01 1.357184529304504395e+00 -2.915153980255126953e+00 -5.967484474182128906e+00
1.148663425445556641e+01 2.361701583862304688e+01 -2.640854072570800781e+01 1.127210378646850586e+00 -2.849005222320556641e+00 -5.556782722473144531e+00
1.150781536102294922e+01 2.356051826477050781e+01 -2.651878929138183594e+01 1.204975962638854980e+00 -3.054977893829345703e+00 -5.605921268463134766e+00
1.153057193756103516e+01 2.350129508972167969e+01 -2.662309265136718750e+01 1.093446850776672363e+00 -3.013451576232910156e+00 -5.310916423797607422e+00
1.154783248901367188e+01 2.343537330627441406e+01 -2.672939109802246094e+01 9.531685709953308105e-01 -3.638688802719116211e+00 -5.420912742614746094e+00
1.157725048065185547e+01 2.336572074890136719e+01 -2.683746719360351562e+01 1.964555144309997559e+00 -3.061454057693481445e+00 -5.716577529907226562e+00
1.161117172241210938e+01 2.331625366210937500e+01 -2.695026779174804688e+01 1.138150095939636230e+00 -2.367008209228515625e+00 -5.610252857208251953e+00
1.162864589691162109e+01 2.326285743713378906e+01 -2.705588150024414062e+01 8.948892951011657715e-01 -2.934205055236816406e+00 -5.453651905059814453e+00
1.164321994781494141e+01 2.320630073547363281e+01 -2.716178131103515625e+01 5.975912809371948242e-01 -3.015999078750610352e+00 -5.348464012145996094e+00
1.165365791320800781e+01 2.314622688293457031e+01 -2.726832008361816406e+01 4.958636462688446045e-01 -3.206853866577148438e+00 -5.682769298553466797e+00
1.166590499877929688e+01 2.307527160644531250e+01 -2.737993431091308594e+01 1.114094734191894531e+00 -3.895933866500854492e+00 -5.587584972381591797e+00
1.169572925567626953e+01 2.300833892822265625e+01 -2.748938369750976562e+01 1.478264093399047852e+00 -2.863797903060913086e+00 -5.706609725952148438e+00
1.172201347351074219e+01 2.295866012573242188e+01 -2.760361671447753906e+01 1.160927295684814453e+00 -2.553462266921997070e+00 -6.003917694091796875e+00
1.174384117126464844e+01 2.290478324890136719e+01 -2.771962165832519531e+01 9.540082812309265137e-01 -2.949009180068969727e+00 -5.979506015777587891e+00
1.176078987121582031e+01 2.284431076049804688e+01 -2.783940887451171875e+01 8.917289972305297852e-01 -3.134223699569702148e+00 -6.194050788879394531e+00
1.178295230865478516e+01 2.278749084472656250e+01 -2.795948982238769531e+01 1.293001770973205566e+00 -2.915611505508422852e+00 -6.162483215332031250e+00
1.180854034423828125e+01 2.273511886596679688e+01 -2.808352661132812500e+01 8.940946459770202637e-01 -2.632825613021850586e+00 -6.247341156005859375e+00
1.182528877258300781e+01 2.267748260498046875e+01 -2.820491027832031250e+01 1.013258576393127441e+00 -3.329862356185913086e+00 -6.221862316131591797e+00
1.184970474243164062e+01 2.261034011840820312e+01 -2.832750511169433594e+01 1.363831400871276855e+00 -3.590566635131835938e+00 -6.314392089843750000e+00
1.187936115264892578e+01 2.254124450683593750e+01 -2.845116996765136719e+01 1.696252465248107910e+00 -3.329261779785156250e+00 -6.337331771850585938e+00
1.191188430786132812e+01 2.247547149658203125e+01 -2.857269477844238281e+01 1.418156266212463379e+00 -3.395733356475830078e+00 -6.330208778381347656e+00
1.194303417205810547e+01 2.237693214416503906e+01 -2.875704574584960938e+01 7.261443734169006348e-01 -3.497493505477905273e+00 -6.187560558319091797e+00
1.195213699340820312e+01 2.230289459228515625e+01 -2.887702369689941406e+01 4.978460371494293213e-01 -4.019593238830566406e+00 -6.070667266845703125e+00
1.196672725677490234e+01 2.222082138061523438e+01 -2.899383735656738281e+01 1.006470561027526855e+00 -4.049451828002929688e+00 -6.066123008728027344e+00
1.198667049407958984e+01 2.214245605468750000e+01 -2.910981178283691406e+01 9.550588130950927734e-01 -4.173795223236083984e+00 -5.930655479431152344e+00
1.200721073150634766e+01 2.206065940856933594e+01 -2.922379112243652344e+01 1.150679945945739746e+00 -3.999425172805786133e+00 -5.691830158233642578e+00
1.202744102478027344e+01 2.198546981811523438e+01 -2.933671188354492188e+01 7.909075021743774414e-01 -3.800375938415527344e+00 -5.761338710784912109e+00
1.204001522064208984e+01 2.190530776977539062e+01 -2.945234107971191406e+01 7.157086730003356934e-01 -4.203246593475341797e+00 -5.650012016296386719e+00
1.205330181121826172e+01 2.182153892517089844e+01 -2.956141853332519531e+01 7.909514307975769043e-01 -4.407078266143798828e+00 -5.711104869842529297e+00
1.207166481018066406e+01 2.173635673522949219e+01 -2.967061996459960938e+01 1.050481796264648438e+00 -4.477315425872802734e+00 -5.560293197631835938e+00
1.209508132934570312e+01 2.164722633361816406e+01 -2.978129577636718750e+01 1.234193801879882812e+00 -4.379836082458496094e+00 -5.548369884490966797e+00
1.211512279510498047e+01 2.156525421142578125e+01 -2.988933753967285156e+01 8.500595092773437500e-01 -4.318117618560791016e+00 -5.545932292938232422e+00
1.213000679016113281e+01 2.147472953796386719e+01 -2.999476242065429688e+01 7.182851433753967285e-01 -5.113151073455810547e+00 -5.296027183532714844e+00
1.214770317077636719e+01 2.137302970886230469e+01 -3.009836578369140625e+01 1.015492320060729980e+00 -5.106999397277832031e+00 -5.274915695190429688e+00
1.216475582122802734e+01 2.127185821533203125e+01 -3.020157623291015625e+01 7.828856110572814941e-01 -5.418900012969970703e+00 -5.160876750946044922e+00
1.218070983886718750e+01 2.116366195678710938e+01 -3.029642868041992188e+01 6.537150740623474121e-01 -5.758953571319580078e+00 -4.542746067047119141e+00
1.218522167205810547e+01 2.104678344726562500e+01 -3.038345527648925781e+01 -8.714465796947479248e-02 -6.477379798889160156e+00 -4.001473426818847656e+00
1.218101787567138672e+01 2.091054344177246094e+01 -3.044823074340820312e+01 -2.474265843629837036e-01 -7.719313144683837891e+00 -2.881566286087036133e+00
1.217211437225341797e+01 2.074868202209472656e+01 -3.048833274841308594e+01 -7.432000041007995605e-01 -8.794799804687500000e+00 -1.057126045227050781e+00
1.215601158142089844e+01 2.057185554504394531e+01 -3.048922348022460938e+01 -8.538668751716613770e-01 -9.001496315002441406e+00 1.171807885169982910e+00
1.214097690582275391e+01 2.040544700622558594e+01 -3.044173049926757812e+01 -7.381462454795837402e-01 -8.019520759582519531e+00 3.571760654449462891e+00
1.212310028076171875e+01 2.026670646667480469e+01 -3.035605049133300781e+01 -9.677122831344604492e-01 -6.345064163208007812e+00 4.955298423767089844e+00
1.210010337829589844e+01 2.011684036254882812e+01 -3.019685173034667969e+01 -7.260014414787292480e-01 -3.637847661972045898e+00 5.591386318206787109e+00
1.208486557006835938e+01 2.006092071533203125e+01 -3.009339141845703125e+01 -5.748503804206848145e-01 -2.314682483673095703e+00 4.577644824981689453e+00
1.207594490051269531e+01 2.002600097656250000e+01 -3.001304435729980469e+01 -2.362353652715682983e-01 -1.106262564659118652e+00 3.554546117782592773e+00
1.207742786407470703e+01 2.001727104187011719e+01 -2.995702171325683594e+01 3.535044789314270020e-01 -4.603941738605499268e-02 2.305323123931884766e+00
1.208337116241455078e+01 2.002432060241699219e+01 -2.992360877990722656e+01 2.754855751991271973e-01 6.908197999000549316e-01 8.781359791755676270e-01
1.209134197235107422e+01 2.003908538818359375e+01 -2.992019653320312500e+01 4.540660083293914795e-01 9.571627378463745117e-01 -9.281322360038757324e-02
1.210685348510742188e+01 2.005658340454101562e+01 -2.993086814880371094e+01 1.154098391532897949e+00 8.880003094673156738e-01 -8.717858791351318359e-01
1.213789558410644531e+01 2.007888412475585938e+01 -2.995960235595703125e+01 1.865561127662658691e+00 1.440159082412719727e+00 -1.991149783134460449e+00
1.217702770233154297e+01 2.011478805541992188e+01 -3.000990867614746094e+01 1.784690380096435547e+00 2.262530565261840820e+00 -3.277069330215454102e+00
1.220612525939941406e+01 2.015944290161132812e+01 -3.007964134216308594e+01 1.312448024749755859e+00 1.999965667724609375e+00 -3.818081140518188477e+00
1.223116302490234375e+01 2.019699478149414062e+01 -3.015958213806152344e+01 1.463631987571716309e+00 1.744797825813293457e+00 -4.618477344512939453e+00
1.226551914215087891e+01 2.022590065002441406e+01 -3.025334548950195312e+01 1.588253140449523926e+00 1.408492326736450195e+00 -5.010537147521972656e+00
1.230104541778564453e+01 2.024404335021972656e+01 -3.035377693176269531e+01 2.259845733642578125e+00 5.896865725517272949e-01 -5.188382148742675781e+00
1.235321807861328125e+01 2.026007652282714844e+01 -3.046117782592773438e+01 2.769718885421752930e+00 1.369207978248596191e+00 -5.684588432312011719e+00
1.239787578582763672e+01 2.029444313049316406e+01 -3.057242012023925781e+01 2.000407218933105469e+00 2.036105394363403320e+00 -5.682361125946044922e+00
1.242594814300537109e+01 2.032999610900878906e+01 -3.068885803222656250e+01 1.245353698730468750e+00 1.398852109909057617e+00 -6.199773788452148438e+00
1.245609855651855469e+01 2.035631370544433594e+01 -3.081079864501953125e+01 1.648387074470520020e+00 1.026051759719848633e+00 -6.366575241088867188e+00
1.248193264007568359e+01 2.036936759948730469e+01 -3.092932891845703125e+01 1.399224877357482910e+00 4.973665177822113037e-01 -6.011705398559570312e+00
1.251916980743408203e+01 2.037874603271484375e+01 -3.105239868164062500e+01 2.214950799942016602e+00 6.300860047340393066e-01 -6.222388267517089844e+00
1.256144237518310547e+01 2.039870643615722656e+01 -3.117015457153320312e+01 2.143699884414672852e+00 1.309596538543701172e+00 -5.874705791473388672e+00
1.260206317901611328e+01 2.042389869689941406e+01 -3.127854347229003906e+01 2.033699750900268555e+00 1.399640321731567383e+00 -5.537470817565917969e+00
1.265628623962402344e+01 2.047079467773437500e+01 -3.144726943969726562e+01 1.284180521965026855e+00 1.715426206588745117e+00 -5.927567005157470703e+00
1.267137241363525391e+01 2.050268745422363281e+01 -3.156012344360351562e+01 8.238874673843383789e-01 1.383394002914428711e+00 -5.800609111785888672e+00
1.269026660919189453e+01 2.052095985412597656e+01 -3.167756462097167969e+01 1.217104315757751465e+00 7.743940949440002441e-01 -6.192502975463867188e+00
1.272311019897460938e+01 2.053624725341796875e+01 -3.180293655395507812e+01 1.879817247390747070e+00 1.014869213104248047e+00 -6.385880947113037109e+00
1.276627349853515625e+01 2.055502891540527344e+01 -3.193183135986328125e+01 2.449910163879394531e+00 9.959582090377807617e-01 -6.806875705718994141e+00
1.281878376007080078e+01 2.057828140258789062e+01 -3.206650924682617188e+01 2.632614850997924805e+00 1.532744765281677246e+00 -7.066121578216552734e+00
1.287301445007324219e+01 2.061219406127929688e+01 -3.220892715454101562e+01 2.408690929412841797e+00 1.953707098960876465e+00 -7.295754432678222656e+00
1.290788841247558594e+01 2.064933967590332031e+01 -3.235150146484375000e+01 1.518432378768920898e+00 1.667019367218017578e+00 -7.512763977050781250e+00
1.293563747406005859e+01 2.067829513549804688e+01 -3.250006103515625000e+01 1.404376149177551270e+00 1.299480676651000977e+00 -7.520966053009033203e+00
1.295712375640869141e+01 2.070018386840820312e+01 -3.264703750610351562e+01 9.206212759017944336e-01 7.194285392761230469e-01 -7.465014457702636719e+00
1.297496891021728516e+01 2.070617675781250000e+01 -3.278867340087890625e+01 1.130464076995849609e+00 -8.608773350715637207e-03 -7.332913398742675781e+00
1.300491714477539062e+01 2.069566154479980469e+01 -3.293528366088867188e+01 1.986515045166015625e+00 -7.923668622970581055e-01 -7.403713226318359375e+00
1.305349636077880859e+01 2.067973327636718750e+01 -3.308195877075195312e+01 2.687052249908447266e+00 -4.416492879390716553e-01 -7.608698368072509766e+00
1.311471366882324219e+01 2.067540359497070312e+01 -3.323038101196289062e+01 3.430009126663208008e+00 1.282452940940856934e-01 -7.642831325531005859e+00
1.318442153930664062e+01 2.069293403625488281e+01 -3.337971878051757812e+01 3.118568658828735352e+00 1.434943437576293945e+00 -7.571664333343505859e+00
1.322863388061523438e+01 2.072817611694335938e+01 -3.352878570556640625e+01 1.588699579238891602e+00 1.596899867057800293e+00 -7.844128608703613281e+00
1.324885177612304688e+01 2.075876045227050781e+01 -3.367904281616210938e+01 7.348639965057373047e-01 1.354934334754943848e+00 -7.546101570129394531e+00
1.325512504577636719e+01 2.078061103820800781e+01 -3.382748413085937500e+01 3.884761631488800049e-01 5.383675694465637207e-01 -7.606572628021240234e+00
1.326202869415283203e+01 2.077314949035644531e+01 -3.397437286376953125e+01 7.723472714424133301e-01 -1.234756946563720703e+00 -7.415742874145507812e+00
1.328952217102050781e+01 2.074418449401855469e+01 -3.411565017700195312e+01 1.988238334655761719e+00 -1.256289243698120117e+00 -7.158946037292480469e+00
1.333330631256103516e+01 2.071910476684570312e+01 -3.425826644897460938e+01 2.492089271545410156e+00 -1.241652131080627441e+00 -7.284987449645996094e+00
1.341722393035888672e+01 2.070083618164062500e+01 -3.447038650512695312e+01 2.695333242416381836e+00 -1.132600232958793640e-01 -7.183494091033935547e+00
1.346420192718505859e+01 2.069981002807617188e+01 -3.461083221435546875e+01 1.952959179878234863e+00 -1.772850602865219116e-01 -7.070250511169433594e+00
1.349567317962646484e+01 2.069498634338378906e+01 -3.474870681762695312e+01 1.431217074394226074e+00 -3.596272766590118408e-01 -7.056587219238281250e+00
1.351581287384033203e+01 2.068529891967773438e+01 -3.487994384765625000e+01 9.061819314956665039e-01 -7.305484414100646973e-01 -6.338321208953857422e+00
1.353684520721435547e+01 2.066181945800781250e+01 -3.500276565551757812e+01 1.458688497543334961e+00 -1.591262936592102051e+00 -6.173633575439453125e+00
1.357238483428955078e+01 2.062756156921386719e+01 -3.512011337280273438e+01 1.878160953521728516e+00 -1.432409286499023438e+00 -6.030220031738281250e+00
1.360231304168701172e+01 2.060187530517578125e+01 -3.523699188232421875e+01 1.477201223373413086e+00 -1.275238275527954102e+00 -5.747158050537109375e+00
1.363519763946533203e+01 2.057632637023925781e+01 -3.534674835205078125e+01 2.139879703521728516e+00 -9.523446559906005859e-01 -5.647747516632080078e+00
1.367836189270019531e+01 2.057221412658691406e+01 -3.545788192749023438e+01 1.827610015869140625e+00 3.043568506836891174e-02 -5.587292194366455078e+00
1.370405292510986328e+01 2.057138442993164062e+01 -3.556764221191406250e+01 1.145393967628479004e+00 -3.374130129814147949e-01 -5.796051979064941406e+00
1.372269725799560547e+01 2.056645202636718750e+01 -3.567951583862304688e+01 9.705858230590820312e-01 -2.103903740644454956e-01 -5.587790012359619141e+00
1.373885440826416016e+01 2.056376838684082031e+01 -3.579210662841796875e+01 7.644908428192138672e-01 -1.139467656612396240e-01 -5.796423435211181641e+00
1.375825881958007812e+01 2.055366706848144531e+01 -3.590593719482421875e+01 1.437319755554199219e+00 -9.699337482452392578e-01 -5.947095870971679688e+00
1.379722595214843750e+01 2.053856658935546875e+01 -3.602333068847656250e+01 1.922242403030395508e+00 -3.588088154792785645e-01 -6.070483684539794922e+00
1.382909393310546875e+01 2.053448295593261719e+01 -3.614138412475585938e+01 1.491531848907470703e+00 -3.095139563083648682e-02 -6.095147609710693359e+00
1.386744785308837891e+01 2.053805160522460938e+01 -3.626717758178710938e+01 2.220828294754028320e+00 6.560816168785095215e-01 -6.709690093994140625e+00
1.390678691864013672e+01 2.056061172485351562e+01 -3.640560531616210938e+01 1.639403581619262695e+00 1.116518855094909668e+00 -7.655993938446044922e+00
1.393494987487792969e+01 2.057546043395996094e+01 -3.655802917480468750e+01 1.345027685165405273e+00 1.474907249212265015e-01 -8.215106964111328125e+00
1.395768737792968750e+01 2.056661987304687500e+01 -3.673274612426757812e+01 9.866346120834350586e-01 -1.156991720199584961e+00 -9.276873588562011719e+00
1.397305583953857422e+01 2.051459693908691406e+01 -3.691139984130859375e+01 1.001702547073364258e+00 -3.780428886413574219e+00 -8.897740364074707031e+00
1.400261116027832031e+01 2.042895126342773438e+01 -3.708248138427734375e+01 1.727537631988525391e+00 -4.748128414154052734e+00 -8.385340690612792969e+00
1.405802440643310547e+01 2.028606605529785156e+01 -3.731018066406250000e+01 1.930157661437988281e+00 -4.423053264617919922e+00 -7.164982795715332031e+00
1.409726810455322266e+01 2.020780944824218750e+01 -3.744316864013671875e+01 2.069396972656250000e+00 -3.399534225463867188e+00 -6.305709362030029297e+00
1.414085960388183594e+01 2.014889144897460938e+01 -3.755551528930664062e+01 2.462312459945678711e+00 -2.646170616149902344e+00 -5.415891170501708984e+00
1.419184970855712891e+01 2.010984420776367188e+01 -3.765898132324218750e+01 2.597342729568481445e+00 -1.185430169105529785e+00 -5.170110225677490234e+00
1.423572158813476562e+01 2.010801696777343750e+01 -3.775383758544921875e+01 1.782047986984252930e+00 2.357077151536941528e-01 -4.792556762695312500e+00
1.426307010650634766e+01 2.011901092529296875e+01 -3.784459304809570312e+01 8.987955451011657715e-01 8.084430694580078125e-01 -4.496756553649902344e+00
1.426550006866455078e+01 2.013998222351074219e+01 -3.792787170410156250e+01 -3.506121635437011719e-01 9.853397011756896973e-01 -4.299794197082519531e+00
1.425876617431640625e+01 2.015079879760742188e+01 -3.800895690917968750e+01 9.613388776779174805e-02 2.395366579294204712e-01 -4.036546707153320312e+00
1.426029777526855469e+01 2.015589523315429688e+01 -3.809313583374023438e+01 -1.055449172854423523e-01 1.869816519320011139e-02 -4.486893177032470703e+00
1.426149559020996094e+01 2.014220046997070312e+01 -3.817865371704101562e+01 5.622228384017944336e-01 -8.977972865104675293e-01 -4.259500026702880859e+00
1.428331184387207031e+01 2.012610054016113281e+01 -3.826259231567382812e+01 1.290445446968078613e+00 -4.501338899135589600e-01 -4.508745670318603516e+00
1.431529045104980469e+01 2.011740303039550781e+01 -3.835051727294921875e+01 1.822149157524108887e+00 -5.035755634307861328e-01 -4.237623214721679688e+00
1.435432434082031250e+01 2.011084556579589844e+01 -3.843564987182617188e+01 1.884131073951721191e+00 -3.806284442543983459e-02 -4.398690700531005859e+00
1.439125251770019531e+01 2.011649703979492188e+01 -3.852082061767578125e+01 1.736809015274047852e+00 4.954219758510589600e-01 -4.238491058349609375e+00
1.441611671447753906e+01 2.012488174438476562e+01 -3.860166931152343750e+01 1.016267895698547363e+00 3.597808480262756348e-01 -4.131476879119873047e+00
1.443527412414550781e+01 2.013061332702636719e+01 -3.868377304077148438e+01 9.617279171943664551e-01 6.119837239384651184e-02 -4.154865264892578125e+00
1.445255661010742188e+01 2.012732696533203125e+01 -3.876099014282226562e+01 6.855989694595336914e-01 -3.329004049301147461e-01 -3.899423837661743164e+00
1.446609306335449219e+01 2.011413955688476562e+01 -3.883704757690429688e+01 8.287131190299987793e-01 -8.947130441665649414e-01 -4.051734447479248047e+00
1.448408508300781250e+01 2.009336471557617188e+01 -3.891561508178710938e+01 1.238394260406494141e+00 -1.143823266029357910e+00 -4.009608745574951172e+00
1.452004718780517578e+01 2.006914329528808594e+01 -3.899164199829101562e+01 2.032221078872680664e+00 -1.223601102828979492e+00 -3.932456254959106445e+00
1.456768894195556641e+01 2.005185890197753906e+01 -3.906922912597656250e+01 2.536149978637695312e+00 -4.286917448043823242e-01 -3.952352762222290039e+00
1.463788127899169922e+01 2.005656433105468750e+01 -3.917945861816406250e+01 1.818678975105285645e+00 6.432483792304992676e-01 -3.761064529418945312e+00
1.466168975830078125e+01 2.007264328002929688e+01 -3.924783325195312500e+01 6.275987029075622559e-01 7.965787649154663086e-01 -3.308161735534667969e+00
1.466008567810058594e+01 2.008432769775390625e+01 -3.931324005126953125e+01 -3.912824690341949463e-01 3.356885015964508057e-01 -3.401580333709716797e+00
1.464393615722656250e+01 2.008585166931152344e+01 -3.937323760986328125e+01 -9.905486702919006348e-01 -3.147082030773162842e-01 -2.891042232513427734e+00
1.461669540405273438e+01 2.006752395629882812e+01 -3.943237686157226562e+01 -1.262688517570495605e+00 -1.594519019126892090e+00 -3.044974803924560547e+00
1.460240077972412109e+01 2.002278709411621094e+01 -3.948666000366210938e+01 -7.478407025337219238e-02 -2.465575218200683594e+00 -2.702997922897338867e+00
1.460263252258300781e+01 1.997198295593261719e+01 -3.954026412963867188e+01 1.270840913057327271e-01 -2.606406211853027344e+00 -2.721193075180053711e+00
1.461363506317138672e+01 1.991497993469238281e+01 -3.959150695800781250e+01 1.191981911659240723e+00 -3.051755428314208984e+00 -2.629665136337280273e+00
1.464959335327148438e+01 1.986365318298339844e+01 -3.964055633544921875e+01 2.188333749771118164e+00 -2.198500871658325195e+00 -2.460879802703857422e+00
1.470224475860595703e+01 1.983106613159179688e+01 -3.968953704833984375e+01 2.965182065963745117e+00 -1.163663029670715332e+00 -2.534803628921508789e+00
1.476006031036376953e+01 1.982467651367187500e+01 -3.973850631713867188e+01 2.692636013031005859e+00 2.226437032222747803e-01 -2.381070137023925781e+00
1.481223201751708984e+01 1.983838844299316406e+01 -3.978948974609375000e+01 2.434314250946044922e+00 8.464693427085876465e-01 -2.691833257675170898e+00
1.484901237487792969e+01 1.986805915832519531e+01 -3.984399414062500000e+01 1.450817465782165527e+00 1.930967330932617188e+00 -2.906884431838989258e+00
1.486622905731201172e+01 1.991062545776367188e+01 -3.990074539184570312e+01 4.603932201862335205e-01 2.054872274398803711e+00 -2.766678571701049805e+00
1.486800765991210938e+01 1.994344139099121094e+01 -3.995904159545898438e+01 4.713784530758857727e-02 1.389100193977355957e+00 -3.192217111587524414e+00
1.486655902862548828e+01 1.996731948852539062e+01 -4.001818847656250000e+01 -4.906288534402847290e-02 1.171173214912414551e+00 -2.918633460998535156e+00
1.486221504211425781e+01 1.998125648498535156e+01 -4.008038711547851562e+01 -1.011990532279014587e-01 3.323402106761932373e-01 -3.221013545989990234e+00
1.486522006988525391e+01 1.998246002197265625e+01 -4.014420318603515625e+01 4.856337010860443115e-01 -2.111669480800628662e-01 -3.246499776840209961e+00
1.488095378875732422e+01 1.997605514526367188e+01 -4.020630645751953125e+01 1.173109292984008789e+00 -3.986400067806243896e-01 -3.376149415969848633e+00
1.491875934600830078e+01 1.996634483337402344e+01 -4.027325057983398438e+01 1.890043854713439941e+00 -3.024699389934539795e-01 -3.578727006912231445e+00
1.498165702819824219e+01 1.996130752563476562e+01 -4.037715530395507812e+01 2.387335538864135742e+00 3.743756711483001709e-01 -3.439725399017333984e+00
1.502166366577148438e+01 1.997642898559570312e+01 -4.044207382202148438e+01 1.654254794120788574e+00 9.010647535324096680e-01 -3.215610504150390625e+00
1.504929161071777344e+01 1.999688911437988281e+01 -4.050860595703125000e+01 1.071046829223632812e+00 8.905487656593322754e-01 -3.755175352096557617e+00
1.506066513061523438e+01 2.001062583923339844e+01 -4.058029174804687500e+01 3.680151998996734619e-01 5.900481939315795898e-01 -3.526417493820190430e+00
1.507092285156250000e+01 2.001425743103027344e+01 -4.065211868286132812e+01 8.739263415336608887e-01 1.423048824071884155e-01 -3.833524703979492188e+00
1.509267902374267578e+01 2.001222038269042969e+01 -4.072706985473632812e+01 1.044082760810852051e+00 2.299557439982891083e-02 -3.834939002990722656e+00
1.511764907836914062e+01 2.001115417480468750e+01 -4.080690002441406250e+01 1.499741792678833008e+00 1.563572287559509277e-01 -4.231613636016845703e+00
1.514850521087646484e+01 2.001703834533691406e+01 -4.089032363891601562e+01 1.498749971389770508e+00 4.440027475357055664e-01 -4.366455554962158203e+00
1.517823600769042969e+01 2.002760314941406250e+01 -4.097316741943359375e+01 1.339194893836975098e+00 5.819867849349975586e-01 -4.171625137329101562e+00
1.520843029022216797e+01 2.003950119018554688e+01 -4.105852127075195312e+01 1.439870238304138184e+00 7.467650771141052246e-01 -4.425142765045166016e+00
1.524335193634033203e+01 2.005763244628906250e+01 -4.114737319946289062e+01 1.795526027679443359e+00 1.012091159820556641e+00 -4.782648563385009766e+00
1.528160095214843750e+01 2.007836914062500000e+01 -4.124492263793945312e+01 1.878034591674804688e+00 8.708775043487548828e-01 -5.201869487762451172e+00
1.531332206726074219e+01 2.009505462646484375e+01 -4.135046005249023438e+01 1.474641323089599609e+00 1.017845869064331055e+00 -5.571211338043212891e+00
1.533712577819824219e+01 2.011679649353027344e+01 -4.145921325683593750e+01 9.132383465766906738e-01 9.179704189300537109e-01 -5.422812938690185547e+00
1.534155273437500000e+01 2.012899971008300781e+01 -4.156113433837890625e+01 -1.986754238605499268e-01 1.161949634552001953e-01 -5.061162471771240234e+00
1.533341121673583984e+01 2.011480903625488281e+01 -4.166273117065429688e+01 -8.497266471385955811e-02 -1.286764025688171387e+00 -5.194572925567626953e+00
1.533795452117919922e+01 2.007598495483398438e+01 -4.176219558715820312e+01 6.779708266258239746e-01 -2.478737831115722656e+00 -5.060167312622070312e+00
1.535992527008056641e+01 2.002482414245605469e+01 -4.186034393310546875e+01 1.415793538093566895e+00 -2.332675457000732422e+00 -4.921700000762939453e+00
1.539372730255126953e+01 1.998704910278320312e+01 -4.195762634277343750e+01 1.886181950569152832e+00 -1.777259588241577148e+00 -5.040440082550048828e+00
1.543664073944091797e+01 1.995013999938964844e+01 -4.205350875854492188e+01 2.485029935836791992e+00 -1.803545713424682617e+00 -4.704194545745849609e+00
1.548498344421386719e+01 1.992239379882812500e+01 -4.214967346191406250e+01 2.438928604125976562e+00 -1.085103869438171387e+00 -4.787089347839355469e+00
1.554804515838623047e+01 1.990324592590332031e+01 -4.228846359252929688e+01 1.996445178985595703e+00 -4.728202521800994873e-01 -4.807940483093261719e+00
1.558215904235839844e+01 1.989502143859863281e+01 -4.238204956054687500e+01 1.259631991386413574e+00 -5.171232223510742188e-01 -4.509959697723388672e+00
1.559825038909912109e+01 1.988423538208007812e+01 -4.247045135498046875e+01 5.131390690803527832e-01 -5.930618643760681152e-01 -4.443542480468750000e+00
1.560576915740966797e+01 1.986903762817382812e+01 -4.255414962768554688e+01 3.527421653270721436e-01 -5.966194272041320801e-01 -4.354968547821044922e+00
1.560848426818847656e+01 1.985928153991699219e+01 -4.263973617553710938e+01 -1.646785810589790344e-02 -7.287322282791137695e-01 -4.398225307464599609e+00
1.559968185424804688e+01 1.983489990234375000e+01 -4.272288131713867188e+01 -4.861592650413513184e-01 -1.703962802886962891e+00 -3.934189081192016602e+00
1.559253787994384766e+01 1.979717826843261719e+01 -4.280125045776367188e+01 -2.767198979854583740e-01 -2.261162281036376953e+00 -4.079592704772949219e+00
1.559031963348388672e+01 1.974602699279785156e+01 -4.288053894042968750e+01 1.533540338277816772e-01 -2.912809133529663086e+00 -3.944107055664062500e+00
1.560420227050781250e+01 1.968282699584960938e+01 -4.295355224609375000e+01 1.254788756370544434e+00 -3.367537975311279297e+00 -3.701945543289184570e+00
1.563779163360595703e+01 1.962240982055664062e+01 -4.302447891235351562e+01 2.016177892684936523e+00 -2.628268718719482422e+00 -3.698343038558959961e+00
1.568125438690185547e+01 1.958008766174316406e+01 -4.309986877441406250e+01 2.308851957321166992e+00 -2.008745193481445312e+00 -3.920346498489379883e+00
1.572663021087646484e+01 1.955028533935546875e+01 -4.317610549926757812e+01 1.988864898681640625e+00 -1.218779563903808594e+00 -4.062927722930908203e+00
1.576097679138183594e+01 1.953322029113769531e+01 -4.325455474853515625e+01 1.321319341659545898e+00 -7.957221269607543945e-01 -3.732414722442626953e+00
1.577939701080322266e+01 1.951231193542480469e+01 -4.332530593872070312e+01 7.846080660820007324e-01 -1.170432686805725098e+00 -3.727155923843383789e+00
1.579422664642333984e+01 1.948724365234375000e+01 -4.340037536621093750e+01 7.288129329681396484e-01 -1.547416925430297852e+00 -3.776114225387573242e+00
1.580902862548828125e+01 1.945547676086425781e+01 -4.347182083129882812e+01 8.430002927780151367e-01 -1.463081359863281250e+00 -3.562220335006713867e+00
1.582499027252197266e+01 1.942506217956542969e+01 -4.354018783569335938e+01 9.187262058258056641e-01 -1.683055758476257324e+00 -3.499917507171630859e+00
1.585456562042236328e+01 1.939424705505371094e+01 -4.360969161987304688e+01 1.902689218521118164e+00 -1.253731489181518555e+00 -3.551681280136108398e+00
1.588864803314208984e+01 1.938073730468750000e+01 -4.367826080322265625e+01 1.173748970031738281e+00 -4.232488572597503662e-01 -3.568101644515991211e+00
1.590572357177734375e+01 1.937730026245117188e+01 -4.375093078613281250e+01 9.064273238182067871e-01 -2.934129238128662109e-01 -3.865586757659912109e+00
1.592453289031982422e+01 1.937375831604003906e+01 -4.382564544677734375e+01 8.347722291946411133e-01 -2.882229983806610107e-01 -3.754248619079589844e+00
1.593733787536621094e+01 1.935503768920898438e+01 -4.393870544433593750e+01 4.000256657600402832e-01 -1.047282934188842773e+00 -3.597118377685546875e+00
1.594907283782958984e+01 1.933477401733398438e+01 -4.400936889648437500e+01 6.866419315338134766e-01 -9.227085113525390625e-01 -3.772317886352539062e+00
1.596018218994140625e+01 1.930985069274902344e+01 -4.408312988281250000e+01 7.528864145278930664e-01 -1.593179702758789062e+00 -3.732751607894897461e+00
1.597988414764404297e+01 1.927595710754394531e+01 -4.415642547607421875e+01 1.117878437042236328e+00 -1.621704459190368652e+00 -3.888469457626342773e+00
1.600207328796386719e+01 1.924608421325683594e+01 -4.422811508178710938e+01 1.132973670959472656e+00 -1.413291096687316895e+00 -3.663936614990234375e+00
1.603101348876953125e+01 1.921898269653320312e+01 -4.430358505249023438e+01 1.442706227302551270e+00 -1.177031278610229492e+00 -3.937223196029663086e+00
1.605053710937500000e+01 1.919954490661621094e+01 -4.437810134887695312e+01 7.206988930702209473e-01 -8.860689997673034668e-01 -3.621377468109130859e+00
1.606259155273437500e+01 1.917908668518066406e+01 -4.444807815551757812e+01 7.052518725395202637e-01 -1.336860418319702148e+00 -3.472667932510375977e+00
1.607982254028320312e+01 1.914709091186523438e+01 -4.451587677001953125e+01 1.120269417762756348e+00 -1.589971423149108887e+00 -3.627675056457519531e+00
1.610840415954589844e+01 1.911639785766601562e+01 -4.458421325683593750e+01 1.810823321342468262e+00 -1.439002513885498047e+00 -3.573872804641723633e+00
1.614684677124023438e+01 1.909534645080566406e+01 -4.465455627441406250e+01 2.150267601013183594e+00 -8.819446563720703125e-01 -3.551826238632202148e+00
