1.893706466635911578e+00 3.533105865551657843e+00 -1.931905148670378436e+00
1.924318393006257732e+00 3.611626052175985979e+00 -1.934729010644421265e+00
1.947107893438334569e+00 3.650736605430553894e+00 -1.957564835316771612e+00
1.966829946361761117e+00 3.697690996668856922e+00 -1.990263885413196210e+00
1.987754849005329616e+00 3.749157465284334911e+00 -1.987500111933195868e+00
2.013636071070985079e+00 3.820010901276425397e+00 -2.010132627096276714e+00
2.038527637997687769e+00 3.860553082353551435e+00 -2.034730935668776386e+00
2.052745581109205908e+00 3.918183991217605300e+00 -2.036207778762171294e+00
2.064926098308069946e+00 3.983428644942228036e+00 -2.056828446358714313e+00
2.088763470177242620e+00 4.003624282283832159e+00 -2.068499158694884432e+00
2.111912665641251241e+00 4.071845676284777227e+00 -2.077015490278210752e+00
2.157937068491838861e+00 4.147059449200323655e+00 -2.088716274371029691e+00
2.186542152102763481e+00 4.199847090923501725e+00 -2.101762659883096518e+00
2.213807085011695985e+00 4.255516894591161225e+00 -2.111209752587103416e+00
2.225166244023165429e+00 4.310053994458944437e+00 -2.133550917169825034e+00
2.253378571950891196e+00 4.373218504993507061e+00 -2.147351475922514741e+00
2.273418362116201852e+00 4.431787782924035746e+00 -2.157606879211029227e+00
2.286045882695608267e+00 4.508343018612868569e+00 -2.166865486498587234e+00
2.314315260067458802e+00 4.563685490400235523e+00 -2.159465503039210255e+00
2.335798618335975796e+00 4.634168584982949923e+00 -2.181720027185044763e+00
2.363933007283077536e+00 4.707763205787883543e+00 -2.197669895814853724e+00
2.375960763235310580e+00 4.804241987911552769e+00 -2.185893315245501789e+00
2.387227473711779346e+00 4.853569903405236197e+00 -2.203247444158539015e+00
2.407135781256076967e+00 4.912972065125817522e+00 -2.212003875303863776e+00
2.429983289566628901e+00 5.004155273439675256e+00 -2.218991749491238785e+00
2.445099580710155429e+00 5.066311829397598387e+00 -2.222032174709698715e+00
2.481138133296240333e+00 5.158714347675613432e+00 -2.222231873894098264e+00
2.509772749825352811e+00 5.250849417448312018e+00 -2.239875230202283074e+00
2.521906048786417553e+00 5.319254943341618080e+00 -2.245323483840393486e+00
2.562412024465835714e+00 5.434253271768411331e+00 -2.255490259748331283e+00
2.580541660870302234e+00 5.507354240706261450e+00 -2.258251210884761662e+00
2.598329111182335449e+00 5.588104460589690348e+00 -2.280293284130411990e+00
2.634072839001158073e+00 5.751463351012103153e+00 -2.275027407391114309e+00
2.660916695054445835e+00 5.817414046334357991e+00 -2.293794245507464247e+00
2.673055813668612224e+00 5.929051298036455364e+00 -2.274721029015281282e+00
2.722079799488632990e+00 6.028366245465996087e+00 -2.285429287682000599e+00
2.738154284593208310e+00 6.129153822045045885e+00 -2.291981548058606766e+00
2.775484314184634815e+00 6.230694122244165634e+00 -2.289383649261312659e+00
2.777737030870376600e+00 6.320771961251784532e+00 -2.287001488594191834e+00
2.823654606302394843e+00 6.423789311736078034e+00 -2.286328132004402658e+00
2.849117552005415721e+00 6.525917531516507886e+00 -2.283060264044193932e+00
2.879584307296649381e+00 6.645701945468856842e+00 -2.296336114221874780e+00
2.927159946825464765e+00 6.758039308879879137e+00 -2.294874652592531650e+00
2.926460609206433361e+00 6.886267542829541455e+00 -2.291074918952062500e+00
2.953558627088650024e+00 6.994552997570999686e+00 -2.295220316152169815e+00
2.985216189995588021e+00 7.118053503795087167e+00 -2.285309819148666044e+00
3.009970545039652112e+00 7.234071188300347899e+00 -2.284495968440086511e+00
3.064300808877324922e+00 7.352599774299710234e+00 -2.289921172438645680e+00
3.087688182576704410e+00 7.494826068726531787e+00 -2.302213518986107044e+00
3.112754159100999729e+00 7.625520677328729846e+00 -2.301944399770073701e+00
3.135099897736484120e+00 7.772275051086891651e+00 -2.275159522938729140e+00
3.170306107393128681e+00 7.884427302701854323e+00 -2.292839150160229877e+00
3.193975349061651592e+00 8.008376625392946480e+00 -2.284585000109419894e+00
3.241294635973750893e+00 8.236667811988246157e+00 -2.292494473088965812e+00
3.272059616368784507e+00 8.387368543890595163e+00 -2.289407405657144068e+00
3.305100410032662861e+00 8.540599316072819747e+00 -2.294029438671514320e+00
3.343974444052786321e+00 8.678936771338392475e+00 -2.288634931581383647e+00
3.380841078395532051e+00 8.849739328014639028e+00 -2.291691561806581845e+00
3.407609831364154296e+00 9.009688383010898249e+00 -2.299779878592295379e+00
3.446403646547727018e+00 9.180065908807303998e+00 -2.286483199657451504e+00
3.473193332239668418e+00 9.321781208934753593e+00 -2.301962308343246555e+00
3.513879770660055968e+00 9.492226413660421969e+00 -2.302127839090813310e+00
3.562955162096434591e+00 9.663582984036095169e+00 -2.303436578941763457e+00
3.579744839130936995e+00 9.830917036787992558e+00 -2.333816291984536662e+00
3.617231917752199877e+00 9.991238797870515498e+00 -2.317744878187409263e+00
3.668724131915956477e+00 1.015997700404794735e+01 -2.321795027210357354e+00
3.725481004514763494e+00 1.035467302710215343e+01 -2.322238112601556992e+00
3.755528095327709259e+00 1.056344632766380975e+01 -2.331981950655259705e+00
3.767515497778639588e+00 1.075555767875126101e+01 -2.339351629301747337e+00
3.819411351234503815e+00 1.093447077939771361e+01 -2.348862051010305763e+00
3.850923277890327068e+00 1.113431778413936435e+01 -2.348037538365643329e+00
3.897470345859136653e+00 1.132634996162179597e+01 -2.363254606518792489e+00
3.917229230558424202e+00 1.153998738831601401e+01 -2.362023953110896635e+00
3.993820289379420796e+00 1.184855279246546367e+01 -2.373597422165971693e+00
4.029724097518973203e+00 1.205601529328405164e+01 -2.397846806371850992e+00
4.065546738095193291e+00 1.229029482538528306e+01 -2.410012350870949227e+00
4.124040527709611048e+00 1.251117758337793973e+01 -2.425274968578901014e+00
4.173329411028499081e+00 1.274242940793369705e+01 -2.444217805759257178e+00
4.212215498642128075e+00 1.298161459482128066e+01 -2.470162503303578561e+00
4.271945935149378926e+00 1.322808554604120879e+01 -2.501141071305456709e+00
4.308219174873950230e+00 1.346055097366842190e+01 -2.514525578415875540e+00
4.344272274652472454e+00 1.369892413024367173e+01 -2.551518295651249435e+00
4.409337947757431486e+00 1.394820343349846148e+01 -2.573411997124980477e+00
4.473360657349481961e+00 1.422040232790960879e+01 -2.604287299980958093e+00
4.532609730780143842e+00 1.448650158374888264e+01 -2.632821460326119745e+00
4.561350553500382432e+00 1.476118377337479082e+01 -2.665999547275871073e+00
4.615840428341243751e+00 1.504525815255731658e+01 -2.709781643970380571e+00
4.671107666320237328e+00 1.533075454837509355e+01 -2.747788565740896249e+00
4.718923158033468290e+00 1.561483305277177891e+01 -2.801235585377020332e+00
4.781206017847750900e+00 1.590685935149500274e+01 -2.852926749656200744e+00
4.838229558890716042e+00 1.620908795756844256e+01 -2.893347443065617863e+00
4.908507670592439531e+00 1.652400678148279312e+01 -2.965361679792574812e+00
4.967837946528063320e+00 1.685467469992649114e+01 -3.027824519033954775e+00
5.036235339745752881e+00 1.717882273858424114e+01 -3.085739192814896281e+00
5.150586098427505810e+00 1.768592264192416508e+01 -3.233223383560255293e+00
5.219871294644234716e+00 1.806835341939461159e+01 -3.317459329130082679e+00
5.303495590528501502e+00 1.840674459771564386e+01 -3.405544336910271142e+00
5.359287515861488771e+00 1.879938454888495869e+01 -3.525614319516651385e+00
5.453438241121016716e+00 1.916388851508136781e+01 -3.638875345195025535e+00
5.550764053034161982e+00 1.955772345074374385e+01 -3.778202058919696515e+00
5.608688310178910008e+00 1.998549923730288214e+01 -3.938093166285400848e+00
5.695785500403434121e+00 2.038952587100745362e+01 -4.083370546588724892e+00
5.780752193223189117e+00 2.079303065728552724e+01 -4.278805280833571700e+00
5.904507491025925425e+00 2.122863745816703229e+01 -4.463094572249144854e+00
6.013927350102081348e+00 2.168758450268809668e+01 -4.693987295977020580e+00
6.117981355281537859e+00 2.214839260356743722e+01 -4.941058279987174728e+00
6.233650489101875358e+00 2.260470186853243391e+01 -5.201098805645235856e+00
6.361029324807111252e+00 2.306485535119372088e+01 -5.541227985640399645e+00
6.481910247553177129e+00 2.351712548448058371e+01 -5.869740550018048175e+00
6.655021970636432194e+00 2.400554421095466040e+01 -6.283847015351408771e+00
6.776172125376406008e+00 2.447822273108485547e+01 -6.714970633935698707e+00
6.926891423639813361e+00 2.493349892012875912e+01 -7.186350374658182716e+00
7.083067463754612270e+00 2.534958595643825774e+01 -7.721527005731243953e+00
7.236474736615233994e+00 2.574373275871996469e+01 -8.288423240937628833e+00
7.395662452302010692e+00 2.609535163294636106e+01 -8.865769925493871995e+00
7.645195573802502587e+00 2.654896491297271410e+01 -9.833027339820969104e+00
7.824817862323600437e+00 2.682354703052899225e+01 -1.047155700645152976e+01
7.979629581752027967e+00 2.707923097687898562e+01 -1.113814349886688682e+01
8.101272484584390199e+00 2.728062675473358922e+01 -1.181943276594704884e+01
8.269149060940502949e+00 2.745491946256802152e+01 -1.247661704304336361e+01
8.392336958045717665e+00 2.759975149759497626e+01 -1.310943712137181372e+01
8.523788081355695212e+00 2.772174447292715982e+01 -1.375901804302427678e+01
8.654049895957999894e+00 2.782724785599542017e+01 -1.438518596142835015e+01
8.757732993798738264e+00 2.791361340771328869e+01 -1.499515445120095336e+01
8.855570505882896626e+00 2.797832724337809651e+01 -1.557256135933134189e+01
8.977716978086474953e+00 2.802029011463955399e+01 -1.614703192695687051e+01
9.062107087336137567e+00 2.803464972258651855e+01 -1.669226123586763322e+01
9.164529225076282870e+00 2.806674562011661678e+01 -1.720569895635100366e+01
9.251885607261131739e+00 2.809549054396447332e+01 -1.772313362086001121e+01
9.341396380135812194e+00 2.810564909348855878e+01 -1.819701148879443053e+01
9.427426073271279350e+00 2.812476298807635544e+01 -1.866388684246453167e+01
9.505205520132744113e+00 2.813933074321193573e+01 -1.910361916353247835e+01
9.586146859728360781e+00 2.813385296196868168e+01 -1.953652646504696122e+01
9.661790173242527757e+00 2.812203751298261167e+01 -1.993552662172997003e+01
9.741933610520039366e+00 2.812978394525490700e+01 -2.033911765917946823e+01
9.820447748536830446e+00 2.810633928522617708e+01 -2.071614577284566749e+01
9.910019139824436607e+00 2.808494408910987516e+01 -2.128078696445470541e+01
9.998165044889821829e+00 2.808801409833066032e+01 -2.161237251961399863e+01
1.004858697200118023e+01 2.804932598787057074e+01 -2.193493277246156481e+01
1.009396104875469646e+01 2.802778654344148634e+01 -2.226313779111186619e+01
1.017860637555340908e+01 2.799756039045190548e+01 -2.256268203720899379e+01
1.023581536098775580e+01 2.798865594002677426e+01 -2.285652086906090119e+01
1.027695646261394558e+01 2.794777130178194469e+01 -2.314580527975394375e+01
1.033633074481458891e+01 2.793391970475622088e+01 -2.341217681899865610e+01
1.037869620264122972e+01 2.792206352888437237e+01 -2.369973339977695659e+01
1.041581382290867097e+01 2.787119562814307372e+01 -2.395217642647856238e+01
1.047011068684101609e+01 2.782873803082131303e+01 -2.421728501973148795e+01
1.051799095965387387e+01 2.777619633321313586e+01 -2.444394220570319831e+01
1.058638990402750402e+01 2.774511150403924731e+01 -2.469009809649017839e+01
1.061465060583941344e+01 2.770976369689014618e+01 -2.491753863016718640e+01
1.066668472381495825e+01 2.766277791676868603e+01 -2.513686672097665209e+01
1.070473829898083196e+01 2.765268744539614687e+01 -2.534387341977325647e+01
1.076140548325113322e+01 2.760773958959317653e+01 -2.556382369649933395e+01
1.078532813433103144e+01 2.758038997728175090e+01 -2.576023235508565179e+01
1.083792241797583245e+01 2.752333998676258275e+01 -2.596347079412443293e+01
1.087906760245945570e+01 2.747452072903740117e+01 -2.615055823341614882e+01
1.093692367074213578e+01 2.746707439561852837e+01 -2.632830402237586043e+01
1.095561956300522155e+01 2.741219933364547146e+01 -2.659748689747252470e+01
1.097595756527565491e+01 2.737048121692219027e+01 -2.676566377553642795e+01
1.101452844619262095e+01 2.733777066931141420e+01 -2.694575535048529957e+01
1.104093635030866416e+01 2.730282076394862401e+01 -2.709213316839722552e+01
1.106508024752852570e+01 2.726146920982909805e+01 -2.725187568123491388e+01
1.108499853360829590e+01 2.724165958217491479e+01 -2.740070473561407738e+01
1.112396547560740956e+01 2.721670690943769699e+01 -2.754648125659551638e+01
1.116541092657273992e+01 2.716508674521148947e+01 -2.771631562927394654e+01
1.120731089061792751e+01 2.714232649282710241e+01 -2.784639918050953256e+01
1.123520042864134183e+01 2.713539543220749550e+01 -2.799770316999412501e+01
1.126455854437698001e+01 2.710156411843962587e+01 -2.813083048231699124e+01
1.127798914446631784e+01 2.707320339537110243e+01 -2.826876551843701790e+01
1.132511109847977160e+01 2.704590118358436968e+01 -2.842700709233142931e+01
1.134783074735139330e+01 2.703091406909803851e+01 -2.854686662400160202e+01
1.135120833652091754e+01 2.701098499627175897e+01 -2.869791586985098775e+01
1.139182656337645838e+01 2.694626652934006472e+01 -2.883485627675469942e+01
1.143269581600990747e+01 2.692309255738178564e+01 -2.895978235458061789e+01
1.148342129649222798e+01 2.691166019533595133e+01 -2.908533633883505587e+01
1.147993669414379880e+01 2.689155520402541555e+01 -2.921385120564521287e+01
1.149743780924771919e+01 2.684694768809936960e+01 -2.934727837377988635e+01
1.153175728087410690e+01 2.684255027453567521e+01 -2.945450513047846997e+01
1.156085714123451069e+01 2.679484445855288044e+01 -2.963448861573938942e+01
1.156746603933853024e+01 2.675108962869454032e+01 -2.975527532448898427e+01
1.159111947791481967e+01 2.671127080955441002e+01 -2.986377940580246815e+01
1.162735318569469456e+01 2.667572842181451520e+01 -2.998339271537952655e+01
1.164547657537710634e+01 2.663859495594541826e+01 -3.009345385070063017e+01
1.167572564065056895e+01 2.659575679952666150e+01 -3.019720316425840423e+01
1.171901386238326381e+01 2.655769931480196533e+01 -3.032449781612243100e+01
1.172458894117317740e+01 2.652697910284287275e+01 -3.041740862219718267e+01
1.174540866129286165e+01 2.649254509464284268e+01 -3.054774775764799344e+01
1.177209381255687859e+01 2.644468823963204684e+01 -3.064698141658534425e+01
1.178136173206462800e+01 2.640088201922312905e+01 -3.075143135770767699e+01
1.180537307128775559e+01 2.635951006665787588e+01 -3.085841944197197151e+01
1.182290261423870348e+01 2.629215177041943718e+01 -3.094179185148721700e+01
1.185582751743062424e+01 2.624404172578206129e+01 -3.105268969786022382e+01
1.189885528425015515e+01 2.620189112304365153e+01 -3.118132058930975248e+01
1.192090398163961851e+01 2.615537578106974337e+01 -3.126957481327207589e+01
1.194256600115749656e+01 2.610087637616845413e+01 -3.135935322633274325e+01
1.197100847006800706e+01 2.606308603760832554e+01 -3.145204142412856285e+01
1.195467523605570470e+01 2.602284416614286755e+01 -3.153799663302865852e+01
1.197835852963246239e+01 2.595815795566420903e+01 -3.163429305909984990e+01
1.201412072542841258e+01 2.587396508649562321e+01 -3.175283281191983420e+01
1.202396541100355165e+01 2.580624752872537897e+01 -3.185524435071755533e+01
1.204342336471644970e+01 2.572717568878396222e+01 -3.193351877549186568e+01
1.209253122202967923e+01 2.569481122763529868e+01 -3.199988682313967203e+01
1.207513457133067902e+01 2.563718801117563473e+01 -3.208320293076310747e+01
1.209264772230467955e+01 2.555215804364031129e+01 -3.217200026691183012e+01
1.214172269805818516e+01 2.550820598796804362e+01 -3.225671869265475777e+01
1.214176242324561628e+01 2.545414317340060961e+01 -3.231242830090121743e+01
1.215122912798890731e+01 2.540081609151627617e+01 -3.238615172053184210e+01
1.216418353511986084e+01 2.535287171135180984e+01 -3.246728484306837004e+01
1.218879800840650951e+01 2.528889712167391934e+01 -3.252153060167408682e+01
1.222188681625031847e+01 2.522434537697137102e+01 -3.258978739358138199e+01
1.221756300403641760e+01 2.517697291979531826e+01 -3.267960304095061019e+01
1.223199219672695115e+01 2.511014129706214248e+01 -3.273531257935644589e+01
1.225743793905510515e+01 2.502640977768613695e+01 -3.279164464977726112e+01
1.226851725174674002e+01 2.496446364915640359e+01 -3.286899494327809634e+01
1.227303170210787009e+01 2.490494820566730994e+01 -3.292285265001309824e+01
1.231089286534503557e+01 2.483619771705593138e+01 -3.299973519571592107e+01
1.231972205409014975e+01 2.477865213630602170e+01 -3.304273747318139698e+01
1.233543504077925768e+01 2.471510403612620621e+01 -3.309892941776667641e+01
1.235147907092176034e+01 2.465515595289596718e+01 -3.316064950604368278e+01
1.236627698506348061e+01 2.456977277052050823e+01 -3.325420009798463639e+01
1.236114418296760498e+01 2.450085136892300497e+01 -3.330375680695276941e+01
1.235667592442287166e+01 2.444676300648314182e+01 -3.334156128251479601e+01
1.236857771495786196e+01 2.438167576649414059e+01 -3.340525678880133853e+01
1.239822721179112541e+01 2.429083525363369134e+01 -3.344732491302217170e+01
1.242173408806592860e+01 2.423872363607976155e+01 -3.351601481869742116e+01
1.241714482093192728e+01 2.419170622090820544e+01 -3.355068752144322985e+01
1.242783015292698856e+01 2.413905461861854107e+01 -3.356392598679066452e+01
1.242994018512345100e+01 2.406914335603055122e+01 -3.363317597809771797e+01
1.244110696141612671e+01 2.400931039226409069e+01 -3.366395275264983411e+01
1.246846252854654757e+01 2.396450232129928182e+01 -3.368988393797121006e+01
1.247834298076358728e+01 2.389397343985650579e+01 -3.372185806051827939e+01
1.248708023023505831e+01 2.385899921565253479e+01 -3.375584801001438251e+01
1.248249227372745374e+01 2.380639883617557828e+01 -3.377579610534490229e+01
1.249303165228108981e+01 2.374034939814487899e+01 -3.379837114064903147e+01
1.249143000009762083e+01 2.366473685852999154e+01 -3.380286817786778641e+01
1.249425571748597363e+01 2.360160047622323631e+01 -3.381939084413037477e+01
1.252080231648967690e+01 2.355850756895493348e+01 -3.384764079509713497e+01
1.253064693758411785e+01 2.352331386022858339e+01 -3.384259284289318259e+01
1.254798000451941320e+01 2.347205846332821721e+01 -3.384423407774853132e+01
1.257068136558975802e+01 2.344268753610044342e+01 -3.385886171435686975e+01
1.256083022160254536e+01 2.337759489160592352e+01 -3.386582017181275006e+01
1.256950440911913347e+01 2.333500549688915626e+01 -3.386713082823553833e+01
1.257491507311249634e+01 2.326185841127123055e+01 -3.384583646862494533e+01
1.256601874937624252e+01 2.323342677637972997e+01 -3.384391217688883557e+01
1.257564737677579103e+01 2.317343741603478335e+01 -3.382562632102260380e+01
1.259244602494100640e+01 2.313977073451361477e+01 -3.379925163048176984e+01
1.259828419882970962e+01 2.312236412020680021e+01 -3.378038469815052736e+01
1.257693792959864076e+01 2.307161404483749934e+01 -3.374997754719591825e+01
1.256690350026281422e+01 2.303136160085989204e+01 -3.372108630236372306e+01
1.257282103863730960e+01 2.301012175217257294e+01 -3.367726635927738243e+01
1.257794545347717907e+01 2.296353351199534032e+01 -3.363410401991528431e+01
1.258226147149681928e+01 2.294485003232613352e+01 -3.355697924171475677e+01
1.259408605603400133e+01 2.293018594879579553e+01 -3.350651280664189358e+01
1.259889462019669537e+01 2.291775538968470372e+01 -3.343584484951312419e+01
1.259794189364569839e+01 2.291302546964267606e+01 -3.335432965734713662e+01
1.260222575699580183e+01 2.293992861738963640e+01 -3.328755500806719425e+01
1.257641424580289069e+01 2.297074869148689302e+01 -3.317759098614160962e+01
1.256202987469266219e+01 2.299798891963996539e+01 -3.306869179395729219e+01
1.255919005137630506e+01 2.305939792227426466e+01 -3.296167612997729179e+01
1.256799316734421801e+01 2.312968301332580268e+01 -3.281906297262921157e+01
1.256542537778547697e+01 2.324419140600653577e+01 -3.267611403824690086e+01
1.259999298711798055e+01 2.348978589360692482e+01 -3.245950335538925913e+01
1.263382661217710101e+01 2.369857714940293647e+01 -3.232423120759499824e+01
1.265245791811625331e+01 2.395616965807517218e+01 -3.219100356731050994e+01
1.270190169193748631e+01 2.427222712983299147e+01 -3.209323353780057886e+01
1.274627370925067638e+01 2.457430817331416861e+01 -3.203282464544908947e+01
1.280896440125126823e+01 2.491029676168355067e+01 -3.199187498989280343e+01
1.285284429836852027e+01 2.525062993748811380e+01 -3.199211208104131643e+01
1.291515621627228505e+01 2.557309395810249697e+01 -3.203603477858156623e+01
1.298720521896628988e+01 2.588395929683033714e+01 -3.208183436537943578e+01
1.305893410657229836e+01 2.617432800057619957e+01 -3.216100960630109995e+01
1.311361308973251383e+01 2.646618503216658524e+01 -3.224997404320501460e+01
1.317410865353763860e+01 2.672366550951358732e+01 -3.233854922283487099e+01
1.323012477863181147e+01 2.696485541112989637e+01 -3.244015593649076834e+01
1.328081747931861578e+01 2.717070116617376030e+01 -3.256026726827615647e+01
1.334664760975295117e+01 2.736019685813435487e+01 -3.268036887004515023e+01
1.341821250531032028e+01 2.755385451058744550e+01 -3.280720277906900861e+01
1.346319397951177521e+01 2.769765342162236621e+01 -3.294356734000707121e+01
1.349893070613024371e+01 2.785410413796989104e+01 -3.307306388418390242e+01
1.354770330018611624e+01 2.796467130049488858e+01 -3.319400219838142618e+01
1.360804315212313220e+01 2.811650474523876397e+01 -3.335385999935893864e+01
1.364886546713400506e+01 2.820135394638668203e+01 -3.349230531709359582e+01
1.372582386097184148e+01 2.834733109198506895e+01 -3.371520634842024577e+01
1.376110878106398339e+01 2.844400450513813539e+01 -3.384742238962592609e+01
1.377382330167819013e+01 2.850162133759173955e+01 -3.400967832336532126e+01
1.380522731264000846e+01 2.853482299215443874e+01 -3.415153903269718683e+01
1.383214605598120883e+01 2.857789067690540108e+01 -3.430826475148000299e+01
1.388080397587843429e+01 2.859501828260037115e+01 -3.443822187555151260e+01
1.392714916159612670e+01 2.861315974020046937e+01 -3.460058463135334250e+01
1.400341362411464807e+01 2.865862692832464376e+01 -3.474978716434701909e+01
1.403706496194129905e+01 2.869294846147375111e+01 -3.490175333618448406e+01
1.407390577724224023e+01 2.872889273476068439e+01 -3.505547023518966654e+01
1.409786062980068877e+01 2.874629243257547984e+01 -3.521640851866131783e+01
1.413442594090798643e+01 2.877171029392226487e+01 -3.534785235387593616e+01
1.417955277758541044e+01 2.876370654805105076e+01 -3.550983615872352317e+01
1.420470455772993468e+01 2.874914650831455987e+01 -3.566276024058899452e+01
1.422479252814408746e+01 2.875378463236756943e+01 -3.581938311833062016e+01
1.426847091804020451e+01 2.874231965206190154e+01 -3.596919925300340992e+01
1.428898422816453717e+01 2.872096746484884733e+01 -3.612265797469959949e+01
1.434293543090636547e+01 2.867815160685940867e+01 -3.627321107521518684e+01
1.437570894934466104e+01 2.864418119913181826e+01 -3.640995932650464084e+01
1.441089288436843496e+01 2.861836914650805852e+01 -3.656639376623369486e+01
1.446235604082902704e+01 2.858780806540544361e+01 -3.669869492634498442e+01
1.447831090486118910e+01 2.854664294823107085e+01 -3.690921593268655698e+01
1.451008331760345982e+01 2.850543762173071372e+01 -3.706023014334611076e+01
1.453444346169307799e+01 2.844499382632275442e+01 -3.718334792373399722e+01
1.456809915946251799e+01 2.838166296771274943e+01 -3.730766948612231459e+01
1.460113784970089057e+01 2.833581350184292091e+01 -3.743497617706900371e+01
1.465170625249129799e+01 2.829542003313783027e+01 -3.758064118236064388e+01
1.466231360342491108e+01 2.824956608347528331e+01 -3.768676694502264013e+01
1.468147765083465117e+01 2.819825326949280608e+01 -3.782420615071163184e+01
1.469732176498276033e+01 2.817394133230395781e+01 -3.793916965426144117e+01
1.471361708973139848e+01 2.810028627682348912e+01 -3.807849464962090025e+01
1.473447956619621735e+01 2.806616869728117791e+01 -3.816878721253058870e+01
1.474008405966177904e+01 2.801865128555422402e+01 -3.830192770495129650e+01
1.476567188589033819e+01 2.796785118086580013e+01 -3.839861899213502028e+01
1.479013539242746234e+01 2.789068846470971508e+01 -3.851980126625570477e+01
1.481277955729476581e+01 2.782879452719366853e+01 -3.865087006531130243e+01
1.484243706431844601e+01 2.778803616925924302e+01 -3.874693867230469380e+01
1.488276084143814870e+01 2.770884371863696316e+01 -3.885748324527193631e+01
1.489126316267774897e+01 2.766707796282127418e+01 -3.899050249337446417e+01
1.492611632873342664e+01 2.764180006933252187e+01 -3.911131804701101800e+01
1.494076724325345218e+01 2.759353282522540951e+01 -3.924253351740520657e+01
1.499708540635091225e+01 2.753383196630709051e+01 -3.941368535157685216e+01
1.500967461784755486e+01 2.748301366398823831e+01 -3.951181627443622801e+01
1.499642445076324471e+01 2.745756374243844178e+01 -3.963848412575421065e+01
1.502588194027475055e+01 2.740115716413454550e+01 -3.977611293017397287e+01
1.505134013692575401e+01 2.735322834605332787e+01 -3.987437570148185983e+01
1.508775107008465532e+01 2.729434093658923643e+01 -4.001361714549634030e+01
1.510006631874371230e+01 2.726201205941725902e+01 -4.012472627081130838e+01
1.512279093964516363e+01 2.721960847356381663e+01 -4.024935226444563341e+01
1.513564513628931074e+01 2.716122799823783041e+01 -4.037305316311660874e+01
1.517185657471708105e+01 2.712110182854789997e+01 -4.048369934818236970e+01
1.516894954897640524e+01 2.705404164703802650e+01 -4.060218210016583384e+01
1.520128217572890783e+01 2.696394134559554701e+01 -4.073700632624348827e+01
1.522454371704478504e+01 2.690919249741471120e+01 -4.084579559478244448e+01
1.526109265668755555e+01 2.683952055723534613e+01 -4.095727656274672768e+01
1.531563823783527667e+01 2.677437945829016286e+01 -4.107117096259207045e+01
1.532182197181383998e+01 2.673388569959760019e+01 -4.117911732862715724e+01
1.536263828535191678e+01 2.666711246213387199e+01 -4.128459987190785796e+01
1.539317480498540114e+01 2.660772083393037590e+01 -4.138928424466855915e+01
1.541229544392074935e+01 2.653502673203097828e+01 -4.150210859770183447e+01
1.542768569672208301e+01 2.648515510864168476e+01 -4.161624518750944901e+01
1.542575273734851571e+01 2.643016604437154271e+01 -4.172909275198733781e+01
1.543033874554297569e+01 2.632285329945806041e+01 -4.188989604940974942e+01
1.544671594454263364e+01 2.621617500382169297e+01 -4.201945226358180463e+01
1.543907612646713012e+01 2.612665563433930771e+01 -4.211001741415757493e+01
1.545875873004198198e+01 2.603077994623348701e+01 -4.222658455558742219e+01
1.549922792926187043e+01 2.593014981620850889e+01 -4.234275750043292419e+01
1.554883137051053588e+01 2.583963987476165158e+01 -4.244090716199551139e+01
1.557944896024239334e+01 2.574572768797980515e+01 -4.254938680614273494e+01
1.559049784673019268e+01 2.565762982899230593e+01 -4.264424068728154538e+01
1.562859183583658407e+01 2.558376406531932545e+01 -4.274159914997815690e+01
1.563101249534667581e+01 2.549679572759216484e+01 -4.285040471924318695e+01
1.561022445344644538e+01 2.535415245451046928e+01 -4.290722162026857944e+01
1.558800706981510054e+01 2.521173760059532754e+01 -4.299335672077967985e+01
1.555855948551438850e+01 2.504339601330832465e+01 -4.303020130013436528e+01
1.555104118705757621e+01 2.485552385966118649e+01 -4.304598862463072351e+01
1.554074968826240521e+01 2.469459372210607739e+01 -4.299861658467381176e+01
1.555272316240741759e+01 2.455426866949991904e+01 -4.297581429650866625e+01
1.557094593396121063e+01 2.446353343938083924e+01 -4.290014033530186310e+01
1.557822177787550011e+01 2.437249222175904606e+01 -4.284355849006635708e+01
1.557888513782039830e+01 2.434387516274145113e+01 -4.276639230141160652e+01
1.558054468003365045e+01 2.434359479338836252e+01 -4.272355522552109619e+01
1.556284540739348188e+01 2.430665493769938124e+01 -4.267506766503672822e+01
1.554856307981112273e+01 2.429273670272660013e+01 -4.263613754304588355e+01
1.555818131966552187e+01 2.427898308818492623e+01 -4.263178071659655188e+01
1.556415975371542437e+01 2.426654636276010280e+01 -4.264129194065310458e+01
1.557940432347902693e+01 2.426574417626989444e+01 -4.267201892370939476e+01
1.563393620565088682e+01 2.425762999619300331e+01 -4.272205716290920208e+01
1.565041324772851539e+01 2.427852750280842287e+01 -4.275866505098534986e+01
1.567855718893367012e+01 2.430845454080001744e+01 -4.282989406221897610e+01
1.571195861172965280e+01 2.431515234395307345e+01 -4.289242592586018787e+01
1.574574473298774713e+01 2.434012331690643904e+01 -4.298004424438816073e+01
1.575980429373255021e+01 2.435056321620388076e+01 -4.306922064177960863e+01
1.577476531778026114e+01 2.434833576066993643e+01 -4.316122650066072453e+01
1.581728778768289345e+01 2.437874007596474968e+01 -4.327557118519526824e+01
1.586194607082977903e+01 2.439732063137241624e+01 -4.340016673552455728e+01
1.589268448416319579e+01 2.440464134571183763e+01 -4.350667481907758827e+01
1.592339155242742521e+01 2.443572851426693759e+01 -4.362927399963562181e+01
1.594439098439203839e+01 2.444456657564634838e+01 -4.374812898589105004e+01
1.599722687673631683e+01 2.446406456128116602e+01 -4.387088316383296416e+01
1.605020134236708884e+01 2.447560517817236203e+01 -4.400089766172773409e+01
1.606588523712461480e+01 2.452824954786864353e+01 -4.415412798942062267e+01
1.610034873928045585e+01 2.456265931946757064e+01 -4.428411019875493793e+01
1.612713180182011286e+01 2.456328240663481211e+01 -4.444015243780188484e+01
1.616926033971762422e+01 2.461224228211617060e+01 -4.465581690235254797e+01
1.618913531349738477e+01 2.461469344337645282e+01 -4.478705339893340920e+01
1.623769361421687307e+01 2.464382799521991885e+01 -4.495695508325200507e+01
1.626339506176257999e+01 2.464216812715508453e+01 -4.512773408936735819e+01
1.629403351032479819e+01 2.463401761461993900e+01 -4.527542139759759721e+01
1.632903559710048569e+01 2.462173768966465204e+01 -4.544016954601296732e+01
1.637529778399476399e+01 2.462775237250952998e+01 -4.559150126005710746e+01
1.640293281024377947e+01 2.460859729004484464e+01 -4.577149300106279384e+01
1.648809630319615138e+01 2.459577090079867645e+01 -4.592976648027696740e+01
1.652283853925953139e+01 2.460312992019242984e+01 -4.609450538426378330e+01
1.655090592508821956e+01 2.457918478689095920e+01 -4.624850584344078186e+01
1.660144300810217644e+01 2.459156894272076244e+01 -4.641761536485390138e+01
1.665917165954064671e+01 2.457266939351405100e+01 -4.658006758306946438e+01
1.667455481823476049e+01 2.456280979574626500e+01 -4.672641898692932472e+01
1.672186206406546205e+01 2.455553998391431492e+01 -4.688934404659497091e+01
1.675634313858091673e+01 2.454858724536209635e+01 -4.704298853700588978e+01
1.677047747042080061e+01 2.454140293957607355e+01 -4.721129431577477931e+01
1.679908870599997428e+01 2.453062629842762021e+01 -4.737049112803939011e+01
1.680313131160455242e+01 2.447142196441938466e+01 -4.751161137107903443e+01
1.683607915169917746e+01 2.447395420750004646e+01 -4.769057287674272771e+01
1.687564468278917573e+01 2.446263051699478908e+01 -4.784136768857640476e+01
1.690650898643884403e+01 2.439958218996137163e+01 -4.804413075510908016e+01
1.694322532954370431e+01 2.437084673999140705e+01 -4.819596242474785441e+01
1.699197312765841517e+01 2.437339920721582587e+01 -4.835357856746331606e+01
1.702223352801478029e+01 2.432920492220480568e+01 -4.848732740168985345e+01
1.707834908456062806e+01 2.433371255009172884e+01 -4.863398575830976966e+01
1.710727226543203372e+01 2.433707565744398238e+01 -4.877234951616844683e+01
1.716404021418958337e+01 2.431765407881460561e+01 -4.891416182254307188e+01
1.720119301447403970e+01 2.432336496651111091e+01 -4.903795207165104131e+01
1.722906045091244209e+01 2.435398632512128003e+01 -4.917457936030908883e+01
1.725446395139783817e+01 2.435180486479351103e+01 -4.932154815635083622e+01
1.727087170680500705e+01 2.435496463945495904e+01 -4.946773575394259126e+01
1.730963648182427050e+01 2.435678015053214196e+01 -4.963445075241801874e+01
1.729834381374068286e+01 2.435933696083215239e+01 -4.978846642646000475e+01
1.734727411540496078e+01 2.434099895310790629e+01 -4.993239447304090817e+01
1.739680199230169677e+01 2.433033737206394420e+01 -5.009711966301054531e+01
1.744055491269046598e+01 2.430691684028163380e+01 -5.024811638286593762e+01
1.750355550085328815e+01 2.434544343849038128e+01 -5.041961602972168066e+01
1.757036934191875233e+01 2.435235524022629860e+01 -5.058359158238175723e+01
1.763239627395994091e+01 2.441068042653683534e+01 -5.077259950640754482e+01
1.767800978297920267e+01 2.444677526229974518e+01 -5.096726211701383846e+01
1.772246013798278597e+01 2.447914524138429826e+01 -5.114912986700962705e+01
1.776308645282870557e+01 2.453941156510239097e+01 -5.146950434971171262e+01
1.779343172122064232e+01 2.453612427965152065e+01 -5.169627951266139831e+01
1.779987786765060775e+01 2.449554736599846194e+01 -5.191848621176572465e+01
1.782305870375298440e+01 2.444112106019488451e+01 -5.213197220212768457e+01
1.784996150453461539e+01 2.436004805770239301e+01 -5.232065261163971570e+01
1.787883646912471747e+01 2.427981243599781180e+01 -5.252305379868511181e+01
1.792256046310107820e+01 2.418882335701605868e+01 -5.268550540941502902e+01
1.794461265420132889e+01 2.409303720799756476e+01 -5.285151536686464624e+01
1.801898778703273862e+01 2.403178242849289958e+01 -5.300409103795220034e+01
1.805125483106774809e+01 2.397597524731033047e+01 -5.316485770927848620e+01
1.811822048295755039e+01 2.393298678939870072e+01 -5.329409779323175655e+01
1.814599395626311562e+01 2.391101480447110461e+01 -5.343880424253352857e+01
1.817915031374635504e+01 2.389339679129789573e+01 -5.356896864788043899e+01
1.820103979426872343e+01 2.386584117311267050e+01 -5.369803199989561904e+01
1.820960154331661940e+01 2.387805530762308948e+01 -5.380537351695264903e+01
1.822865886990795303e+01 2.383633414169604947e+01 -5.391284284440063601e+01
1.821447235261928199e+01 2.380364351397665246e+01 -5.403472307253652929e+01
1.823393294478819726e+01 2.376627058242095814e+01 -5.413175320231700738e+01
1.825542542668802781e+01 2.375174335290670058e+01 -5.423706076931031816e+01
1.828527038781241032e+01 2.371109384046374657e+01 -5.431997622290531780e+01
1.832865082171931093e+01 2.368506688540398741e+01 -5.448710885593759201e+01
1.836418489021347256e+01 2.367936300545298067e+01 -5.457181164205294266e+01
1.839935650440788351e+01 2.364212709658848155e+01 -5.466088657594824696e+01
1.844668731001379314e+01 2.362433162397916675e+01 -5.474091913144120269e+01
1.848186367232545635e+01 2.361829916977525201e+01 -5.481189526182104998e+01
1.852197071554146746e+01 2.362007792591593258e+01 -5.489257412147741633e+01
1.852312961105344158e+01 2.362820977060706085e+01 -5.495993339990786808e+01
1.856126403688937287e+01 2.362664720661882356e+01 -5.504308921823299272e+01
1.858113969961693002e+01 2.362045892999876173e+01 -5.511816674620553158e+01
1.858808044474287158e+01 2.358291379236930041e+01 -5.520181048336538510e+01
1.859294902408841565e+01 2.358464537518069548e+01 -5.526868383361760095e+01
1.861081064876120905e+01 2.356914382281701492e+01 -5.532959417221967158e+01
1.863894876676940981e+01 2.356348149401146941e+01 -5.541980348483035357e+01
1.865592715788162792e+01 2.352127002994881266e+01 -5.546865785535816684e+01
1.868853633388951963e+01 2.354969567611047765e+01 -5.554173445313499258e+01
1.871691026972878902e+01 2.352445568764911243e+01 -5.559370952364820084e+01
1.873896796394658537e+01 2.351817167307199341e+01 -5.565564772892483347e+01
1.875561873466912743e+01 2.349828982677048828e+01 -5.570665290391956148e+01
1.879540153788180490e+01 2.350812222826965225e+01 -5.575888093840565318e+01
1.881538064977156566e+01 2.352187970930766170e+01 -5.583218359745968229e+01
1.882991482035370723e+01 2.352949169934629126e+01 -5.587775563379535981e+01
1.886633454404643118e+01 2.357322747997311652e+01 -5.596299397775147355e+01
1.887146191776397330e+01 2.360416269304455028e+01 -5.603521929005652424e+01
1.890201791476031090e+01 2.362450199083385982e+01 -5.607524628480021534e+01
1.891867031202235694e+01 2.367533922845444039e+01 -5.614862770203204434e+01
1.891494015038484022e+01 2.370805625087751523e+01 -5.623518804657182812e+01
1.894254662221693053e+01 2.371940841912476117e+01 -5.628800747936947602e+01
1.896239535227813633e+01 2.376176262309516574e+01 -5.635103104352086234e+01
1.897687044968729353e+01 2.375577839285391590e+01 -5.643143931268243563e+01
1.899414056555506392e+01 2.379634548520501625e+01 -5.651263192321456330e+01
1.903262114197429256e+01 2.379608045610054390e+01 -5.658515420400240714e+01
1.909603470810181491e+01 2.382740858807306239e+01 -5.665946029393748518e+01
1.911400561798987141e+01 2.385179547592298022e+01 -5.674889042885585155e+01
1.919824885152819149e+01 2.386572524418485486e+01 -5.682100659229638495e+01
1.923534579402171474e+01 2.391758062779777205e+01 -5.690171233674141860e+01
1.926709571391313958e+01 2.393306598553071751e+01 -5.701299061993130124e+01
1.929251687439207075e+01 2.397471405568166247e+01 -5.709842128778463888e+01
1.932613884402088900e+01 2.399440034700333513e+01 -5.719688426358096933e+01
1.938074966249928011e+01 2.400736064244730628e+01 -5.729005364496908470e+01
1.939750252879606407e+01 2.405412312170492939e+01 -5.739033387669448416e+01
1.944086925418318756e+01 2.410948417166552460e+01 -5.748401878034946577e+01
1.943792024233219706e+01 2.413777028052525964e+01 -5.758136603263218944e+01
1.947549095244274397e+01 2.416852566279667158e+01 -5.771328079399001609e+01
1.948577364415273294e+01 2.420477201624100516e+01 -5.783092279367323840e+01
1.950561874472369084e+01 2.421870367873473739e+01 -5.794405749875089384e+01
1.952442149347299605e+01 2.425925268922406275e+01 -5.804907825413992839e+01
1.955093192032683547e+01 2.427904132931462300e+01 -5.818389758817840374e+01
1.956412789326294188e+01 2.430533815142124254e+01 -5.830799135210447304e+01
1.960462992632273327e+01 2.431455363654099955e+01 -5.843976953774008365e+01
1.963134305146057201e+01 2.430303316495646726e+01 -5.856637049961950936e+01
1.965327435284862645e+01 2.431027386967092241e+01 -5.870819882782214449e+01
1.967950869744219133e+01 2.430004164110376053e+01 -5.885803045979010051e+01
1.973338815383356959e+01 2.427955637090835239e+01 -5.897558259219990617e+01
