1.113578229745635140e+00 2.260137616915451009e+00 -6.783373061179684416e-02
1.119972792832125030e+00 2.295800554079824085e+00 -8.257374307469320107e-02
1.103811261709262803e+00 2.316943681849577885e+00 -4.673757266861677112e-02
1.143999181782567209e+00 2.356409924966283764e+00 -6.391714362424620599e-02
1.150322885997038247e+00 2.410199069290241081e+00 -4.115316564961807311e-02
1.148692555791007042e+00 2.427044609625751193e+00 -4.249462380422628499e-02
1.153459922350899003e+00 2.452178923700044422e+00 -3.682776075172054103e-02
1.168467907540211348e+00 2.489468212472723430e+00 -4.807337529120288278e-02
1.163087693147815793e+00 2.527269987575210930e+00 -3.002026546503628462e-02
1.198164584331192328e+00 2.584369759890586149e+00 -8.023381861176617433e-03
1.201232880083205501e+00 2.622636089403812321e+00 -1.846226588106636077e-02
1.216755496614730481e+00 2.693790268430871659e+00 -3.504061885905629392e-03
1.244232170157701489e+00 2.754133163150539687e+00 1.070471407301951464e-02
1.244485552902837799e+00 2.814763130099727118e+00 2.997474028680330305e-02
1.261625879119832705e+00 2.868848991764594736e+00 3.023626372357441500e-02
1.277537908286488610e+00 2.909289817973409686e+00 3.361212063979169412e-02
1.291552673160642151e+00 2.966114260627473964e+00 4.989287628044491996e-02
1.302561950019382131e+00 3.036393627477325552e+00 7.510653119952558077e-02
1.320291365481258916e+00 3.108676052212516971e+00 6.334193747909790118e-02
1.342584455919245467e+00 3.173666054471947717e+00 6.552141310115164319e-02
1.337611051984579857e+00 3.234883735400214455e+00 8.148459646320914407e-02
1.353676269841572521e+00 3.294267848118465292e+00 9.235244187498445334e-02
1.386255790247189923e+00 3.351217042155318460e+00 1.098876229311907121e-01
1.422105461964188189e+00 3.422173506910020979e+00 1.130974762676925233e-01
1.436172262808480093e+00 3.497365880488643608e+00 1.301601748917206591e-01
1.453110640145111265e+00 3.572213212768641899e+00 1.315532632908287536e-01
1.465861203184971817e+00 3.646521299950781003e+00 1.416152727119079358e-01
1.488755436282084732e+00 3.710003370863069527e+00 1.489074563664326278e-01
1.526143267693764294e+00 3.775530546899199980e+00 1.753002092421202529e-01
1.549988722468169433e+00 3.885055102639558555e+00 1.737006118394429366e-01
1.542793137355924937e+00 3.964217022873618212e+00 1.994969894804095034e-01
1.566608040044807026e+00 4.036852136865253016e+00 2.090768070678782342e-01
1.591959462773445022e+00 4.146499811077453579e+00 2.392479542195645459e-01
1.616919343120818420e+00 4.248803971607441277e+00 2.339869624272049864e-01
1.628336178324805594e+00 4.336980302906058959e+00 2.510625711825399953e-01
1.656567370865087652e+00 4.435472592530970815e+00 2.683655628874094812e-01
1.679349271685852019e+00 4.536703291483781264e+00 2.818540332936217419e-01
1.675857441154072758e+00 4.627027492742510795e+00 2.822887234064030970e-01
1.698953392224341163e+00 4.722388868013134733e+00 3.123788368062719312e-01
1.739155221610899638e+00 4.812936460653645554e+00 3.304423238246827488e-01
1.749646897993001549e+00 4.922867306460934955e+00 3.428468025073554415e-01
1.773024449165851113e+00 5.034100683293283751e+00 3.652378983511225807e-01
1.799055890605383290e+00 5.132850784335776240e+00 3.810533541054317852e-01
1.819555182727452980e+00 5.243687954800323681e+00 3.950093185544378271e-01
1.844147233061533386e+00 5.369663689477100377e+00 4.258782344791462449e-01
1.872345360638605793e+00 5.474452647319694165e+00 4.298444838179984462e-01
1.876361465500276937e+00 5.594247261846477137e+00 4.395770760712683356e-01
1.902396726699150831e+00 5.703693095797336632e+00 4.642516922422464387e-01
1.931732132412680381e+00 5.826535543993541566e+00 4.843020332061501732e-01
1.959847506449380772e+00 5.955550904800559486e+00 5.098152901527377434e-01
1.983070895621663166e+00 6.070965291907814532e+00 5.220971936291906035e-01
1.989925017812243624e+00 6.197895613914607971e+00 5.349026558103849860e-01
2.027210389375513344e+00 6.337622429685266567e+00 5.473476984608272033e-01
2.055977867712530660e+00 6.537288782735120485e+00 5.689083866333315420e-01
2.093757681777755231e+00 6.665991461383444339e+00 5.942004620176553065e-01
2.115266312158381901e+00 6.810332754895048524e+00 6.169266051243276205e-01
2.152635294039340952e+00 6.955955951585621300e+00 6.142058337142778379e-01
2.175299123676321944e+00 7.098492471233787349e+00 6.312957723021042078e-01
2.197981266724768457e+00 7.265409809268124519e+00 6.629013498000734250e-01
2.235899646372187632e+00 7.417897945359084311e+00 6.698935050084485754e-01
2.263068054195507273e+00 7.572949792657118984e+00 6.870496495020814720e-01
2.311505374029380722e+00 7.705101706365231173e+00 7.011304314967563567e-01
2.324186763711781012e+00 7.884241197858600891e+00 7.157161135303261590e-01
2.345059392027466050e+00 8.053244236425243230e+00 7.415303604452101460e-01
2.395777229394887797e+00 8.220068757657173819e+00 7.535157643066113797e-01
2.431060786186149958e+00 8.397065920961308549e+00 7.607339864611418756e-01
2.462925918950156223e+00 8.570075048339779400e+00 7.744355631898102166e-01
2.475975074871963777e+00 8.750746075796007162e+00 7.905360824877928350e-01
2.507580141291290587e+00 8.951105343591290620e+00 8.004884229571861409e-01
2.550347416725069039e+00 9.122573610402474387e+00 7.954314818654043551e-01
2.588926707916947567e+00 9.309004569980848132e+00 8.211565280567062475e-01
2.604033780159050071e+00 9.505334773344346289e+00 8.334815006146338856e-01
2.631617195933086517e+00 9.714524362511701483e+00 8.422802969949519936e-01
2.707518484645182966e+00 1.001204824255701453e+01 8.446775735736555824e-01
2.754854985160505976e+00 1.023855664514797148e+01 8.466590816012332654e-01
2.779854233411866549e+00 1.044506618993724345e+01 8.523292294762242483e-01
2.812549600770268832e+00 1.067141045416194522e+01 8.567384091849804539e-01
2.847748441177276657e+00 1.089923517533222963e+01 8.558759566657350160e-01
2.910037879626964585e+00 1.110850757592436544e+01 8.665085259067715207e-01
2.942251567215138586e+00 1.133255452579985345e+01 8.579886727164081073e-01
2.988061916222931380e+00 1.158262138593413049e+01 8.547151432039374885e-01
3.035967806960417015e+00 1.180905050331277018e+01 8.364906149241245759e-01
3.073455229066341943e+00 1.206249636071492759e+01 8.197449628829945878e-01
3.128045646223909682e+00 1.231503609846621394e+01 7.888277421799910760e-01
3.170924137932905840e+00 1.256464537483821431e+01 7.998970717759217308e-01
3.229358485133534185e+00 1.283415592123211901e+01 7.894657246654390725e-01
3.293486492598099780e+00 1.310154790644514300e+01 7.617279207699855226e-01
3.312663241030029404e+00 1.338678537683386871e+01 7.367846958685400072e-01
3.373698652840275258e+00 1.365185500311159750e+01 7.093312583871407284e-01
3.428163005247886197e+00 1.394193232510697733e+01 6.715357064370310880e-01
3.489894589443865325e+00 1.424896818326939041e+01 6.270760968711291961e-01
3.534735865326054771e+00 1.456773046477210798e+01 5.910359048431352846e-01
3.607803460900743886e+00 1.485162135366433311e+01 5.458939792176950023e-01
3.653409053982209276e+00 1.518968521954389317e+01 4.968085769397236340e-01
3.757493291780695799e+00 1.569355757599596934e+01 4.043364005298546449e-01
3.842092180925210876e+00 1.602058307529063796e+01 3.222563554231175353e-01
3.902285553257613060e+00 1.638279558234219024e+01 2.607235940660920792e-01
3.984880849601813324e+00 1.675380331398233480e+01 1.668680264233010080e-01
4.065596083253622872e+00 1.712548852818513723e+01 6.775182915868153966e-02
4.136148701039396691e+00 1.749302623981067129e+01 -4.695577650283718624e-02
4.206713756715832808e+00 1.787015760053301960e+01 -1.632295736197844349e-01
4.294991420795115644e+00 1.828306436651463329e+01 -3.046081750651157272e-01
4.400514903179312931e+00 1.870027057002016946e+01 -4.584611705897134182e-01
4.492340141851657087e+00 1.913547791933707387e+01 -6.421788776970257517e-01
4.584064372528422027e+00 1.954158025292799294e+01 -8.437068949629566994e-01
4.720170848143718345e+00 1.997601362888347865e+01 -1.069143729585188218e+00
4.818931620942033867e+00 2.044128318098848140e+01 -1.342287265481160174e+00
4.942124745684733256e+00 2.090635031665648214e+01 -1.616623236956315601e+00
5.051611453877962177e+00 2.134053193365733847e+01 -1.929231202462834638e+00
5.199022930055780201e+00 2.179556786788040057e+01 -2.304022139578341122e+00
5.323121301059829058e+00 2.224069514718126328e+01 -2.703083529875918156e+00
5.461144018911159748e+00 2.267096154620053028e+01 -3.161139787999692086e+00
5.617630195308978891e+00 2.307008351346555486e+01 -3.644570303428082969e+00
5.781763034336125706e+00 2.346052824855661711e+01 -4.185511289731169704e+00
5.906521759231871727e+00 2.381806018380737910e+01 -4.734280057323893232e+00
6.127743740979519238e+00 2.427441339784538599e+01 -5.618550604874940291e+00
6.277853722715420304e+00 2.453829991803593202e+01 -6.221368227686501662e+00
6.411710099784444949e+00 2.476475672503095993e+01 -6.832038870965464028e+00
6.550396045803791978e+00 2.496712436736749297e+01 -7.450707798983139618e+00
6.699475246171279430e+00 2.512905169244183767e+01 -8.054506896958841367e+00
6.820569524628195879e+00 2.525066061681833318e+01 -8.651309881904175825e+00
6.936383562844453898e+00 2.536119197572741513e+01 -9.222043137173519867e+00
7.046412650682960965e+00 2.542930042953843994e+01 -9.797142947856571027e+00
7.156129429904678929e+00 2.552089382563750064e+01 -1.032547480120942396e+01
7.261029579766375086e+00 2.557732126186343891e+01 -1.084079650589982968e+01
7.344528031736046181e+00 2.562432863002255701e+01 -1.134627410379578194e+01
7.445477010277842034e+00 2.566476041764881444e+01 -1.180907821931030988e+01
7.545535320008381674e+00 2.568587928933424536e+01 -1.226488109413799776e+01
7.611173064367073415e+00 2.570269932547105540e+01 -1.268590226734297133e+01
7.677588120012043049e+00 2.571459807397752328e+01 -1.309137885671874990e+01
7.746630397689948211e+00 2.571855068214458839e+01 -1.347457306292588441e+01
7.805283330736726199e+00 2.570982775267530585e+01 -1.383790735472860689e+01
7.891127621260553227e+00 2.568840991631347848e+01 -1.418646377604143893e+01
7.973300177962635793e+00 2.569229350030846248e+01 -1.452611556163433804e+01
8.035792470600407356e+00 2.566554366940143694e+01 -1.482885362344076086e+01
8.079314572175862352e+00 2.566270370588773275e+01 -1.512144929815516115e+01
8.160062932958009441e+00 2.563235729299576704e+01 -1.553194561263877915e+01
8.225613544125119247e+00 2.560173359980608510e+01 -1.580643056889791964e+01
8.280790233199907036e+00 2.558732911335083671e+01 -1.606418504721133544e+01
8.322884699198537461e+00 2.555951302659691038e+01 -1.631166649596812235e+01
8.380241088908167768e+00 2.554146202893397088e+01 -1.654773013041262431e+01
8.422322105845973184e+00 2.551384678409850082e+01 -1.677577111186291958e+01
8.469697559974306955e+00 2.547850366051161330e+01 -1.699386534109881453e+01
8.527337241083861485e+00 2.544863884479675420e+01 -1.721232619975809897e+01
8.565751882150088647e+00 2.540040111094778652e+01 -1.741057836194555009e+01
8.598488442555423106e+00 2.538350830501604349e+01 -1.760386893259258301e+01
8.621102336620289464e+00 2.533669345816393204e+01 -1.779674119957257261e+01
8.663502631582092661e+00 2.529846828945739645e+01 -1.797322964909816179e+01
8.697514631079281244e+00 2.526303175723077743e+01 -1.815080837751582266e+01
8.728837263416776793e+00 2.523269257337260640e+01 -1.830571217920170568e+01
8.752529565892222863e+00 2.520702686978847140e+01 -1.846828685280880222e+01
8.788016874243581356e+00 2.516635677464448051e+01 -1.862772906347583302e+01
8.820472536821277743e+00 2.512251659616755717e+01 -1.876991437049531797e+01
8.851048253348782424e+00 2.507966059635063516e+01 -1.892120832055606883e+01
8.876250324114199231e+00 2.507803766245201516e+01 -1.904537754893564028e+01
8.896019827132677804e+00 2.503472367797055753e+01 -1.918611598995613221e+01
8.914745755379273717e+00 2.498897621989768680e+01 -1.930093073498530742e+01
8.954203473886234832e+00 2.494421036976444839e+01 -1.948317135576938242e+01
8.986515532268452233e+00 2.490886677111860692e+01 -1.960191075443522379e+01
8.994355869966335959e+00 2.487900464918074661e+01 -1.970559424398841131e+01
9.013939594369317021e+00 2.485740362449095997e+01 -1.983381826482704824e+01
9.051800071276597137e+00 2.482446078405499179e+01 -1.993152658433078628e+01
9.073062597791077266e+00 2.479165797629784862e+01 -2.001974363598747786e+01
9.106283425742381255e+00 2.477708162887776666e+01 -2.015857904188820626e+01
9.112522956169636146e+00 2.474615883703866714e+01 -2.023855287204558451e+01
9.135426038222744793e+00 2.472279168985317810e+01 -2.033631916582871924e+01
9.166943012044576733e+00 2.469723334084592992e+01 -2.043686519465326157e+01
9.172985874246242233e+00 2.466498881758477779e+01 -2.055197917177035905e+01
9.220763883158294760e+00 2.462850581332409661e+01 -2.064580668325443824e+01
9.244053809311031600e+00 2.460353673916732120e+01 -2.074416673554805968e+01
9.251275957112675030e+00 2.457900926702559730e+01 -2.083867550956694714e+01
9.268819223309842315e+00 2.455917171769338125e+01 -2.092493132188208804e+01
9.298473534323665746e+00 2.451289728169358639e+01 -2.101703732558212678e+01
9.308683081802184844e+00 2.447827827589565430e+01 -2.111713436883693973e+01
9.337221432302257540e+00 2.444287893048378280e+01 -2.120983468006642525e+01
9.365116522272334265e+00 2.441280919202453248e+01 -2.130297835030856390e+01
9.370545298811867596e+00 2.439001935299333468e+01 -2.137498592428674016e+01
9.404433717656774050e+00 2.433926033421702684e+01 -2.148608999416492082e+01
9.429803112415763522e+00 2.426849193139505800e+01 -2.160820479500799607e+01
9.445162581483129927e+00 2.423850474853454884e+01 -2.170109038957607339e+01
9.472974595957081689e+00 2.419544106875831346e+01 -2.177948055982148645e+01
9.478506468933176166e+00 2.413002188476265530e+01 -2.186634410936274620e+01
9.495246682367344704e+00 2.408424203151856346e+01 -2.196231887939798710e+01
9.524974433908264260e+00 2.405649655683561150e+01 -2.202835085037214213e+01
9.544901743483427126e+00 2.398973341918421909e+01 -2.210719200614581226e+01
9.550300421755894220e+00 2.393778968179260858e+01 -2.218224167139790737e+01
9.566918025673743387e+00 2.389074040116388886e+01 -2.226909642563549951e+01
9.593914194760838399e+00 2.382031523679621188e+01 -2.235210692449632575e+01
9.618034599924612849e+00 2.376241620141166777e+01 -2.241006844471282733e+01
9.627226044433468743e+00 2.371370734702902539e+01 -2.249922806007756648e+01
9.630370672065884818e+00 2.366549303848111663e+01 -2.256295649937313996e+01
9.656674797008593103e+00 2.360738515085106215e+01 -2.263450976768533707e+01
9.668744556588205086e+00 2.354924956882757670e+01 -2.269281539196324715e+01
9.680263505959796788e+00 2.349188255547367632e+01 -2.275193914578898813e+01
9.697984310992973533e+00 2.342174020284908309e+01 -2.282602369896887851e+01
9.706563504720961078e+00 2.334255710930352024e+01 -2.288626613002716681e+01
9.731768093264159702e+00 2.327337241941475554e+01 -2.294249097863722398e+01
9.731907079346933997e+00 2.322818801174011583e+01 -2.301175762584752604e+01
9.779430739850955234e+00 2.313469540780687694e+01 -2.309970596754190808e+01
9.761573893437606841e+00 2.307557995558600439e+01 -2.313523416973873736e+01
9.782727905216781039e+00 2.300789257977984192e+01 -2.320345196295675905e+01
9.792961737084265650e+00 2.293723057993114622e+01 -2.324469303764352190e+01
9.813467401548086499e+00 2.286766643543914412e+01 -2.329984781127896909e+01
9.815938942958792879e+00 2.281125863417460309e+01 -2.334125397632543653e+01
9.810298036837124869e+00 2.273846883322915247e+01 -2.338583732844507423e+01
9.828866025995951716e+00 2.265305109748377532e+01 -2.343848004649109029e+01
9.837915105467752497e+00 2.258468597836506575e+01 -2.347959070660820302e+01
9.845489053596763185e+00 2.249741709528358768e+01 -2.353169735466888923e+01
9.869061823692952373e+00 2.242909298629442816e+01 -2.358926632276063984e+01
9.886118030958879643e+00 2.236630160330589945e+01 -2.360397762167335856e+01
9.874217293921205396e+00 2.230283620588156168e+01 -2.364900071334053422e+01
9.875983427165227369e+00 2.223438237174876875e+01 -2.369509521811701802e+01
9.883727621019675169e+00 2.217294944840862669e+01 -2.371847402495901136e+01
9.888179257553833423e+00 2.209788389272159748e+01 -2.376460684002251611e+01
9.894552583017249603e+00 2.200787596890133457e+01 -2.381209859840427967e+01
9.898226408926831255e+00 2.196538262414835430e+01 -2.384025617511657558e+01
9.889189040741380055e+00 2.190922439848965197e+01 -2.388019957530951132e+01
9.888287302851866301e+00 2.180439417534119784e+01 -2.392228041225970614e+01
9.904533994864127777e+00 2.172251925865024447e+01 -2.394120599332490684e+01
9.918119511720238535e+00 2.161061495724861814e+01 -2.399731880053752420e+01
9.931766030008402524e+00 2.156180217828561041e+01 -2.400740209589281093e+01
9.937434123230682204e+00 2.149800017581594602e+01 -2.404127329937709945e+01
9.940282371033021036e+00 2.144080245031099352e+01 -2.406447818528500804e+01
9.925746989583881685e+00 2.135559516410383551e+01 -2.407385616876907974e+01
9.935022058122571664e+00 2.128353038478099535e+01 -2.408831856506778024e+01
9.958157105938736819e+00 2.122115532028337981e+01 -2.410001371615722832e+01
9.959483692813464017e+00 2.115667256982473532e+01 -2.410427953634956211e+01
9.961049905416770045e+00 2.109112295141860471e+01 -2.412244604391523595e+01
9.933635928056569142e+00 2.101613493353938722e+01 -2.411259766616714018e+01
9.957719190386304930e+00 2.094087655359713196e+01 -2.410089362764426468e+01
9.975865983128255010e+00 2.087691562848367610e+01 -2.410608280464964537e+01
9.970825645790737823e+00 2.080458149329705009e+01 -2.409956442044535763e+01
9.984814625272084854e+00 2.074128515721633903e+01 -2.409564454506511311e+01
9.993412989824083326e+00 2.069075965833338770e+01 -2.407582803700676521e+01
9.974680588800422854e+00 2.063638975102962902e+01 -2.407381113575245379e+01
9.951909513846644018e+00 2.060421784932063360e+01 -2.402759428398474739e+01
9.962209392108345440e+00 2.051286628648834309e+01 -2.400255065631954565e+01
9.957048700855718693e+00 2.043782390232783186e+01 -2.397797952562312318e+01
9.963897600720006409e+00 2.038249138787238124e+01 -2.393972959544128898e+01
9.955889160414319150e+00 2.034447998218086084e+01 -2.388994517423249420e+01
9.961487369408610348e+00 2.025041347708626560e+01 -2.382851433900506777e+01
9.966426586618513994e+00 2.019657712758495549e+01 -2.378102450709698701e+01
9.958239172682654683e+00 2.017791140524266424e+01 -2.372676322579254560e+01
9.941270251245116540e+00 2.013814377429712010e+01 -2.365410279235281266e+01
9.928678633013028332e+00 2.009266302687274575e+01 -2.361317415632152006e+01
9.906749955229605220e+00 2.006434449059167591e+01 -2.351928002216112290e+01
9.890725304830619180e+00 2.004103936276137077e+01 -2.344384972793823607e+01
9.894066157144640883e+00 2.002208961897948214e+01 -2.334410934860422415e+01
9.897088165131437520e+00 2.002208855352313677e+01 -2.323693085428375582e+01
9.886893791835076328e+00 2.004219207868919028e+01 -2.313261649272121545e+01
9.875823006857775255e+00 2.005363564041788393e+01 -2.298631437373433783e+01
9.867958249868500786e+00 2.006695711430410967e+01 -2.286912148484743668e+01
9.865944749707701078e+00 2.013343096143792366e+01 -2.269443909265892501e+01
9.861234501355445659e+00 2.022286529257958421e+01 -2.252226803002217537e+01
9.853841847525286468e+00 2.037723995054278348e+01 -2.232375870071736301e+01
9.868022500564689992e+00 2.054732619058049181e+01 -2.212887927424734613e+01
9.878276765984926655e+00 2.080019737870711793e+01 -2.195212351103506165e+01
9.882913555338991074e+00 2.109275129130283943e+01 -2.180780931064251504e+01
9.937049947394113403e+00 2.140279034915203482e+01 -2.167582157846645430e+01
9.971655360087236630e+00 2.176832568742627672e+01 -2.162140830598356445e+01
1.002138736810228359e+01 2.210312896324873222e+01 -2.156959829290922670e+01
1.011876422965832845e+01 2.258041976499541548e+01 -2.158386858568496081e+01
1.018989173365853418e+01 2.288540644723659412e+01 -2.161005823999885322e+01
1.024389882991390621e+01 2.317074669739169579e+01 -2.167422101123570499e+01
1.029426071520654418e+01 2.341173930497420486e+01 -2.176238945975063288e+01
1.036017608740918128e+01 2.362641378862647557e+01 -2.186125942482748385e+01
1.040572325036172074e+01 2.382014903520986948e+01 -2.195798743544763454e+01
1.046529092653801207e+01 2.395048770745921018e+01 -2.206745704963686094e+01
1.049662143387377000e+01 2.409062229788565190e+01 -2.218960650698402759e+01
1.053823448099983828e+01 2.417272618393907990e+01 -2.229581547952940568e+01
1.057004548588680670e+01 2.428038377109958645e+01 -2.242049618686505141e+01
1.061691909317380933e+01 2.434693679545061329e+01 -2.252806515278925659e+01
1.064960247593305809e+01 2.440705447700871034e+01 -2.263643057287279703e+01
1.067172168592641057e+01 2.447870485995361278e+01 -2.276029254239221089e+01
1.070522087508258835e+01 2.450492016384181682e+01 -2.287027453270195210e+01
1.072105842992481683e+01 2.454250033181725144e+01 -2.298087869801337746e+01
1.073409546242079138e+01 2.454989849778172584e+01 -2.310568913701265359e+01
1.077955757571869100e+01 2.456440215232495916e+01 -2.322509871605909737e+01
1.078740474983547415e+01 2.458809981262179534e+01 -2.333292257533411274e+01
1.082213874577064239e+01 2.457373719772296639e+01 -2.345076098979102852e+01
1.084963263620740470e+01 2.457166926073583824e+01 -2.356531030625539458e+01
1.087387329712730200e+01 2.456097684512317869e+01 -2.369392780337592797e+01
1.091753782028433939e+01 2.454323920224251765e+01 -2.387874581290626708e+01
1.096142569898408681e+01 2.452607494137147981e+01 -2.400305339030933638e+01
1.101081840551144175e+01 2.451448461577068016e+01 -2.412797303758964418e+01
1.103958182333919247e+01 2.448647942478100248e+01 -2.424346671157694288e+01
1.107055512196887470e+01 2.447324764691983390e+01 -2.437446715536653485e+01
1.109066631049079810e+01 2.443858980623590682e+01 -2.448185052030803632e+01
1.111411749446137875e+01 2.440476141236469587e+01 -2.461445200771320430e+01
1.113773492127572240e+01 2.435967589293282742e+01 -2.473778793122286856e+01
1.117911159669550258e+01 2.431844315574823057e+01 -2.484337867303981184e+01
1.119155718729562565e+01 2.427941670408140595e+01 -2.495575215688298698e+01
1.123519223085966701e+01 2.424512281425314697e+01 -2.507199610797098899e+01
1.125407552928691501e+01 2.419917891522259268e+01 -2.518266290900965387e+01
1.127669134766190240e+01 2.414299332883466676e+01 -2.529523256599456005e+01
1.131599235693710526e+01 2.409559033995979860e+01 -2.541596095108034703e+01
1.132811357953058540e+01 2.403909735739090436e+01 -2.554287904337466131e+01
1.136371282407730732e+01 2.397073937222797468e+01 -2.566176724923331420e+01
1.138785683934970550e+01 2.393437376894290125e+01 -2.578041600826502844e+01
1.139490090445754156e+01 2.388854178875424594e+01 -2.591527140914181260e+01
1.140283883929529551e+01 2.382185533753582263e+01 -2.601948649046461526e+01
1.142234733285774873e+01 2.376618304671010051e+01 -2.613025067543028257e+01
1.145883938042392813e+01 2.369663650282221923e+01 -2.624179821147751568e+01
1.148778739554070327e+01 2.361171186263620214e+01 -2.640841626062978165e+01
1.149735904071573955e+01 2.354891049131702729e+01 -2.651291542640933585e+01
1.152017738941775882e+01 2.349165306399151021e+01 -2.662100967598212975e+01
1.154336880865837145e+01 2.343445735666798058e+01 -2.673254068835064956e+01
1.157567170731307549e+01 2.335939219512578191e+01 -2.683743132798885256e+01
1.161180729215031704e+01 2.332457138093624494e+01 -2.696227760142081920e+01
1.163189697330630956e+01 2.328033993457734496e+01 -2.706120710334153756e+01
1.164874895955486167e+01 2.320483055795734018e+01 -2.716710718545819248e+01
1.163620082275603274e+01 2.312933201123608029e+01 -2.728659211025746245e+01
1.166383316951570492e+01 2.306839494301393501e+01 -2.738256413328507577e+01
1.168630438973562491e+01 2.300353857830811677e+01 -2.748697337354046510e+01
1.172639531732352935e+01 2.296250025490964575e+01 -2.760740443394141863e+01
1.172458339221788925e+01 2.290917047512954952e+01 -2.771585251856512500e+01
1.176384643601330993e+01 2.284779702964597448e+01 -2.784388431703637323e+01
1.178860178814646531e+01 2.278158273001410450e+01 -2.796181182729429793e+01
1.180709885963309347e+01 2.272873026423895126e+01 -2.806763526368892769e+01
1.181067887456265986e+01 2.268120611622424221e+01 -2.819158919675181352e+01
1.183785548432395096e+01 2.261358119729266392e+01 -2.832595370873024265e+01
1.189557544894968721e+01 2.254956189885885465e+01 -2.844087612194683601e+01
1.193026509964110282e+01 2.249219029743899867e+01 -2.856802720570446752e+01
1.194505891102692807e+01 2.237921079077725395e+01 -2.875638808539486035e+01
1.195724339899605937e+01 2.231248732298127990e+01 -2.888768783265374651e+01
1.196642678935082849e+01 2.223395828564398613e+01 -2.898016010783612018e+01
1.198176498212670360e+01 2.214312848954825341e+01 -2.912141836308301990e+01
1.201332483188040001e+01 2.204947865060611178e+01 -2.925334059367263961e+01
1.202299004904350710e+01 2.198096816424278188e+01 -2.933644556872105369e+01
1.205638947204974798e+01 2.189460266382829445e+01 -2.942836440189820735e+01
1.206987208524360966e+01 2.182883387410839404e+01 -2.955012488363048817e+01
1.207402138215682363e+01 2.172878574785010386e+01 -2.968319211284048009e+01
1.209091820601473799e+01 2.165549851833806372e+01 -2.979138842114839747e+01
1.210631738084861375e+01 2.157184663102497524e+01 -2.988866362812650834e+01
1.212518805357252027e+01 2.147089063683137056e+01 -2.998984308170135193e+01
1.214813412498066647e+01 2.137595793761999019e+01 -3.009303450990796591e+01
1.216193552592527105e+01 2.126196340791762651e+01 -3.021378457262690276e+01
1.217118732404546932e+01 2.117003752869703703e+01 -3.028952629389026896e+01
1.219202465995310192e+01 2.106238233072735966e+01 -3.038860807559201049e+01
1.218269492463157810e+01 2.090694666946511404e+01 -3.045991825118041518e+01
1.217142880379085135e+01 2.075605489520200209e+01 -3.048846505885382641e+01
1.216101027568091020e+01 2.058320486872720778e+01 -3.049063899510763065e+01
1.212903770908201118e+01 2.040001634877208048e+01 -3.044854297243369956e+01
1.213382949793086141e+01 2.026424984934321571e+01 -3.034612877561053423e+01
1.210258895034172433e+01 2.012512517472954698e+01 -3.020472300945069577e+01
1.207809231608577072e+01 2.006728142404968551e+01 -3.009934004718353862e+01
1.206753332258019284e+01 2.002223762699771825e+01 -3.000920199365068086e+01
1.207638894349090997e+01 2.001383251081353976e+01 -2.996337280925794033e+01
1.208294056698199626e+01 2.001410789633161258e+01 -2.992254134884495897e+01
1.210477116784988638e+01 2.003653720365590374e+01 -2.991249077658604349e+01
1.209913237899591820e+01 2.004674530932949494e+01 -2.992371228879971312e+01
1.213932723176650086e+01 2.008773913674803069e+01 -2.996948322101328799e+01
1.217119492782913959e+01 2.012051007601214891e+01 -3.001597960738459392e+01
1.220500504733933766e+01 2.015931856114757181e+01 -3.006413900271149942e+01
1.222961041930381931e+01 2.019291313369556917e+01 -3.016398427190676657e+01
1.226448354548384501e+01 2.021463306723022413e+01 -3.026780829413909402e+01
1.230092489220247742e+01 2.023469405641091257e+01 -3.033754842123764917e+01
1.234680515847187721e+01 2.027374456466363029e+01 -3.044761511977957014e+01
1.240503390695507768e+01 2.031257831703765859e+01 -3.057593426567909134e+01
1.242866947593524429e+01 2.032493361805484966e+01 -3.070190490160683794e+01
1.246583413813445240e+01 2.035170252614846831e+01 -3.082679047314146814e+01
1.248540709613998345e+01 2.037115645159426691e+01 -3.091955227600643852e+01
1.250764513942662859e+01 2.038546131184612875e+01 -3.104415279800161542e+01
1.257604520087220656e+01 2.040281959916267951e+01 -3.116877517445760049e+01
1.259348085075361823e+01 2.042323204963762606e+01 -3.126654299045247143e+01
1.265860299704373482e+01 2.048277904918056791e+01 -3.144566020368350223e+01
1.267209437363830915e+01 2.050164846803575003e+01 -3.156027786972877536e+01
1.268667338744103468e+01 2.051977032329399719e+01 -3.168017507972690794e+01
1.271668555215041252e+01 2.053221032814378688e+01 -3.180784669663432851e+01
1.277129240915646236e+01 2.055603157548591753e+01 -3.193323793065811600e+01
1.280473650355719073e+01 2.057274797456220128e+01 -3.207313642409121002e+01
1.287112097476862616e+01 2.061822771315391378e+01 -3.221090566037305081e+01
1.289577845340103579e+01 2.065846249256520295e+01 -3.235275244313783816e+01
1.293359969192859893e+01 2.068496931600994770e+01 -3.250050670929356045e+01
1.294970829604777762e+01 2.070414350722138508e+01 -3.265094917896232829e+01
1.295873338629683147e+01 2.070500861394631897e+01 -3.278815158993775469e+01
1.300826423193750969e+01 2.070160523342774894e+01 -3.292700023483221372e+01
1.305299385283518632e+01 2.067706739803591276e+01 -3.306870792976726392e+01
1.311156434664918002e+01 2.066734905922472265e+01 -3.323526268623569280e+01
1.318233140748547783e+01 2.068279419669599051e+01 -3.337979357594593210e+01
1.321941171924929925e+01 2.072575392751312862e+01 -3.353558170080219014e+01
1.323337498251890665e+01 2.078308764467620762e+01 -3.369577082999860096e+01
1.325418718876767521e+01 2.080597554857489229e+01 -3.382208587386841003e+01
1.327080571979179346e+01 2.077763902073506941e+01 -3.398569254594890054e+01
1.328740294397287158e+01 2.074314900213837376e+01 -3.412946962030193276e+01
1.333254367030859378e+01 2.070399324203041047e+01 -3.426966490037209212e+01
1.342158028455636298e+01 2.070405777981218520e+01 -3.448881581510860883e+01
1.346344287308552801e+01 2.070772986836329466e+01 -3.461927777244577698e+01
1.351281245590412006e+01 2.071175923936390717e+01 -3.474498476108144018e+01
1.351431504674493311e+01 2.068945101130882236e+01 -3.488669736472340333e+01
1.353932085234659333e+01 2.067190049860665724e+01 -3.500555382372832014e+01
1.356524504283901855e+01 2.062611843764190311e+01 -3.512945986771627815e+01
1.361177131395852236e+01 2.060674758389852812e+01 -3.524431901426846991e+01
1.364255236721159648e+01 2.057318327156066573e+01 -3.535325012815135182e+01
1.370104609188934397e+01 2.057503852450136606e+01 -3.547439963337954794e+01
1.370781238900122467e+01 2.056866655636640928e+01 -3.557361830646463119e+01
1.371823436981053312e+01 2.055744878461492675e+01 -3.569123679734396148e+01
1.374646412697173936e+01 2.056188838511131678e+01 -3.580475996448604548e+01
1.375589437207801602e+01 2.056398667344036468e+01 -3.591226408949278692e+01
1.379402302488380627e+01 2.053153464213021806e+01 -3.601445607305818442e+01
1.382102569123654412e+01 2.053468907982660951e+01 -3.613769756432718339e+01
1.387830640504119017e+01 2.053286152753652516e+01 -3.627180805913377526e+01
1.390413958870519018e+01 2.056217135922623385e+01 -3.641653710652548881e+01
1.394533226459384601e+01 2.058020797397120916e+01 -3.656346196241605639e+01
1.396922057056778144e+01 2.058288172803591110e+01 -3.673139568893954987e+01
1.396422621519625906e+01 2.050927400842146753e+01 -3.691372778301088431e+01
1.401714483320150606e+01 2.042900268338878433e+01 -3.708416436684619555e+01
1.406639678799474957e+01 2.029423067729137387e+01 -3.730389760683857503e+01
1.410293354244842945e+01 2.020414232881253369e+01 -3.744878755890471211e+01
1.413523770168483651e+01 2.014280693517875420e+01 -3.756117491735257374e+01
1.417751881179940732e+01 2.011525445113832689e+01 -3.766123707010012112e+01
1.422801921751878140e+01 2.010889034785926910e+01 -3.775152696096595406e+01
1.426153781107973550e+01 2.011686459305981955e+01 -3.784768068231331739e+01
1.425452737389267632e+01 2.015804872932415748e+01 -3.792442444507998545e+01
1.425698042723615266e+01 2.014050114175686801e+01 -3.800166837402615272e+01
1.425534763019818740e+01 2.014782566607763670e+01 -3.810157880909001449e+01
1.425950816027181922e+01 2.013532956072655722e+01 -3.817177518827961080e+01
1.429142080023665073e+01 2.011583253951177142e+01 -3.826627440745660635e+01
1.431170881332190348e+01 2.009896242436806446e+01 -3.835445007458687172e+01
1.434529452776827263e+01 2.011243404368835286e+01 -3.842699125575565233e+01
1.438253029434526198e+01 2.011618265496339575e+01 -3.852341328658301478e+01
1.441049121803857425e+01 2.014132999711979721e+01 -3.858830261471209155e+01
1.444351540710501247e+01 2.013603750381491864e+01 -3.867968055221485457e+01
1.445339033067375922e+01 2.011795057113195284e+01 -3.875518525910569423e+01
1.446168765411267998e+01 2.010672700039939542e+01 -3.884590241695376278e+01
1.451467307386282890e+01 2.007506231422086174e+01 -3.892345977260737300e+01
1.450665178504619313e+01 2.007019470335335143e+01 -3.899022117799637499e+01
1.455801485906330761e+01 2.005808161488955577e+01 -3.906264787398255578e+01
1.463342781361950884e+01 2.006395459221164401e+01 -3.919147836214225578e+01
1.465138314071520398e+01 2.006909089609128571e+01 -3.924232472189155629e+01
1.466242713464800751e+01 2.008322635365416176e+01 -3.931481187376412834e+01
1.465102808914890531e+01 2.007833251003137676e+01 -3.938092458537882123e+01
1.460513558898314024e+01 2.007712129063924422e+01 -3.944038978148253705e+01
1.458834277682391445e+01 2.001558539985135354e+01 -3.948478098254283708e+01
1.460321169774265115e+01 1.998164044714858534e+01 -3.953656489940789953e+01
1.462300584305761753e+01 1.993249444808138549e+01 -3.959170336762547038e+01
1.465513258896637261e+01 1.984162227070511975e+01 -3.962975283380614400e+01
1.470677008842022104e+01 1.982186057344491559e+01 -3.969116611589452503e+01
1.475054764310870858e+01 1.982459743224561421e+01 -3.973680470427583344e+01
1.480234690497355210e+01 1.984996847812552900e+01 -3.978986754044954210e+01
1.485131815901494790e+01 1.986979365437843725e+01 -3.984999808290302070e+01
1.487093241809994559e+01 1.990643549133513091e+01 -3.988791009658698528e+01
1.485369257791319164e+01 1.993711347393997713e+01 -3.996105842422391419e+01
1.484851504482134033e+01 1.995478431462777635e+01 -4.002342695361334535e+01
1.485932799654193026e+01 1.999223446788385417e+01 -4.007743638167895028e+01
1.485757907270004630e+01 1.997880586794782332e+01 -4.013889699515787157e+01
1.488429373713869808e+01 1.997104273873029712e+01 -4.020344810328801088e+01
1.491542728010207952e+01 1.997671603312554112e+01 -4.025682352823137222e+01
1.498286028226045019e+01 1.996601714313495535e+01 -4.037277379868245930e+01
1.502427403677972251e+01 1.997402867939224791e+01 -4.042473620237866072e+01
1.505021047990114802e+01 1.999966398787517363e+01 -4.051144681556102967e+01
1.505852476834251874e+01 2.000782298592468322e+01 -4.058178512967969453e+01
1.505976159345346943e+01 2.001428587385427349e+01 -4.065972827594304562e+01
1.508508345448839272e+01 2.000271681575946303e+01 -4.072389738009572824e+01
1.511782503769191877e+01 2.001013475400963060e+01 -4.080544802532696025e+01
1.514575822472082933e+01 2.002326972791198045e+01 -4.088576365493310760e+01
1.517097017040664220e+01 2.003520444379525145e+01 -4.096649941736215084e+01
1.521462896897739903e+01 2.003768578559943592e+01 -4.106025130374421650e+01
1.523742829149854749e+01 2.005462438484905974e+01 -4.114827455800491407e+01
1.527181063377125803e+01 2.008661725204429516e+01 -4.123091598495591370e+01
1.531662939802974677e+01 2.010217647157451282e+01 -4.134990231433763341e+01
1.533913678573839157e+01 2.011345162404023057e+01 -4.145049550742110966e+01
1.534286640250710398e+01 2.010884498055916936e+01 -4.154638439711369102e+01
1.532602671345467193e+01 2.011543786725261285e+01 -4.166382834893312292e+01
1.533348500955787763e+01 2.005514175910211350e+01 -4.175962629356838818e+01
1.536126247630994790e+01 2.002412507853491519e+01 -4.185221531169936071e+01
1.539436656681473892e+01 1.999585884086711829e+01 -4.194195713325863295e+01
1.543218956591984181e+01 1.995102880056066041e+01 -4.203872105269362436e+01
1.547888176366548585e+01 1.991756346109794507e+01 -4.215006500042812831e+01
1.554355575400901834e+01 1.990475696965361152e+01 -4.228476864253841683e+01
1.558029504663548792e+01 1.989475995610063919e+01 -4.236320634812416586e+01
1.561549629170306019e+01 1.988538290969908573e+01 -4.246518166286692519e+01
1.560045543084057584e+01 1.987127780738477867e+01 -4.255682268833617599e+01
1.560971310445946081e+01 1.984353903603861369e+01 -4.263419319975703559e+01
1.560809151757480429e+01 1.982529725142079968e+01 -4.272724460121617795e+01
1.559430037812721892e+01 1.978449680318555082e+01 -4.280313745962632055e+01
1.559909096396601313e+01 1.972862990057395294e+01 -4.287624873957184946e+01
1.559784526314303221e+01 1.968435903989080771e+01 -4.295516291626070426e+01
1.563886271248064652e+01 1.963084799829756477e+01 -4.301788311614782145e+01
1.568661420822371966e+01 1.957107876932267843e+01 -4.309882529866930412e+01
1.573354745834802770e+01 1.955155852476374889e+01 -4.317395828177114225e+01
1.577356751436780158e+01 1.953480707167446084e+01 -4.325412971498789005e+01
1.576797732861756174e+01 1.951603715925021021e+01 -4.331398783648262452e+01
1.577420944009078063e+01 1.948941624505990333e+01 -4.339939754489482482e+01
1.581258810845203655e+01 1.946310969706335214e+01 -4.347446863177962939e+01
1.582504619029205450e+01 1.941332195450694087e+01 -4.354511911990475426e+01
1.586034582840225937e+01 1.938705340160274915e+01 -4.361081595652370169e+01
1.589237429810106761e+01 1.938949291185060630e+01 -4.366717154249673882e+01
1.590818976117594019e+01 1.937698037632761938e+01 -4.376361005354515754e+01
1.592505930381480006e+01 1.936029528591408422e+01 -4.384153430486916392e+01
1.592788971386789143e+01 1.933669131565219246e+01 -4.392973206632533589e+01
1.594508236056499229e+01 1.934043544996522357e+01 -4.401973516887667870e+01
1.596783828329099997e+01 1.931279018910235479e+01 -4.407229043503389931e+01
1.597373234078080095e+01 1.928909251169299921e+01 -4.415905225058186545e+01
1.600561580736863831e+01 1.923687962853072975e+01 -4.422420157644432237e+01
1.602064819622957970e+01 1.922028536905737894e+01 -4.430044247095334953e+01
1.604048394781582587e+01 1.920025508345672094e+01 -4.437485096680178742e+01
1.606747593928800555e+01 1.919171987999135354e+01 -4.444118553608841893e+01
1.607171014108868690e+01 1.914144109000507754e+01 -4.451341121490320774e+01
1.611572309918527779e+01 1.910875588339802178e+01 -4.459093243458331557e+01
1.613728400567026711e+01 1.909046243364957007e+01 -4.466464908454560856e+01
