1.085600972175598145e+00 2.262487649917602539e+00 -6.494979560375213623e-02 6.794744729995727539e-01 2.566141605377197266e+00 4.567583277821540833e-02
1.101866364479064941e+00 2.297568082809448242e+00 -6.309148669242858887e-02 7.390509247779846191e-01 2.489187479019165039e+00 1.259907633066177368e-01
1.115742921829223633e+00 2.334906339645385742e+00 -6.047694385051727295e-02 7.100436687469482422e-01 2.572554349899291992e+00 1.618910282850265503e-01
1.128320932388305664e+00 2.366910457611083984e+00 -5.633252859115600586e-02 7.061362862586975098e-01 2.519205570220947266e+00 2.239076197147369385e-01
1.141579508781433105e+00 2.409022569656372070e+00 -5.137625709176063538e-02 6.379123926162719727e-01 2.447609186172485352e+00 2.823334038257598877e-01
1.149686813354492188e+00 2.438545942306518555e+00 -4.576590284705162048e-02 1.014835357666015625e+00 2.482666969299316406e+00 3.347912728786468506e-01
1.160170197486877441e+00 2.475949764251708984e+00 -3.906315565109252930e-02 1.013359904289245605e+00 2.453976869583129883e+00 3.469110727310180664e-01
1.174083471298217773e+00 2.512594938278198242e+00 -3.245823830366134644e-02 1.234948515892028809e+00 2.477885246276855469e+00 3.260717988014221191e-01
1.186448335647583008e+00 2.553967714309692383e+00 -2.516207657754421234e-02 1.282019853591918945e+00 2.408837556838989258e+00 3.817070722579956055e-01
1.201963782310485840e+00 2.593924045562744141e+00 -1.803343556821346283e-02 1.364798784255981445e+00 2.381741285324096680e+00 4.082440733909606934e-01
1.216807842254638672e+00 2.637023925781250000e+00 -1.025951001793146133e-02 1.412430763244628906e+00 2.424997091293334961e+00 3.883093595504760742e-01
1.238478899002075195e+00 2.703731775283813477e+00 8.925608708523213863e-04 1.330588936805725098e+00 2.405334234237670898e+00 3.696042299270629883e-01
1.252963423728942871e+00 2.750603437423706055e+00 8.552659302949905396e-03 1.394490957260131836e+00 2.462073802947998047e+00 4.219619631767272949e-01
1.266293883323669434e+00 2.808826684951782227e+00 1.781715452671051025e-02 1.164601683616638184e+00 2.518151521682739258e+00 5.107019543647766113e-01
1.282786726951599121e+00 2.854844093322753906e+00 2.766798064112663269e-02 1.204373002052307129e+00 2.597311496734619141e+00 4.691063165664672852e-01
1.295508027076721191e+00 2.908507585525512695e+00 3.754724189639091492e-02 1.007565021514892578e+00 2.583295822143554688e+00 5.599048137664794922e-01
1.301604747772216797e+00 2.966210126876831055e+00 4.789975285530090332e-02 9.814216494560241699e-01 2.635304927825927734e+00 5.003558397293090820e-01
1.312740921974182129e+00 3.022249221801757812e+00 5.688324943184852600e-02 1.047398209571838379e+00 2.812350749969482422e+00 4.185906052589416504e-01
1.324144601821899414e+00 3.083190202713012695e+00 6.534779816865921021e-02 9.597311019897460938e-01 2.816306114196777344e+00 4.352461695671081543e-01
1.335641860961914062e+00 3.147873878479003906e+00 7.396074384450912476e-02 9.486432075500488281e-01 2.722377777099609375e+00 4.556645750999450684e-01
1.345944881439208984e+00 3.212927818298339844e+00 8.323612064123153687e-02 1.081729769706726074e+00 2.789414882659912109e+00 4.928456842899322510e-01
1.367286801338195801e+00 3.271731376647949219e+00 9.251022338867187500e-02 1.146948456764221191e+00 3.071523666381835938e+00 4.624011516571044922e-01
1.382739782333374023e+00 3.340410232543945312e+00 1.015298888087272644e-01 1.131388902664184570e+00 2.930637598037719727e+00 4.811567962169647217e-01
1.409290075302124023e+00 3.409431934356689453e+00 1.100616157054901123e-01 1.136670351028442383e+00 3.255873203277587891e+00 4.438081085681915283e-01
1.427884340286254883e+00 3.484675645828247070e+00 1.198662742972373962e-01 9.894353747367858887e-01 3.267742872238159180e+00 5.585659146308898926e-01
1.447305321693420410e+00 3.560359239578247070e+00 1.316493451595306396e-01 8.384434580802917480e-01 3.433531761169433594e+00 6.145720481872558594e-01
1.471364617347717285e+00 3.633684635162353516e+00 1.435007601976394653e-01 7.697413563728332520e-01 3.765692472457885742e+00 5.628014802932739258e-01
1.484087705612182617e+00 3.709054231643676758e+00 1.548185944557189941e-01 6.394626498222351074e-01 3.762464046478271484e+00 6.285025477409362793e-01
1.496378540992736816e+00 3.783091306686401367e+00 1.673501729965209961e-01 7.066640853881835938e-01 3.743436813354492188e+00 6.787402033805847168e-01
1.513109803199768066e+00 3.869200229644775391e+00 1.809056401252746582e-01 6.610909104347229004e-01 3.867171049118041992e+00 7.079784870147705078e-01
1.530347228050231934e+00 3.956311464309692383e+00 1.944702118635177612e-01 6.138752698898315430e-01 4.047941684722900391e+00 7.292506098747253418e-01
1.545981764793395996e+00 4.038186073303222656e+00 2.093470245599746704e-01 6.947594285011291504e-01 4.153485298156738281e+00 7.217592000961303711e-01
1.578354358673095703e+00 4.173364639282226562e+00 2.290057092905044556e-01 6.043759584426879883e-01 4.490122795104980469e+00 6.565106511116027832e-01
1.601822853088378906e+00 4.266477108001708984e+00 2.404741495847702026e-01 4.956137537956237793e-01 4.669203281402587891e+00 5.723435878753662109e-01
1.619771599769592285e+00 4.359837055206298828e+00 2.515935599803924561e-01 5.803461670875549316e-01 4.643785476684570312e+00 5.644805431365966797e-01
1.638085007667541504e+00 4.452281951904296875e+00 2.625716626644134521e-01 6.164489388465881348e-01 4.696042060852050781e+00 5.857800841331481934e-01
1.663595795631408691e+00 4.540844440460205078e+00 2.752005159854888916e-01 7.922369837760925293e-01 4.938347816467285156e+00 7.123886346817016602e-01
1.677861571311950684e+00 4.639515399932861328e+00 2.908207476139068604e-01 8.527829051017761230e-01 4.934646606445312500e+00 8.717846870422363281e-01
1.706290602684020996e+00 4.741823196411132812e+00 3.088991045951843262e-01 7.885135412216186523e-01 5.231960296630859375e+00 9.960770606994628906e-01
1.731970071792602539e+00 4.837715625762939453e+00 3.292122185230255127e-01 9.642447829246520996e-01 5.402435779571533203e+00 1.017535686492919922e+00
1.760673403739929199e+00 4.937929630279541016e+00 3.492588698863983154e-01 1.031293034553527832e+00 5.644592285156250000e+00 1.006111502647399902e+00
1.782476782798767090e+00 5.048292160034179688e+00 3.680377006530761719e-01 8.368704915046691895e-01 5.681878089904785156e+00 9.368790388107299805e-01
1.805513381958007812e+00 5.150379180908203125e+00 3.855196833610534668e-01 1.008502483367919922e+00 5.759160041809082031e+00 8.916949033737182617e-01
1.829448819160461426e+00 5.259021282196044922e+00 4.025355875492095947e-01 1.023338913917541504e+00 5.950401782989501953e+00 8.449159264564514160e-01
1.853394627571105957e+00 5.371088027954101562e+00 4.196044504642486572e-01 1.096495985984802246e+00 6.085371017456054688e+00 8.639879822731018066e-01
1.874820470809936523e+00 5.480317592620849609e+00 4.353174865245819092e-01 1.238596320152282715e+00 6.125727653503417969e+00 7.792038321495056152e-01
1.896350383758544922e+00 5.595623493194580078e+00 4.504402875900268555e-01 1.212421059608459473e+00 6.184417247772216797e+00 8.169744014739990234e-01
1.921275138854980469e+00 5.715824604034423828e+00 4.670258462429046631e-01 1.146374702453613281e+00 6.322226524353027344e+00 8.989795446395874023e-01
1.949481964111328125e+00 5.831288814544677734e+00 4.843614101409912109e-01 1.262580156326293945e+00 6.475992202758789062e+00 8.765152692794799805e-01
1.970393776893615723e+00 5.949249744415283203e+00 5.015017986297607422e-01 1.298694133758544922e+00 6.517918109893798828e+00 8.607850670814514160e-01
1.989178299903869629e+00 6.076084613800048828e+00 5.177974700927734375e-01 1.262268185615539551e+00 6.526576042175292969e+00 7.993177175521850586e-01
2.009773015975952148e+00 6.194038391113281250e+00 5.337858796119689941e-01 1.558153867721557617e+00 6.617953300476074219e+00 8.125670552253723145e-01
2.038555145263671875e+00 6.322901725769042969e+00 5.494825243949890137e-01 1.518210291862487793e+00 6.809221744537353516e+00 8.774503469467163086e-01
2.076208114624023438e+00 6.524259090423583984e+00 5.769046545028686523e-01 1.583612680435180664e+00 7.120735645294189453e+00 9.786101579666137695e-01
2.097430944442749023e+00 6.663033485412597656e+00 5.960539579391479492e-01 1.567508578300476074e+00 7.231002330780029297e+00 9.557679891586303711e-01
2.125111818313598633e+00 6.808626174926757812e+00 6.147083044052124023e-01 1.490388751029968262e+00 7.430174350738525391e+00 8.987613320350646973e-01
2.152620792388916016e+00 6.947719097137451172e+00 6.316750049591064453e-01 1.701093435287475586e+00 7.616479396820068359e+00 8.752619624137878418e-01
2.173910617828369141e+00 7.099505424499511719e+00 6.479756832122802734e-01 1.488999128341674805e+00 7.580244064331054688e+00 8.180568814277648926e-01
2.203194618225097656e+00 7.249037742614746094e+00 6.632249951362609863e-01 1.668147087097167969e+00 7.647092819213867188e+00 7.444877028465270996e-01
2.227694988250732422e+00 7.401165008544921875e+00 6.774116754531860352e-01 1.696550846099853516e+00 7.718140125274658203e+00 7.018828392028808594e-01
2.258756637573242188e+00 7.549510955810546875e+00 6.911789178848266602e-01 1.848884701728820801e+00 7.953265666961669922e+00 7.277419567108154297e-01
2.295578956604003906e+00 7.715189456939697266e+00 7.058659195899963379e-01 1.557292342185974121e+00 8.143744468688964844e+00 7.524825930595397949e-01
2.321713447570800781e+00 7.870521545410156250e+00 7.212913632392883301e-01 1.865473866462707520e+00 8.212867736816406250e+00 8.139091134071350098e-01
2.347934007644653320e+00 8.043731689453125000e+00 7.373220324516296387e-01 1.636366724967956543e+00 8.445075035095214844e+00 8.006829023361206055e-01
2.385167837142944336e+00 8.209495544433593750e+00 7.513992190361022949e-01 1.701581597328186035e+00 8.769017219543457031e+00 6.517344713211059570e-01
2.409861326217651367e+00 8.383359909057617188e+00 7.642109990119934082e-01 1.753550767898559570e+00 8.711883544921875000e+00 7.112419605255126953e-01
2.445421457290649414e+00 8.561245918273925781e+00 7.775633931159973145e-01 1.867563247680664062e+00 8.962115287780761719e+00 6.467788815498352051e-01
2.474579334259033203e+00 8.744369506835937500e+00 7.895976901054382324e-01 1.775231719017028809e+00 9.132569313049316406e+00 5.754790306091308594e-01
2.509569644927978516e+00 8.934413909912109375e+00 7.997671365737915039e-01 1.584149241447448730e+00 9.407295227050781250e+00 5.188533067703247070e-01
2.545860052108764648e+00 9.122725486755371094e+00 8.097577691078186035e-01 1.636369228363037109e+00 9.556950569152832031e+00 5.405400395393371582e-01
2.570393562316894531e+00 9.313651084899902344e+00 8.195207118988037109e-01 1.641343712806701660e+00 9.594664573669433594e+00 4.759483337402343750e-01
2.601338863372802734e+00 9.510935783386230469e+00 8.297132849693298340e-01 1.617980480194091797e+00 9.791550636291503906e+00 5.331265330314636230e-01
2.639250040054321289e+00 9.704646110534667969e+00 8.399698138236999512e-01 1.775155544281005859e+00 1.005080509185791016e+01 4.979825019836425781e-01
2.694508552551269531e+00 1.001617145538330078e+01 8.516611456871032715e-01 1.721805930137634277e+00 1.043639850616455078e+01 2.767366468906402588e-01
2.734196901321411133e+00 1.022016525268554688e+01 8.551661372184753418e-01 1.865891337394714355e+00 1.070984935760498047e+01 1.321342289447784424e-01
2.776100635528564453e+00 1.044176292419433594e+01 8.563446402549743652e-01 1.880124926567077637e+00 1.100964450836181641e+01 1.038991380482912064e-02
2.811128377914428711e+00 1.065893459320068359e+01 8.565494418144226074e-01 2.054632663726806641e+00 1.120223045349121094e+01 8.823829703032970428e-04
2.858606576919555664e+00 1.089030933380126953e+01 8.554967641830444336e-01 1.849164009094238281e+00 1.155481433868408203e+01 -7.601715624332427979e-02
2.896895170211791992e+00 1.111005973815917969e+01 8.529311418533325195e-01 2.097489833831787109e+00 1.164147853851318359e+01 -1.993237584829330444e-01
2.943710327148437500e+00 1.134698200225830078e+01 8.482872843742370605e-01 1.887330770492553711e+00 1.184701538085937500e+01 -2.680783569812774658e-01
2.992011070251464844e+00 1.157637882232666016e+01 8.418099880218505859e-01 2.122037172317504883e+00 1.218338108062744141e+01 -3.989711999893188477e-01
3.031965494155883789e+00 1.181648826599121094e+01 8.331631422042846680e-01 2.121150732040405273e+00 1.237286567687988281e+01 -4.824517965316772461e-01
3.078288078308105469e+00 1.206580066680908203e+01 8.228279352188110352e-01 2.058747768402099609e+00 1.280136966705322266e+01 -5.779128074645996094e-01
3.126091718673706055e+00 1.231321907043457031e+01 8.103529214859008789e-01 2.119296550750732422e+00 1.314264297485351562e+01 -6.875680088996887207e-01
3.171678066253662109e+00 1.257154178619384766e+01 7.954357266426086426e-01 2.197324275970458984e+00 1.336442375183105469e+01 -8.340016603469848633e-01
3.215253829956054688e+00 1.283094787597656250e+01 7.777705788612365723e-01 2.382906436920166016e+00 1.360728740692138672e+01 -9.991691708564758301e-01
3.269661903381347656e+00 1.310115432739257812e+01 7.576415538787841797e-01 2.544387817382812500e+00 1.407351016998291016e+01 -1.105484604835510254e+00
3.314964771270751953e+00 1.337571907043457031e+01 7.332680821418762207e-01 2.661046028137207031e+00 1.442157173156738281e+01 -1.344568610191345215e+00
3.371171951293945312e+00 1.365731811523437500e+01 7.056515812873840332e-01 2.832342386245727539e+00 1.489869785308837891e+01 -1.567419409751892090e+00
3.426765918731689453e+00 1.395355606079101562e+01 6.718932390213012695e-01 2.818800687789916992e+00 1.526259231567382812e+01 -1.809877991676330566e+00
3.491846323013305664e+00 1.425157165527343750e+01 6.340752840042114258e-01 3.050481557846069336e+00 1.579310894012451172e+01 -2.032910346984863281e+00
3.543220281600952148e+00 1.455621814727783203e+01 5.925946235656738281e-01 3.167595386505126953e+00 1.598160743713378906e+01 -2.296024322509765625e+00
3.606973409652709961e+00 1.486897182464599609e+01 5.450408458709716797e-01 3.139016151428222656e+00 1.653648567199707031e+01 -2.544183254241943359e+00
3.664557218551635742e+00 1.519177532196044922e+01 4.922186136245727539e-01 3.170260429382324219e+00 1.670975112915039062e+01 -2.907849788665771484e+00
3.759635448455810547e+00 1.569104766845703125e+01 3.984809517860412598e-01 3.483902931213378906e+00 1.747560501098632812e+01 -3.436758518218994141e+00
3.824736595153808594e+00 1.602935981750488281e+01 3.285795748233795166e-01 3.809638977050781250e+00 1.784900856018066406e+01 -3.736699581146240234e+00
3.900643825531005859e+00 1.638694190979003906e+01 2.511644661426544189e-01 3.867186069488525391e+00 1.844559860229492188e+01 -4.164451122283935547e+00
3.977679967880249023e+00 1.674804878234863281e+01 1.652144789695739746e-01 4.030705928802490234e+00 1.892774963378906250e+01 -4.617210865020751953e+00
4.048305034637451172e+00 1.712666702270507812e+01 7.066832482814788818e-02 4.077344417572021484e+00 1.917963218688964844e+01 -5.124533653259277344e+00
4.131326198577880859e+00 1.750361633300781250e+01 -3.607968240976333618e-02 4.371728420257568359e+00 1.980467224121093750e+01 -5.831391334533691406e+00
4.214406490325927734e+00 1.789656448364257812e+01 -1.577520817518234253e-01 4.454142570495605469e+00 2.024888801574707031e+01 -6.658967018127441406e+00
4.302927494049072266e+00 1.829656982421875000e+01 -2.966364324092864990e-01 4.780665874481201172e+00 2.065890121459960938e+01 -7.581600189208984375e+00
4.398546218872070312e+00 1.870980072021484375e+01 -4.542900919914245605e-01 4.976478099822998047e+00 2.113013648986816406e+01 -8.559841156005859375e+00
4.493064880371093750e+00 1.912510108947753906e+01 -6.324845552444458008e-01 5.373058319091796875e+00 2.152644729614257812e+01 -9.683550834655761719e+00
4.598994255065917969e+00 1.956064605712890625e+01 -8.334674835205078125e-01 5.355449199676513672e+00 2.204936027526855469e+01 -1.097128963470458984e+01
4.716473579406738281e+00 1.998854064941406250e+01 -1.064250469207763672e+00 5.770760059356689453e+00 2.271303939819335938e+01 -1.265997886657714844e+01
4.822022438049316406e+00 2.043628883361816406e+01 -1.326750755310058594e+00 5.992289543151855469e+00 2.277986907958984375e+01 -1.417251682281494141e+01
4.936192512512207031e+00 2.088642883300781250e+01 -1.620191216468811035e+00 6.349978446960449219e+00 2.294367599487304688e+01 -1.595491600036621094e+01
5.057453632354736328e+00 2.133973693847656250e+01 -1.948599696159362793e+00 6.499083042144775391e+00 2.308670425415039062e+01 -1.766958236694335938e+01
5.194238185882568359e+00 2.179439926147460938e+01 -2.311326026916503906e+00 6.641515731811523438e+00 2.304948616027832031e+01 -1.953680992126464844e+01
5.325643062591552734e+00 2.224526596069335938e+01 -2.713604927062988281e+00 6.918222427368164062e+00 2.230536651611328125e+01 -2.173114013671875000e+01
5.467176914215087891e+00 2.267176628112792969e+01 -3.161082267761230469e+00 7.351007461547851562e+00 2.151918220520019531e+01 -2.407834625244140625e+01
5.616907596588134766e+00 2.308320617675781250e+01 -3.651477336883544922e+00 7.364328861236572266e+00 2.046104431152343750e+01 -2.607924652099609375e+01
5.763334751129150391e+00 2.347368240356445312e+01 -4.178455829620361328e+00 7.250368595123291016e+00 1.893554306030273438e+01 -2.784205245971679688e+01
5.911866664886474609e+00 2.382164955139160156e+01 -4.737568855285644531e+00 7.468565940856933594e+00 1.720508003234863281e+01 -2.933827972412109375e+01
6.130646705627441406e+00 2.428240966796875000e+01 -5.618386268615722656e+00 7.283665180206298828e+00 1.436810016632080078e+01 -3.070152091979980469e+01
6.272089004516601562e+00 2.454646110534667969e+01 -6.224886417388916016e+00 7.113123416900634766e+00 1.238427162170410156e+01 -3.134376335144042969e+01
6.419337272644042969e+00 2.476245689392089844e+01 -6.838842391967773438e+00 7.195327758789062500e+00 1.079395771026611328e+01 -3.145336914062500000e+01
6.557975292205810547e+00 2.494956398010253906e+01 -7.451462745666503906e+00 6.994724750518798828e+00 9.082155227661132812e+00 -3.121545982360839844e+01
6.688927650451660156e+00 2.511322021484375000e+01 -8.058726310729980469e+00 6.786227226257324219e+00 7.467069625854492188e+00 -3.091510963439941406e+01
6.816577434539794922e+00 2.524123191833496094e+01 -8.655207633972167969e+00 6.606996059417724609e+00 6.220755577087402344e+00 -3.015344810485839844e+01
6.938825130462646484e+00 2.535998535156250000e+01 -9.235378265380859375e+00 5.831436157226562500e+00 5.050791263580322266e+00 -2.918701934814453125e+01
7.051898002624511719e+00 2.544536018371582031e+01 -9.795546531677246094e+00 5.722241878509521484e+00 4.016787052154541016e+00 -2.805564880371093750e+01
7.161680698394775391e+00 2.551627731323242188e+01 -1.033214950561523438e+01 5.376489162445068359e+00 3.295027732849121094e+00 -2.689074325561523438e+01
7.258767604827880859e+00 2.557165718078613281e+01 -1.084742069244384766e+01 5.108995914459228516e+00 2.415219068527221680e+00 -2.579493141174316406e+01
7.357316970825195312e+00 2.562377738952636719e+01 -1.134111976623535156e+01 4.666323661804199219e+00 1.877522826194763184e+00 -2.469907569885253906e+01
7.443085193634033203e+00 2.565733146667480469e+01 -1.181219482421875000e+01 4.346595287322998047e+00 1.264731407165527344e+00 -2.353929519653320312e+01
7.529541492462158203e+00 2.568101692199707031e+01 -1.226043796539306641e+01 3.972495555877685547e+00 7.572516202926635742e-01 -2.226113128662109375e+01
7.610565662384033203e+00 2.569717407226562500e+01 -1.268423271179199219e+01 3.701431751251220703e+00 3.693026900291442871e-01 -2.110886764526367188e+01
7.680631160736083984e+00 2.570432281494140625e+01 -1.308675575256347656e+01 3.393067836761474609e+00 -8.992577344179153442e-02 -2.009495925903320312e+01
7.754455089569091797e+00 2.570288085937500000e+01 -1.347032928466796875e+01 3.367214441299438477e+00 -3.817706406116485596e-01 -1.916874122619628906e+01
7.825810909271240234e+00 2.570192146301269531e+01 -1.383625507354736328e+01 3.182721138000488281e+00 -5.292657017707824707e-01 -1.823873901367187500e+01
7.897567272186279297e+00 2.569162750244140625e+01 -1.418486690521240234e+01 2.975398778915405273e+00 -5.214810371398925781e-01 -1.744179534912109375e+01
7.960658550262451172e+00 2.567916488647460938e+01 -1.451629638671875000e+01 2.770580768585205078e+00 -7.641496658325195312e-01 -1.652478981018066406e+01
8.020958900451660156e+00 2.566667938232421875e+01 -1.482967567443847656e+01 2.636854171752929688e+00 -9.575088024139404297e-01 -1.555792903900146484e+01
8.082784652709960938e+00 2.565047073364257812e+01 -1.512609863281250000e+01 2.541307926177978516e+00 -8.357899785041809082e-01 -1.484036922454833984e+01
8.163311004638671875e+00 2.562352943420410156e+01 -1.554465198516845703e+01 2.311161756515502930e+00 -1.020196199417114258e+00 -1.378483295440673828e+01
8.226677894592285156e+00 2.560949516296386719e+01 -1.580962181091308594e+01 2.111152410507202148e+00 -8.866779804229736328e-01 -1.333496665954589844e+01
8.279016494750976562e+00 2.558548355102539062e+01 -1.606607627868652344e+01 2.003197193145751953e+00 -9.195429682731628418e-01 -1.293401622772216797e+01
8.332516670227050781e+00 2.556315612792968750e+01 -1.631317710876464844e+01 1.871638536453247070e+00 -8.843913078308105469e-01 -1.234746360778808594e+01
8.380793571472167969e+00 2.553550910949707031e+01 -1.654899215698242188e+01 2.062626838684082031e+00 -9.162949919700622559e-01 -1.183903884887695312e+01
8.426780700683593750e+00 2.551005172729492188e+01 -1.677541160583496094e+01 2.031227588653564453e+00 -9.093801975250244141e-01 -1.147709178924560547e+01
8.473071098327636719e+00 2.547910881042480469e+01 -1.699606704711914062e+01 1.930938363075256348e+00 -8.958396315574645996e-01 -1.114169883728027344e+01
8.518353462219238281e+00 2.545490837097167969e+01 -1.720833587646484375e+01 1.711313366889953613e+00 -9.794470071792602539e-01 -1.065214157104492188e+01
8.555137634277343750e+00 2.542150497436523438e+01 -1.741165924072265625e+01 1.793060898780822754e+00 -1.217476487159729004e+00 -1.017429351806640625e+01
8.589640617370605469e+00 2.538729858398437500e+01 -1.760566329956054688e+01 1.724062919616699219e+00 -1.273645520210266113e+00 -9.736921310424804688e+00
8.627356529235839844e+00 2.534683227539062500e+01 -1.779115104675292969e+01 1.871891975402832031e+00 -1.275154948234558105e+00 -9.340073585510253906e+00
8.656348228454589844e+00 2.531733322143554688e+01 -1.796960830688476562e+01 1.734166741371154785e+00 -1.414361834526062012e+00 -9.010554313659667969e+00
8.691708564758300781e+00 2.527689933776855469e+01 -1.814307212829589844e+01 1.928894877433776855e+00 -1.404310226440429688e+00 -8.722237586975097656e+00
8.736437797546386719e+00 2.524062347412109375e+01 -1.831058120727539062e+01 1.974859118461608887e+00 -1.237711429595947266e+00 -8.431012153625488281e+00
8.768387794494628906e+00 2.520800590515136719e+01 -1.847137260437011719e+01 1.846234917640686035e+00 -1.370587825775146484e+00 -8.111251831054687500e+00
8.799155235290527344e+00 2.516749191284179688e+01 -1.862450599670410156e+01 1.869692802429199219e+00 -1.364003419876098633e+00 -7.611235141754150391e+00
8.830326080322265625e+00 2.513533210754394531e+01 -1.877204704284667969e+01 1.613331079483032227e+00 -1.387829542160034180e+00 -7.482564449310302734e+00
8.856781959533691406e+00 2.509255218505859375e+01 -1.891415786743164062e+01 1.830749273300170898e+00 -1.479336500167846680e+00 -7.110018730163574219e+00
8.881614685058593750e+00 2.506192779541015625e+01 -1.904925727844238281e+01 1.748360633850097656e+00 -1.580498576164245605e+00 -6.749711513519287109e+00
8.910248756408691406e+00 2.503440093994140625e+01 -1.917873764038085938e+01 1.527312517166137695e+00 -1.424879431724548340e+00 -6.542346000671386719e+00
8.934630393981933594e+00 2.499093055725097656e+01 -1.930372428894042969e+01 1.658174753189086914e+00 -1.451775908470153809e+00 -6.266410350799560547e+00
8.968338012695312500e+00 2.494233322143554688e+01 -1.948118209838867188e+01 1.541289448738098145e+00 -1.512653350830078125e+00 -5.938603878021240234e+00
8.995241165161132812e+00 2.491243362426757812e+01 -1.959613800048828125e+01 1.538744568824768066e+00 -1.378861188888549805e+00 -5.841385364532470703e+00
9.009282112121582031e+00 2.487944793701171875e+01 -1.970998001098632812e+01 1.549858331680297852e+00 -1.576189637184143066e+00 -5.787281513214111328e+00
9.030823707580566406e+00 2.484782981872558594e+01 -1.982220840454101562e+01 1.639397382736206055e+00 -1.570606350898742676e+00 -5.722302436828613281e+00
9.057353973388671875e+00 2.481773185729980469e+01 -1.993313598632812500e+01 1.625451207160949707e+00 -1.447088241577148438e+00 -5.590226173400878906e+00
9.081564903259277344e+00 2.478967666625976562e+01 -2.004092979431152344e+01 1.662034273147583008e+00 -1.483999848365783691e+00 -5.455669879913330078e+00
9.098543167114257812e+00 2.476158142089843750e+01 -2.014469528198242188e+01 1.669787287712097168e+00 -1.620469450950622559e+00 -5.173678398132324219e+00
9.126045227050781250e+00 2.473889350891113281e+01 -2.024549484252929688e+01 1.393882751464843750e+00 -1.623088359832763672e+00 -5.107053279876708984e+00
9.142537117004394531e+00 2.470455741882324219e+01 -2.034382247924804688e+01 1.501012802124023438e+00 -1.879154205322265625e+00 -5.009311199188232422e+00
9.163795471191406250e+00 2.468112564086914062e+01 -2.044278144836425781e+01 1.340995311737060547e+00 -1.917934298515319824e+00 -5.084787845611572266e+00
9.183497428894042969e+00 2.464955329895019531e+01 -2.054238891601562500e+01 1.371669650077819824e+00 -1.958008408546447754e+00 -5.059038162231445312e+00
9.209544181823730469e+00 2.462059593200683594e+01 -2.063911628723144531e+01 1.222640037536621094e+00 -1.809429287910461426e+00 -4.850884914398193359e+00
9.230779647827148438e+00 2.459428215026855469e+01 -2.073456954956054688e+01 1.113512635231018066e+00 -1.886312842369079590e+00 -4.895608425140380859e+00
9.248476982116699219e+00 2.456511497497558594e+01 -2.083060836791992188e+01 1.095936298370361328e+00 -2.066166877746582031e+00 -4.903236389160156250e+00
9.266160964965820312e+00 2.453417778015136719e+01 -2.092716789245605469e+01 1.028050661087036133e+00 -1.961652874946594238e+00 -4.958554744720458984e+00
9.281373023986816406e+00 2.450596809387207031e+01 -2.102341842651367188e+01 7.452796101570129395e-01 -2.169746637344360352e+00 -4.877589225769042969e+00
9.300802230834960938e+00 2.447397422790527344e+01 -2.111839675903320312e+01 6.656523346900939941e-01 -2.303550720214843750e+00 -4.767709732055664062e+00
9.318635940551757812e+00 2.443952369689941406e+01 -2.121063232421875000e+01 6.595804691314697266e-01 -2.320261955261230469e+00 -4.650247573852539062e+00
9.337360382080078125e+00 2.440301895141601562e+01 -2.130196380615234375e+01 6.383960247039794922e-01 -2.468178749084472656e+00 -4.636527061462402344e+00
9.355764389038085938e+00 2.436937713623046875e+01 -2.139192771911621094e+01 5.841415524482727051e-01 -2.521143674850463867e+00 -4.542907238006591797e+00
9.378179550170898438e+00 2.432969284057617188e+01 -2.148048019409179688e+01 5.947023630142211914e-01 -2.354741334915161133e+00 -4.463952541351318359e+00
9.412662506103515625e+00 2.427036666870117188e+01 -2.161174964904785156e+01 4.080826044082641602e-01 -2.207703828811645508e+00 -4.509109973907470703e+00
9.427268981933593750e+00 2.423747444152832031e+01 -2.169914817810058594e+01 2.736794650554656982e-01 -2.445851087570190430e+00 -4.381630420684814453e+00
9.446828842163085938e+00 2.418514442443847656e+01 -2.178397369384765625e+01 4.318022429943084717e-01 -2.507812261581420898e+00 -4.280025482177734375e+00
9.474302291870117188e+00 2.414072036743164062e+01 -2.186751556396484375e+01 4.337492585182189941e-01 -2.367797851562500000e+00 -4.265851020812988281e+00
9.487742424011230469e+00 2.408849906921386719e+01 -2.194995117187500000e+01 5.688170790672302246e-01 -2.550557613372802734e+00 -4.171534538269042969e+00
9.511425018310546875e+00 2.404213523864746094e+01 -2.203143692016601562e+01 5.357152223587036133e-01 -2.475388526916503906e+00 -4.147195339202880859e+00
9.530968666076660156e+00 2.399561882019042969e+01 -2.211166381835937500e+01 4.504303634166717529e-01 -2.505849361419677734e+00 -4.063147068023681641e+00
9.555929183959960938e+00 2.394861221313476562e+01 -2.219144439697265625e+01 3.944402337074279785e-01 -2.480788946151733398e+00 -4.067352771759033203e+00
9.574471473693847656e+00 2.389534568786621094e+01 -2.226967048645019531e+01 3.470304012298583984e-01 -2.359629392623901367e+00 -3.935459613800048828e+00
9.594631195068359375e+00 2.384337997436523438e+01 -2.234413337707519531e+01 1.759330630302429199e-01 -2.326236248016357422e+00 -3.754844427108764648e+00
9.610414505004882812e+00 2.379017829895019531e+01 -2.241756439208984375e+01 2.402720004320144653e-01 -2.404031515121459961e+00 -3.694431304931640625e+00
9.620909690856933594e+00 2.373909950256347656e+01 -2.248810195922851562e+01 1.779668182134628296e-01 -2.556358098983764648e+00 -3.538421154022216797e+00
9.641660690307617188e+00 2.368001174926757812e+01 -2.255794334411621094e+01 3.021756410598754883e-01 -2.574840307235717773e+00 -3.626569271087646484e+00
9.651980400085449219e+00 2.361307334899902344e+01 -2.262713432312011719e+01 5.547442436218261719e-01 -2.866215229034423828e+00 -3.462308406829833984e+00
9.675138473510742188e+00 2.354856300354003906e+01 -2.269315338134765625e+01 7.078679800033569336e-01 -2.742085218429565430e+00 -3.343451738357543945e+00
9.691246986389160156e+00 2.349116897583007812e+01 -2.275803565979003906e+01 5.830124020576477051e-01 -2.742099285125732422e+00 -3.289412975311279297e+00
9.705171585083007812e+00 2.342583084106445312e+01 -2.282148933410644531e+01 6.081683635711669922e-01 -2.749146223068237305e+00 -3.232141017913818359e+00
9.724198341369628906e+00 2.335704231262207031e+01 -2.288365364074707031e+01 7.638374567031860352e-01 -2.729422569274902344e+00 -3.142495155334472656e+00
9.740606307983398438e+00 2.329191017150878906e+01 -2.294485092163085938e+01 8.690620064735412598e-01 -2.778412580490112305e+00 -3.112122058868408203e+00
9.762533187866210938e+00 2.322747993469238281e+01 -2.300421333312988281e+01 8.641819953918457031e-01 -2.511507272720336914e+00 -2.968308687210083008e+00
9.781737327575683594e+00 2.313819503784179688e+01 -2.308925819396972656e+01 6.901540160179138184e-01 -2.737218141555786133e+00 -2.828176259994506836e+00
9.789134025573730469e+00 2.306822395324707031e+01 -2.314362144470214844e+01 7.897024750709533691e-01 -2.898040056228637695e+00 -2.761875152587890625e+00
9.797250747680664062e+00 2.300400352478027344e+01 -2.319668006896972656e+01 6.642422676086425781e-01 -2.883257865905761719e+00 -2.677533864974975586e+00
9.804050445556640625e+00 2.293067741394042969e+01 -2.324638175964355469e+01 7.813356518745422363e-01 -3.023780584335327148e+00 -2.445432424545288086e+00
9.811691284179687500e+00 2.287235069274902344e+01 -2.329458618164062500e+01 5.618217587471008301e-01 -3.362268447875976562e+00 -2.468202352523803711e+00
9.814510345458984375e+00 2.279291343688964844e+01 -2.334275245666503906e+01 9.798936247825622559e-01 -3.565093278884887695e+00 -2.450224876403808594e+00
9.825140953063964844e+00 2.272554588317871094e+01 -2.338936996459960938e+01 8.493735790252685547e-01 -3.571457386016845703e+00 -2.351052761077880859e+00
9.838143348693847656e+00 2.264630317687988281e+01 -2.343536376953125000e+01 1.077277660369873047e+00 -3.569566249847412109e+00 -2.392123222351074219e+00
9.845693588256835938e+00 2.257851219177246094e+01 -2.348199272155761719e+01 8.475502729415893555e-01 -3.770245790481567383e+00 -2.337669610977172852e+00
9.855852127075195312e+00 2.249588584899902344e+01 -2.352664375305175781e+01 9.806565642356872559e-01 -3.674620389938354492e+00 -2.279384136199951172e+00
9.865330696105957031e+00 2.242607307434082031e+01 -2.357030296325683594e+01 7.946186661720275879e-01 -3.580531597137451172e+00 -2.174748897552490234e+00
9.873339653015136719e+00 2.236196517944335938e+01 -2.361283683776855469e+01 5.820894837379455566e-01 -3.452475309371948242e+00 -2.147197484970092773e+00
9.867743492126464844e+00 2.229725837707519531e+01 -2.365307235717773438e+01 5.290398597717285156e-01 -3.681297063827514648e+00 -2.015765905380249023e+00
9.874655723571777344e+00 2.222145080566406250e+01 -2.369226455688476562e+01 6.880337595939636230e-01 -3.602843046188354492e+00 -2.039091825485229492e+00
9.875483512878417969e+00 2.216119384765625000e+01 -2.373296356201171875e+01 4.736224412918090820e-01 -3.784198999404907227e+00 -2.084040880203247070e+00
9.881772041320800781e+00 2.208971595764160156e+01 -2.377214241027832031e+01 4.298887252807617188e-01 -3.759875774383544922e+00 -1.976787686347961426e+00
9.881743431091308594e+00 2.201986312866210938e+01 -2.380992507934570312e+01 3.850749433040618896e-01 -3.991405248641967773e+00 -1.864683270454406738e+00
9.882502555847167969e+00 2.195325088500976562e+01 -2.384664535522460938e+01 3.649034500122070312e-01 -4.150566577911376953e+00 -1.854014992713928223e+00
9.890509605407714844e+00 2.187698745727539062e+01 -2.388193893432617188e+01 5.064395070075988770e-01 -4.092571258544921875e+00 -1.754288911819458008e+00
9.896994590759277344e+00 2.180113220214843750e+01 -2.391510009765625000e+01 5.451734662055969238e-01 -4.030651092529296875e+00 -1.668005585670471191e+00
9.908053398132324219e+00 2.173025131225585938e+01 -2.394751167297363281e+01 3.911538422107696533e-01 -3.883705615997314453e+00 -1.583927512168884277e+00
9.911890029907226562e+00 2.162447547912597656e+01 -2.398962783813476562e+01 1.455843597650527954e-01 -3.983682870864868164e+00 -1.341093659400939941e+00
9.916566848754882812e+00 2.156012916564941406e+01 -2.401400375366210938e+01 5.827121809124946594e-02 -3.957458734512329102e+00 -1.113517045974731445e+00
9.922090530395507812e+00 2.149597740173339844e+01 -2.403539276123046875e+01 -5.278505012392997742e-02 -3.853173971176147461e+00 -1.083690762519836426e+00
9.929989814758300781e+00 2.142716789245605469e+01 -2.405658149719238281e+01 -7.026250660419464111e-02 -3.618841409683227539e+00 -1.061998128890991211e+00
9.928557395935058594e+00 2.135178375244140625e+01 -2.407673263549804688e+01 4.966649040579795837e-02 -3.703432798385620117e+00 -9.601871371269226074e-01
9.931358337402343750e+00 2.128591346740722656e+01 -2.409374046325683594e+01 -8.894192427396774292e-02 -3.689988136291503906e+00 -7.732269167900085449e-01
9.932970046997070312e+00 2.121932983398437500e+01 -2.410696411132812500e+01 -5.286904051899909973e-02 -3.728375673294067383e+00 -5.329196453094482422e-01
9.933779716491699219e+00 2.115329551696777344e+01 -2.411432838439941406e+01 -3.247121348977088928e-02 -3.784493207931518555e+00 -2.302002757787704468e-01
9.942085266113281250e+00 2.108367156982421875e+01 -2.411720466613769531e+01 1.223897188901901245e-01 -3.604324102401733398e+00 -6.164488941431045532e-02
9.945683479309082031e+00 2.101027679443359375e+01 -2.411614227294921875e+01 2.315574735403060913e-01 -3.517364025115966797e+00 1.661172509193420410e-01
9.956706047058105469e+00 2.094949150085449219e+01 -2.411303520202636719e+01 -8.105275779962539673e-02 -3.411187648773193359e+00 2.018325328826904297e-01
9.964943885803222656e+00 2.088650321960449219e+01 -2.410779380798339844e+01 -5.363506823778152466e-02 -3.164861202239990234e+00 3.156477510929107666e-01
9.960821151733398438e+00 2.082004165649414062e+01 -2.410069847106933594e+01 -4.153696447610855103e-02 -3.172653198242187500e+00 5.004140138626098633e-01
9.963257789611816406e+00 2.076111602783203125e+01 -2.408918762207031250e+01 -1.922807246446609497e-01 -3.069873571395874023e+00 6.432821750640869141e-01
9.964308738708496094e+00 2.070220756530761719e+01 -2.407487678527832031e+01 -1.335946917533874512e-01 -3.004163503646850586e+00 8.700681924819946289e-01
9.970806121826171875e+00 2.064698600769042969e+01 -2.405556297302246094e+01 -2.183800488710403442e-01 -2.915303230285644531e+00 1.121793866157531738e+00
9.963732719421386719e+00 2.058572959899902344e+01 -2.403079414367675781e+01 -1.170194968581199646e-01 -2.958843469619750977e+00 1.362620592117309570e+00
9.964756965637207031e+00 2.052260208129882812e+01 -2.400250053405761719e+01 -1.684325486421585083e-01 -2.844853162765502930e+00 1.538342714309692383e+00
9.963858604431152344e+00 2.045867919921875000e+01 -2.397221755981445312e+01 -9.266214072704315186e-02 -2.941599845886230469e+00 1.565415740013122559e+00
9.967476844787597656e+00 2.040767288208007812e+01 -2.393959045410156250e+01 -2.540586292743682861e-01 -2.726037502288818359e+00 1.805487513542175293e+00
9.957390785217285156e+00 2.034227752685546875e+01 -2.390152931213378906e+01 3.612710535526275635e-02 -2.803672790527343750e+00 2.102990388870239258e+00
9.963651657104492188e+00 2.026595497131347656e+01 -2.383389663696289062e+01 -1.632800996303558350e-01 -2.299033880233764648e+00 2.523600578308105469e+00
9.962483406066894531e+00 2.021905136108398438e+01 -2.378216552734375000e+01 -2.354321330785751343e-01 -2.063784122467041016e+00 2.823218584060668945e+00
9.952917098999023438e+00 2.017480468750000000e+01 -2.372584342956542969e+01 -2.730549871921539307e-01 -1.972217440605163574e+00 2.961555004119873047e+00
9.947580337524414062e+00 2.013318443298339844e+01 -2.366510200500488281e+01 -3.872377574443817139e-01 -1.707528829574584961e+00 3.252650260925292969e+00
9.928936958312988281e+00 2.009599113464355469e+01 -2.359757614135742188e+01 -3.620564043521881104e-01 -1.726467847824096680e+00 3.677449703216552734e+00
9.922886848449707031e+00 2.007138061523437500e+01 -2.352183341979980469e+01 -4.935562014579772949e-01 -1.148441433906555176e+00 4.148626804351806641e+00
9.910153388977050781e+00 2.004588699340820312e+01 -2.343570899963378906e+01 -4.199789762496948242e-01 -8.894824981689453125e-01 4.617836475372314453e+00
9.903029441833496094e+00 2.002963066101074219e+01 -2.334217834472656250e+01 -2.782917916774749756e-01 -4.155378937721252441e-01 4.962471008300781250e+00
9.893214225769042969e+00 2.002885055541992188e+01 -2.323925209045410156e+01 -4.078719615936279297e-01 -7.043515145778656006e-02 5.590114593505859375e+00
9.884557723999023438e+00 2.002822113037109375e+01 -2.312329483032226562e+01 -1.351242512464523315e-01 3.619540035724639893e-01 6.275448799133300781e+00
9.878659248352050781e+00 2.004345512390136719e+01 -2.299443244934082031e+01 -2.396278083324432373e-02 1.251845121383666992e+00 6.964313983917236328e+00
9.882394790649414062e+00 2.007717132568359375e+01 -2.285046195983886719e+01 -1.347928941249847412e-01 2.481377363204956055e+00 7.794993877410888672e+00
9.872976303100585938e+00 2.013466835021972656e+01 -2.269035911560058594e+01 -1.309570819139480591e-01 3.693874359130859375e+00 8.595243453979492188e+00
9.873939514160156250e+00 2.022332000732421875e+01 -2.251588439941406250e+01 1.168999075889587402e-01 5.825352191925048828e+00 9.263493537902832031e+00
9.866588592529296875e+00 2.036655235290527344e+01 -2.232885932922363281e+01 -5.096863210201263428e-02 8.139875411987304688e+00 9.780857086181640625e+00
9.870518684387207031e+00 2.055153846740722656e+01 -2.213801574707031250e+01 1.746004223823547363e-01 1.093091011047363281e+01 9.657938957214355469e+00
9.884169578552246094e+00 2.078564834594726562e+01 -2.195741653442382812e+01 8.242336511611938477e-01 1.384890174865722656e+01 8.654914855957031250e+00
9.899947166442871094e+00 2.108162689208984375e+01 -2.180411720275878906e+01 1.254384160041809082e+00 1.606834030151367188e+01 6.942221164703369141e+00
9.921719551086425781e+00 2.140525436401367188e+01 -2.168703651428222656e+01 2.054115533828735352e+00 1.720701599121093750e+01 4.979755401611328125e+00
9.966979026794433594e+00 2.175522613525390625e+01 -2.161042404174804688e+01 2.510924339294433594e+00 1.793441581726074219e+01 2.922970056533813477e+00
1.002038860321044922e+01 2.209973907470703125e+01 -2.157192420959472656e+01 2.945814371109008789e+00 1.792519760131835938e+01 1.039706587791442871e+00
1.011189365386962891e+01 2.259914207458496094e+01 -2.157937240600585938e+01 3.289594411849975586e+00 1.669221496582031250e+01 -1.563900828361511230e+00
1.017363548278808594e+01 2.290149688720703125e+01 -2.162194061279296875e+01 3.598600864410400391e+00 1.540799713134765625e+01 -2.777241945266723633e+00
1.024118137359619141e+01 2.318076705932617188e+01 -2.168619918823242188e+01 3.519360542297363281e+00 1.394521713256835938e+01 -3.805577993392944336e+00
1.029828834533691406e+01 2.341550445556640625e+01 -2.176766586303710938e+01 3.776746988296508789e+00 1.214247322082519531e+01 -4.559301376342773438e+00
1.035848712921142578e+01 2.362763023376464844e+01 -2.186222457885742188e+01 3.668673992156982422e+00 1.064702606201171875e+01 -5.179086208343505859e+00
1.041580772399902344e+01 2.380969619750976562e+01 -2.196632575988769531e+01 3.370229959487915039e+00 9.266106605529785156e+00 -5.472815990447998047e+00
1.046934127807617188e+01 2.396410179138183594e+01 -2.207502937316894531e+01 3.197344303131103516e+00 7.723582267761230469e+00 -5.676477432250976562e+00
1.050977325439453125e+01 2.409299850463867188e+01 -2.218699264526367188e+01 3.174312114715576172e+00 6.304500579833984375e+00 -5.782276630401611328e+00
1.055204582214355469e+01 2.419286727905273438e+01 -2.230019569396972656e+01 3.058873891830444336e+00 5.309130191802978516e+00 -5.868105888366699219e+00
1.058896064758300781e+01 2.428101539611816406e+01 -2.241421890258789062e+01 2.800325393676757812e+00 4.087054252624511719e+00 -5.803539276123046875e+00
1.061882972717285156e+01 2.435193252563476562e+01 -2.252761650085449219e+01 2.727643013000488281e+00 3.073819637298583984e+00 -5.794146537780761719e+00
1.065739345550537109e+01 2.440076637268066406e+01 -2.264155960083007812e+01 2.708835840225219727e+00 2.458040237426757812e+00 -5.872710227966308594e+00
1.068141937255859375e+01 2.444575309753417969e+01 -2.275623703002929688e+01 2.528663158416748047e+00 1.461134552955627441e+00 -5.879268169403076172e+00
1.071254062652587891e+01 2.448425483703613281e+01 -2.287142372131347656e+01 2.255329132080078125e+00 1.021700382232666016e+00 -5.828374385833740234e+00
1.073327827453613281e+01 2.451026916503906250e+01 -2.298509025573730469e+01 1.959609270095825195e+00 3.257066905498504639e-01 -5.776532173156738281e+00
1.075970363616943359e+01 2.453199768066406250e+01 -2.309781646728515625e+01 1.700621843338012695e+00 -1.249310597777366638e-01 -5.772957324981689453e+00
1.078689193725585938e+01 2.454149627685546875e+01 -2.321245384216308594e+01 1.544183731079101562e+00 -4.125311374664306641e-01 -5.907561302185058594e+00
1.080285930633544922e+01 2.455022621154785156e+01 -2.332962226867675781e+01 1.285068273544311523e+00 -9.752251505851745605e-01 -6.062715053558349609e+00
1.082789134979248047e+01 2.454357910156250000e+01 -2.344921112060546875e+01 1.351872324943542480e+00 -1.277894377708435059e+00 -6.143143653869628906e+00
1.084990501403808594e+01 2.454461479187011719e+01 -2.357141685485839844e+01 1.163005471229553223e+00 -1.499779462814331055e+00 -6.269596576690673828e+00
1.087016105651855469e+01 2.453103256225585938e+01 -2.369369888305664062e+01 1.228012800216674805e+00 -1.795116424560546875e+00 -6.218446731567382812e+00
1.091555976867675781e+01 2.451715660095214844e+01 -2.387816429138183594e+01 9.527830481529235840e-01 -1.893001675605773926e+00 -6.261898517608642578e+00
1.094673919677734375e+01 2.450226593017578125e+01 -2.400097656250000000e+01 7.940099239349365234e-01 -1.902987241744995117e+00 -6.231392383575439453e+00
1.096951961517333984e+01 2.449296188354492188e+01 -2.412231826782226562e+01 5.570570826530456543e-01 -2.098555564880371094e+00 -6.153377056121826172e+00
1.100856781005859375e+01 2.446958541870117188e+01 -2.424389839172363281e+01 5.997517108917236328e-01 -1.801043510437011719e+00 -6.246274948120117188e+00
1.103950881958007812e+01 2.444798660278320312e+01 -2.436663436889648438e+01 4.722628891468048096e-01 -1.826849937438964844e+00 -6.272436618804931641e+00
1.106376457214355469e+01 2.442434310913085938e+01 -2.448880577087402344e+01 2.234696596860885620e-01 -2.029755115509033203e+00 -6.194704055786132812e+00
1.109213733673095703e+01 2.439552307128906250e+01 -2.460964584350585938e+01 6.591428816318511963e-02 -2.040642023086547852e+00 -6.153255462646484375e+00
1.111487388610839844e+01 2.436633110046386719e+01 -2.472918128967285156e+01 -1.830966323614120483e-01 -2.049145460128784180e+00 -6.059771537780761719e+00
1.113892745971679688e+01 2.433092498779296875e+01 -2.484631919860839844e+01 -1.972161382436752319e-01 -2.103242397308349609e+00 -5.921580791473388672e+00
1.116713333129882812e+01 2.429157066345214844e+01 -2.496115303039550781e+01 -2.982349693775177002e-02 -1.919939398765563965e+00 -5.847136497497558594e+00
1.119144916534423828e+01 2.425196266174316406e+01 -2.507503318786621094e+01 1.066664978861808777e-01 -1.906125903129577637e+00 -5.824197292327880859e+00
1.122047996520996094e+01 2.420804977416992188e+01 -2.519029998779296875e+01 1.618862450122833252e-01 -1.869442582130432129e+00 -5.987518787384033203e+00
1.124536991119384766e+01 2.416195487976074219e+01 -2.530763626098632812e+01 3.061751425266265869e-01 -1.999660491943359375e+00 -6.066930294036865234e+00
1.128087329864501953e+01 2.411536788940429688e+01 -2.542601776123046875e+01 4.690714478492736816e-01 -1.821790933609008789e+00 -6.025931358337402344e+00
1.131341838836669922e+01 2.406978988647460938e+01 -2.554348754882812500e+01 4.392655789852142334e-01 -1.556951999664306641e+00 -6.051228523254394531e+00
1.133837699890136719e+01 2.401805114746093750e+01 -2.566159439086914062e+01 5.775132179260253906e-01 -1.604804992675781250e+00 -6.087564945220947266e+00
1.136898422241210938e+01 2.396962738037109375e+01 -2.578022956848144531e+01 6.615769267082214355e-01 -1.626582860946655273e+00 -6.103295803070068359e+00
1.139453411102294922e+01 2.392189407348632812e+01 -2.589734268188476562e+01 7.089783549308776855e-01 -1.745075464248657227e+00 -5.962427616119384766e+00
1.141952896118164062e+01 2.385986137390136719e+01 -2.601354408264160156e+01 9.621154069900512695e-01 -1.742861747741699219e+00 -6.023066043853759766e+00
1.144956302642822266e+01 2.380722045898437500e+01 -2.613051605224609375e+01 8.077109456062316895e-01 -1.794506430625915527e+00 -5.910350799560546875e+00
1.146916103363037109e+01 2.374320411682128906e+01 -2.624328041076660156e+01 1.028001785278320312e+00 -2.161196947097778320e+00 -5.776651382446289062e+00
1.151424789428710938e+01 2.364398193359375000e+01 -2.641011428833007812e+01 1.506802320480346680e+00 -2.021808624267578125e+00 -5.624083042144775391e+00
1.153951740264892578e+01 2.357939720153808594e+01 -2.651760101318359375e+01 1.659534811973571777e+00 -2.051537990570068359e+00 -5.532186985015869141e+00
1.156658554077148438e+01 2.351312065124511719e+01 -2.662519264221191406e+01 1.834095478057861328e+00 -2.113404989242553711e+00 -5.541096687316894531e+00
1.158500957489013672e+01 2.345099449157714844e+01 -2.673220634460449219e+01 1.881009817123413086e+00 -2.288945913314819336e+00 -5.508264064788818359e+00
1.160921859741210938e+01 2.338681221008300781e+01 -2.683921051025390625e+01 1.711374878883361816e+00 -2.481079816818237305e+00 -5.468829631805419922e+00
1.164187145233154297e+01 2.331970405578613281e+01 -2.694573020935058594e+01 1.939830064773559570e+00 -2.427841663360595703e+00 -5.551311969757080078e+00
1.165809440612792969e+01 2.325035667419433594e+01 -2.705438804626464844e+01 2.035420656204223633e+00 -2.510046720504760742e+00 -5.580074310302734375e+00
1.167813873291015625e+01 2.319346618652343750e+01 -2.716234397888183594e+01 1.731538414955139160e+00 -2.510277748107910156e+00 -5.552208423614501953e+00
1.168603897094726562e+01 2.312603569030761719e+01 -2.727026176452636719e+01 1.837279081344604492e+00 -2.812613010406494141e+00 -5.580895900726318359e+00
1.170402526855468750e+01 2.306034088134765625e+01 -2.737953376770019531e+01 1.911145925521850586e+00 -2.709886074066162109e+00 -5.666517734527587891e+00
1.172123527526855469e+01 2.300067520141601562e+01 -2.748979568481445312e+01 1.860637187957763672e+00 -2.903023719787597656e+00 -5.643916130065917969e+00
1.173604393005371094e+01 2.294277000427246094e+01 -2.760181427001953125e+01 1.881633877754211426e+00 -3.130058526992797852e+00 -5.840871810913085938e+00
1.175378990173339844e+01 2.287506675720214844e+01 -2.771842002868652344e+01 2.050290107727050781e+00 -3.211638689041137695e+00 -6.083892822265625000e+00
1.176602172851562500e+01 2.281418418884277344e+01 -2.783831405639648438e+01 2.015411615371704102e+00 -3.379530668258666992e+00 -6.165951251983642578e+00
1.178847312927246094e+01 2.275642204284667969e+01 -2.795911216735839844e+01 1.903174281120300293e+00 -3.339148998260498047e+00 -6.228345870971679688e+00
1.181591224670410156e+01 2.269912719726562500e+01 -2.808113479614257812e+01 1.902981877326965332e+00 -3.257593154907226562e+00 -6.278597354888916016e+00
1.182791137695312500e+01 2.264217758178710938e+01 -2.820413780212402344e+01 1.881180882453918457e+00 -3.425963401794433594e+00 -6.301018714904785156e+00
1.184746837615966797e+01 2.258573150634765625e+01 -2.832747077941894531e+01 1.717054247856140137e+00 -3.624158143997192383e+00 -6.342025756835937500e+00
1.186850261688232422e+01 2.252044296264648438e+01 -2.845116424560546875e+01 1.668337583541870117e+00 -3.888894081115722656e+00 -6.316086769104003906e+00
1.189553070068359375e+01 2.245659637451171875e+01 -2.857395172119140625e+01 1.526089072227478027e+00 -3.890025138854980469e+00 -6.240064620971679688e+00
1.191676902770996094e+01 2.236073684692382812e+01 -2.875652694702148438e+01 1.237987160682678223e+00 -4.333646774291992188e+00 -6.126804828643798828e+00
1.192371654510498047e+01 2.228769302368164062e+01 -2.887600708007812500e+01 1.126584887504577637e+00 -4.694846630096435547e+00 -6.071688175201416016e+00
1.194364929199218750e+01 2.220057296752929688e+01 -2.899337768554687500e+01 1.388514399528503418e+00 -4.616542816162109375e+00 -5.928870201110839844e+00
1.196743488311767578e+01 2.213190078735351562e+01 -2.910906410217285156e+01 1.267853260040283203e+00 -4.497352600097656250e+00 -5.851779460906982422e+00
1.198909187316894531e+01 2.205597686767578125e+01 -2.922342681884765625e+01 1.159466505050659180e+00 -4.526028156280517578e+00 -5.815729141235351562e+00
1.200438308715820312e+01 2.199666786193847656e+01 -2.933785629272460938e+01 6.159571409225463867e-01 -4.711849689483642578e+00 -5.754998207092285156e+00
1.201461887359619141e+01 2.191317939758300781e+01 -2.944956779479980469e+01 7.414374351501464844e-01 -4.905659198760986328e+00 -5.684470176696777344e+00
1.203164863586425781e+01 2.182991600036621094e+01 -2.956154060363769531e+01 8.396052718162536621e-01 -4.986264705657958984e+00 -5.735547065734863281e+00
1.204727363586425781e+01 2.174146842956542969e+01 -2.967405700683593750e+01 9.911072254180908203e-01 -5.092935562133789062e+00 -5.683878898620605469e+00
1.207543373107910156e+01 2.165949058532714844e+01 -2.978374290466308594e+01 8.986416459083557129e-01 -4.995812416076660156e+00 -5.529725074768066406e+00
1.209551811218261719e+01 2.157606506347656250e+01 -2.989090156555175781e+01 8.518859148025512695e-01 -5.246495723724365234e+00 -5.351822853088378906e+00
1.212368679046630859e+01 2.148629951477050781e+01 -2.999543762207031250e+01 7.482172250747680664e-01 -5.182586193084716797e+00 -5.323738098144531250e+00
1.214469718933105469e+01 2.139602661132812500e+01 -3.009873199462890625e+01 4.537562131881713867e-01 -5.402700424194335938e+00 -5.205187797546386719e+00
1.215161323547363281e+01 2.129810142517089844e+01 -3.019993972778320312e+01 1.329898983240127563e-01 -6.075350761413574219e+00 -5.093719959259033203e+00
1.216009044647216797e+01 2.117976188659667969e+01 -3.029670906066894531e+01 1.830555871129035950e-02 -6.665171146392822266e+00 -4.715031147003173828e+00
1.217056369781494141e+01 2.105947494506835938e+01 -3.038215446472167969e+01 -2.149964123964309692e-01 -7.308995246887207031e+00 -3.964562416076660156e+00
1.217757987976074219e+01 2.092562103271484375e+01 -3.045084953308105469e+01 -6.599086523056030273e-01 -8.068839073181152344e+00 -2.881988525390625000e+00
1.217650413513183594e+01 2.077187728881835938e+01 -3.049265861511230469e+01 -1.184087753295898438e+00 -8.845962524414062500e+00 -1.176479458808898926e+00
1.215741729736328125e+01 2.060302543640136719e+01 -3.049301528930664062e+01 -1.632771015167236328e+00 -9.254707336425781250e+00 1.201766490936279297e+00
1.213969516754150391e+01 2.042608833312988281e+01 -3.044624137878417969e+01 -1.616461157798767090e+00 -8.607072830200195312e+00 3.587465524673461914e+00
1.213189792633056641e+01 2.028162002563476562e+01 -3.036038017272949219e+01 -1.580803394317626953e+00 -6.839272499084472656e+00 5.107326030731201172e+00
1.210528945922851562e+01 2.014551544189453125e+01 -3.019944000244140625e+01 -1.879096150398254395e+00 -4.223486423492431641e+00 5.644351005554199219e+00
1.208733654022216797e+01 2.008768844604492188e+01 -3.009631729125976562e+01 -1.654383778572082520e+00 -2.870415210723876953e+00 4.941324234008789062e+00
1.206616210937500000e+01 2.005239295959472656e+01 -3.001253700256347656e+01 -1.424893021583557129e+00 -1.898097991943359375e+00 3.722289800643920898e+00
1.206238651275634766e+01 2.002801704406738281e+01 -2.995393562316894531e+01 -8.982944488525390625e-01 -9.011852145195007324e-01 2.313649415969848633e+00
1.208077144622802734e+01 2.002886772155761719e+01 -2.992238044738769531e+01 -5.143115520477294922e-01 3.261759579181671143e-01 1.055491209030151367e+00
1.210354328155517578e+01 2.004306221008300781e+01 -2.991350555419921875e+01 -1.105991527438163757e-01 1.261800408363342285e+00 -1.521148681640625000e-01
1.212628841400146484e+01 2.008458709716796875e+01 -2.992789459228515625e+01 -2.196023464202880859e-01 2.004736900329589844e+00 -1.268452763557434082e+00
1.213172531127929688e+01 2.012672615051269531e+01 -2.996101570129394531e+01 -2.963301241397857666e-01 1.844684243202209473e+00 -2.167240858078002930e+00
1.215412521362304688e+01 2.014846611022949219e+01 -3.001129341125488281e+01 3.541098535060882568e-01 1.768744349479675293e+00 -3.001201391220092773e+00
1.218437671661376953e+01 2.017124366760253906e+01 -3.007648658752441406e+01 9.856325387954711914e-01 1.823853731155395508e+00 -3.764011621475219727e+00
1.222905445098876953e+01 2.020341491699218750e+01 -3.015702819824218750e+01 1.295681595802307129e+00 2.062915325164794922e+00 -4.477252960205078125e+00
1.227667045593261719e+01 2.023509788513183594e+01 -3.024919700622558594e+01 1.395010828971862793e+00 2.276801824569702148e+00 -5.043072223663330078e+00
1.232198905944824219e+01 2.027832412719726562e+01 -3.035182952880859375e+01 9.815397262573242188e-01 2.470796108245849609e+00 -5.463008403778076172e+00
1.234694766998291016e+01 2.029637718200683594e+01 -3.046067428588867188e+01 1.363105893135070801e+00 1.944697260856628418e+00 -5.786768436431884766e+00
1.237819671630859375e+01 2.031077384948730469e+01 -3.057543373107910156e+01 1.799529194831848145e+00 1.532155752182006836e+00 -6.070083618164062500e+00
1.242645168304443359e+01 2.031833839416503906e+01 -3.069377708435058594e+01 2.328276634216308594e+00 1.804861783981323242e+00 -6.202841758728027344e+00
1.247597217559814453e+01 2.034446525573730469e+01 -3.081421852111816406e+01 2.124396800994873047e+00 2.146704912185668945e+00 -6.190010547637939453e+00
1.250995445251464844e+01 2.037786483764648438e+01 -3.093558120727539062e+01 1.903968572616577148e+00 2.079857826232910156e+00 -6.167986392974853516e+00
1.253847789764404297e+01 2.040100288391113281e+01 -3.105278778076171875e+01 1.795615315437316895e+00 1.780801296234130859e+00 -5.985720157623291016e+00
1.257510375976562500e+01 2.041803932189941406e+01 -3.116798019409179688e+01 1.977604746818542480e+00 1.590259790420532227e+00 -5.851458549499511719e+00
1.260788822174072266e+01 2.042850112915039062e+01 -3.128038597106933594e+01 2.179180145263671875e+00 1.637716531753540039e+00 -5.755722522735595703e+00
1.265557289123535156e+01 2.046229743957519531e+01 -3.144843292236328125e+01 2.242111682891845703e+00 1.681775689125061035e+00 -5.790278911590576172e+00
1.267624664306640625e+01 2.047963714599609375e+01 -3.156245231628417969e+01 2.512944936752319336e+00 1.411640524864196777e+00 -5.949194431304931641e+00
1.271796798706054688e+01 2.049359703063964844e+01 -3.168003654479980469e+01 2.767723083496093750e+00 1.773914098739624023e+00 -6.201447963714599609e+00
1.275328063964843750e+01 2.051693725585937500e+01 -3.180292129516601562e+01 2.821677923202514648e+00 1.882024884223937988e+00 -6.460391998291015625e+00
1.279574966430664062e+01 2.055854797363281250e+01 -3.193286705017089844e+01 2.346305370330810547e+00 2.207902431488037109e+00 -6.860038280487060547e+00
1.281731414794921875e+01 2.059346961975097656e+01 -3.206974792480468750e+01 2.182924509048461914e+00 1.584609270095825195e+00 -7.102823257446289062e+00
1.284615135192871094e+01 2.061483001708984375e+01 -3.220930862426757812e+01 2.258067131042480469e+00 9.916195273399353027e-01 -7.223525047302246094e+00
1.287718772888183594e+01 2.062891960144042969e+01 -3.235096359252929688e+01 2.444181442260742188e+00 7.237033843994140625e-01 -7.214632511138916016e+00
1.291195678710937500e+01 2.063814353942871094e+01 -3.249270629882812500e+01 2.543831348419189453e+00 5.281336903572082520e-01 -7.395040988922119141e+00
1.294517040252685547e+01 2.064615440368652344e+01 -3.263821411132812500e+01 2.744918107986450195e+00 4.783369004726409912e-01 -7.513927459716796875e+00
1.298975276947021484e+01 2.065359497070312500e+01 -3.278505706787109375e+01 2.943961143493652344e+00 6.356480121612548828e-01 -7.586573123931884766e+00
1.302832698822021484e+01 2.065925025939941406e+01 -3.293313598632812500e+01 2.963769435882568359e+00 4.902072548866271973e-01 -7.626067161560058594e+00
1.307147502899169922e+01 2.066179466247558594e+01 -3.308155822753906250e+01 2.856178283691406250e+00 4.352408945560455322e-01 -7.649200439453125000e+00
1.310897254943847656e+01 2.067925262451171875e+01 -3.323125457763671875e+01 2.183106422424316406e+00 4.142923355102539062e-01 -7.650989532470703125e+00
1.314644908905029297e+01 2.068833351135253906e+01 -3.338037490844726562e+01 2.001591920852661133e+00 1.740632504224777222e-01 -7.587201595306396484e+00
1.317452526092529297e+01 2.069761848449707031e+01 -3.352777481079101562e+01 2.101209163665771484e+00 1.791738905012607574e-02 -7.466211795806884766e+00
1.320603656768798828e+01 2.070968818664550781e+01 -3.367413330078125000e+01 1.994762659072875977e+00 -5.472565535455942154e-03 -7.467283248901367188e+00
1.322769927978515625e+01 2.072093582153320312e+01 -3.381969451904296875e+01 1.830938458442687988e+00 -3.059380948543548584e-01 -7.438341617584228516e+00
1.325685119628906250e+01 2.072454261779785156e+01 -3.396543502807617188e+01 1.805683135986328125e+00 -2.137645035982131958e-01 -7.472626686096191406e+00
1.329277133941650391e+01 2.071972274780273438e+01 -3.411046218872070312e+01 1.853681206703186035e+00 -3.365771472454071045e-01 -7.387598037719726562e+00
1.333365154266357422e+01 2.072539138793945312e+01 -3.425533294677734375e+01 1.721388101577758789e+00 -4.436403214931488037e-01 -7.379271984100341797e+00
1.337341880798339844e+01 2.072865295410156250e+01 -3.447088623046875000e+01 1.274631500244140625e+00 -1.302971839904785156e+00 -7.246842861175537109e+00
1.340260505676269531e+01 2.070761299133300781e+01 -3.460998153686523438e+01 1.650107979774475098e+00 -1.630576848983764648e+00 -6.974904060363769531e+00
1.344191932678222656e+01 2.068714904785156250e+01 -3.474451446533203125e+01 1.754230141639709473e+00 -1.795340061187744141e+00 -6.705414772033691406e+00
1.348513412475585938e+01 2.066258239746093750e+01 -3.487360763549804688e+01 1.807933330535888672e+00 -1.790745377540588379e+00 -6.501883029937744141e+00
1.353046131134033203e+01 2.064512062072753906e+01 -3.499932479858398438e+01 1.521331787109375000e+00 -1.427203178405761719e+00 -6.273090362548828125e+00
1.357057571411132812e+01 2.062485504150390625e+01 -3.511824417114257812e+01 1.375823259353637695e+00 -1.355068802833557129e+00 -5.901421070098876953e+00
1.360691738128662109e+01 2.061470794677734375e+01 -3.523259353637695312e+01 1.151685357093811035e+00 -1.326267123222351074e+00 -5.723836421966552734e+00
1.364083671569824219e+01 2.060417175292968750e+01 -3.534472274780273438e+01 6.153168082237243652e-01 -1.108822107315063477e+00 -5.648217678070068359e+00
1.366200542449951172e+01 2.059227752685546875e+01 -3.545442199707031250e+01 4.733601212501525879e-01 -1.333414077758789062e+00 -5.575336456298828125e+00
1.368277645111083984e+01 2.057205390930175781e+01 -3.556407165527343750e+01 7.261576056480407715e-01 -1.133281111717224121e+00 -5.636860847473144531e+00
1.371090602874755859e+01 2.055195426940917969e+01 -3.567597579956054688e+01 1.043701052665710449e+00 -1.029374718666076660e+00 -5.813504695892333984e+00
1.375502109527587891e+01 2.053850746154785156e+01 -3.579030990600585938e+01 1.256534695625305176e+00 -4.081412851810455322e-01 -5.866723060607910156e+00
1.378908061981201172e+01 2.054816436767578125e+01 -3.590663909912109375e+01 7.027339339256286621e-01 1.118707731366157532e-01 -5.942536830902099609e+00
1.381927967071533203e+01 2.055348014831542969e+01 -3.602204513549804688e+01 4.204384982585906982e-01 2.555588185787200928e-01 -5.968107700347900391e+00
1.384368228912353516e+01 2.055632591247558594e+01 -3.614141845703125000e+01 4.495458304882049561e-01 1.901080459356307983e-01 -6.264370441436767578e+00
1.387608718872070312e+01 2.056023597717285156e+01 -3.626637649536132812e+01 2.528033852577209473e-01 2.849674224853515625e-01 -6.638031005859375000e+00
1.390392112731933594e+01 2.057895851135253906e+01 -3.640284347534179688e+01 6.168733537197113037e-02 2.510173320770263672e-01 -7.312494277954101562e+00
1.392643260955810547e+01 2.058409500122070312e+01 -3.655703735351562500e+01 1.375354379415512085e-01 -3.612424731254577637e-01 -8.435577392578125000e+00
1.395412254333496094e+01 2.055543708801269531e+01 -3.672942352294921875e+01 5.745150446891784668e-01 -1.891255259513854980e+00 -9.190615653991699219e+00
1.398873233795166016e+01 2.049158287048339844e+01 -3.690875625610351562e+01 8.755831122398376465e-01 -3.150784969329833984e+00 -9.144836425781250000e+00
1.402918148040771484e+01 2.041471481323242188e+01 -3.708087539672851562e+01 9.165133237838745117e-01 -3.585569620132446289e+00 -8.523829460144042969e+00
1.407357025146484375e+01 2.028671264648437500e+01 -3.730895996093750000e+01 1.514519572257995605e+00 -3.690507650375366211e+00 -7.169011116027832031e+00
1.412117862701416016e+01 2.021299743652343750e+01 -3.744100952148437500e+01 1.652673482894897461e+00 -2.589565515518188477e+00 -6.422595024108886719e+00
1.416002368927001953e+01 2.016510581970214844e+01 -3.755870819091796875e+01 1.389893293380737305e+00 -1.415897488594055176e+00 -5.724768161773681641e+00
1.419115543365478516e+01 2.013843345642089844e+01 -3.766285324096679688e+01 1.046333432197570801e+00 -5.351775884628295898e-01 -5.028265953063964844e+00
1.421433544158935547e+01 2.012722778320312500e+01 -3.775698471069335938e+01 8.773636221885681152e-01 -8.979460597038269043e-02 -4.622344017028808594e+00
1.423312282562255859e+01 2.011569023132324219e+01 -3.784312820434570312e+01 8.886515498161315918e-01 2.592036724090576172e-01 -4.355227947235107422e+00
1.425819396972656250e+01 2.011404228210449219e+01 -3.792607879638671875e+01 1.221744298934936523e+00 7.738131880760192871e-01 -4.195025920867919922e+00
1.427430629730224609e+01 2.012447357177734375e+01 -3.800796127319335938e+01 1.045281410217285156e+00 9.887092709541320801e-01 -4.259841442108154297e+00
1.428747177124023438e+01 2.013779449462890625e+01 -3.809214019775390625e+01 9.416615962982177734e-01 8.427139520645141602e-01 -4.338846683502197266e+00
1.430067157745361328e+01 2.013860321044921875e+01 -3.817808532714843750e+01 1.108113765716552734e+00 8.500553965568542480e-01 -4.488226890563964844e+00
1.431856155395507812e+01 2.013776206970214844e+01 -3.826510238647460938e+01 1.181890487670898438e+00 5.208114385604858398e-01 -4.449076175689697266e+00
1.434025192260742188e+01 2.014589500427246094e+01 -3.835264968872070312e+01 9.441764950752258301e-01 4.373506009578704834e-01 -4.496001243591308594e+00
1.434895801544189453e+01 2.014530563354492188e+01 -3.843809509277343750e+01 9.543601274490356445e-01 -7.912303507328033447e-02 -4.232841014862060547e+00
1.436220264434814453e+01 2.013398551940917969e+01 -3.851923751831054688e+01 1.281224846839904785e+00 -5.349996685981750488e-01 -4.148718357086181641e+00
1.438624477386474609e+01 2.011889839172363281e+01 -3.859940338134765625e+01 1.775883913040161133e+00 -6.313661932945251465e-01 -4.089229106903076172e+00
1.442030525207519531e+01 2.010418510437011719e+01 -3.867852401733398438e+01 1.968965768814086914e+00 -4.587453305721282959e-01 -4.073020935058593750e+00
1.445326042175292969e+01 2.009168052673339844e+01 -3.875756835937500000e+01 2.152901887893676758e+00 -3.261296451091766357e-01 -4.076159000396728516e+00
1.448584651947021484e+01 2.007602500915527344e+01 -3.883566665649414062e+01 2.364944696426391602e+00 -1.371746957302093506e-01 -4.015049457550048828e+00
1.452799892425537109e+01 2.006080818176269531e+01 -3.891370010375976562e+01 2.582333803176879883e+00 3.823815286159515381e-01 -4.089725494384765625e+00
1.456942176818847656e+01 2.006733131408691406e+01 -3.899283218383789062e+01 2.184082031250000000e+00 7.485588788986206055e-01 -4.040289878845214844e+00
1.459592056274414062e+01 2.008755874633789062e+01 -3.907117462158203125e+01 1.320433378219604492e+00 5.739923119544982910e-01 -3.969295501708984375e+00
1.461221313476562500e+01 2.009534263610839844e+01 -3.918223953247070312e+01 6.383175849914550781e-01 -2.239475846290588379e-01 -3.520420789718627930e+00
1.461657714843750000e+01 2.008600997924804688e+01 -3.924905395507812500e+01 3.369169533252716064e-01 -8.319657444953918457e-01 -3.300655603408813477e+00
1.461555576324462891e+01 2.006809043884277344e+01 -3.931118011474609375e+01 1.503835916519165039e-01 -1.313937544822692871e+00 -3.086095094680786133e+00
1.461427402496337891e+01 2.005107307434082031e+01 -3.937192916870117188e+01 3.876821324229240417e-02 -1.670136570930480957e+00 -2.992475986480712891e+00
1.461177158355712891e+01 2.002743339538574219e+01 -3.942911148071289062e+01 1.694819033145904541e-01 -1.931361556053161621e+00 -2.809758186340332031e+00
1.461334133148193359e+01 1.999175453186035156e+01 -3.948366928100585938e+01 4.231727719306945801e-01 -2.232412815093994141e+00 -2.680427074432373047e+00
1.461838626861572266e+01 1.994906425476074219e+01 -3.953637313842773438e+01 1.014443516731262207e+00 -2.650799274444580078e+00 -2.675313949584960938e+00
1.464372158050537109e+01 1.990691757202148438e+01 -3.958863449096679688e+01 1.357774853706359863e+00 -2.345302581787109375e+00 -2.627126216888427734e+00
1.467090988159179688e+01 1.987476158142089844e+01 -3.964073562622070312e+01 1.579473733901977539e+00 -2.080275774002075195e+00 -2.616573095321655273e+00
1.471342754364013672e+01 1.985760116577148438e+01 -3.969128799438476562e+01 1.531360507011413574e+00 -1.261462807655334473e+00 -2.463658094406127930e+00
1.474474525451660156e+01 1.984830474853515625e+01 -3.974065780639648438e+01 1.555528044700622559e+00 -8.769624829292297363e-01 -2.536784648895263672e+00
1.478336620330810547e+01 1.985369491577148438e+01 -3.979077148437500000e+01 1.280375838279724121e+00 1.589953713119029999e-02 -2.564851760864257812e+00
1.481323242187500000e+01 1.986990737915039062e+01 -3.984313964843750000e+01 1.028736233711242676e+00 2.914018929004669189e-01 -2.672470569610595703e+00
1.484140586853027344e+01 1.989261627197265625e+01 -3.989845657348632812e+01 7.108395695686340332e-01 6.632595658302307129e-01 -2.882006168365478516e+00
1.485214614868164062e+01 1.992161369323730469e+01 -3.995622634887695312e+01 2.887787222862243652e-01 6.760749220848083496e-01 -2.938042879104614258e+00
1.485927963256835938e+01 1.993783378601074219e+01 -4.001553726196289062e+01 2.892266809940338135e-01 5.263698697090148926e-01 -3.125190496444702148e+00
1.487025356292724609e+01 1.994688415527343750e+01 -4.007746124267578125e+01 5.972073078155517578e-01 6.239811182022094727e-01 -3.219247102737426758e+00
1.488945293426513672e+01 1.995304489135742188e+01 -4.013994598388671875e+01 8.855881094932556152e-01 6.450829505920410156e-01 -3.277685403823852539e+00
1.492128562927246094e+01 1.997053146362304688e+01 -4.020552825927734375e+01 8.596998453140258789e-01 9.541183710098266602e-01 -3.379967451095581055e+00
1.494126605987548828e+01 1.998760223388671875e+01 -4.027304840087890625e+01 7.952348589897155762e-01 7.829359769821166992e-01 -3.486981630325317383e+00
1.496819019317626953e+01 1.999547767639160156e+01 -4.037375640869140625e+01 7.264790534973144531e-01 4.172001183032989502e-01 -3.504803419113159180e+00
1.499516487121582031e+01 1.999141693115234375e+01 -4.044120025634765625e+01 1.029644012451171875e+00 4.850706160068511963e-01 -3.478852033615112305e+00
1.502228641510009766e+01 1.999775695800781250e+01 -4.050921249389648438e+01 1.208918929100036621e+00 4.771126210689544678e-01 -3.468635559082031250e+00
1.505428314208984375e+01 2.000423431396484375e+01 -4.057779693603515625e+01 1.541597008705139160e+00 7.116585373878479004e-01 -3.625879049301147461e+00
1.507906150817871094e+01 2.001267433166503906e+01 -4.065004348754882812e+01 1.486315250396728516e+00 7.342971563339233398e-01 -3.840724945068359375e+00
1.510009098052978516e+01 2.000951766967773438e+01 -4.072594833374023438e+01 1.867517828941345215e+00 7.382367849349975586e-01 -4.051882266998291016e+00
1.513424587249755859e+01 2.001347732543945312e+01 -4.080507278442382812e+01 1.991341352462768555e+00 9.162774085998535156e-01 -4.164862632751464844e+00
1.517072677612304688e+01 2.002860641479492188e+01 -4.088727188110351562e+01 1.813323736190795898e+00 1.105156064033508301e+00 -4.229141235351562500e+00
1.519959068298339844e+01 2.004029083251953125e+01 -4.097065734863281250e+01 1.682779312133789062e+00 1.206334948539733887e+00 -4.398602485656738281e+00
1.522130966186523438e+01 2.006018829345703125e+01 -4.105649566650390625e+01 1.645634651184082031e+00 1.217856764793395996e+00 -4.476691722869873047e+00
1.525881385803222656e+01 2.006866455078125000e+01 -4.114643478393554688e+01 1.863113760948181152e+00 1.430230021476745605e+00 -4.907021999359130859e+00
1.529133033752441406e+01 2.009262847900390625e+01 -4.124578094482421875e+01 1.601468205451965332e+00 1.423025727272033691e+00 -5.287671089172363281e+00
1.530808639526367188e+01 2.011510086059570312e+01 -4.135004043579101562e+01 1.202823162078857422e+00 7.628245949745178223e-01 -5.376638412475585938e+00
1.531416893005371094e+01 2.011936759948730469e+01 -4.145550918579101562e+01 1.026594877243041992e+00 -3.384237363934516907e-02 -5.340925216674804688e+00
1.531182575225830078e+01 2.010015678405761719e+01 -4.155712509155273438e+01 1.407359838485717773e+00 -9.298869371414184570e-01 -5.198187351226806641e+00
1.532618618011474609e+01 2.007523345947265625e+01 -4.165724563598632812e+01 1.644200682640075684e+00 -1.268571019172668457e+00 -5.127882003784179688e+00
1.535076713562011719e+01 2.005005073547363281e+01 -4.175736618041992188e+01 1.773121476173400879e+00 -1.380808830261230469e+00 -5.116476535797119141e+00
1.537960529327392578e+01 2.001954460144042969e+01 -4.185612106323242188e+01 1.881338596343994141e+00 -1.459735870361328125e+00 -5.056505680084228516e+00
1.540843963623046875e+01 1.998921585083007812e+01 -4.195488357543945312e+01 2.148495197296142578e+00 -1.610375285148620605e+00 -5.056307315826416016e+00
1.544059944152832031e+01 1.996444892883300781e+01 -4.205383300781250000e+01 2.083467721939086914e+00 -1.491747140884399414e+00 -5.022360324859619141e+00
1.548876762390136719e+01 1.992925262451171875e+01 -4.214831542968750000e+01 2.249977827072143555e+00 -1.154438495635986328e+00 -4.804751873016357422e+00
1.553138923645019531e+01 1.990831375122070312e+01 -4.228662490844726562e+01 1.663777589797973633e+00 -1.139816164970397949e+00 -4.598830699920654297e+00
1.554789638519287109e+01 1.989177513122558594e+01 -4.237607574462890625e+01 1.321882843971252441e+00 -1.375974178314208984e+00 -4.517447948455810547e+00
1.557428169250488281e+01 1.987483787536621094e+01 -4.246530914306640625e+01 1.061458110809326172e+00 -1.378597617149353027e+00 -4.486587047576904297e+00
1.559075832366943359e+01 1.986510848999023438e+01 -4.255319213867187500e+01 5.135591030120849609e-01 -1.407387375831604004e+00 -4.318041801452636719e+00
1.559016227722167969e+01 1.985226821899414062e+01 -4.263739776611328125e+01 4.039024934172630310e-02 -1.866828441619873047e+00 -4.146449089050292969e+00
1.558454418182373047e+01 1.982201766967773438e+01 -4.271884536743164062e+01 9.574607759714126587e-02 -2.224751949310302734e+00 -4.129734992980957031e+00
1.557927036285400391e+01 1.978136825561523438e+01 -4.279714965820312500e+01 2.597662806510925293e-01 -2.718776941299438477e+00 -3.882755279541015625e+00
1.559788990020751953e+01 1.972860336303710938e+01 -4.287239456176757812e+01 7.221652269363403320e-01 -2.658331632614135742e+00 -3.830222845077514648e+00
1.562387275695800781e+01 1.968621253967285156e+01 -4.294848251342773438e+01 7.790121436119079590e-01 -2.504826784133911133e+00 -3.840447187423706055e+00
1.565086746215820312e+01 1.964832687377929688e+01 -4.302509307861328125e+01 7.702242732048034668e-01 -2.438917875289916992e+00 -3.811777591705322266e+00
1.567974662780761719e+01 1.961176681518554688e+01 -4.309967041015625000e+01 7.113626003265380859e-01 -2.308115243911743164e+00 -3.794837474822998047e+00
1.570620822906494141e+01 1.957557868957519531e+01 -4.317459106445312500e+01 8.099034428596496582e-01 -2.399449348449707031e+00 -3.767453193664550781e+00
1.573546028137207031e+01 1.954255867004394531e+01 -4.324967193603515625e+01 7.302526831626892090e-01 -2.256868124008178711e+00 -3.763334274291992188e+00
1.576382446289062500e+01 1.950912475585937500e+01 -4.332318115234375000e+01 7.643339633941650391e-01 -1.940423607826232910e+00 -3.705628395080566406e+00
1.578947544097900391e+01 1.948151397705078125e+01 -4.339614868164062500e+01 6.860690712928771973e-01 -1.649624228477478027e+00 -3.702349185943603516e+00
1.581034469604492188e+01 1.945216178894042969e+01 -4.346758651733398438e+01 7.439622282981872559e-01 -1.600421309471130371e+00 -3.573886156082153320e+00
1.583492755889892578e+01 1.942277526855468750e+01 -4.353706741333007812e+01 8.735355734825134277e-01 -1.295583605766296387e+00 -3.543394327163696289e+00
1.586489868164062500e+01 1.940007972717285156e+01 -4.360592651367187500e+01 6.736698746681213379e-01 -7.385518550872802734e-01 -3.519610404968261719e+00
1.589198398590087891e+01 1.938370704650878906e+01 -4.367543029785156250e+01 6.129082441329956055e-01 -4.495268762111663818e-01 -3.670695304870605469e+00
1.590352630615234375e+01 1.937168121337890625e+01 -4.374679565429687500e+01 4.317418038845062256e-01 -4.556251764297485352e-01 -3.676548242568969727e+00
1.592711257934570312e+01 1.936297225952148438e+01 -4.382023239135742188e+01 2.893643677234649658e-01 -3.291497826576232910e-01 -3.855020761489868164e+00
1.594607257843017578e+01 1.935423660278320312e+01 -4.393338775634765625e+01 1.173877641558647156e-01 -3.441390991210937500e-01 -3.898065090179443359e+00
1.595263671875000000e+01 1.934288215637207031e+01 -4.400819396972656250e+01 -1.998334564268589020e-02 -8.211145401000976562e-01 -3.786263465881347656e+00
1.595847320556640625e+01 1.931448745727539062e+01 -4.408018493652343750e+01 1.216720417141914368e-01 -9.474982023239135742e-01 -3.717409372329711914e+00
1.597508144378662109e+01 1.927560615539550781e+01 -4.415105819702148438e+01 5.472141504287719727e-01 -9.549070596694946289e-01 -3.752350330352783203e+00
1.599829006195068359e+01 1.924683761596679688e+01 -4.422523880004882812e+01 7.324227094650268555e-01 -1.001873254776000977e+00 -3.876094341278076172e+00
1.601676750183105469e+01 1.922579383850097656e+01 -4.429992675781250000e+01 6.784224510192871094e-01 -1.084376692771911621e+00 -3.828325748443603516e+00
1.602704048156738281e+01 1.920372009277343750e+01 -4.437299728393554688e+01 1.048475503921508789e+00 -1.385379076004028320e+00 -3.683809995651245117e+00
1.604344558715820312e+01 1.917111015319824219e+01 -4.444232177734375000e+01 1.670010924339294434e+00 -1.540304183959960938e+00 -3.479915618896484375e+00
1.607640075683593750e+01 1.913533401489257812e+01 -4.450956344604492188e+01 2.269072055816650391e+00 -1.209179282188415527e+00 -3.494062900543212891e+00
1.611659049987792969e+01 1.911012840270996094e+01 -4.457783508300781250e+01 2.429008245468139648e+00 -6.415578126907348633e-01 -3.587774515151977539e+00
1.615790748596191406e+01 1.909033775329589844e+01 -4.464812850952148438e+01 2.543442487716674805e+00 -1.744960546493530273e-01 -3.785366058349609375e+00
