1.920183300971984863e+00 3.535298585891723633e+00 -1.922229886054992676e+00 1.081077337265014648e+00 2.896397113800048828e+00 -1.024369239807128906e+00
1.931237816810607910e+00 3.591743230819702148e+00 -1.931990861892700195e+00 1.111435890197753906e+00 2.992261648178100586e+00 -1.043091416358947754e+00
1.952008962631225586e+00 3.653989315032958984e+00 -1.958380579948425293e+00 1.135354280471801758e+00 2.882493257522583008e+00 -9.569833874702453613e-01
1.970599055290222168e+00 3.703419923782348633e+00 -1.982486248016357422e+00 1.104750752449035645e+00 2.705621719360351562e+00 -8.549628257751464844e-01
1.996422529220581055e+00 3.747382164001464844e+00 -2.003320932388305664e+00 1.258204221725463867e+00 2.649641990661621094e+00 -7.995969653129577637e-01
2.022596836090087891e+00 3.813134431838989258e+00 -2.001026630401611328e+00 1.204875111579895020e+00 2.754195451736450195e+00 -8.296333551406860352e-01
2.034776687622070312e+00 3.865631580352783203e+00 -2.019768476486206055e+00 1.209691286087036133e+00 2.611892938613891602e+00 -8.436017632484436035e-01
2.063459396362304688e+00 3.920566558837890625e+00 -2.041108369827270508e+00 1.179277420043945312e+00 2.619092941284179688e+00 -6.427439451217651367e-01
2.075148105621337891e+00 3.969811439514160156e+00 -2.056604623794555664e+00 1.246754646301269531e+00 2.775532484054565430e+00 -6.491839289665222168e-01
2.088120937347412109e+00 4.006339550018310547e+00 -2.065603733062744141e+00 1.200735807418823242e+00 2.835966348648071289e+00 -7.113344073295593262e-01
2.119786024093627930e+00 4.064001560211181641e+00 -2.072128295898437500e+00 1.093834996223449707e+00 3.019308805465698242e+00 -8.161481022834777832e-01
2.153280973434448242e+00 4.149775028228759766e+00 -2.100923538208007812e+00 1.004676699638366699e+00 2.921942949295043945e+00 -5.765573978424072266e-01
2.183388948440551758e+00 4.188047885894775391e+00 -2.113327264785766602e+00 1.169762015342712402e+00 3.010155439376831055e+00 -5.890153050422668457e-01
2.209587574005126953e+00 4.249857902526855469e+00 -2.120837211608886719e+00 1.089492321014404297e+00 3.196412324905395508e+00 -5.279306769371032715e-01
2.221443176269531250e+00 4.319568634033203125e+00 -2.134627819061279297e+00 1.018974900245666504e+00 3.086266517639160156e+00 -4.269457459449768066e-01
2.249874591827392578e+00 4.380973815917968750e+00 -2.146944761276245117e+00 1.015749454498291016e+00 3.099310398101806641e+00 -4.519802033901214600e-01
2.273968696594238281e+00 4.436668395996093750e+00 -2.164495468139648438e+00 1.021230578422546387e+00 3.269414663314819336e+00 -7.134777307510375977e-01
2.285578489303588867e+00 4.512207508087158203e+00 -2.170216083526611328e+00 1.033308982849121094e+00 3.445866346359252930e+00 -5.298947691917419434e-01
2.313816070556640625e+00 4.562909603118896484e+00 -2.176929950714111328e+00 1.059029340744018555e+00 3.483285665512084961e+00 -3.502856492996215820e-01
2.326688051223754883e+00 4.635175704956054688e+00 -2.185708761215209961e+00 1.125763773918151855e+00 3.636238813400268555e+00 -4.433738291263580322e-01
2.345586776733398438e+00 4.706916332244873047e+00 -2.187556743621826172e+00 9.830459356307983398e-01 3.796146869659423828e+00 -3.069086670875549316e-01
2.387251377105712891e+00 4.791695594787597656e+00 -2.197713375091552734e+00 9.731570482254028320e-01 3.743535041809082031e+00 -3.285310864448547363e-01
2.393846988677978516e+00 4.859619617462158203e+00 -2.208433628082275391e+00 1.078535556793212891e+00 3.847999811172485352e+00 -2.132940888404846191e-01
2.410992860794067383e+00 4.923610210418701172e+00 -2.210897684097290039e+00 1.170091032981872559e+00 3.969630002975463867e+00 -2.139809131622314453e-01
2.435574531555175781e+00 5.006103038787841797e+00 -2.224876403808593750e+00 1.206641316413879395e+00 3.926249265670776367e+00 -3.792335093021392822e-01
2.446905136108398438e+00 5.073369979858398438e+00 -2.230210304260253906e+00 1.159063816070556641e+00 4.022826194763183594e+00 -5.002902746200561523e-01
2.494760751724243164e+00 5.161078453063964844e+00 -2.242192268371582031e+00 1.430881977081298828e+00 4.223544120788574219e+00 -6.032177805900573730e-01
2.515323400497436523e+00 5.243757724761962891e+00 -2.251164674758911133e+00 1.350064158439636230e+00 4.268279552459716797e+00 -2.251378744840621948e-01
2.531274318695068359e+00 5.337611198425292969e+00 -2.256731748580932617e+00 1.154988646507263184e+00 4.199117660522460938e+00 -1.573280394077301025e-01
2.555249691009521484e+00 5.419160842895507812e+00 -2.261710405349731445e+00 1.110733032226562500e+00 4.422838687896728516e+00 -3.515788912773132324e-01
2.576858043670654297e+00 5.511934757232666016e+00 -2.269865989685058594e+00 1.337005257606506348e+00 4.533651828765869141e+00 -2.327738255262374878e-01
2.608026027679443359e+00 5.599339485168457031e+00 -2.259195804595947266e+00 1.361752748489379883e+00 4.693201541900634766e+00 -2.498225271701812744e-01
2.634663820266723633e+00 5.747399806976318359e+00 -2.278710126876831055e+00 1.218048453330993652e+00 4.740696430206298828e+00 -1.891638487577438354e-01
2.653635740280151367e+00 5.837354660034179688e+00 -2.270288228988647461e+00 1.302434682846069336e+00 4.854044437408447266e+00 -1.904367953538894653e-01
2.689271450042724609e+00 5.928713798522949219e+00 -2.275752067565917969e+00 1.358882904052734375e+00 4.966086864471435547e+00 -1.316393613815307617e-01
2.710884809494018555e+00 6.029678344726562500e+00 -2.281447172164916992e+00 1.366713285446166992e+00 5.118779182434082031e+00 -1.213404163718223572e-01
2.742079019546508789e+00 6.135020732879638672e+00 -2.288109064102172852e+00 1.359876632690429688e+00 5.133208751678466797e+00 2.454499900341033936e-02
2.766629934310913086e+00 6.222593784332275391e+00 -2.285073041915893555e+00 1.368929982185363770e+00 5.233582019805908203e+00 4.616626724600791931e-02
2.786954402923583984e+00 6.314522743225097656e+00 -2.291400194168090820e+00 1.292600035667419434e+00 5.379383087158203125e+00 3.047261573374271393e-02
2.820483207702636719e+00 6.422095775604248047e+00 -2.289950847625732422e+00 1.442511200904846191e+00 5.451201438903808594e+00 -1.053292900323867798e-01
2.850193977355957031e+00 6.532043933868408203e+00 -2.284761428833007812e+00 1.375606298446655273e+00 5.729544162750244141e+00 -5.564377829432487488e-02
2.869542360305786133e+00 6.648320198059082031e+00 -2.280100107192993164e+00 1.502392172813415527e+00 5.880424976348876953e+00 6.689466536045074463e-02
2.898372888565063477e+00 6.754869937896728516e+00 -2.285760164260864258e+00 1.484855413436889648e+00 5.797131538391113281e+00 6.547252088785171509e-02
2.919455528259277344e+00 6.884109973907470703e+00 -2.284319877624511719e+00 1.356695294380187988e+00 5.905164241790771484e+00 -4.114244133234024048e-02
2.950402498245239258e+00 6.992203712463378906e+00 -2.288926601409912109e+00 1.332671403884887695e+00 5.990992069244384766e+00 -4.548949748277664185e-02
2.993459939956665039e+00 7.120649814605712891e+00 -2.295078277587890625e+00 1.495699048042297363e+00 6.313439369201660156e+00 -5.761137977242469788e-02
3.008908271789550781e+00 7.229758739471435547e+00 -2.298824548721313477e+00 1.485119342803955078e+00 6.393151283264160156e+00 1.512718349695205688e-01
3.047402381896972656e+00 7.367024421691894531e+00 -2.292543411254882812e+00 1.569665312767028809e+00 6.501437664031982422e+00 2.406893074512481689e-01
3.077086925506591797e+00 7.495737552642822266e+00 -2.292339563369750977e+00 1.522525668144226074e+00 6.647204875946044922e+00 8.666653931140899658e-02
3.109918594360351562e+00 7.613578796386718750e+00 -2.301228523254394531e+00 1.690708041191101074e+00 6.644488811492919922e+00 4.485753178596496582e-02
3.139022588729858398e+00 7.744951725006103516e+00 -2.293573379516601562e+00 1.545413613319396973e+00 6.863353252410888672e+00 -7.968959957361221313e-02
3.162456989288330078e+00 7.895593643188476562e+00 -2.283951520919799805e+00 1.416826963424682617e+00 6.990258216857910156e+00 -2.251067310571670532e-01
3.186719417572021484e+00 8.020555496215820312e+00 -2.296364784240722656e+00 1.552182793617248535e+00 7.168656349182128906e+00 -5.825581029057502747e-02
3.243634939193725586e+00 8.232998847961425781e+00 -2.282437801361083984e+00 1.631289243698120117e+00 7.346061229705810547e+00 1.095205172896385193e-01
3.264595746994018555e+00 8.393959045410156250e+00 -2.288812398910522461e+00 1.483537197113037109e+00 7.357371330261230469e+00 -1.156693603843450546e-02
3.302299737930297852e+00 8.534001350402832031e+00 -2.298376083374023438e+00 1.630174160003662109e+00 7.557985305786132812e+00 -1.052023246884346008e-01
3.339925289154052734e+00 8.695454597473144531e+00 -2.287132978439331055e+00 1.690449357032775879e+00 8.006651878356933594e+00 -2.164584398269653320e-01
3.370121479034423828e+00 8.845552444458007812e+00 -2.286689996719360352e+00 1.625876784324645996e+00 8.078513145446777344e+00 -1.646784543991088867e-01
3.408872842788696289e+00 9.013919830322265625e+00 -2.304148912429809570e+00 1.554738640785217285e+00 8.044057846069335938e+00 -1.913078874349594116e-01
3.439456701278686523e+00 9.154024124145507812e+00 -2.302543878555297852e+00 1.719673395156860352e+00 8.121517181396484375e+00 -1.359990835189819336e-01
3.481219530105590820e+00 9.327050209045410156e+00 -2.311445474624633789e+00 1.915481925010681152e+00 8.345829963684082031e+00 3.741450142115354538e-03
3.511979341506958008e+00 9.498045921325683594e+00 -2.298161506652832031e+00 1.886561274528503418e+00 8.619807243347167969e+00 -3.167707622051239014e-01
3.539312124252319336e+00 9.677517890930175781e+00 -2.311426639556884766e+00 1.918683052062988281e+00 8.756092071533203125e+00 -1.982779651880264282e-01
3.586358070373535156e+00 9.832232475280761719e+00 -2.310987234115600586e+00 1.941686272621154785e+00 8.977807044982910156e+00 -9.976737946271896362e-02
3.632355213165283203e+00 1.000257682800292969e+01 -2.311233758926391602e+00 1.934797763824462891e+00 9.263423919677734375e+00 -1.539169102907180786e-01
3.670835018157958984e+00 1.018502807617187500e+01 -2.321797132492065430e+00 1.910311341285705566e+00 9.428129196166992188e+00 -1.341979801654815674e-01
3.712449550628662109e+00 1.035829925537109375e+01 -2.325662374496459961e+00 1.717087864875793457e+00 9.357623100280761719e+00 -2.978521287441253662e-01
3.751939058303833008e+00 1.055161762237548828e+01 -2.333794832229614258e+00 1.644494175910949707e+00 9.604733467102050781e+00 -2.511657774448394775e-01
3.777065038681030273e+00 1.074963283538818359e+01 -2.334940433502197266e+00 1.772416114807128906e+00 9.759980201721191406e+00 -3.812566399574279785e-01
3.806553602218627930e+00 1.093103122711181641e+01 -2.340196609497070312e+00 2.104945898056030273e+00 9.916595458984375000e+00 -2.650778293609619141e-01
3.851125955581665039e+00 1.112486267089843750e+01 -2.345335483551025391e+00 2.173384666442871094e+00 1.015004253387451172e+01 -3.004741668701171875e-01
3.898395299911499023e+00 1.132605171203613281e+01 -2.353197336196899414e+00 2.116103649139404297e+00 1.023326206207275391e+01 -3.606722652912139893e-01
3.931527137756347656e+00 1.153162670135498047e+01 -2.363963842391967773e+00 2.067204713821411133e+00 1.054188442230224609e+01 -5.114639997482299805e-01
3.991886854171752930e+00 1.184302806854248047e+01 -2.375833749771118164e+00 2.215738534927368164e+00 1.090352630615234375e+01 -5.302328467369079590e-01
4.024675369262695312e+00 1.206548881530761719e+01 -2.398944854736328125e+00 2.387665510177612305e+00 1.109750747680664062e+01 -6.981895565986633301e-01
4.070441246032714844e+00 1.227822208404541016e+01 -2.414901494979858398e+00 2.413728713989257812e+00 1.141992950439453125e+01 -8.273587822914123535e-01
4.125565528869628906e+00 1.250765037536621094e+01 -2.432820796966552734e+00 2.307954311370849609e+00 1.159740447998046875e+01 -1.045676708221435547e+00
4.169019222259521484e+00 1.273706531524658203e+01 -2.458238363265991211e+00 2.289923429489135742e+00 1.191390323638916016e+01 -1.001864790916442871e+00
4.217597484588623047e+00 1.297245693206787109e+01 -2.468585491180419922e+00 2.431178569793701172e+00 1.214554214477539062e+01 -9.567157626152038574e-01
4.255947589874267578e+00 1.321854305267333984e+01 -2.491345643997192383e+00 2.398604154586791992e+00 1.234031105041503906e+01 -1.099239349365234375e+00
4.303524971008300781e+00 1.346597957611083984e+01 -2.518925189971923828e+00 2.504086256027221680e+00 1.271142578125000000e+01 -1.206085205078125000e+00
4.352242946624755859e+00 1.370959377288818359e+01 -2.538727998733520508e+00 2.636524438858032227e+00 1.314263057708740234e+01 -1.306087732315063477e+00
4.411601066589355469e+00 1.395910739898681641e+01 -2.569201231002807617e+00 2.578316450119018555e+00 1.317386054992675781e+01 -1.455384373664855957e+00
4.475955486297607422e+00 1.420958137512207031e+01 -2.597146987915039062e+00 2.623262166976928711e+00 1.354126453399658203e+01 -1.577545762062072754e+00
4.528690338134765625e+00 1.449218750000000000e+01 -2.635651350021362305e+00 2.399346113204956055e+00 1.384561824798583984e+01 -1.598443269729614258e+00
4.566946506500244141e+00 1.475543117523193359e+01 -2.661791801452636719e+00 2.657042980194091797e+00 1.423244190216064453e+01 -1.732257366180419922e+00
4.619475364685058594e+00 1.503776836395263672e+01 -2.704140186309814453e+00 2.898603439331054688e+00 1.457250499725341797e+01 -1.854192614555358887e+00
4.676143646240234375e+00 1.532095336914062500e+01 -2.742624998092651367e+00 2.999610662460327148e+00 1.497311115264892578e+01 -2.197484731674194336e+00
4.739783287048339844e+00 1.561267471313476562e+01 -2.790473461151123047e+00 3.141355514526367188e+00 1.513656234741210938e+01 -2.405918836593627930e+00
4.783945560455322266e+00 1.591096782684326172e+01 -2.842304706573486328e+00 2.951181650161743164e+00 1.549508571624755859e+01 -2.664843320846557617e+00
4.845198631286621094e+00 1.621602630615234375e+01 -2.892689943313598633e+00 2.875414133071899414e+00 1.582490158081054688e+01 -2.879463434219360352e+00
4.905749320983886719e+00 1.652694129943847656e+01 -2.957693815231323242e+00 3.171619415283203125e+00 1.623309135437011719e+01 -3.231718778610229492e+00
4.974727153778076172e+00 1.684783935546875000e+01 -3.029053688049316406e+00 3.137231349945068359e+00 1.660447120666503906e+01 -3.439051389694213867e+00
5.040011882781982422e+00 1.717968368530273438e+01 -3.097827434539794922e+00 3.265981674194335938e+00 1.704005622863769531e+01 -3.852911710739135742e+00
5.150691986083984375e+00 1.768964576721191406e+01 -3.226899862289428711e+00 3.674262523651123047e+00 1.799918937683105469e+01 -4.244141101837158203e+00
5.229546070098876953e+00 1.804308891296386719e+01 -3.311419963836669922e+00 3.706359386444091797e+00 1.826339149475097656e+01 -4.670680046081542969e+00
5.291985988616943359e+00 1.841001701354980469e+01 -3.416878223419189453e+00 3.816862106323242188e+00 1.864048004150390625e+01 -5.300782680511474609e+00
5.363175392150878906e+00 1.877415847778320312e+01 -3.529837608337402344e+00 4.111153125762939453e+00 1.924417495727539062e+01 -5.689215183258056641e+00
5.456886291503906250e+00 1.915901565551757812e+01 -3.652716636657714844e+00 4.174964427947998047e+00 1.969815444946289062e+01 -6.244245529174804688e+00
5.542423725128173828e+00 1.956364440917968750e+01 -3.771552562713623047e+00 4.203525543212890625e+00 2.026419258117675781e+01 -7.017921447753906250e+00
5.619989871978759766e+00 1.997613525390625000e+01 -3.923290491104125977e+00 4.371100425720214844e+00 2.083640289306640625e+01 -7.647053241729736328e+00
5.675186157226562500e+00 2.038157844543457031e+01 -4.086004257202148438e+00 4.842557430267333984e+00 2.142014884948730469e+01 -8.480178833007812500e+00
5.792577266693115234e+00 2.079480934143066406e+01 -4.267099857330322266e+00 5.116747379302978516e+00 2.207364845275878906e+01 -9.620429039001464844e+00
5.906514167785644531e+00 2.122874069213867188e+01 -4.478768825531005859e+00 5.380834579467773438e+00 2.259212493896484375e+01 -1.074333286285400391e+01
6.027649879455566406e+00 2.167325592041015625e+01 -4.686244010925292969e+00 5.720569610595703125e+00 2.311818313598632812e+01 -1.184782409667968750e+01
6.122776031494140625e+00 2.212876510620117188e+01 -4.939016819000244141e+00 5.891196727752685547e+00 2.372180747985839844e+01 -1.340738964080810547e+01
6.236555099487304688e+00 2.260419845581054688e+01 -5.209755420684814453e+00 6.077468872070312500e+00 2.416490173339843750e+01 -1.483878612518310547e+01
6.371085166931152344e+00 2.307588768005371094e+01 -5.523761749267578125e+00 6.507797241210937500e+00 2.433563232421875000e+01 -1.668395042419433594e+01
6.495422840118408203e+00 2.354049301147460938e+01 -5.887582302093505859e+00 6.923467159271240234e+00 2.414042091369628906e+01 -1.890422821044921875e+01
6.635476112365722656e+00 2.400390815734863281e+01 -6.282617092132568359e+00 7.165821552276611328e+00 2.372716331481933594e+01 -2.095304107666015625e+01
6.791919708251953125e+00 2.447787094116210938e+01 -6.711665153503417969e+00 7.430897712707519531e+00 2.316836357116699219e+01 -2.321368217468261719e+01
6.938611507415771484e+00 2.492274475097656250e+01 -7.182507038116455078e+00 7.723360538482666016e+00 2.230758285522460938e+01 -2.543196105957031250e+01
7.085829257965087891e+00 2.534695243835449219e+01 -7.711131095886230469e+00 7.880320072174072266e+00 2.106051254272460938e+01 -2.731496238708496094e+01
7.246738910675048828e+00 2.573595619201660156e+01 -8.284543991088867188e+00 8.042296409606933594e+00 1.943989753723144531e+01 -2.911590003967285156e+01
7.395545482635498047e+00 2.608589363098144531e+01 -8.884810447692871094e+00 7.948100566864013672e+00 1.770671844482421875e+01 -3.035737609863281250e+01
7.648945808410644531e+00 2.655731964111328125e+01 -9.823508262634277344e+00 7.825303554534912109e+00 1.489751243591308594e+01 -3.182816314697265625e+01
7.813745975494384766e+00 2.683119392395019531e+01 -1.047705173492431641e+01 7.668403148651123047e+00 1.310116672515869141e+01 -3.232826232910156250e+01
7.964436531066894531e+00 2.707963562011718750e+01 -1.113961601257324219e+01 7.427177429199218750e+00 1.154207992553710938e+01 -3.242889785766601562e+01
8.119494438171386719e+00 2.727388954162597656e+01 -1.180448341369628906e+01 7.117517948150634766e+00 1.009608459472656250e+01 -3.238882827758789062e+01
8.251222610473632812e+00 2.743948745727539062e+01 -1.246067714691162109e+01 6.946022033691406250e+00 8.671705245971679688e+00 -3.217788696289062500e+01
8.391234397888183594e+00 2.760895729064941406e+01 -1.312310028076171875e+01 6.819354534149169922e+00 7.385972499847412109e+00 -3.188866806030273438e+01
8.522998809814453125e+00 2.773388671875000000e+01 -1.374974727630615234e+01 6.549124240875244141e+00 6.191501140594482422e+00 -3.135767745971679688e+01
8.639721870422363281e+00 2.782003974914550781e+01 -1.437911605834960938e+01 6.177885055541992188e+00 5.209882736206054688e+00 -3.067279624938964844e+01
8.763040542602539062e+00 2.789995384216308594e+01 -1.499084663391113281e+01 5.927621841430664062e+00 4.455359935760498047e+00 -3.008386039733886719e+01
8.867892265319824219e+00 2.797504043579101562e+01 -1.558015918731689453e+01 5.733467578887939453e+00 3.647138118743896484e+00 -2.924674224853515625e+01
8.969163894653320312e+00 2.802058792114257812e+01 -1.613707733154296875e+01 5.408518791198730469e+00 2.824471235275268555e+00 -2.853207015991210938e+01
9.063437461853027344e+00 2.804528045654296875e+01 -1.669094085693359375e+01 5.073597431182861328e+00 2.320530652999877930e+00 -2.753021240234375000e+01
9.154762268066406250e+00 2.807201957702636719e+01 -1.720811462402343750e+01 5.038000106811523438e+00 1.843551039695739746e+00 -2.667198181152343750e+01
9.260125160217285156e+00 2.809886360168457031e+01 -1.771601867675781250e+01 4.903862953186035156e+00 1.339457511901855469e+00 -2.563283729553222656e+01
9.352127075195312500e+00 2.812280654907226562e+01 -1.819414710998535156e+01 4.621618270874023438e+00 1.010116338729858398e+00 -2.478140068054199219e+01
9.434985160827636719e+00 2.813332366943359375e+01 -1.865829086303710938e+01 4.328281402587890625e+00 6.640114188194274902e-01 -2.401582717895507812e+01
9.519977569580078125e+00 2.813939285278320312e+01 -1.910901641845703125e+01 4.135276317596435547e+00 1.686204075813293457e-01 -2.298046112060546875e+01
9.584553718566894531e+00 2.812694358825683594e+01 -1.953351402282714844e+01 4.073676109313964844e+00 -1.765128374099731445e-01 -2.200865745544433594e+01
9.662932395935058594e+00 2.811839675903320312e+01 -1.994883537292480469e+01 4.064299583435058594e+00 -3.649866580963134766e-01 -2.120200920104980469e+01
9.744585037231445312e+00 2.811262512207031250e+01 -2.034206390380859375e+01 3.956804513931274414e+00 -5.034890770912170410e-01 -2.048815727233886719e+01
9.811994552612304688e+00 2.811542701721191406e+01 -2.073081016540527344e+01 3.690248727798461914e+00 -6.293494105339050293e-01 -1.966053009033203125e+01
9.925936698913574219e+00 2.809006118774414062e+01 -2.127108001708984375e+01 3.403895854949951172e+00 -8.823664188385009766e-01 -1.858199310302734375e+01
9.986951828002929688e+00 2.806746292114257812e+01 -2.160142135620117188e+01 3.461735248565673828e+00 -1.068406701087951660e+00 -1.756868362426757812e+01
1.004219436645507812e+01 2.805422019958496094e+01 -2.194390296936035156e+01 3.265802145004272461e+00 -1.219375967979431152e+00 -1.710125160217285156e+01
1.011464691162109375e+01 2.802227210998535156e+01 -2.225928115844726562e+01 3.095954895019531250e+00 -1.309614300727844238e+00 -1.648299407958984375e+01
1.016471481323242188e+01 2.800856399536132812e+01 -2.256341552734375000e+01 3.058209657669067383e+00 -1.485093712806701660e+00 -1.608219718933105469e+01
1.023549556732177734e+01 2.797801399230957031e+01 -2.285842514038085938e+01 2.984755039215087891e+00 -1.532155632972717285e+00 -1.555729389190673828e+01
1.028007888793945312e+01 2.794965744018554688e+01 -2.314239883422851562e+01 2.795945167541503906e+00 -1.438050627708435059e+00 -1.487040233612060547e+01
1.034279537200927734e+01 2.792068672180175781e+01 -2.342749786376953125e+01 2.751286745071411133e+00 -1.563037514686584473e+00 -1.438808345794677734e+01
1.039272785186767578e+01 2.789657974243164062e+01 -2.369011497497558594e+01 2.595653057098388672e+00 -1.627596020698547363e+00 -1.393455886840820312e+01
1.041121101379394531e+01 2.786544799804687500e+01 -2.395929718017578125e+01 2.687610864639282227e+00 -1.760871410369873047e+00 -1.341467952728271484e+01
1.047548294067382812e+01 2.783011627197265625e+01 -2.420916938781738281e+01 2.536813735961914062e+00 -2.016898155212402344e+00 -1.289608478546142578e+01
1.052096748352050781e+01 2.779193496704101562e+01 -2.444985961914062500e+01 2.320981025695800781e+00 -1.990608215332031250e+00 -1.262585449218750000e+01
1.056078815460205078e+01 2.775148200988769531e+01 -2.468435096740722656e+01 2.295234918594360352e+00 -1.930757999420166016e+00 -1.232321548461914062e+01
1.060952854156494141e+01 2.771092224121093750e+01 -2.492460632324218750e+01 2.259683370590209961e+00 -1.841289758682250977e+00 -1.173646163940429688e+01
1.066523456573486328e+01 2.767208290100097656e+01 -2.513345909118652344e+01 2.248074531555175781e+00 -2.126804113388061523e+00 -1.138660049438476562e+01
1.070296859741210938e+01 2.764931488037109375e+01 -2.535362625122070312e+01 2.149199008941650391e+00 -2.201705217361450195e+00 -1.109976959228515625e+01
1.075218772888183594e+01 2.759272766113281250e+01 -2.555825042724609375e+01 2.011421680450439453e+00 -2.192392826080322266e+00 -1.065589237213134766e+01
1.079159259796142578e+01 2.755847167968750000e+01 -2.575572967529296875e+01 2.163254261016845703e+00 -2.126638650894165039e+00 -1.022242832183837891e+01
1.083248138427734375e+01 2.753173446655273438e+01 -2.594929695129394531e+01 2.158894300460815430e+00 -1.897482991218566895e+00 -9.978035926818847656e+00
1.087920379638671875e+01 2.748610877990722656e+01 -2.613166046142578125e+01 1.997302889823913574e+00 -1.818795919418334961e+00 -9.772371292114257812e+00
1.091857528686523438e+01 2.746151351928710938e+01 -2.633018302917480469e+01 1.857187628746032715e+00 -1.945756912231445312e+00 -9.482573509216308594e+00
1.096930217742919922e+01 2.741708755493164062e+01 -2.659244155883789062e+01 1.643572449684143066e+00 -1.924980163574218750e+00 -9.189067840576171875e+00
1.096933746337890625e+01 2.738386154174804688e+01 -2.676989746093750000e+01 1.493910074234008789e+00 -1.958177447319030762e+00 -9.104611396789550781e+00
1.100878143310546875e+01 2.733258247375488281e+01 -2.693566513061523438e+01 1.577250123023986816e+00 -1.949375629425048828e+00 -8.585734367370605469e+00
1.103457069396972656e+01 2.730672264099121094e+01 -2.709249687194824219e+01 1.809506654739379883e+00 -1.907225370407104492e+00 -8.253137588500976562e+00
1.108097839355468750e+01 2.727528953552246094e+01 -2.725304794311523438e+01 1.820483207702636719e+00 -1.859652042388916016e+00 -8.193190574645996094e+00
1.110799598693847656e+01 2.724008560180664062e+01 -2.740974998474121094e+01 1.657980442047119141e+00 -1.929248452186584473e+00 -8.071607589721679688e+00
1.113971233367919922e+01 2.722030639648437500e+01 -2.755131721496582031e+01 1.565867185592651367e+00 -1.781377673149108887e+00 -7.970487594604492188e+00
1.116529655456542969e+01 2.717231941223144531e+01 -2.770218658447265625e+01 1.247944116592407227e+00 -1.670523166656494141e+00 -7.803635120391845703e+00
1.119766712188720703e+01 2.715413093566894531e+01 -2.785937500000000000e+01 1.397400498390197754e+00 -1.621592998504638672e+00 -7.688221454620361328e+00
1.122452926635742188e+01 2.713803482055664062e+01 -2.799789619445800781e+01 1.407194614410400391e+00 -1.552328467369079590e+00 -7.578078269958496094e+00
1.125382328033447266e+01 2.711250495910644531e+01 -2.812925338745117188e+01 1.628917694091796875e+00 -1.679436683654785156e+00 -7.355522155761718750e+00
1.128831863403320312e+01 2.708964347839355469e+01 -2.827563667297363281e+01 1.366943478584289551e+00 -1.581923604011535645e+00 -7.179584980010986328e+00
1.131785488128662109e+01 2.705887413024902344e+01 -2.841454505920410156e+01 1.333454370498657227e+00 -1.637701869010925293e+00 -7.008910179138183594e+00
1.133631515502929688e+01 2.703526878356933594e+01 -2.855454063415527344e+01 1.298953175544738770e+00 -1.793174386024475098e+00 -6.883706569671630859e+00
1.136113739013671875e+01 2.700424766540527344e+01 -2.870044136047363281e+01 1.315772652626037598e+00 -1.692109823226928711e+00 -6.937984943389892578e+00
1.140211963653564453e+01 2.695553398132324219e+01 -2.882771873474121094e+01 1.333450198173522949e+00 -1.594223737716674805e+00 -6.869531154632568359e+00
1.143703365325927734e+01 2.693704032897949219e+01 -2.896155357360839844e+01 1.565695881843566895e+00 -1.609700679779052734e+00 -6.674582958221435547e+00
1.146690464019775391e+01 2.690671348571777344e+01 -2.908889198303222656e+01 1.515849828720092773e+00 -1.656066060066223145e+00 -6.409798622131347656e+00
1.148919773101806641e+01 2.689680290222167969e+01 -2.921792793273925781e+01 1.293160676956176758e+00 -1.719554185867309570e+00 -6.292288780212402344e+00
1.150849819183349609e+01 2.685492324829101562e+01 -2.933393859863281250e+01 1.083648681640625000e+00 -1.813446044921875000e+00 -6.454775333404541016e+00
1.152927970886230469e+01 2.682533836364746094e+01 -2.946125984191894531e+01 1.165409564971923828e+00 -1.826861381530761719e+00 -6.354046344757080078e+00
1.156400680541992188e+01 2.677234458923339844e+01 -2.963579177856445312e+01 1.295973300933837891e+00 -1.849288702011108398e+00 -6.358289241790771484e+00
1.159154891967773438e+01 2.674353027343750000e+01 -2.974671173095703125e+01 1.451405644416809082e+00 -1.773486137390136719e+00 -6.181936264038085938e+00
1.160246181488037109e+01 2.671498298645019531e+01 -2.986972427368164062e+01 1.260532498359680176e+00 -1.788746595382690430e+00 -5.867046356201171875e+00
1.162435817718505859e+01 2.666524124145507812e+01 -2.998001670837402344e+01 1.138683915138244629e+00 -2.053148269653320312e+00 -5.864236354827880859e+00
1.165351772308349609e+01 2.662919235229492188e+01 -3.009232902526855469e+01 1.066307187080383301e+00 -2.084347009658813477e+00 -5.737679004669189453e+00
1.167918682098388672e+01 2.659945487976074219e+01 -3.020334815979003906e+01 1.183715939521789551e+00 -2.024353027343750000e+00 -5.618013858795166016e+00
1.169868659973144531e+01 2.655894660949707031e+01 -3.031575775146484375e+01 1.204070329666137695e+00 -2.101417303085327148e+00 -5.751369476318359375e+00
1.171863269805908203e+01 2.652896499633789062e+01 -3.043157958984375000e+01 1.262199044227600098e+00 -2.241095542907714844e+00 -5.623896598815917969e+00
1.173886394500732422e+01 2.647857284545898438e+01 -3.053858566284179688e+01 1.194788336753845215e+00 -2.322937488555908203e+00 -5.305283069610595703e+00
1.177027320861816406e+01 2.643789291381835938e+01 -3.063967895507812500e+01 1.157435894012451172e+00 -2.215319633483886719e+00 -5.377843379974365234e+00
1.177791690826416016e+01 2.641009712219238281e+01 -3.074480628967285156e+01 1.161538481712341309e+00 -2.293236494064331055e+00 -5.789254188537597656e+00
1.180276298522949219e+01 2.634173583984375000e+01 -3.084984397888183594e+01 1.085915803909301758e+00 -2.496079444885253906e+00 -5.723294258117675781e+00
1.184082603454589844e+01 2.629386520385742188e+01 -3.096077537536621094e+01 1.144313573837280273e+00 -2.513621091842651367e+00 -5.407488346099853516e+00
1.185164737701416016e+01 2.625118064880371094e+01 -3.105775260925292969e+01 1.168746352195739746e+00 -2.434927701950073242e+00 -5.119345188140869141e+00
1.188593101501464844e+01 2.620170021057128906e+01 -3.116409873962402344e+01 1.030735015869140625e+00 -2.431910037994384766e+00 -4.975797653198242188e+00
1.190752601623535156e+01 2.614171981811523438e+01 -3.125467491149902344e+01 1.118132591247558594e+00 -2.579368591308593750e+00 -5.196110248565673828e+00
1.194666862487792969e+01 2.609226226806640625e+01 -3.136372375488281250e+01 1.215587377548217773e+00 -2.556816577911376953e+00 -5.149405956268310547e+00
1.195278453826904297e+01 2.605498504638671875e+01 -3.145342826843261719e+01 1.181963086128234863e+00 -2.658320188522338867e+00 -5.094726085662841797e+00
1.196783542633056641e+01 2.601771354675292969e+01 -3.154981803894042969e+01 1.050583958625793457e+00 -2.718117713928222656e+00 -4.963584423065185547e+00
1.198585987091064453e+01 2.595717430114746094e+01 -3.163467216491699219e+01 8.401883840560913086e-01 -2.710759401321411133e+00 -4.907076835632324219e+00
1.199636650085449219e+01 2.586726760864257812e+01 -3.177112579345703125e+01 8.797964453697204590e-01 -2.868787288665771484e+00 -4.444521427154541016e+00
1.201598072052001953e+01 2.581280136108398438e+01 -3.184980201721191406e+01 9.450726509094238281e-01 -2.984563589096069336e+00 -4.429656982421875000e+00
1.203927040100097656e+01 2.575862312316894531e+01 -3.193219566345214844e+01 8.772935271263122559e-01 -2.846221446990966797e+00 -4.516618251800537109e+00
1.206186962127685547e+01 2.569032096862792969e+01 -3.201703643798828125e+01 8.941084146499633789e-01 -2.914313077926635742e+00 -4.368324756622314453e+00
1.208996105194091797e+01 2.562830352783203125e+01 -3.209662246704101562e+01 8.932614326477050781e-01 -3.011078834533691406e+00 -4.205570697784423828e+00
1.209710216522216797e+01 2.556546401977539062e+01 -3.217329025268554688e+01 9.400844573974609375e-01 -2.868990659713745117e+00 -4.061320304870605469e+00
1.214161872863769531e+01 2.551286315917968750e+01 -3.225357818603515625e+01 8.742411732673645020e-01 -2.849219322204589844e+00 -3.891187906265258789e+00
1.215102672576904297e+01 2.545459556579589844e+01 -3.232805633544921875e+01 9.560217857360839844e-01 -2.859501361846923828e+00 -3.745147705078125000e+00
1.216969585418701172e+01 2.540479469299316406e+01 -3.238764572143554688e+01 7.941918969154357910e-01 -2.840977430343627930e+00 -3.683644294738769531e+00
1.217231845855712891e+01 2.534942054748535156e+01 -3.246737670898437500e+01 7.716741561889648438e-01 -3.028542518615722656e+00 -3.944026708602905273e+00
1.218492317199707031e+01 2.529111099243164062e+01 -3.253841781616210938e+01 7.198208570480346680e-01 -3.070836067199707031e+00 -3.832062244415283203e+00
1.219933795928955078e+01 2.523149108886718750e+01 -3.260120391845703125e+01 6.349205970764160156e-01 -3.177478790283203125e+00 -3.572258472442626953e+00
1.222179889678955078e+01 2.517631149291992188e+01 -3.267436599731445312e+01 5.676527619361877441e-01 -3.142021179199218750e+00 -3.334662199020385742e+00
1.223519039154052734e+01 2.510839271545410156e+01 -3.272888183593750000e+01 8.374689817428588867e-01 -3.100212574005126953e+00 -3.328284263610839844e+00
1.225803565979003906e+01 2.502137184143066406e+01 -3.279199981689453125e+01 7.970893383026123047e-01 -3.041495323181152344e+00 -3.305903911590576172e+00
1.227820587158203125e+01 2.497507095336914062e+01 -3.286215209960937500e+01 6.791668534278869629e-01 -3.065219163894653320e+00 -3.320457935333251953e+00
1.228565406799316406e+01 2.490505218505859375e+01 -3.293656158447265625e+01 7.704067826271057129e-01 -3.192714214324951172e+00 -3.414397001266479492e+00
1.229993247985839844e+01 2.483576393127441406e+01 -3.298492431640625000e+01 8.120672106742858887e-01 -3.231375694274902344e+00 -3.307824373245239258e+00
1.230929374694824219e+01 2.478239440917968750e+01 -3.305245590209960938e+01 9.548279643058776855e-01 -3.245651006698608398e+00 -3.081042289733886719e+00
1.234161376953125000e+01 2.471293640136718750e+01 -3.311037826538085938e+01 9.042041301727294922e-01 -3.274495124816894531e+00 -2.807135105133056641e+00
1.234422397613525391e+01 2.466761398315429688e+01 -3.316577911376953125e+01 7.620780467987060547e-01 -2.986222505569458008e+00 -2.817916393280029297e+00
1.236859130859375000e+01 2.456861877441406250e+01 -3.324280929565429688e+01 6.764614582061767578e-01 -3.291669368743896484e+00 -2.873024702072143555e+00
1.235595607757568359e+01 2.450093650817871094e+01 -3.329940032958984375e+01 5.157499909400939941e-01 -3.230943918228149414e+00 -2.737394332885742188e+00
1.236765098571777344e+01 2.444131660461425781e+01 -3.334739303588867188e+01 4.180274009704589844e-01 -3.072533369064331055e+00 -2.489180326461791992e+00
1.237976264953613281e+01 2.437616157531738281e+01 -3.340291976928710938e+01 5.753225684165954590e-01 -3.179618358612060547e+00 -2.450209856033325195e+00
1.239810371398925781e+01 2.429405975341796875e+01 -3.345490646362304688e+01 8.236297965049743652e-01 -3.151295661926269531e+00 -2.359842061996459961e+00
1.241452312469482422e+01 2.424604797363281250e+01 -3.350377655029296875e+01 5.950810909271240234e-01 -3.188888072967529297e+00 -2.327313423156738281e+00
1.241812229156494141e+01 2.420817565917968750e+01 -3.353101348876953125e+01 6.568287014961242676e-01 -3.234436273574829102e+00 -2.151568174362182617e+00
1.242494678497314453e+01 2.414338684082031250e+01 -3.357559204101562500e+01 6.560238003730773926e-01 -3.035118579864501953e+00 -1.981899619102478027e+00
1.242833328247070312e+01 2.408039093017578125e+01 -3.361251449584960938e+01 5.096038579940795898e-01 -2.988105297088623047e+00 -1.980159044265747070e+00
1.243787860870361328e+01 2.401620483398437500e+01 -3.365587234497070312e+01 4.771881401538848877e-01 -3.155190467834472656e+00 -1.785966396331787109e+00
1.246232223510742188e+01 2.396488189697265625e+01 -3.369687652587890625e+01 5.963802933692932129e-01 -2.895318269729614258e+00 -1.632809996604919434e+00
1.247997379302978516e+01 2.390657234191894531e+01 -3.372174072265625000e+01 5.536843538284301758e-01 -2.759922504425048828e+00 -1.534868359565734863e+00
1.247475051879882812e+01 2.385224533081054688e+01 -3.374777221679687500e+01 5.163891315460205078e-01 -2.626207351684570312e+00 -1.446123361587524414e+00
1.248031616210937500e+01 2.380333328247070312e+01 -3.377124404907226562e+01 2.064046561717987061e-01 -2.549543142318725586e+00 -1.196774840354919434e+00
1.249874496459960938e+01 2.373480224609375000e+01 -3.379431533813476562e+01 2.379437834024429321e-01 -2.681095361709594727e+00 -1.174711585044860840e+00
1.249763298034667969e+01 2.366877746582031250e+01 -3.381995010375976562e+01 4.081057906150817871e-01 -2.896812438964843750e+00 -9.892197847366333008e-01
1.250676250457763672e+01 2.361683273315429688e+01 -3.382573699951171875e+01 5.424247980117797852e-01 -2.905427694320678711e+00 -7.617949247360229492e-01
1.252496528625488281e+01 2.355953407287597656e+01 -3.383489990234375000e+01 4.013772606849670410e-01 -2.838569641113281250e+00 -5.336875319480895996e-01
1.253607273101806641e+01 2.352520751953125000e+01 -3.385402679443359375e+01 4.312708675861358643e-01 -2.644068241119384766e+00 -6.419727206230163574e-01
1.254598617553710938e+01 2.347809028625488281e+01 -3.386002731323242188e+01 3.891661167144775391e-01 -2.464730978012084961e+00 -3.237380385398864746e-01
1.255500793457031250e+01 2.344410324096679688e+01 -3.385839843750000000e+01 3.200747072696685791e-01 -2.252765655517578125e+00 -5.289379134774208069e-02
1.254567337036132812e+01 2.338083267211914062e+01 -3.385721588134765625e+01 2.378033399581909180e-01 -2.199651479721069336e+00 3.556447625160217285e-01
1.255796432495117188e+01 2.332442665100097656e+01 -3.385508346557617188e+01 2.308520376682281494e-01 -2.220128536224365234e+00 2.481064647436141968e-01
1.256142139434814453e+01 2.327473449707031250e+01 -3.385447311401367188e+01 1.131046637892723083e-01 -2.253165721893310547e+00 5.507106184959411621e-01
1.256564331054687500e+01 2.322960090637207031e+01 -3.383936691284179688e+01 2.044115960597991943e-01 -2.235804796218872070e+00 7.383992671966552734e-01
1.257593345642089844e+01 2.317980957031250000e+01 -3.381778717041015625e+01 2.966144382953643799e-01 -2.273996829986572266e+00 9.472856521606445312e-01
1.258590412139892578e+01 2.313431739807128906e+01 -3.379902267456054688e+01 3.720390796661376953e-01 -2.082736492156982422e+00 1.178025960922241211e+00
1.258883857727050781e+01 2.309983253479003906e+01 -3.378121566772460938e+01 1.437968760728836060e-01 -1.944291591644287109e+00 1.503579616546630859e+00
1.256843566894531250e+01 2.307718658447265625e+01 -3.374547576904296875e+01 2.752663791179656982e-01 -1.884411811828613281e+00 1.629887104034423828e+00
1.258180236816406250e+01 2.303993415832519531e+01 -3.372446060180664062e+01 1.153713613748550415e-01 -1.840537786483764648e+00 1.846841692924499512e+00
1.258508205413818359e+01 2.299152565002441406e+01 -3.367704391479492188e+01 7.581140962429344654e-04 -1.591753602027893066e+00 2.174297332763671875e+00
1.257373046875000000e+01 2.297173309326171875e+01 -3.362966537475585938e+01 -8.450016379356384277e-02 -1.253038167953491211e+00 2.620428800582885742e+00
1.258679389953613281e+01 2.294542884826660156e+01 -3.357866668701171875e+01 -1.826745867729187012e-01 -1.077605009078979492e+00 2.987607479095458984e+00
1.259035682678222656e+01 2.292515182495117188e+01 -3.351393890380859375e+01 -1.158343553543090820e-01 -6.569319963455200195e-01 3.118211269378662109e+00
1.258962535858154297e+01 2.291468811035156250e+01 -3.344654846191406250e+01 -1.757468134164810181e-01 -2.568024396896362305e-01 3.734276533126831055e+00
1.259086990356445312e+01 2.291296386718750000e+01 -3.337009811401367188e+01 -1.382725536823272705e-01 2.107182890176773071e-01 4.462404727935791016e+00
1.257354164123535156e+01 2.293297767639160156e+01 -3.327162551879882812e+01 -3.146818578243255615e-01 9.006343483924865723e-01 5.074978828430175781e+00
1.258738613128662109e+01 2.295913696289062500e+01 -3.317383956909179688e+01 -2.637744247913360596e-01 1.617413282394409180e+00 5.364215850830078125e+00
1.256697463989257812e+01 2.300888633728027344e+01 -3.307139587402343750e+01 -1.054713428020477295e-01 2.616858482360839844e+00 5.871384620666503906e+00
1.257302093505859375e+01 2.306933021545410156e+01 -3.294766998291015625e+01 8.351312577724456787e-02 3.538520574569702148e+00 6.475593090057373047e+00
1.257882404327392578e+01 2.313138008117675781e+01 -3.281324386596679688e+01 3.160461038351058960e-02 4.654271125793457031e+00 6.973682880401611328e+00
1.257014751434326172e+01 2.323408317565917969e+01 -3.266101455688476562e+01 1.508638262748718262e-01 6.497002601623535156e+00 7.323815822601318359e+00
1.260804176330566406e+01 2.348636627197265625e+01 -3.245104217529296875e+01 8.081588745117187500e-01 9.504945755004882812e+00 7.072034358978271484e+00
1.263111209869384766e+01 2.370516586303710938e+01 -3.232133483886718750e+01 1.259539246559143066e+00 1.156108379364013672e+01 6.558081626892089844e+00
1.265976047515869141e+01 2.396000862121582031e+01 -3.219577789306640625e+01 1.753858089447021484e+00 1.338150215148925781e+01 4.935117244720458984e+00
1.269766712188720703e+01 2.426444625854492188e+01 -3.209399795532226562e+01 2.018271923065185547e+00 1.433582115173339844e+01 3.451225757598876953e+00
1.274246311187744141e+01 2.456883811950683594e+01 -3.203670120239257812e+01 2.274822235107421875e+00 1.491773223876953125e+01 2.140556335449218750e+00
1.280688953399658203e+01 2.490351676940917969e+01 -3.200938034057617188e+01 2.633184909820556641e+00 1.503802490234375000e+01 9.082478284835815430e-01
1.285392951965332031e+01 2.523937606811523438e+01 -3.199592018127441406e+01 2.827666282653808594e+00 1.490260791778564453e+01 -5.723611116409301758e-01
1.291441917419433594e+01 2.556352615356445312e+01 -3.201797866821289062e+01 2.751350164413452148e+00 1.451908969879150391e+01 -1.656513333320617676e+00
1.298177433013916016e+01 2.587368583679199219e+01 -3.208815383911132812e+01 2.876358509063720703e+00 1.409416961669921875e+01 -2.550607681274414062e+00
1.304358100891113281e+01 2.617470169067382812e+01 -3.214854049682617188e+01 2.966652393341064453e+00 1.373104572296142578e+01 -3.248376846313476562e+00
1.312058448791503906e+01 2.645988464355468750e+01 -3.223231124877929688e+01 3.199941873550415039e+00 1.317586994171142578e+01 -3.833438158035278320e+00
1.318458843231201172e+01 2.671728706359863281e+01 -3.233039855957031250e+01 3.144654035568237305e+00 1.234530067443847656e+01 -4.567194461822509766e+00
1.322995758056640625e+01 2.695101356506347656e+01 -3.245251083374023438e+01 3.009320020675659180e+00 1.168435096740722656e+01 -5.220689296722412109e+00
1.328667926788330078e+01 2.718033599853515625e+01 -3.256206512451171875e+01 2.865914344787597656e+00 1.106562328338623047e+01 -5.526489734649658203e+00
1.334920787811279297e+01 2.735546684265136719e+01 -3.268692779541015625e+01 2.949306488037109375e+00 1.024134540557861328e+01 -5.920799255371093750e+00
1.340511608123779297e+01 2.755133438110351562e+01 -3.280537414550781250e+01 2.877891063690185547e+00 9.360927581787109375e+00 -6.262949943542480469e+00
1.345880985260009766e+01 2.770911026000976562e+01 -3.292556762695312500e+01 2.805353164672851562e+00 8.569397926330566406e+00 -6.399569034576416016e+00
1.351966571807861328e+01 2.785222244262695312e+01 -3.307440185546875000e+01 2.739348888397216797e+00 7.611525535583496094e+00 -6.614485263824462891e+00
1.356960105895996094e+01 2.797939872741699219e+01 -3.320112991333007812e+01 2.679134368896484375e+00 6.859516143798828125e+00 -6.908969879150390625e+00
1.360576343536376953e+01 2.809855461120605469e+01 -3.335238265991210938e+01 2.599979162216186523e+00 6.271206378936767578e+00 -7.188948154449462891e+00
1.366356754302978516e+01 2.820259094238281250e+01 -3.349551391601562500e+01 2.427776336669921875e+00 5.448241710662841797e+00 -7.320158481597900391e+00
1.371391201019287109e+01 2.834342384338378906e+01 -3.370688629150390625e+01 2.152118682861328125e+00 4.919478893280029297e+00 -7.476181030273437500e+00
1.376119804382324219e+01 2.842794799804687500e+01 -3.385515975952148438e+01 2.159955024719238281e+00 4.458817481994628906e+00 -7.680261611938476562e+00
1.377653884887695312e+01 2.849636840820312500e+01 -3.399398422241210938e+01 2.308221578598022461e+00 3.716491699218750000e+00 -7.577355861663818359e+00
1.380756855010986328e+01 2.854118919372558594e+01 -3.414246368408203125e+01 1.987665414810180664e+00 3.129773378372192383e+00 -7.756323814392089844e+00
1.384091186523437500e+01 2.857660102844238281e+01 -3.430210494995117188e+01 1.878152847290039062e+00 2.793204545974731445e+00 -7.806113719940185547e+00
1.388089370727539062e+01 2.860827445983886719e+01 -3.444276428222656250e+01 1.958942532539367676e+00 2.196816444396972656e+00 -7.680910110473632812e+00
1.393743515014648438e+01 2.862752342224121094e+01 -3.460580444335937500e+01 2.094227552413940430e+00 1.814461231231689453e+00 -7.876030445098876953e+00
1.398837757110595703e+01 2.865805816650390625e+01 -3.475581359863281250e+01 2.160374164581298828e+00 1.542850017547607422e+00 -7.769683837890625000e+00
1.403217315673828125e+01 2.869273757934570312e+01 -3.490295791625976562e+01 2.081731081008911133e+00 1.497222900390625000e+00 -7.718231678009033203e+00
1.407450485229492188e+01 2.873361968994140625e+01 -3.504864883422851562e+01 2.044664859771728516e+00 1.302307724952697754e+00 -7.605338096618652344e+00
1.411256408691406250e+01 2.875905609130859375e+01 -3.520374679565429688e+01 1.845536708831787109e+00 1.072971463203430176e+00 -7.563405036926269531e+00
1.412830543518066406e+01 2.876028251647949219e+01 -3.535027694702148438e+01 1.872721314430236816e+00 4.634809494018554688e-01 -7.779473781585693359e+00
1.417179775238037109e+01 2.876518630981445312e+01 -3.550729751586914062e+01 1.731383681297302246e+00 3.086359202861785889e-01 -7.646901130676269531e+00
1.420237159729003906e+01 2.875428390502929688e+01 -3.566390228271484375e+01 1.835684299468994141e+00 -4.666677489876747131e-02 -7.835977554321289062e+00
1.424501228332519531e+01 2.874826431274414062e+01 -3.581555557250976562e+01 2.057597398757934570e+00 -3.362562060356140137e-01 -7.939067840576171875e+00
1.427788448333740234e+01 2.873782157897949219e+01 -3.596080780029296875e+01 1.948387503623962402e+00 -4.545182585716247559e-01 -7.928516387939453125e+00
1.431296062469482422e+01 2.871903610229492188e+01 -3.612284469604492188e+01 1.578601717948913574e+00 -8.729892969131469727e-01 -7.988709926605224609e+00
1.434123992919921875e+01 2.868077850341796875e+01 -3.626095962524414062e+01 1.624464392662048340e+00 -1.104329228401184082e+00 -7.645448684692382812e+00
1.437311458587646484e+01 2.864653396606445312e+01 -3.641026687622070312e+01 1.759982466697692871e+00 -1.267926812171936035e+00 -7.553463459014892578e+00
1.441618633270263672e+01 2.861578559875488281e+01 -3.656208038330078125e+01 1.836152195930480957e+00 -1.363604187965393066e+00 -7.567331790924072266e+00
1.445410251617431641e+01 2.859332466125488281e+01 -3.670791625976562500e+01 1.710349440574645996e+00 -1.338107347488403320e+00 -7.475573062896728516e+00
1.448119735717773438e+01 2.854168128967285156e+01 -3.691886520385742188e+01 1.505691289901733398e+00 -1.916089177131652832e+00 -7.662451744079589844e+00
1.450432395935058594e+01 2.850254631042480469e+01 -3.704762649536132812e+01 1.229548454284667969e+00 -2.076020956039428711e+00 -7.106162071228027344e+00
1.452961349487304688e+01 2.844746971130371094e+01 -3.717987060546875000e+01 1.280755400657653809e+00 -2.130904197692871094e+00 -6.886268138885498047e+00
1.456670665740966797e+01 2.840112304687500000e+01 -3.731241989135742188e+01 1.484229803085327148e+00 -2.249400377273559570e+00 -6.893485546112060547e+00
1.460609054565429688e+01 2.834068298339843750e+01 -3.743598937988281250e+01 1.621586203575134277e+00 -2.385802030563354492e+00 -6.844201564788818359e+00
1.463488769531250000e+01 2.830349731445312500e+01 -3.756801986694335938e+01 1.637169361114501953e+00 -2.360503435134887695e+00 -6.723593235015869141e+00
1.465573120117187500e+01 2.826608085632324219e+01 -3.768939208984375000e+01 1.418312430381774902e+00 -2.133735179901123047e+00 -6.520999431610107422e+00
1.467121028900146484e+01 2.821092033386230469e+01 -3.781875610351562500e+01 1.311172366142272949e+00 -2.039300918579101562e+00 -6.484492301940917969e+00
1.469501972198486328e+01 2.817614364624023438e+01 -3.793730545043945312e+01 1.255581021308898926e+00 -2.142657041549682617e+00 -6.647754669189453125e+00
1.470644569396972656e+01 2.811137580871582031e+01 -3.805562973022460938e+01 1.188515663146972656e+00 -2.456336975097656250e+00 -6.517513275146484375e+00
1.473307037353515625e+01 2.806672859191894531e+01 -3.816899490356445312e+01 1.171113252639770508e+00 -2.592602729797363281e+00 -6.609096527099609375e+00
1.475758838653564453e+01 2.800582313537597656e+01 -3.828715133666992188e+01 1.173562049865722656e+00 -2.564281940460205078e+00 -6.522745132446289062e+00
1.476486396789550781e+01 2.795758247375488281e+01 -3.840218734741210938e+01 1.022242546081542969e+00 -2.685573577880859375e+00 -6.348316192626953125e+00
1.479150962829589844e+01 2.790184020996093750e+01 -3.852489471435546875e+01 1.214187622070312500e+00 -2.631290435791015625e+00 -6.308540821075439453e+00
1.482315063476562500e+01 2.784429168701171875e+01 -3.864468002319335938e+01 1.310475707054138184e+00 -2.589289665222167969e+00 -6.083496093750000000e+00
1.483731937408447266e+01 2.777746009826660156e+01 -3.874829864501953125e+01 1.308137416839599609e+00 -2.581785202026367188e+00 -6.108192443847656250e+00
1.487583065032958984e+01 2.773267555236816406e+01 -3.887862396240234375e+01 1.380748987197875977e+00 -2.406213760375976562e+00 -6.372184753417968750e+00
1.490904426574707031e+01 2.767299079895019531e+01 -3.898920822143554688e+01 1.383165359497070312e+00 -2.315458059310913086e+00 -6.199655055999755859e+00
1.492428207397460938e+01 2.763879394531250000e+01 -3.910533523559570312e+01 1.170347332954406738e+00 -2.171666860580444336e+00 -6.268457889556884766e+00
1.494734859466552734e+01 2.760224533081054688e+01 -3.923593521118164062e+01 1.053766608238220215e+00 -2.150336980819702148e+00 -6.147328853607177734e+00
1.497788047790527344e+01 2.753148651123046875e+01 -3.940782546997070312e+01 1.180061459541320801e+00 -2.457196474075317383e+00 -6.181575775146484375e+00
1.500524139404296875e+01 2.749598693847656250e+01 -3.952799987792968750e+01 1.290681481361389160e+00 -2.397769927978515625e+00 -6.288722991943359375e+00
1.500631904602050781e+01 2.745676994323730469e+01 -3.964157485961914062e+01 1.099498987197875977e+00 -2.471461772918701172e+00 -6.185324668884277344e+00
1.503100681304931641e+01 2.740698814392089844e+01 -3.976695632934570312e+01 1.101894617080688477e+00 -2.512028694152832031e+00 -6.144701957702636719e+00
1.505950546264648438e+01 2.734196281433105469e+01 -3.988751983642578125e+01 1.197188496589660645e+00 -2.335734844207763672e+00 -6.075420856475830078e+00
1.509675025939941406e+01 2.731410408020019531e+01 -4.000095748901367188e+01 1.145506143569946289e+00 -2.463485002517700195e+00 -5.844139099121093750e+00
1.508813953399658203e+01 2.725388336181640625e+01 -4.013161849975585938e+01 1.253344178199768066e+00 -2.482594966888427734e+00 -6.113280773162841797e+00
1.512677001953125000e+01 2.721109390258789062e+01 -4.024001312255859375e+01 1.240910291671752930e+00 -2.485991239547729492e+00 -6.026508331298828125e+00
1.514466190338134766e+01 2.716778755187988281e+01 -4.037271881103515625e+01 1.232442855834960938e+00 -2.717707633972167969e+00 -5.966941356658935547e+00
1.515882205963134766e+01 2.709871292114257812e+01 -4.049841690063476562e+01 1.256844520568847656e+00 -2.636833906173706055e+00 -6.069091796875000000e+00
1.517383384704589844e+01 2.705057334899902344e+01 -4.061402130126953125e+01 9.709122180938720703e-01 -2.718958616256713867e+00 -5.832521915435791016e+00
1.520907211303710938e+01 2.696711158752441406e+01 -4.072351837158203125e+01 1.111834526062011719e+00 -3.125823259353637695e+00 -5.634537696838378906e+00
1.522934150695800781e+01 2.691094970703125000e+01 -4.082626724243164062e+01 1.216932773590087891e+00 -3.249453067779541016e+00 -5.820734024047851562e+00
1.527064800262451172e+01 2.683546638488769531e+01 -4.095291137695312500e+01 1.349981665611267090e+00 -3.124204397201538086e+00 -5.871217727661132812e+00
1.531723022460937500e+01 2.678063774108886719e+01 -4.106757736206054688e+01 1.499930858612060547e+00 -3.008504152297973633e+00 -5.779472351074218750e+00
1.532350063323974609e+01 2.671740913391113281e+01 -4.116844177246093750e+01 1.546528458595275879e+00 -3.046895265579223633e+00 -5.774196147918701172e+00
1.536208343505859375e+01 2.665844154357910156e+01 -4.127432632446289062e+01 1.320046424865722656e+00 -3.090406417846679688e+00 -5.610551834106445312e+00
1.538565635681152344e+01 2.660769462585449219e+01 -4.138777923583984375e+01 1.263299345970153809e+00 -3.134938478469848633e+00 -5.673351764678955078e+00
1.540609836578369141e+01 2.654142761230468750e+01 -4.149941253662109375e+01 9.345007538795471191e-01 -3.240564823150634766e+00 -5.704057693481445312e+00
1.542002868652343750e+01 2.648689651489257812e+01 -4.160420227050781250e+01 8.070687055587768555e-01 -3.341773748397827148e+00 -5.752489089965820312e+00
1.543213939666748047e+01 2.643248558044433594e+01 -4.171326446533203125e+01 7.015301585197448730e-01 -3.425777912139892578e+00 -5.668592929840087891e+00
1.543274497985839844e+01 2.631383514404296875e+01 -4.188763427734375000e+01 5.294988751411437988e-01 -3.968841552734375000e+00 -5.591769695281982422e+00
1.543863677978515625e+01 2.623894691467285156e+01 -4.200050735473632812e+01 5.540251135826110840e-01 -4.251430988311767578e+00 -5.536323547363281250e+00
1.544913196563720703e+01 2.612277603149414062e+01 -4.210957336425781250e+01 7.352494001388549805e-01 -4.531899452209472656e+00 -5.715469360351562500e+00
1.545719814300537109e+01 2.601944351196289062e+01 -4.222050857543945312e+01 9.735141396522521973e-01 -4.738945484161376953e+00 -5.635818481445312500e+00
1.550311851501464844e+01 2.593378448486328125e+01 -4.233863830566406250e+01 9.206014275550842285e-01 -4.861327171325683594e+00 -5.444490432739257812e+00
1.553590583801269531e+01 2.582513999938964844e+01 -4.244156646728515625e+01 1.158303737640380859e+00 -5.123442649841308594e+00 -5.512435436248779297e+00
1.558588695526123047e+01 2.575639533996582031e+01 -4.254568481445312500e+01 1.258918523788452148e+00 -4.999510288238525391e+00 -5.500219345092773438e+00
1.560537910461425781e+01 2.567614555358886719e+01 -4.264392852783203125e+01 1.126251339912414551e+00 -5.263795375823974609e+00 -5.134321689605712891e+00
1.561897754669189453e+01 2.557457351684570312e+01 -4.274455261230468750e+01 7.282729744911193848e-01 -5.626466274261474609e+00 -4.624055862426757812e+00
1.561683273315429688e+01 2.547664260864257812e+01 -4.283659744262695312e+01 3.376134932041168213e-01 -6.082129955291748047e+00 -4.148783683776855469e+00
1.560221576690673828e+01 2.534913253784179688e+01 -4.291900253295898438e+01 4.296492040157318115e-01 -6.720921039581298828e+00 -3.840725660324096680e+00
1.558751583099365234e+01 2.520060920715332031e+01 -4.299354934692382812e+01 -4.876046255230903625e-02 -7.147373676300048828e+00 -2.795012712478637695e+00
1.557599258422851562e+01 2.505217742919921875e+01 -4.302907562255859375e+01 -5.196736454963684082e-01 -7.575573444366455078e+00 -1.570560812950134277e+00
1.556543731689453125e+01 2.486693763732910156e+01 -4.303412628173828125e+01 -4.768330752849578857e-01 -7.384521007537841797e+00 2.492083609104156494e-01
1.553452014923095703e+01 2.470101165771484375e+01 -4.300130462646484375e+01 -8.609874546527862549e-02 -6.581664085388183594e+00 1.292496085166931152e+00
1.556375312805175781e+01 2.457362365722656250e+01 -4.296089553833007812e+01 -2.279568836092948914e-02 -5.663829803466796875e+00 1.631141424179077148e+00
1.556529712677001953e+01 2.445533943176269531e+01 -4.290748596191406250e+01 2.352436631917953491e-02 -4.293636322021484375e+00 1.481687068939208984e+00
1.557272148132324219e+01 2.438556480407714844e+01 -4.283496475219726562e+01 1.245971620082855225e-01 -3.114783048629760742e+00 1.436586499214172363e+00
1.557705307006835938e+01 2.434339523315429688e+01 -4.277499008178710938e+01 2.811453938484191895e-01 -2.303194761276245117e+00 1.303171396255493164e+00
1.558511543273925781e+01 2.432415199279785156e+01 -4.272589111328125000e+01 2.432886511087417603e-01 -1.609797596931457520e+00 1.097282886505126953e+00
1.556406784057617188e+01 2.431929016113281250e+01 -4.268452835083007812e+01 2.309037297964096069e-01 -1.193348884582519531e+00 1.039507746696472168e+00
1.554281997680664062e+01 2.428740692138671875e+01 -4.263575363159179688e+01 1.331325918436050415e-01 -1.049521803855895996e+00 4.115169644355773926e-01
1.555422687530517578e+01 2.428209877014160156e+01 -4.264218902587890625e+01 2.483024299144744873e-01 -7.550152540206909180e-01 -1.992061287164688110e-01
1.556306552886962891e+01 2.427585411071777344e+01 -4.264449310302734375e+01 4.067134559154510498e-01 -4.381480813026428223e-01 -7.862402796745300293e-01
1.558348560333251953e+01 2.425797653198242188e+01 -4.266316604614257812e+01 7.107204198837280273e-01 -1.080649048089981079e-01 -1.152480721473693848e+00
1.561775112152099609e+01 2.427501106262207031e+01 -4.270105743408203125e+01 6.682577133178710938e-01 2.839698791503906250e-01 -1.820237159729003906e+00
1.564223384857177734e+01 2.427230834960937500e+01 -4.275162887573242188e+01 9.986569285392761230e-01 2.307061702013015747e-01 -2.385665655136108398e+00
1.567328262329101562e+01 2.429507827758789062e+01 -4.281362533569335938e+01 1.193931579589843750e+00 2.394403219223022461e-01 -2.775736570358276367e+00
1.570772933959960938e+01 2.430696678161621094e+01 -4.289100646972656250e+01 1.340582966804504395e+00 4.899390041828155518e-01 -3.167467832565307617e+00
1.573792552947998047e+01 2.433341979980468750e+01 -4.296852874755859375e+01 1.396076440811157227e+00 5.668207406997680664e-01 -3.565271854400634766e+00
1.577398681640625000e+01 2.435516357421875000e+01 -4.306510162353515625e+01 1.457738518714904785e+00 7.632907032966613770e-01 -3.867984056472778320e+00
1.580619716644287109e+01 2.436681175231933594e+01 -4.316130828857421875e+01 1.386218667030334473e+00 8.819976449012756348e-01 -4.233662128448486328e+00
1.582035350799560547e+01 2.438212776184082031e+01 -4.326448822021484375e+01 1.545287609100341797e+00 6.975294947624206543e-01 -4.883693218231201172e+00
1.584297752380371094e+01 2.439039421081542969e+01 -4.338410949707031250e+01 1.519493937492370605e+00 7.784772515296936035e-01 -4.981418132781982422e+00
1.590017127990722656e+01 2.441329956054687500e+01 -4.349907302856445312e+01 1.557845115661621094e+00 7.782366871833801270e-01 -5.296747684478759766e+00
1.592309188842773438e+01 2.442623901367187500e+01 -4.362967681884765625e+01 1.677318692207336426e+00 9.272713065147399902e-01 -5.530816555023193359e+00
1.595403671264648438e+01 2.443274307250976562e+01 -4.374087905883789062e+01 1.760054945945739746e+00 1.066173315048217773e+00 -5.653607368469238281e+00
1.600113296508789062e+01 2.447138023376464844e+01 -4.387200927734375000e+01 1.762154579162597656e+00 1.286122918128967285e+00 -6.250520229339599609e+00
1.602934265136718750e+01 2.449790954589843750e+01 -4.400368118286132812e+01 1.535580515861511230e+00 1.118168473243713379e+00 -6.570053100585937500e+00
1.606175804138183594e+01 2.452156066894531250e+01 -4.414219284057617188e+01 1.558851718902587891e+00 1.299180388450622559e+00 -6.788393974304199219e+00
1.611027526855468750e+01 2.455031967163085938e+01 -4.427410125732421875e+01 1.808247566223144531e+00 1.353816032409667969e+00 -6.890851020812988281e+00
1.611964225769042969e+01 2.457515907287597656e+01 -4.442833328247070312e+01 1.728643655776977539e+00 1.369547843933105469e+00 -7.124046802520751953e+00
1.618049621582031250e+01 2.460948371887207031e+01 -4.465711593627929688e+01 1.767487883567810059e+00 8.922151327133178711e-01 -7.477993488311767578e+00
1.620588684082031250e+01 2.463293838500976562e+01 -4.479965209960937500e+01 1.686792850494384766e+00 8.142832517623901367e-01 -7.564165592193603516e+00
1.623839950561523438e+01 2.464007568359375000e+01 -4.495717239379882812e+01 1.569488167762756348e+00 6.942529678344726562e-01 -7.655053615570068359e+00
1.626501655578613281e+01 2.464204406738281250e+01 -4.511410140991210938e+01 1.612205743789672852e+00 4.503206014633178711e-01 -8.025012016296386719e+00
1.630424118041992188e+01 2.464827346801757812e+01 -4.527182388305664062e+01 1.643120884895324707e+00 2.401201128959655762e-01 -8.013178825378417969e+00
1.632871818542480469e+01 2.463176345825195312e+01 -4.544547653198242188e+01 1.880693435668945312e+00 6.756197661161422729e-02 -8.056541442871093750e+00
1.637605667114257812e+01 2.463788795471191406e+01 -4.560152816772460938e+01 1.980737686157226562e+00 1.771809067577123642e-03 -8.191654205322265625e+00
1.642318916320800781e+01 2.461590576171875000e+01 -4.575268173217773438e+01 1.901756286621093750e+00 -1.637488901615142822e-01 -8.060480117797851562e+00
1.646492767333984375e+01 2.460902023315429688e+01 -4.592838287353515625e+01 2.162588357925415039e+00 -2.825854122638702393e-01 -8.209264755249023438e+00
1.651518821716308594e+01 2.459160804748535156e+01 -4.609231567382812500e+01 2.229765415191650391e+00 -6.845113635063171387e-02 -8.257182121276855469e+00
1.655672836303710938e+01 2.459131622314453125e+01 -4.624174499511718750e+01 2.173065900802612305e+00 6.194556504487991333e-02 -8.243947029113769531e+00
1.660700607299804688e+01 2.457460594177246094e+01 -4.640384674072265625e+01 2.126375198364257812e+00 -2.193165719509124756e-01 -8.101619720458984375e+00
1.664535713195800781e+01 2.456943130493164062e+01 -4.657246398925781250e+01 1.856003522872924805e+00 -3.184585273265838623e-01 -8.062237739562988281e+00
1.667903327941894531e+01 2.456497955322265625e+01 -4.672715377807617188e+01 1.677253484725952148e+00 -2.293139398097991943e-01 -7.946597576141357422e+00
1.671076011657714844e+01 2.455531883239746094e+01 -4.689190292358398438e+01 1.703918457031250000e+00 -2.939756214618682861e-01 -8.092610359191894531e+00
1.674373245239257812e+01 2.454922103881835938e+01 -4.704362106323242188e+01 1.798572182655334473e+00 -4.659755527973175049e-01 -8.158857345581054688e+00
1.677584266662597656e+01 2.453313827514648438e+01 -4.720682525634765625e+01 1.695369601249694824e+00 -3.271212875843048096e-01 -8.104669570922851562e+00
1.680691909790039062e+01 2.452150154113769531e+01 -4.736091613769531250e+01 1.513457417488098145e+00 -5.100864768028259277e-01 -8.086449623107910156e+00
1.682711982727050781e+01 2.450555992126464844e+01 -4.753160476684570312e+01 1.485881924629211426e+00 -5.683755278587341309e-01 -7.878244400024414062e+00
1.685134696960449219e+01 2.447847747802734375e+01 -4.768070983886718750e+01 1.363257527351379395e+00 -8.792340159416198730e-01 -7.741523742675781250e+00
1.686135482788085938e+01 2.445895004272460938e+01 -4.782719802856445312e+01 1.362367272377014160e+00 -9.755163788795471191e-01 -7.753534793853759766e+00
1.690999412536621094e+01 2.441602706909179688e+01 -4.804850769042968750e+01 1.404060482978820801e+00 -1.043323755264282227e+00 -7.726125717163085938e+00
1.694186019897460938e+01 2.438413429260253906e+01 -4.819220352172851562e+01 1.626952886581420898e+00 -1.035758972167968750e+00 -7.631984710693359375e+00
1.699267005920410156e+01 2.436911582946777344e+01 -4.834354400634765625e+01 1.895673036575317383e+00 -1.056421160697937012e+00 -7.323016166687011719e+00
1.702088928222656250e+01 2.434559631347656250e+01 -4.848801422119140625e+01 1.981986403465270996e+00 -9.446678161621093750e-01 -7.274056434631347656e+00
1.707785415649414062e+01 2.433324241638183594e+01 -4.861564254760742188e+01 2.036870241165161133e+00 -7.355018258094787598e-01 -7.371367454528808594e+00
1.710870552062988281e+01 2.432881546020507812e+01 -4.876656723022460938e+01 1.989730834960937500e+00 -4.716812670230865479e-01 -7.366065502166748047e+00
1.716176605224609375e+01 2.432782554626464844e+01 -4.888891601562500000e+01 1.872040867805480957e+00 -2.634557485580444336e-01 -7.314563751220703125e+00
1.719052696228027344e+01 2.432431221008300781e+01 -4.904112243652343750e+01 2.000106096267700195e+00 -1.283592432737350464e-01 -7.411567687988281250e+00
1.721856498718261719e+01 2.434203338623046875e+01 -4.918422317504882812e+01 1.941105008125305176e+00 -7.259688526391983032e-02 -7.487980842590332031e+00
1.724282073974609375e+01 2.434115409851074219e+01 -4.933489227294921875e+01 1.775546431541442871e+00 4.279496148228645325e-02 -7.419100284576416016e+00
1.727220535278320312e+01 2.435141754150390625e+01 -4.946312713623046875e+01 1.843432903289794922e+00 -8.073105476796627045e-03 -7.236469268798828125e+00
1.730173683166503906e+01 2.434788131713867188e+01 -4.962260818481445312e+01 1.787187218666076660e+00 -1.242915987968444824e-01 -7.602680683135986328e+00
1.732486152648925781e+01 2.435625648498535156e+01 -4.976676177978515625e+01 1.692595243453979492e+00 -1.247052177786827087e-01 -7.801630020141601562e+00
1.734697723388671875e+01 2.434888648986816406e+01 -4.992440414428710938e+01 1.763597130775451660e+00 -8.968894928693771362e-02 -8.066900253295898438e+00
1.739169120788574219e+01 2.433424758911132812e+01 -5.009678268432617188e+01 2.025041580200195312e+00 2.160370796918869019e-01 -8.175630569458007812e+00
1.744393539428710938e+01 2.434379196166992188e+01 -5.025876617431640625e+01 2.406925439834594727e+00 3.209650516510009766e-01 -8.446814537048339844e+00
1.749732017517089844e+01 2.434800529479980469e+01 -5.041929244995117188e+01 2.718284845352172852e+00 5.216320753097534180e-01 -8.622522354125976562e+00
1.755582237243652344e+01 2.436872291564941406e+01 -5.059512329101562500e+01 2.714050292968750000e+00 9.556449651718139648e-01 -8.809781074523925781e+00
1.761993598937988281e+01 2.440064620971679688e+01 -5.077007675170898438e+01 2.806319236755371094e+00 1.247453451156616211e+00 -9.351227760314941406e+00
1.767642021179199219e+01 2.444298362731933594e+01 -5.095660400390625000e+01 2.575550794601440430e+00 1.264950633049011230e+00 -9.711884498596191406e+00
1.772529792785644531e+01 2.447854995727539062e+01 -5.115970230102539062e+01 2.269685029983520508e+00 1.092040657997131348e+00 -1.014333724975585938e+01
1.776692199707031250e+01 2.452245521545410156e+01 -5.147258377075195312e+01 1.909417629241943359e+00 6.198668479919433594e-02 -1.067680454254150391e+01
1.778874397277832031e+01 2.452566146850585938e+01 -5.169812011718750000e+01 1.718281745910644531e+00 -8.388856053352355957e-01 -1.074272727966308594e+01
1.781230735778808594e+01 2.449225234985351562e+01 -5.190792083740234375e+01 1.329754829406738281e+00 -1.604976654052734375e+00 -1.044099235534667969e+01
1.782171249389648438e+01 2.443593215942382812e+01 -5.213196563720703125e+01 1.354986190795898438e+00 -2.313369274139404297e+00 -9.813560485839843750e+00
1.784258270263671875e+01 2.435504913330078125e+01 -5.232017898559570312e+01 1.317717194557189941e+00 -2.822900056838989258e+00 -9.353525161743164062e+00
1.788407707214355469e+01 2.428475761413574219e+01 -5.251462173461914062e+01 1.429513335227966309e+00 -2.854516029357910156e+00 -8.881510734558105469e+00
1.792555046081542969e+01 2.418600273132324219e+01 -5.268459320068359375e+01 1.596536397933959961e+00 -2.913261413574218750e+00 -8.478421211242675781e+00
1.796439933776855469e+01 2.409823036193847656e+01 -5.284483718872070312e+01 1.970290541648864746e+00 -2.812366247177124023e+00 -8.298506736755371094e+00
1.802070617675781250e+01 2.403933334350585938e+01 -5.301126098632812500e+01 2.142832040786743164e+00 -2.656597375869750977e+00 -8.131834983825683594e+00
1.806375122070312500e+01 2.398294830322265625e+01 -5.315500259399414062e+01 2.084015130996704102e+00 -2.446579694747924805e+00 -7.615797042846679688e+00
1.810642051696777344e+01 2.393865585327148438e+01 -5.329812240600585938e+01 2.058544158935546875e+00 -2.203781127929687500e+00 -7.206305503845214844e+00
1.814827537536621094e+01 2.390730476379394531e+01 -5.342987442016601562e+01 1.739227890968322754e+00 -2.004417896270751953e+00 -7.119703292846679688e+00
1.816880798339843750e+01 2.389433670043945312e+01 -5.356399154663085938e+01 1.361235380172729492e+00 -1.627636194229125977e+00 -6.734701633453369141e+00
1.820398902893066406e+01 2.386344909667968750e+01 -5.369506835937500000e+01 1.215854406356811523e+00 -1.332581400871276855e+00 -6.588812828063964844e+00
1.820516014099121094e+01 2.385923385620117188e+01 -5.380899429321289062e+01 1.023128509521484375e+00 -1.512722015380859375e+00 -6.191978454589843750e+00
1.821080207824707031e+01 2.383026885986328125e+01 -5.390780639648437500e+01 1.088969707489013672e+00 -1.485367894172668457e+00 -5.925574779510498047e+00
1.822870635986328125e+01 2.380873680114746094e+01 -5.403088378906250000e+01 1.025685906410217285e+00 -1.497070431709289551e+00 -5.622706890106201172e+00
1.824231910705566406e+01 2.377083778381347656e+01 -5.412224197387695312e+01 1.189445376396179199e+00 -1.529417753219604492e+00 -5.587105751037597656e+00
1.825729751586914062e+01 2.374949836730957031e+01 -5.423381423950195312e+01 1.204450845718383789e+00 -1.421965956687927246e+00 -5.493288040161132812e+00
1.829049491882324219e+01 2.372016334533691406e+01 -5.433336257934570312e+01 1.136814713478088379e+00 -1.283898591995239258e+00 -5.114796161651611328e+00
1.834486579895019531e+01 2.367651176452636719e+01 -5.447493362426757812e+01 1.350923418998718262e+00 -1.215451121330261230e+00 -4.826014995574951172e+00
1.837620735168457031e+01 2.365527534484863281e+01 -5.456864547729492188e+01 1.473131656646728516e+00 -1.067389965057373047e+00 -4.562762260437011719e+00
1.840406227111816406e+01 2.364273071289062500e+01 -5.464694595336914062e+01 1.441270232200622559e+00 -1.028367638587951660e+00 -4.421463966369628906e+00
1.843995094299316406e+01 2.363581466674804688e+01 -5.473370361328125000e+01 1.508251667022705078e+00 -8.344103693962097168e-01 -4.188847064971923828e+00
1.848041915893554688e+01 2.362628364562988281e+01 -5.481081008911132812e+01 1.451871871948242188e+00 -8.768419027328491211e-01 -3.975963830947875977e+00
1.850298118591308594e+01 2.361679077148437500e+01 -5.488719177246093750e+01 1.254071474075317383e+00 -6.750816702842712402e-01 -3.944492578506469727e+00
1.854334259033203125e+01 2.362030982971191406e+01 -5.496764373779296875e+01 1.239093899726867676e+00 -3.047853708267211914e-01 -3.706780433654785156e+00
1.856132125854492188e+01 2.360274505615234375e+01 -5.504860687255859375e+01 1.162043571472167969e+00 -2.042271941900253296e-01 -3.594170570373535156e+00
1.857078170776367188e+01 2.360194587707519531e+01 -5.511526870727539062e+01 1.090179324150085449e+00 -2.478976696729660034e-01 -3.549540996551513672e+00
1.858938217163085938e+01 2.359158897399902344e+01 -5.518862915039062500e+01 9.902703166007995605e-01 -4.124967455863952637e-01 -3.804099559783935547e+00
1.859694099426269531e+01 2.357579803466796875e+01 -5.525879287719726562e+01 1.088266372680664062e+00 -5.820015668869018555e-01 -3.710406780242919922e+00
1.862931823730468750e+01 2.355669403076171875e+01 -5.533847045898437500e+01 1.031404614448547363e+00 -6.422070264816284180e-01 -3.511661767959594727e+00
1.863603019714355469e+01 2.354832077026367188e+01 -5.539280319213867188e+01 1.034933447837829590e+00 -6.051957011222839355e-01 -3.450539827346801758e+00
1.866896820068359375e+01 2.353720855712890625e+01 -5.546752166748046875e+01 9.949362874031066895e-01 -5.545524954795837402e-01 -3.324178695678710938e+00
1.869757843017578125e+01 2.351929473876953125e+01 -5.553037643432617188e+01 9.795761704444885254e-01 -3.684750497341156006e-01 -3.318642139434814453e+00
1.871531105041503906e+01 2.351971054077148438e+01 -5.558253479003906250e+01 1.118672132492065430e+00 -1.994597315788269043e-01 -3.108033657073974609e+00
1.874371719360351562e+01 2.350489044189453125e+01 -5.565702819824218750e+01 1.074415564537048340e+00 -1.283414214849472046e-01 -3.071568489074707031e+00
1.875718879699707031e+01 2.351036834716796875e+01 -5.571414947509765625e+01 1.171735405921936035e+00 1.592645347118377686e-01 -2.947478055953979492e+00
1.878374099731445312e+01 2.352079963684082031e+01 -5.577835083007812500e+01 1.097221016883850098e+00 1.165396273136138916e-01 -3.100811958312988281e+00
1.880604934692382812e+01 2.351216888427734375e+01 -5.582923889160156250e+01 9.400495886802673340e-01 2.175810039043426514e-01 -3.032741308212280273e+00
1.883014106750488281e+01 2.354280662536621094e+01 -5.588192749023437500e+01 8.512646555900573730e-01 5.927234888076782227e-01 -2.884210348129272461e+00
1.885463905334472656e+01 2.357304000854492188e+01 -5.596955490112304688e+01 1.031023502349853516e+00 6.732434034347534180e-01 -2.917802572250366211e+00
1.887419128417968750e+01 2.359801864624023438e+01 -5.603023529052734375e+01 1.051530718803405762e+00 9.989317059516906738e-01 -2.910281181335449219e+00
1.889452552795410156e+01 2.363185691833496094e+01 -5.607762145996093750e+01 1.171593427658081055e+00 1.258477687835693359e+00 -3.069219112396240234e+00
1.892398834228515625e+01 2.367254257202148438e+01 -5.614456558227539062e+01 9.412981867790222168e-01 1.278879880905151367e+00 -3.178158998489379883e+00
1.892099189758300781e+01 2.370140266418457031e+01 -5.621704483032226562e+01 8.570278882980346680e-01 1.153641700744628906e+00 -3.368738651275634766e+00
1.894196128845214844e+01 2.372065544128417969e+01 -5.628046035766601562e+01 9.770753979682922363e-01 1.303949713706970215e+00 -3.503168582916259766e+00
1.895691299438476562e+01 2.375699996948242188e+01 -5.635420989990234375e+01 1.095730662345886230e+00 1.241316437721252441e+00 -3.568075418472290039e+00
1.897759437561035156e+01 2.377427101135253906e+01 -5.642726898193359375e+01 1.057648301124572754e+00 1.001424908638000488e+00 -3.505800724029541016e+00
1.901808547973632812e+01 2.379017448425292969e+01 -5.650761032104492188e+01 1.502702474594116211e+00 9.009869098663330078e-01 -3.802318572998046875e+00
1.904128265380859375e+01 2.380417442321777344e+01 -5.657851791381835938e+01 1.699620008468627930e+00 9.689945578575134277e-01 -3.916222810745239258e+00
1.909480285644531250e+01 2.382897186279296875e+01 -5.665777969360351562e+01 1.792831182479858398e+00 1.075922131538391113e+00 -4.265633106231689453e+00
1.912502861022949219e+01 2.385334396362304688e+01 -5.673797988891601562e+01 1.710917234420776367e+00 1.168819785118103027e+00 -4.458975791931152344e+00
1.917681312561035156e+01 2.386825370788574219e+01 -5.683491516113281250e+01 1.877798080444335938e+00 1.299990415573120117e+00 -4.311171531677246094e+00
1.922247505187988281e+01 2.389168739318847656e+01 -5.692269897460937500e+01 2.053427219390869141e+00 1.408251881599426270e+00 -4.409273624420166016e+00
1.926432228088378906e+01 2.392984199523925781e+01 -5.701522827148437500e+01 2.138377666473388672e+00 1.211964726448059082e+00 -4.576125144958496094e+00
1.929779052734375000e+01 2.395844841003417969e+01 -5.709205627441406250e+01 1.938969254493713379e+00 1.357068777084350586e+00 -4.444951534271240234e+00
1.932627105712890625e+01 2.399216079711914062e+01 -5.718696594238281250e+01 1.745215058326721191e+00 1.444393515586853027e+00 -4.512350559234619141e+00
1.937118721008300781e+01 2.402467918395996094e+01 -5.728020477294921875e+01 1.545948028564453125e+00 1.585136055946350098e+00 -4.889482021331787109e+00
1.939076423645019531e+01 2.406483650207519531e+01 -5.738004302978515625e+01 1.385902166366577148e+00 1.526780009269714355e+00 -4.985790729522705078e+00
1.942335510253906250e+01 2.409720993041992188e+01 -5.748052597045898438e+01 1.361269712448120117e+00 1.507863283157348633e+00 -4.898647308349609375e+00
1.943525695800781250e+01 2.413061523437500000e+01 -5.757108688354492188e+01 1.344593167304992676e+00 1.396390557289123535e+00 -4.780735015869140625e+00
1.946348762512207031e+01 2.416477775573730469e+01 -5.771070098876953125e+01 1.140126585960388184e+00 1.718235254287719727e+00 -4.986257553100585938e+00
1.947769927978515625e+01 2.420772361755371094e+01 -5.781662750244140625e+01 1.175897598266601562e+00 1.785632014274597168e+00 -5.332882881164550781e+00
1.949999427795410156e+01 2.421997833251953125e+01 -5.792791748046875000e+01 1.199971199035644531e+00 1.472721099853515625e+00 -5.724731922149658203e+00
1.953100967407226562e+01 2.423825645446777344e+01 -5.805194091796875000e+01 1.293568015098571777e+00 1.298533201217651367e+00 -6.216623306274414062e+00
1.954954719543457031e+01 2.427303886413574219e+01 -5.817794799804687500e+01 1.215962052345275879e+00 9.943283796310424805e-01 -6.267256736755371094e+00
1.956316566467285156e+01 2.429776000976562500e+01 -5.830562973022460938e+01 1.306475400924682617e+00 4.593718647956848145e-01 -6.481918334960937500e+00
1.959695816040039062e+01 2.431844139099121094e+01 -5.844186782836914062e+01 1.527648210525512695e+00 1.922454088926315308e-01 -6.494997978210449219e+00
1.961758995056152344e+01 2.431315803527832031e+01 -5.856954574584960938e+01 1.676410317420959473e+00 2.990173362195491791e-02 -6.421446323394775391e+00
1.965630531311035156e+01 2.431564521789550781e+01 -5.870515060424804688e+01 1.631338953971862793e+00 -2.670031785964965820e-01 -6.685864448547363281e+00
1.969537162780761719e+01 2.430156517028808594e+01 -5.884848403930664062e+01 1.540675401687622070e+00 -4.400253295898437500e-01 -6.548554420471191406e+00
1.973505592346191406e+01 2.428794670104980469e+01 -5.897773361206054688e+01 1.537388682365417480e+00 -6.367856264114379883e-01 -6.418060779571533203e+00
