1.101453423500061035e+00 2.252810716629028320e+00 -6.523814797401428223e-02 1.146889925003051758e+00 2.044510602951049805e+00 2.047677058726549149e-03
1.112843513488769531e+00 2.297142505645751953e+00 -6.291951984167098999e-02 1.007187604904174805e+00 2.059536457061767578e+00 -1.328050997108221054e-02
1.111843466758728027e+00 2.322182416915893555e+00 -6.778053939342498779e-02 9.613460302352905273e-01 1.900378704071044922e+00 4.680061712861061096e-02
1.129035234451293945e+00 2.363082885742187500e+00 -6.103693693876266479e-02 7.897688746452331543e-01 1.841300010681152344e+00 2.289009541273117065e-01
1.141590356826782227e+00 2.383985996246337891e+00 -5.956995487213134766e-02 8.117477297782897949e-01 1.846476674079895020e+00 1.670643091201782227e-01
1.139665603637695312e+00 2.426006555557250977e+00 -3.774969652295112610e-02 7.752629518508911133e-01 1.835365295410156250e+00 2.736314535140991211e-01
1.161942839622497559e+00 2.460422039031982422e+00 -4.419956728816032410e-02 5.987878441810607910e-01 2.041618585586547852e+00 4.069883227348327637e-01
1.172080874443054199e+00 2.516140937805175781e+00 -2.766297198832035065e-02 5.771208405494689941e-01 2.070052623748779297e+00 3.322718739509582520e-01
1.189064979553222656e+00 2.547844648361206055e+00 -3.264034539461135864e-02 4.848060607910156250e-01 2.124594449996948242e+00 3.242784142494201660e-01
1.207581996917724609e+00 2.591121673583984375e+00 -9.050894528627395630e-03 5.423855781555175781e-01 2.208064317703247070e+00 3.426092267036437988e-01
1.212659955024719238e+00 2.632238149642944336e+00 -9.764347225427627563e-03 3.905436694622039795e-01 2.179037094116210938e+00 1.561558395624160767e-01
1.236576557159423828e+00 2.694642543792724609e+00 1.805609790608286858e-03 7.287076711654663086e-01 2.473359107971191406e+00 4.361710846424102783e-01
1.246619224548339844e+00 2.754353523254394531e+00 1.311747450381517410e-02 6.361615061759948730e-01 2.571087121963500977e+00 3.293645679950714111e-01
1.254576325416564941e+00 2.812480688095092773e+00 1.885643228888511658e-02 5.076513290405273438e-01 2.558207273483276367e+00 2.772423326969146729e-01
1.260577201843261719e+00 2.857149362564086914e+00 3.691240027546882629e-02 5.797582268714904785e-01 2.869114875793457031e+00 3.577893078327178955e-01
1.275245189666748047e+00 2.915503501892089844e+00 3.390977159142494202e-02 8.556912541389465332e-01 2.943764686584472656e+00 2.505503892898559570e-01
1.302564382553100586e+00 2.974751949310302734e+00 5.708206817507743835e-02 7.725901603698730469e-01 2.897785186767578125e+00 3.316869735717773438e-01
1.311684489250183105e+00 3.032273530960083008e+00 6.491179019212722778e-02 7.829142808914184570e-01 2.940674543380737305e+00 5.394225716590881348e-01
1.324808239936828613e+00 3.088606357574462891e+00 6.536351144313812256e-02 7.665984630584716797e-01 2.974942922592163086e+00 5.397102832794189453e-01
1.333676695823669434e+00 3.168895483016967773e+00 8.164356648921966553e-02 9.300711750984191895e-01 3.189857721328735352e+00 5.426681637763977051e-01
1.353465795516967773e+00 3.236941099166870117e+00 7.863064110279083252e-02 7.458918690681457520e-01 3.180943965911865234e+00 5.050653219223022461e-01
1.361662745475769043e+00 3.282951593399047852e+00 8.744595199823379517e-02 7.680264711380004883e-01 3.079178333282470703e+00 3.878986835479736328e-01
1.397942662239074707e+00 3.349602222442626953e+00 1.021989509463310242e-01 8.217875957489013672e-01 3.320489168167114258e+00 4.784593582153320312e-01
1.400261402130126953e+00 3.422899246215820312e+00 1.087578833103179932e-01 9.448607563972473145e-01 3.583805799484252930e+00 5.555434226989746094e-01
1.443071007728576660e+00 3.496775388717651367e+00 1.218129172921180725e-01 8.431312441825866699e-01 3.793516635894775391e+00 4.753973186016082764e-01
1.453974127769470215e+00 3.582968711853027344e+00 1.350223720073699951e-01 8.201163411140441895e-01 3.751827955245971680e+00 3.874409794807434082e-01
1.474313974380493164e+00 3.635134935379028320e+00 1.485546827316284180e-01 8.860577940940856934e-01 3.723248958587646484e+00 7.338411808013916016e-01
1.486662387847900391e+00 3.714581727981567383e+00 1.559483706951141357e-01 1.007182598114013672e+00 3.847729682922363281e+00 6.201173663139343262e-01
1.512106299400329590e+00 3.794135570526123047e+00 1.759884506464004517e-01 1.012646317481994629e+00 4.047698020935058594e+00 5.195482373237609863e-01
1.539499044418334961e+00 3.872679948806762695e+00 1.792696416378021240e-01 1.031977295875549316e+00 4.091462135314941406e+00 6.667295694351196289e-01
1.556795597076416016e+00 3.962610006332397461e+00 2.052295058965682983e-01 9.943377971649169922e-01 4.312567234039306641e+00 5.550804734230041504e-01
1.557440400123596191e+00 4.039741992950439453e+00 2.037566602230072021e-01 9.958165287971496582e-01 4.334615707397460938e+00 5.459387302398681641e-01
1.593062877655029297e+00 4.167298316955566406e+00 2.244181782007217407e-01 1.018207073211669922e+00 4.304668426513671875e+00 6.895198225975036621e-01
1.614130020141601562e+00 4.255377769470214844e+00 2.322660386562347412e-01 9.896499514579772949e-01 4.330097198486328125e+00 8.271734118461608887e-01
1.637160539627075195e+00 4.342458724975585938e+00 2.562718689441680908e-01 1.019570827484130859e+00 4.724266529083251953e+00 8.183286190032958984e-01
1.655535221099853516e+00 4.439643859863281250e+00 2.547110617160797119e-01 1.097110152244567871e+00 4.808004856109619141e+00 1.122531652450561523e+00
1.677730441093444824e+00 4.544263362884521484e+00 2.794478237628936768e-01 1.175832033157348633e+00 4.787752151489257812e+00 9.081791043281555176e-01
1.690599918365478516e+00 4.629196166992187500e+00 2.900597751140594482e-01 1.235332131385803223e+00 4.789482116699218750e+00 8.421749472618103027e-01
1.704944491386413574e+00 4.734356403350830078e+00 3.082920610904693604e-01 1.109634518623352051e+00 5.086558341979980469e+00 6.350411772727966309e-01
1.735020518302917480e+00 4.823336124420166016e+00 3.297382593154907227e-01 1.040335536003112793e+00 5.122119903564453125e+00 8.336687088012695312e-01
1.752205371856689453e+00 4.930567264556884766e+00 3.452597856521606445e-01 1.184371471405029297e+00 5.196238517761230469e+00 9.595088958740234375e-01
1.787739515304565430e+00 5.023569107055664062e+00 3.619613051414489746e-01 1.412987589836120605e+00 5.518855571746826172e+00 7.765800952911376953e-01
1.811608433723449707e+00 5.137667179107666016e+00 3.881924450397491455e-01 1.214234113693237305e+00 5.691163539886474609e+00 9.806831479072570801e-01
1.832161426544189453e+00 5.252604484558105469e+00 4.003848433494567871e-01 1.131260275840759277e+00 5.683426380157470703e+00 1.066366314888000488e+00
1.845000147819519043e+00 5.357269287109375000e+00 4.232902526855468750e-01 1.050093054771423340e+00 5.832921028137207031e+00 9.874721765518188477e-01
1.852798223495483398e+00 5.487535476684570312e+00 4.304264783859252930e-01 1.110198616981506348e+00 5.926947116851806641e+00 1.015566349029541016e+00
1.887994408607482910e+00 5.580235481262207031e+00 4.454600214958190918e-01 9.983950257301330566e-01 6.085021018981933594e+00 9.005700945854187012e-01
1.899704456329345703e+00 5.703185558319091797e+00 4.620916247367858887e-01 1.093189954757690430e+00 6.181496620178222656e+00 7.106426358222961426e-01
1.929096937179565430e+00 5.827624797821044922e+00 4.878656864166259766e-01 1.215917468070983887e+00 6.296693325042724609e+00 7.786580324172973633e-01
1.951184511184692383e+00 5.940447807312011719e+00 5.055013895034790039e-01 1.283327937126159668e+00 6.425245285034179688e+00 7.772274613380432129e-01
1.988816499710083008e+00 6.077176570892333984e+00 5.154972672462463379e-01 1.180119514465332031e+00 6.579985618591308594e+00 9.915947914123535156e-01
2.003395318984985352e+00 6.204209327697753906e+00 5.284824967384338379e-01 1.319780945777893066e+00 6.830425262451171875e+00 8.770987391471862793e-01
2.031337499618530273e+00 6.332725048065185547e+00 5.611722469329833984e-01 1.276186347007751465e+00 6.849409103393554688e+00 8.364520072937011719e-01
2.071954727172851562e+00 6.528252124786376953e+00 5.714984536170959473e-01 1.323913693428039551e+00 7.033030509948730469e+00 7.816142439842224121e-01
2.098791599273681641e+00 6.672823905944824219e+00 5.966444015502929688e-01 1.340458750724792480e+00 7.148753643035888672e+00 7.533918619155883789e-01
2.117591142654418945e+00 6.813237667083740234e+00 6.134608387947082520e-01 1.441116571426391602e+00 7.258385658264160156e+00 8.985261321067810059e-01
2.141541242599487305e+00 6.957695007324218750e+00 6.315530538558959961e-01 1.589184284210205078e+00 7.365921974182128906e+00 8.792688846588134766e-01
2.183892965316772461e+00 7.099301338195800781e+00 6.507579088211059570e-01 1.668754816055297852e+00 7.455028533935546875e+00 7.602701783180236816e-01
2.204523801803588867e+00 7.257672786712646484e+00 6.589773893356323242e-01 1.396824121475219727e+00 7.553750991821289062e+00 8.030086755752563477e-01
2.226031780242919922e+00 7.411442756652832031e+00 6.675828099250793457e-01 1.294877290725708008e+00 7.863194465637207031e+00 8.517895340919494629e-01
2.263122558593750000e+00 7.565439701080322266e+00 6.827180981636047363e-01 1.440060257911682129e+00 8.051572799682617188e+00 7.012382745742797852e-01
2.299958705902099609e+00 7.719786643981933594e+00 7.141299247741699219e-01 1.628337979316711426e+00 8.183177947998046875e+00 7.121921777725219727e-01
2.333891391754150391e+00 7.887361049652099609e+00 7.193186879158020020e-01 1.745575070381164551e+00 8.338892936706542969e+00 7.633628845214843750e-01
2.347095251083374023e+00 8.053335189819335938e+00 7.452530264854431152e-01 1.636049389839172363e+00 8.551744461059570312e+00 4.857950806617736816e-01
2.398194313049316406e+00 8.220761299133300781e+00 7.487859725952148438e-01 1.579274773597717285e+00 8.712597846984863281e+00 7.558054327964782715e-01
2.429419517517089844e+00 8.394937515258789062e+00 7.625529170036315918e-01 1.513380765914916992e+00 8.955342292785644531e+00 6.766430139541625977e-01
2.454838752746582031e+00 8.569525718688964844e+00 7.745046019554138184e-01 1.451343178749084473e+00 9.255886077880859375e+00 5.397772789001464844e-01
2.479302167892456055e+00 8.748284339904785156e+00 7.803055644035339355e-01 1.506453990936279297e+00 9.259839057922363281e+00 6.422538757324218750e-01
2.514056682586669922e+00 8.933976173400878906e+00 7.886486053466796875e-01 1.669499516487121582e+00 9.350917816162109375e+00 7.423454523086547852e-01
2.544248819351196289e+00 9.127580642700195312e+00 8.125685453414916992e-01 1.685571193695068359e+00 9.863153457641601562e+00 6.246379613876342773e-01
2.561811685562133789e+00 9.314769744873046875e+00 8.222030997276306152e-01 1.949398279190063477e+00 9.970153808593750000e+00 6.488456130027770996e-01
2.603749036788940430e+00 9.500299453735351562e+00 8.300885558128356934e-01 1.834913492202758789e+00 1.000321865081787109e+01 4.965121150016784668e-01
2.634915828704833984e+00 9.705523490905761719e+00 8.315272927284240723e-01 1.835447072982788086e+00 1.050195407867431641e+01 2.842712998390197754e-01
2.700424194335937500e+00 1.000641632080078125e+01 8.429551720619201660e-01 2.033902883529663086e+00 1.070998668670654297e+01 4.972949922084808350e-01
2.743131875991821289e+00 1.022663211822509766e+01 8.472973704338073730e-01 2.036192417144775391e+00 1.091823101043701172e+01 3.392169177532196045e-01
2.786518573760986328e+00 1.044497489929199219e+01 8.625696301460266113e-01 2.110551834106445312e+00 1.113757896423339844e+01 1.409969180822372437e-01
2.818625211715698242e+00 1.066477680206298828e+01 8.574676513671875000e-01 1.887893557548522949e+00 1.131826400756835938e+01 -3.036965429782867432e-02
2.852729558944702148e+00 1.088801860809326172e+01 8.505317568778991699e-01 1.975997567176818848e+00 1.132279300689697266e+01 5.070844665169715881e-02
2.889230489730834961e+00 1.110652732849121094e+01 8.522284030914306641e-01 2.011264562606811523e+00 1.165812015533447266e+01 -6.165522709488868713e-02
2.948489665985107422e+00 1.134057044982910156e+01 8.491873145103454590e-01 2.067622184753417969e+00 1.207993698120117188e+01 -2.288750708103179932e-01
2.978015661239624023e+00 1.156957054138183594e+01 8.392348289489746094e-01 2.106843471527099609e+00 1.238785076141357422e+01 -1.657713800668716431e-01
3.034557104110717773e+00 1.181955718994140625e+01 8.361273407936096191e-01 2.343029022216796875e+00 1.269740962982177734e+01 -3.040538430213928223e-01
3.069965600967407227e+00 1.205859851837158203e+01 8.221319317817687988e-01 2.394948720932006836e+00 1.280203342437744141e+01 -5.835317373275756836e-01
3.122699737548828125e+00 1.230087184906005859e+01 8.162958025932312012e-01 2.584679365158081055e+00 1.302124023437500000e+01 -6.548407673835754395e-01
3.173752069473266602e+00 1.256791210174560547e+01 8.033226728439331055e-01 2.571574926376342773e+00 1.348515892028808594e+01 -8.437696099281311035e-01
3.220779657363891602e+00 1.282952404022216797e+01 7.758350968360900879e-01 2.526285171508789062e+00 1.384624385833740234e+01 -9.622011780738830566e-01
3.270051956176757812e+00 1.310492992401123047e+01 7.477834224700927734e-01 2.726129531860351562e+00 1.409381866455078125e+01 -1.206039905548095703e+00
3.321256160736083984e+00 1.338500308990478516e+01 7.273918390274047852e-01 2.935107469558715820e+00 1.435442733764648438e+01 -1.322706103324890137e+00
3.366722345352172852e+00 1.365340232849121094e+01 7.048499584197998047e-01 2.765805721282958984e+00 1.464844322204589844e+01 -1.533939957618713379e+00
3.431451082229614258e+00 1.395544338226318359e+01 6.798275709152221680e-01 2.816998004913330078e+00 1.495972061157226562e+01 -1.672130703926086426e+00
3.496485710144042969e+00 1.425571823120117188e+01 6.456135511398315430e-01 2.841035366058349609e+00 1.555399036407470703e+01 -2.066648006439208984e+00
3.533123016357421875e+00 1.456398677825927734e+01 5.901043415069580078e-01 3.080052852630615234e+00 1.593618965148925781e+01 -2.388199090957641602e+00
3.585653305053710938e+00 1.486205863952636719e+01 5.422932505607604980e-01 3.158729314804077148e+00 1.624050521850585938e+01 -2.599737405776977539e+00
3.656857252120971680e+00 1.518392276763916016e+01 4.900023639202117920e-01 3.403125524520874023e+00 1.672256469726562500e+01 -2.683143854141235352e+00
3.760534048080444336e+00 1.569443511962890625e+01 4.022309482097625732e-01 3.487277984619140625e+00 1.740164184570312500e+01 -3.372284889221191406e+00
3.827379465103149414e+00 1.603773498535156250e+01 3.236293196678161621e-01 3.497502565383911133e+00 1.777523422241210938e+01 -3.754200458526611328e+00
3.891696453094482422e+00 1.637921905517578125e+01 2.485567033290863037e-01 3.445111989974975586e+00 1.823582649230957031e+01 -4.122599124908447266e+00
3.974694728851318359e+00 1.674250030517578125e+01 1.760164350271224976e-01 3.732977151870727539e+00 1.886197090148925781e+01 -4.734622478485107422e+00
4.058456897735595703e+00 1.713078498840332031e+01 7.367052137851715088e-02 3.989525079727172852e+00 1.924143981933593750e+01 -5.490014553070068359e+00
4.124962806701660156e+00 1.749667167663574219e+01 -3.397814556956291199e-02 4.279658794403076172e+00 1.985112190246582031e+01 -5.888773918151855469e+00
4.221707344055175781e+00 1.788864135742187500e+01 -1.514399200677871704e-01 4.497429847717285156e+00 2.043412590026855469e+01 -6.580820083618164062e+00
4.309779644012451172e+00 1.830238914489746094e+01 -2.960307002067565918e-01 4.503250598907470703e+00 2.092107582092285156e+01 -7.533015727996826172e+00
4.394721984863281250e+00 1.869622993469238281e+01 -4.481470584869384766e-01 4.792199134826660156e+00 2.171370506286621094e+01 -8.452704429626464844e+00
4.488811492919921875e+00 1.913194847106933594e+01 -6.337412595748901367e-01 4.874314308166503906e+00 2.214988327026367188e+01 -9.474822044372558594e+00
4.596173763275146484e+00 1.956272315979003906e+01 -8.331887722015380859e-01 5.238327503204345703e+00 2.248530578613281250e+01 -1.081114101409912109e+01
4.713988780975341797e+00 1.998170661926269531e+01 -1.066545963287353516e+00 5.645303726196289062e+00 2.305906486511230469e+01 -1.193175601959228516e+01
4.821650505065917969e+00 2.044560241699218750e+01 -1.322376251220703125e+00 6.061552047729492188e+00 2.339879989624023438e+01 -1.360785388946533203e+01
4.932522773742675781e+00 2.090366363525390625e+01 -1.607114076614379883e+00 6.186511039733886719e+00 2.371917152404785156e+01 -1.525624752044677734e+01
5.055587291717529297e+00 2.134169197082519531e+01 -1.931145191192626953e+00 6.542364120483398438e+00 2.366225051879882812e+01 -1.758591079711914062e+01
5.198534965515136719e+00 2.179458427429199219e+01 -2.303800582885742188e+00 6.992248058319091797e+00 2.326865005493164062e+01 -1.976148986816406250e+01
5.326381206512451172e+00 2.224100875854492188e+01 -2.710423946380615234e+00 7.144160747528076172e+00 2.296859550476074219e+01 -2.169825744628906250e+01
5.456392288208007812e+00 2.267354774475097656e+01 -3.166172027587890625e+00 7.086423873901367188e+00 2.210556602478027344e+01 -2.362683486938476562e+01
5.609270095825195312e+00 2.308129119873046875e+01 -3.655877590179443359e+00 7.547039985656738281e+00 2.045204925537109375e+01 -2.565349578857421875e+01
5.776079654693603516e+00 2.346700286865234375e+01 -4.177525043487548828e+00 7.667535305023193359e+00 1.885617065429687500e+01 -2.732987022399902344e+01
5.924162387847900391e+00 2.381923866271972656e+01 -4.721546649932861328e+00 7.682577610015869141e+00 1.737373924255371094e+01 -2.833034133911132812e+01
6.135672092437744141e+00 2.428560066223144531e+01 -5.607941150665283203e+00 7.448134422302246094e+00 1.475844955444335938e+01 -2.949242973327636719e+01
6.278725624084472656e+00 2.455300903320312500e+01 -6.214560985565185547e+00 7.172278404235839844e+00 1.297337818145751953e+01 -2.993090248107910156e+01
6.418791770935058594e+00 2.477315711975097656e+01 -6.831054687500000000e+00 6.905752658843994141e+00 1.136440753936767578e+01 -3.014504051208496094e+01
6.557703971862792969e+00 2.495426750183105469e+01 -7.450102806091308594e+00 6.688255786895751953e+00 1.003742122650146484e+01 -3.003505325317382812e+01
6.697552204132080078e+00 2.511869430541992188e+01 -8.049638748168945312e+00 6.350854873657226562e+00 8.638605117797851562e+00 -2.957774162292480469e+01
6.819175243377685547e+00 2.524725723266601562e+01 -8.643223762512207031e+00 6.352234363555908203e+00 7.523386478424072266e+00 -2.917797279357910156e+01
6.931796073913574219e+00 2.535131072998046875e+01 -9.232342720031738281e+00 6.237962722778320312e+00 6.334051609039306641e+00 -2.844293594360351562e+01
7.056169509887695312e+00 2.545451545715332031e+01 -9.783129692077636719e+00 5.976023197174072266e+00 5.065701007843017578e+00 -2.779864883422851562e+01
7.165060043334960938e+00 2.551904106140136719e+01 -1.031664371490478516e+01 5.472744941711425781e+00 4.370992183685302734e+00 -2.701452827453613281e+01
7.259568214416503906e+00 2.557503128051757812e+01 -1.084621143341064453e+01 5.428998470306396484e+00 3.508595705032348633e+00 -2.623222160339355469e+01
7.369077205657958984e+00 2.562778282165527344e+01 -1.134269809722900391e+01 5.052060127258300781e+00 2.664320468902587891e+00 -2.527145957946777344e+01
7.436656951904296875e+00 2.565844154357910156e+01 -1.180734729766845703e+01 4.754245281219482422e+00 2.104297637939453125e+00 -2.424708175659179688e+01
7.522515296936035156e+00 2.568357658386230469e+01 -1.225963497161865234e+01 4.443321704864501953e+00 1.453233599662780762e+00 -2.351950073242187500e+01
7.605197906494140625e+00 2.570082664489746094e+01 -1.269130706787109375e+01 4.420887947082519531e+00 1.094202876091003418e+00 -2.263212966918945312e+01
7.689219474792480469e+00 2.572095108032226562e+01 -1.309252738952636719e+01 4.140192508697509766e+00 6.655066013336181641e-01 -2.148440361022949219e+01
7.746966838836669922e+00 2.571119499206542969e+01 -1.346974372863769531e+01 3.977654218673706055e+00 2.469945549964904785e-01 -2.040862846374511719e+01
7.810447216033935547e+00 2.571232414245605469e+01 -1.383832740783691406e+01 3.798076868057250977e+00 6.145755946636199951e-02 -1.943651390075683594e+01
7.889334201812744141e+00 2.569262123107910156e+01 -1.418399143218994141e+01 3.592825651168823242e+00 -2.430272549390792847e-01 -1.862204360961914062e+01
7.964639186859130859e+00 2.568042755126953125e+01 -1.450761699676513672e+01 3.380844354629516602e+00 -6.469166874885559082e-01 -1.780768585205078125e+01
8.024030685424804688e+00 2.566436767578125000e+01 -1.482005977630615234e+01 3.339742183685302734e+00 -8.240810632705688477e-01 -1.698833274841308594e+01
8.086172103881835938e+00 2.566507530212402344e+01 -1.512367153167724609e+01 3.226207017898559570e+00 -9.341190457344055176e-01 -1.622586631774902344e+01
8.166107177734375000e+00 2.561523818969726562e+01 -1.555796432495117188e+01 2.935176610946655273e+00 -1.237961173057556152e+00 -1.534758186340332031e+01
8.223240852355957031e+00 2.560249328613281250e+01 -1.582129573822021484e+01 2.887707948684692383e+00 -1.286416649818420410e+00 -1.458369064331054688e+01
8.285894393920898438e+00 2.557530593872070312e+01 -1.607296943664550781e+01 2.833305120468139648e+00 -1.196004152297973633e+00 -1.384498596191406250e+01
8.343661308288574219e+00 2.557014656066894531e+01 -1.631066513061523438e+01 2.549975395202636719e+00 -1.319917798042297363e+00 -1.329763984680175781e+01
8.379879951477050781e+00 2.553903770446777344e+01 -1.655190658569335938e+01 2.361148118972778320e+00 -1.328428149223327637e+00 -1.287052917480468750e+01
8.427357673645019531e+00 2.551224517822265625e+01 -1.679105758666992188e+01 2.109261035919189453e+00 -1.536978840827941895e+00 -1.230908870697021484e+01
8.466398239135742188e+00 2.548360824584960938e+01 -1.699522590637207031e+01 2.142992258071899414e+00 -1.775623917579650879e+00 -1.173826885223388672e+01
8.520164489746093750e+00 2.544142532348632812e+01 -1.721045112609863281e+01 2.167153596878051758e+00 -1.852770805358886719e+00 -1.149980449676513672e+01
8.552214622497558594e+00 2.541748237609863281e+01 -1.741485404968261719e+01 2.200840234756469727e+00 -1.794095873832702637e+00 -1.098257732391357422e+01
8.596101760864257812e+00 2.537984085083007812e+01 -1.759922027587890625e+01 2.127480506896972656e+00 -1.874616503715515137e+00 -1.056167125701904297e+01
8.628624916076660156e+00 2.533901214599609375e+01 -1.779200553894042969e+01 1.944105863571166992e+00 -1.890298724174499512e+00 -1.008991146087646484e+01
8.670931816101074219e+00 2.531117439270019531e+01 -1.797680091857910156e+01 1.800242304801940918e+00 -1.965058445930480957e+00 -9.707169532775878906e+00
8.703901290893554688e+00 2.526798629760742188e+01 -1.815142059326171875e+01 1.676370024681091309e+00 -2.043681383132934570e+00 -9.285962104797363281e+00
8.725813865661621094e+00 2.523926544189453125e+01 -1.832123756408691406e+01 1.699109792709350586e+00 -1.861623764038085938e+00 -8.841843605041503906e+00
8.760230064392089844e+00 2.519976615905761719e+01 -1.847266960144042969e+01 1.635592103004455566e+00 -1.834756255149841309e+00 -8.639347076416015625e+00
8.790346145629882812e+00 2.516886711120605469e+01 -1.862731933593750000e+01 1.640106439590454102e+00 -1.923809289932250977e+00 -8.262233734130859375e+00
8.820034980773925781e+00 2.511897277832031250e+01 -1.877570343017578125e+01 1.676707148551940918e+00 -1.907895565032958984e+00 -7.721021175384521484e+00
8.848811149597167969e+00 2.509707069396972656e+01 -1.891890907287597656e+01 1.552401185035705566e+00 -1.814695119857788086e+00 -7.608413696289062500e+00
8.879290580749511719e+00 2.505869483947753906e+01 -1.905864334106445312e+01 1.476505994796752930e+00 -1.853070020675659180e+00 -7.458190441131591797e+00
8.899873733520507812e+00 2.504094314575195312e+01 -1.917740631103515625e+01 1.322701454162597656e+00 -1.975995421409606934e+00 -7.124461650848388672e+00
8.911141395568847656e+00 2.499206542968750000e+01 -1.930440902709960938e+01 1.331716775894165039e+00 -2.002604961395263672e+00 -6.854298591613769531e+00
8.952466964721679688e+00 2.493139457702636719e+01 -1.948918151855468750e+01 1.360749244689941406e+00 -1.859421491622924805e+00 -6.649595260620117188e+00
8.988235473632812500e+00 2.491558647155761719e+01 -1.960063934326171875e+01 1.337717890739440918e+00 -1.917563319206237793e+00 -6.349413394927978516e+00
8.998673439025878906e+00 2.489353561401367188e+01 -1.971592140197753906e+01 1.242647528648376465e+00 -1.869534373283386230e+00 -6.075760841369628906e+00
9.031462669372558594e+00 2.485177040100097656e+01 -1.982021713256835938e+01 1.241059660911560059e+00 -1.783048987388610840e+00 -5.789665222167968750e+00
9.052298545837402344e+00 2.481051826477050781e+01 -1.993119430541992188e+01 1.241446018218994141e+00 -1.885391950607299805e+00 -5.642729759216308594e+00
9.078807830810546875e+00 2.480734252929687500e+01 -2.003615188598632812e+01 1.277713537216186523e+00 -1.944085359573364258e+00 -5.430989265441894531e+00
9.101263999938964844e+00 2.476456642150878906e+01 -2.014904022216796875e+01 1.260187029838562012e+00 -2.007086992263793945e+00 -5.282683372497558594e+00
9.122744560241699219e+00 2.474594306945800781e+01 -2.023445510864257812e+01 1.106269836425781250e+00 -1.811821341514587402e+00 -5.332343578338623047e+00
9.135603904724121094e+00 2.471673393249511719e+01 -2.034604263305664062e+01 1.264477252960205078e+00 -1.652288317680358887e+00 -5.135142803192138672e+00
9.164635658264160156e+00 2.469733619689941406e+01 -2.043815612792968750e+01 1.181671977043151855e+00 -1.657693147659301758e+00 -4.857075691223144531e+00
9.190256118774414062e+00 2.466854858398437500e+01 -2.054175567626953125e+01 9.895082116127014160e-01 -1.716788887977600098e+00 -4.889754772186279297e+00
9.206825256347656250e+00 2.463139343261718750e+01 -2.064435768127441406e+01 9.679004549980163574e-01 -1.867243766784667969e+00 -5.017601966857910156e+00
9.235844612121582031e+00 2.460547065734863281e+01 -2.073869705200195312e+01 1.058746099472045898e+00 -1.886113405227661133e+00 -4.817562103271484375e+00
9.251582145690917969e+00 2.456848526000976562e+01 -2.084004402160644531e+01 1.020920872688293457e+00 -1.889566421508789062e+00 -4.704546928405761719e+00
9.265857696533203125e+00 2.454759597778320312e+01 -2.091581916809082031e+01 1.115431547164916992e+00 -2.112243413925170898e+00 -4.597846508026123047e+00
9.295232772827148438e+00 2.450755691528320312e+01 -2.102288055419921875e+01 9.290174245834350586e-01 -2.131725788116455078e+00 -4.667297840118408203e+00
9.315796852111816406e+00 2.448229789733886719e+01 -2.112422752380371094e+01 1.046730041503906250e+00 -1.864750862121582031e+00 -4.538086414337158203e+00
9.332854270935058594e+00 2.443329429626464844e+01 -2.121176338195800781e+01 9.845795035362243652e-01 -1.868095874786376953e+00 -4.578162193298339844e+00
9.357048988342285156e+00 2.442082023620605469e+01 -2.130470085144042969e+01 7.649523019790649414e-01 -1.784625530242919922e+00 -4.491251945495605469e+00
9.369426727294921875e+00 2.438159370422363281e+01 -2.139757347106933594e+01 7.733598947525024414e-01 -1.777057528495788574e+00 -4.425569057464599609e+00
9.399060249328613281e+00 2.434103393554687500e+01 -2.147783088684082031e+01 9.100799560546875000e-01 -1.977423787117004395e+00 -4.433954238891601562e+00
9.423395156860351562e+00 2.425667381286621094e+01 -2.161894607543945312e+01 9.572018384933471680e-01 -2.370346546173095703e+00 -4.349291324615478516e+00
9.441452980041503906e+00 2.422629928588867188e+01 -2.169383811950683594e+01 9.892826080322265625e-01 -2.272424459457397461e+00 -4.297741413116455078e+00
9.467078208923339844e+00 2.417214012145996094e+01 -2.177791786193847656e+01 1.071035742759704590e+00 -2.322301149368286133e+00 -4.259388446807861328e+00
9.495153427124023438e+00 2.412406730651855469e+01 -2.187404441833496094e+01 1.030624747276306152e+00 -2.389059782028198242e+00 -4.343804359436035156e+00
9.507655143737792969e+00 2.407663154602050781e+01 -2.195729827880859375e+01 9.535992741584777832e-01 -2.407310247421264648e+00 -4.189589023590087891e+00
9.522997856140136719e+00 2.403934478759765625e+01 -2.203688240051269531e+01 9.556975364685058594e-01 -2.498929023742675781e+00 -3.989332675933837891e+00
9.540947914123535156e+00 2.398507499694824219e+01 -2.210814476013183594e+01 8.995969891548156738e-01 -2.467894315719604492e+00 -4.021523952484130859e+00
9.555454254150390625e+00 2.394137191772460938e+01 -2.219497680664062500e+01 7.474437952041625977e-01 -2.634504079818725586e+00 -3.726156949996948242e+00
9.568943977355957031e+00 2.387276077270507812e+01 -2.226063537597656250e+01 8.343791365623474121e-01 -2.800288915634155273e+00 -3.820547103881835938e+00
9.599719047546386719e+00 2.381865882873535156e+01 -2.234024810791015625e+01 9.763677716255187988e-01 -2.785170793533325195e+00 -3.813568592071533203e+00
9.617861747741699219e+00 2.376450538635253906e+01 -2.242361831665039062e+01 8.258634209632873535e-01 -2.920683622360229492e+00 -3.694298505783081055e+00
9.617723464965820312e+00 2.370755195617675781e+01 -2.249244499206542969e+01 8.415488600730895996e-01 -2.994000434875488281e+00 -3.851780414581298828e+00
9.644859313964843750e+00 2.365571784973144531e+01 -2.256892967224121094e+01 7.333071231842041016e-01 -2.808908224105834961e+00 -3.523008823394775391e+00
9.655543327331542969e+00 2.360457611083984375e+01 -2.262532234191894531e+01 6.014094352722167969e-01 -2.910739421844482422e+00 -3.474733591079711914e+00
9.673602104187011719e+00 2.354178237915039062e+01 -2.269639587402343750e+01 5.957038402557373047e-01 -3.100722789764404297e+00 -3.225578784942626953e+00
9.686959266662597656e+00 2.348399543762207031e+01 -2.275882911682128906e+01 8.244305849075317383e-01 -3.124437570571899414e+00 -3.128462314605712891e+00
9.681898117065429688e+00 2.341599273681640625e+01 -2.281356239318847656e+01 7.387316823005676270e-01 -3.307273626327514648e+00 -3.063755035400390625e+00
9.711908340454101562e+00 2.334496307373046875e+01 -2.287714195251464844e+01 7.165198922157287598e-01 -3.251895189285278320e+00 -3.102373600006103516e+00
9.722084045410156250e+00 2.328112602233886719e+01 -2.294820594787597656e+01 5.692514181137084961e-01 -3.232048511505126953e+00 -3.000305652618408203e+00
9.738598823547363281e+00 2.322393798828125000e+01 -2.299824905395507812e+01 7.306477427482604980e-01 -3.346014976501464844e+00 -2.952023506164550781e+00
9.762948036193847656e+00 2.314107131958007812e+01 -2.309549903869628906e+01 5.122318863868713379e-01 -3.389235258102416992e+00 -2.794635295867919922e+00
9.763378143310546875e+00 2.307191085815429688e+01 -2.314488792419433594e+01 7.069845795631408691e-01 -3.210334062576293945e+00 -2.673800468444824219e+00
9.780869483947753906e+00 2.300117111206054688e+01 -2.319194602966308594e+01 7.547017335891723633e-01 -3.224529504776000977e+00 -2.621081352233886719e+00
9.799834251403808594e+00 2.292046165466308594e+01 -2.325253295898437500e+01 6.910740733146667480e-01 -3.464157104492187500e+00 -2.833439588546752930e+00
9.814600944519042969e+00 2.286193466186523438e+01 -2.329621887207031250e+01 5.971390008926391602e-01 -3.344863653182983398e+00 -2.585452318191528320e+00
9.802271842956542969e+00 2.281774330139160156e+01 -2.334127235412597656e+01 4.810455739498138428e-01 -3.521058559417724609e+00 -2.361110687255859375e+00
9.826633453369140625e+00 2.273249244689941406e+01 -2.338622856140136719e+01 2.867480516433715820e-01 -3.572606563568115234e+00 -2.397928714752197266e+00
9.829854011535644531e+00 2.265073013305664062e+01 -2.343856811523437500e+01 3.048923909664154053e-01 -3.492376327514648438e+00 -2.329611778259277344e+00
9.829021453857421875e+00 2.257880592346191406e+01 -2.348678588867187500e+01 3.947676420211791992e-01 -3.490071058273315430e+00 -2.317674398422241211e+00
9.836724281311035156e+00 2.250870704650878906e+01 -2.352792739868164062e+01 5.672083497047424316e-01 -3.631820678710937500e+00 -2.215132474899291992e+00
9.853059768676757812e+00 2.243177032470703125e+01 -2.356683158874511719e+01 5.632378458976745605e-01 -3.625462532043457031e+00 -2.193016052246093750e+00
9.863568305969238281e+00 2.236011505126953125e+01 -2.361388778686523438e+01 5.191851258277893066e-01 -3.375979423522949219e+00 -2.140159845352172852e+00
9.872879028320312500e+00 2.230174827575683594e+01 -2.365962600708007812e+01 2.283004373311996460e-01 -3.508655071258544922e+00 -2.075851917266845703e+00
9.869132041931152344e+00 2.224586677551269531e+01 -2.369685935974121094e+01 2.359323054552078247e-01 -3.696691036224365234e+00 -2.015593290328979492e+00
9.881133079528808594e+00 2.215906906127929688e+01 -2.372788047790527344e+01 1.952086836099624634e-01 -3.503553390502929688e+00 -1.848129153251647949e+00
9.880637168884277344e+00 2.209161376953125000e+01 -2.376647567749023438e+01 1.322348713874816895e-01 -3.520449161529541016e+00 -1.794422864913940430e+00
9.891022682189941406e+00 2.202785110473632812e+01 -2.380323791503906250e+01 1.412638425827026367e-01 -3.672567367553710938e+00 -1.780593633651733398e+00
9.884517669677734375e+00 2.195428657531738281e+01 -2.384698867797851562e+01 9.712646156549453735e-02 -3.692673206329345703e+00 -1.616662383079528809e+00
9.904977798461914062e+00 2.189593887329101562e+01 -2.388525390625000000e+01 7.796653360128402710e-02 -3.724231719970703125e+00 -1.403709173202514648e+00
9.897369384765625000e+00 2.180220985412597656e+01 -2.392338180541992188e+01 2.068263739347457886e-01 -3.618604183197021484e+00 -1.385009050369262695e+00
9.898014068603515625e+00 2.172969245910644531e+01 -2.395418548583984375e+01 3.973505496978759766e-01 -3.686707735061645508e+00 -1.209815979003906250e+00
9.915221214294433594e+00 2.162685012817382812e+01 -2.398667907714843750e+01 4.864729046821594238e-01 -3.646561622619628906e+00 -1.150115847587585449e+00
9.928420066833496094e+00 2.155196762084960938e+01 -2.401259613037109375e+01 4.517646133899688721e-01 -3.570154905319213867e+00 -1.239539504051208496e+00
9.943331718444824219e+00 2.150197792053222656e+01 -2.403484535217285156e+01 2.880294620990753174e-01 -3.489087343215942383e+00 -1.081662893295288086e+00
9.932177543640136719e+00 2.143705177307128906e+01 -2.406544113159179688e+01 1.122794523835182190e-01 -3.401660919189453125e+00 -7.789728045463562012e-01
9.934967041015625000e+00 2.135529899597167969e+01 -2.407866668701171875e+01 2.460535764694213867e-01 -3.421525478363037109e+00 -7.011934518814086914e-01
9.935139656066894531e+00 2.128457832336425781e+01 -2.409434700012207031e+01 2.142132967710494995e-01 -3.498632669448852539e+00 -5.196058154106140137e-01
9.937178611755371094e+00 2.121410560607910156e+01 -2.410753440856933594e+01 2.552716135978698730e-01 -3.519394874572753906e+00 -3.795954585075378418e-01
9.947057723999023438e+00 2.115886116027832031e+01 -2.409993934631347656e+01 9.023473411798477173e-02 -3.492125272750854492e+00 -3.649514913558959961e-01
9.940465927124023438e+00 2.108460235595703125e+01 -2.410966682434082031e+01 5.300637707114219666e-02 -3.459394216537475586e+00 -2.033103108406066895e-01
9.951903343200683594e+00 2.100024795532226562e+01 -2.412529563903808594e+01 3.642820194363594055e-02 -3.375442981719970703e+00 -1.387872546911239624e-01
9.959346771240234375e+00 2.094518089294433594e+01 -2.411331748962402344e+01 2.210308909416198730e-01 -3.317527055740356445e+00 1.678842902183532715e-01
9.970285415649414062e+00 2.088204574584960938e+01 -2.411146163940429688e+01 2.655771374702453613e-01 -3.304367303848266602e+00 3.055477142333984375e-01
9.969037055969238281e+00 2.079962348937988281e+01 -2.409380722045898438e+01 1.406026482582092285e-01 -3.277785301208496094e+00 3.830175995826721191e-01
9.976799964904785156e+00 2.075157165527343750e+01 -2.408145523071289062e+01 1.501460820436477661e-01 -3.245638847351074219e+00 6.638896465301513672e-01
9.978840827941894531e+00 2.069492340087890625e+01 -2.407484245300292969e+01 -3.821066021919250488e-02 -3.153087854385375977e+00 8.619506359100341797e-01
9.977053642272949219e+00 2.064728355407714844e+01 -2.405265998840332031e+01 -1.021172851324081421e-01 -3.060041427612304688e+00 1.033220291137695312e+00
9.964221954345703125e+00 2.059373855590820312e+01 -2.403010940551757812e+01 -7.268610596656799316e-02 -3.052769660949707031e+00 1.102556586265563965e+00
9.966476440429687500e+00 2.052329254150390625e+01 -2.400644683837890625e+01 -1.002753153443336487e-01 -2.807786703109741211e+00 1.302304625511169434e+00
9.977051734924316406e+00 2.045079994201660156e+01 -2.397928428649902344e+01 -4.427175968885421753e-02 -2.993713855743408203e+00 1.799512982368469238e+00
9.951464653015136719e+00 2.038045501708984375e+01 -2.393915367126464844e+01 -7.332450151443481445e-02 -3.024859666824340820e+00 2.089687347412109375e+00
9.954604148864746094e+00 2.034287834167480469e+01 -2.389560317993164062e+01 -2.333669066429138184e-01 -2.660625219345092773e+00 2.131939888000488281e+00
9.964942932128906250e+00 2.025698661804199219e+01 -2.383212661743164062e+01 -2.515344023704528809e-01 -2.615375280380249023e+00 2.595500946044921875e+00
9.962260246276855469e+00 2.020595169067382812e+01 -2.378894996643066406e+01 -1.900194436311721802e-01 -2.289637565612792969e+00 2.814525365829467773e+00
9.947451591491699219e+00 2.017572593688964844e+01 -2.372505187988281250e+01 -1.670486778020858765e-01 -2.167623996734619141e+00 3.226387500762939453e+00
9.941238403320312500e+00 2.013004302978515625e+01 -2.367093467712402344e+01 -1.786409616470336914e-01 -1.896204233169555664e+00 3.787987232208251953e+00
9.926442146301269531e+00 2.010239028930664062e+01 -2.360412406921386719e+01 -2.539588510990142822e-01 -1.745417833328247070e+00 4.003242969512939453e+00
9.907834053039550781e+00 2.006926155090332031e+01 -2.352245330810546875e+01 -3.099584281444549561e-01 -1.629365921020507812e+00 4.215943813323974609e+00
9.905036926269531250e+00 2.004772186279296875e+01 -2.343671035766601562e+01 -3.997874855995178223e-01 -1.218702077865600586e+00 4.791477203369140625e+00
9.891576766967773438e+00 2.002254295349121094e+01 -2.334434318542480469e+01 -5.276144742965698242e-01 -7.350400686264038086e-01 5.322021484375000000e+00
9.883407592773437500e+00 2.001463890075683594e+01 -2.323768043518066406e+01 -5.697883367538452148e-01 -4.241189360618591309e-01 5.989343643188476562e+00
9.886423110961914062e+00 2.003562545776367188e+01 -2.313251686096191406e+01 -5.823658704757690430e-01 3.020425438880920410e-01 6.480123996734619141e+00
9.872406959533691406e+00 2.004524803161621094e+01 -2.298426628112792969e+01 -7.248311638832092285e-01 1.118872642517089844e+00 7.160661697387695312e+00
9.862648963928222656e+00 2.008653640747070312e+01 -2.285211753845214844e+01 -6.763118505477905273e-01 2.403824329376220703e+00 8.032929420471191406e+00
9.873605728149414062e+00 2.013207244873046875e+01 -2.268700981140136719e+01 -5.685745477676391602e-01 3.715621232986450195e+00 8.637497901916503906e+00
9.862580299377441406e+00 2.023142814636230469e+01 -2.252215957641601562e+01 -3.560623824596405029e-01 5.357745647430419922e+00 9.466771125793457031e+00
9.867671966552734375e+00 2.036931991577148438e+01 -2.233372306823730469e+01 -1.335534453392028809e-01 7.711106777191162109e+00 9.713550567626953125e+00
9.862672805786132812e+00 2.055272483825683594e+01 -2.213871192932128906e+01 2.988196313381195068e-01 1.019043254852294922e+01 9.606147766113281250e+00
9.881718635559082031e+00 2.078263282775878906e+01 -2.195274925231933594e+01 1.029989004135131836e+00 1.273603820800781250e+01 8.386121749877929688e+00
9.906052589416503906e+00 2.107749366760253906e+01 -2.180803108215332031e+01 1.444760203361511230e+00 1.436612319946289062e+01 6.349580764770507812e+00
9.927248001098632812e+00 2.140678215026855469e+01 -2.167905235290527344e+01 1.677496075630187988e+00 1.471781349182128906e+01 4.106244564056396484e+00
9.962359428405761719e+00 2.174912071228027344e+01 -2.162011909484863281e+01 1.768794536590576172e+00 1.468654727935791016e+01 2.477472305297851562e+00
1.000210857391357422e+01 2.209095382690429688e+01 -2.157130432128906250e+01 2.209203243255615234e+00 1.429921531677246094e+01 9.238708019256591797e-01
1.011388492584228516e+01 2.257637596130371094e+01 -2.158195495605468750e+01 2.587199211120605469e+00 1.358249282836914062e+01 -7.080708742141723633e-01
1.017913436889648438e+01 2.287174606323242188e+01 -2.162196159362792969e+01 2.691456079483032227e+00 1.315370273590087891e+01 -1.687697410583496094e+00
1.024512672424316406e+01 2.314885520935058594e+01 -2.167419242858886719e+01 2.808089733123779297e+00 1.255057716369628906e+01 -2.593666076660156250e+00
1.029908943176269531e+01 2.341036796569824219e+01 -2.175826072692871094e+01 2.744422674179077148e+00 1.167827892303466797e+01 -3.163803100585937500e+00
1.035630607604980469e+01 2.360990905761718750e+01 -2.186134147644042969e+01 2.532860279083251953e+00 1.067553997039794922e+01 -3.701463460922241211e+00
1.040851783752441406e+01 2.379922294616699219e+01 -2.196361351013183594e+01 2.589060783386230469e+00 9.518625259399414062e+00 -4.334010601043701172e+00
1.046290206909179688e+01 2.395952606201171875e+01 -2.206826591491699219e+01 2.477341890335083008e+00 8.572725296020507812e+00 -4.843488216400146484e+00
1.049942874908447266e+01 2.409278297424316406e+01 -2.216730499267578125e+01 2.232678890228271484e+00 7.665781974792480469e+00 -5.194309234619140625e+00
1.053341674804687500e+01 2.420331573486328125e+01 -2.228694534301757812e+01 2.228354454040527344e+00 6.682396888732910156e+00 -5.545265197753906250e+00
1.057128715515136719e+01 2.428590774536132812e+01 -2.241071891784667969e+01 2.066201686859130859e+00 5.658106803894042969e+00 -5.867286205291748047e+00
1.061615657806396484e+01 2.435781288146972656e+01 -2.253056335449218750e+01 1.917881488800048828e+00 4.822398185729980469e+00 -5.804852485656738281e+00
1.063721466064453125e+01 2.441264533996582031e+01 -2.263516044616699219e+01 1.902098774909973145e+00 4.294190883636474609e+00 -5.805041313171386719e+00
1.068560600280761719e+01 2.446383285522460938e+01 -2.275694465637207031e+01 1.879484653472900391e+00 3.508316040039062500e+00 -5.836629867553710938e+00
1.070833683013916016e+01 2.451229286193847656e+01 -2.286919403076171875e+01 1.793336749076843262e+00 2.947145938873291016e+00 -5.940762042999267578e+00
1.073560523986816406e+01 2.453902244567871094e+01 -2.298158454895019531e+01 1.662622094154357910e+00 2.383627891540527344e+00 -6.078215599060058594e+00
1.074781036376953125e+01 2.454345130920410156e+01 -2.309578704833984375e+01 1.649420380592346191e+00 1.906820416450500488e+00 -6.137581348419189453e+00
1.076827430725097656e+01 2.456303215026855469e+01 -2.321422195434570312e+01 1.666285872459411621e+00 1.467085838317871094e+00 -6.285227775573730469e+00
1.080299091339111328e+01 2.457987022399902344e+01 -2.333896446228027344e+01 1.771046042442321777e+00 1.225910305976867676e+00 -6.229084491729736328e+00
1.083576869964599609e+01 2.457984161376953125e+01 -2.345609664916992188e+01 1.649689555168151855e+00 8.597399592399597168e-01 -6.206179141998291016e+00
1.086665153503417969e+01 2.457931518554687500e+01 -2.358141708374023438e+01 1.638877272605895996e+00 4.548734426498413086e-01 -6.253319740295410156e+00
1.088404655456542969e+01 2.456837654113769531e+01 -2.369816589355468750e+01 1.633843779563903809e+00 7.379404455423355103e-02 -6.349794387817382812e+00
1.093378734588623047e+01 2.455250740051269531e+01 -2.388107109069824219e+01 1.714299559593200684e+00 -7.650154083967208862e-02 -6.405593395233154297e+00
1.098011684417724609e+01 2.453041648864746094e+01 -2.400393867492675781e+01 1.690394401550292969e+00 -3.300434947013854980e-01 -6.432501316070556641e+00
1.099998950958251953e+01 2.451170921325683594e+01 -2.412323379516601562e+01 1.526188969612121582e+00 -5.895581245422363281e-01 -6.575773715972900391e+00
1.103473472595214844e+01 2.448939132690429688e+01 -2.424725914001464844e+01 1.479281425476074219e+00 -7.680101990699768066e-01 -6.469843864440917969e+00
1.107656860351562500e+01 2.446316337585449219e+01 -2.436394882202148438e+01 1.256568789482116699e+00 -1.027477264404296875e+00 -6.460046291351318359e+00
1.109093284606933594e+01 2.443585777282714844e+01 -2.449662399291992188e+01 1.525357604026794434e+00 -9.935159087181091309e-01 -6.398633956909179688e+00
1.112079620361328125e+01 2.439000892639160156e+01 -2.460864448547363281e+01 1.528184771537780762e+00 -1.090902805328369141e+00 -6.564287185668945312e+00
1.114859294891357422e+01 2.436705398559570312e+01 -2.473107719421386719e+01 1.343564867973327637e+00 -1.478398323059082031e+00 -6.474081516265869141e+00
1.117726707458496094e+01 2.432356452941894531e+01 -2.484317398071289062e+01 1.543439269065856934e+00 -1.603116393089294434e+00 -6.476151943206787109e+00
1.118727207183837891e+01 2.427599906921386719e+01 -2.495510673522949219e+01 1.459996700286865234e+00 -1.971133470535278320e+00 -6.543647289276123047e+00
1.122750663757324219e+01 2.423986244201660156e+01 -2.507591819763183594e+01 1.301975488662719727e+00 -2.193678855895996094e+00 -6.465873718261718750e+00
1.124850273132324219e+01 2.418114280700683594e+01 -2.519635963439941406e+01 1.278465986251831055e+00 -2.160084247589111328e+00 -6.227873802185058594e+00
1.127832412719726562e+01 2.413838577270507812e+01 -2.531628227233886719e+01 1.392342329025268555e+00 -2.165741920471191406e+00 -6.137900352478027344e+00
1.129273700714111328e+01 2.409303092956542969e+01 -2.542179107666015625e+01 1.412440538406372070e+00 -2.178876161575317383e+00 -6.343709468841552734e+00
1.132460784912109375e+01 2.403949737548828125e+01 -2.553428459167480469e+01 1.362368226051330566e+00 -2.372656106948852539e+00 -6.275617599487304688e+00
1.134630107879638672e+01 2.399818229675292969e+01 -2.565613937377929688e+01 1.354595899581909180e+00 -2.618091821670532227e+00 -6.110256195068359375e+00
1.137685775756835938e+01 2.392543029785156250e+01 -2.578567695617675781e+01 1.111930966377258301e+00 -2.730366945266723633e+00 -6.154848575592041016e+00
1.138210296630859375e+01 2.389410591125488281e+01 -2.590285110473632812e+01 1.200304508209228516e+00 -2.989964723587036133e+00 -6.122376918792724609e+00
1.139710426330566406e+01 2.382262611389160156e+01 -2.601649284362792969e+01 1.378471851348876953e+00 -3.068807125091552734e+00 -6.024557113647460938e+00
1.142503452301025391e+01 2.375749397277832031e+01 -2.612808227539062500e+01 1.314222931861877441e+00 -2.950345754623413086e+00 -6.013674736022949219e+00
1.145275688171386719e+01 2.370350265502929688e+01 -2.624601745605468750e+01 1.364774227142333984e+00 -2.917421102523803711e+00 -5.960544586181640625e+00
1.148650646209716797e+01 2.361780548095703125e+01 -2.640318107604980469e+01 1.028063416481018066e+00 -3.094760894775390625e+00 -6.096277236938476562e+00
1.151306056976318359e+01 2.355319404602050781e+01 -2.652254486083984375e+01 1.068387150764465332e+00 -3.276679515838623047e+00 -5.908666133880615234e+00
1.153519916534423828e+01 2.350720405578613281e+01 -2.662245368957519531e+01 1.157857298851013184e+00 -3.359395742416381836e+00 -5.765679836273193359e+00
1.155394268035888672e+01 2.343145561218261719e+01 -2.672459411621093750e+01 1.229807972908020020e+00 -3.251670122146606445e+00 -5.799311161041259766e+00
1.158313179016113281e+01 2.337301254272460938e+01 -2.684774017333984375e+01 1.178575396537780762e+00 -3.207060098648071289e+00 -5.834452152252197266e+00
1.160413551330566406e+01 2.332020759582519531e+01 -2.694473838806152344e+01 1.045668959617614746e+00 -3.166926860809326172e+00 -5.677044868469238281e+00
1.162543678283691406e+01 2.326635360717773438e+01 -2.706052970886230469e+01 1.060973525047302246e+00 -3.355083703994750977e+00 -5.630708217620849609e+00
1.164314842224121094e+01 2.320681571960449219e+01 -2.715968704223632812e+01 1.205719709396362305e+00 -3.419945240020751953e+00 -5.749511241912841797e+00
1.164972496032714844e+01 2.314666938781738281e+01 -2.726684570312500000e+01 1.054105877876281738e+00 -3.211225032806396484e+00 -5.759355545043945312e+00
1.166821289062500000e+01 2.308063507080078125e+01 -2.738512992858886719e+01 1.058210492134094238e+00 -3.130743503570556641e+00 -5.890999794006347656e+00
1.169809436798095703e+01 2.301404762268066406e+01 -2.748573684692382812e+01 9.676384329795837402e-01 -3.268530368804931641e+00 -6.100502490997314453e+00
1.171233463287353516e+01 2.295615196228027344e+01 -2.761272811889648438e+01 8.973166942596435547e-01 -3.228018999099731445e+00 -6.127191543579101562e+00
1.174390029907226562e+01 2.290287208557128906e+01 -2.772543525695800781e+01 1.085230231285095215e+00 -3.030211210250854492e+00 -5.939166545867919922e+00
1.177044391632080078e+01 2.285153007507324219e+01 -2.783705520629882812e+01 1.225605249404907227e+00 -2.969344139099121094e+00 -6.009117126464843750e+00
1.177780055999755859e+01 2.279090118408203125e+01 -2.795536041259765625e+01 1.071827054023742676e+00 -3.218233823776245117e+00 -6.221018791198730469e+00
1.180889415740966797e+01 2.272256660461425781e+01 -2.808570098876953125e+01 1.235746026039123535e+00 -3.270590066909790039e+00 -6.118905544281005859e+00
1.183557033538818359e+01 2.267056846618652344e+01 -2.820236015319824219e+01 1.044559836387634277e+00 -3.416828870773315430e+00 -6.153808116912841797e+00
1.184666919708251953e+01 2.260030364990234375e+01 -2.833724021911621094e+01 1.069466233253479004e+00 -3.595735073089599609e+00 -6.396599769592285156e+00
1.187332153320312500e+01 2.254763603210449219e+01 -2.846275329589843750e+01 1.100401759147644043e+00 -3.430279254913330078e+00 -6.326003551483154297e+00
1.191240596771240234e+01 2.246812057495117188e+01 -2.857345199584960938e+01 1.119375228881835938e+00 -3.438774108886718750e+00 -6.250204563140869141e+00
1.194838047027587891e+01 2.237726783752441406e+01 -2.875504112243652344e+01 8.512674570083618164e-01 -3.490533113479614258e+00 -6.130105495452880859e+00
1.195010852813720703e+01 2.230739974975585938e+01 -2.887176704406738281e+01 1.044204115867614746e+00 -3.503563165664672852e+00 -6.045037269592285156e+00
1.196077632904052734e+01 2.221881294250488281e+01 -2.898956108093261719e+01 9.550229310989379883e-01 -3.943609714508056641e+00 -6.195869445800781250e+00
1.198143005371093750e+01 2.214460372924804688e+01 -2.910794639587402344e+01 8.065796494483947754e-01 -4.174317836761474609e+00 -6.001935005187988281e+00
1.201292133331298828e+01 2.206459236145019531e+01 -2.922920989990234375e+01 1.045508742332458496e+00 -4.175163745880126953e+00 -5.932946205139160156e+00
1.202276802062988281e+01 2.198170089721679688e+01 -2.932822036743164062e+01 1.194722652435302734e+00 -4.182507514953613281e+00 -5.922416210174560547e+00
1.202704906463623047e+01 2.191696357727050781e+01 -2.944775390625000000e+01 1.080514430999755859e+00 -4.191608428955078125e+00 -5.952077865600585938e+00
1.206293296813964844e+01 2.181816673278808594e+01 -2.956803321838378906e+01 9.886449575424194336e-01 -4.318646430969238281e+00 -5.574821472167968750e+00
1.207441139221191406e+01 2.173651123046875000e+01 -2.967385101318359375e+01 9.079635143280029297e-01 -4.342833995819091797e+00 -5.475553035736083984e+00
1.209754276275634766e+01 2.165169143676757812e+01 -2.978895378112792969e+01 8.161802887916564941e-01 -4.507544517517089844e+00 -5.582560062408447266e+00
1.210886192321777344e+01 2.155932235717773438e+01 -2.989775276184082031e+01 8.937258720397949219e-01 -4.591851234436035156e+00 -5.546266078948974609e+00
1.212828159332275391e+01 2.147546768188476562e+01 -3.000435829162597656e+01 8.752883076667785645e-01 -4.674382209777832031e+00 -5.395700454711914062e+00
1.214904689788818359e+01 2.137595176696777344e+01 -3.010373306274414062e+01 6.304797530174255371e-01 -5.052291393280029297e+00 -5.306241989135742188e+00
1.216525173187255859e+01 2.126298904418945312e+01 -3.019667243957519531e+01 6.053868532180786133e-01 -5.277482509613037109e+00 -5.030602931976318359e+00
1.217467021942138672e+01 2.117192840576171875e+01 -3.029327392578125000e+01 6.135097742080688477e-01 -5.915319919586181641e+00 -4.693223476409912109e+00
1.217987346649169922e+01 2.104560470581054688e+01 -3.038860702514648438e+01 2.357991188764572144e-01 -6.823344230651855469e+00 -4.221867084503173828e+00
1.218320178985595703e+01 2.091450500488281250e+01 -3.046232414245605469e+01 -7.472915202379226685e-02 -7.891105175018310547e+00 -3.175008296966552734e+00
1.216334629058837891e+01 2.075138473510742188e+01 -3.049375724792480469e+01 -4.102164804935455322e-01 -8.458883285522460938e+00 -1.520985603332519531e+00
1.215467643737792969e+01 2.058376884460449219e+01 -3.048253440856933594e+01 -5.985268950462341309e-01 -8.249981880187988281e+00 6.162100434303283691e-01
1.214499950408935547e+01 2.040541458129882812e+01 -3.044828224182128906e+01 -6.859207153320312500e-01 -6.652276515960693359e+00 2.083171129226684570e+00
1.211913776397705078e+01 2.026682281494140625e+01 -3.036403656005859375e+01 -5.949485301971435547e-01 -4.971113681793212891e+00 2.514671564102172852e+00
1.211376667022705078e+01 2.012731361389160156e+01 -3.021075630187988281e+01 -5.099803581833839417e-02 -3.475424528121948242e+00 2.118207454681396484e+00
1.208086585998535156e+01 2.007587432861328125e+01 -3.011590957641601562e+01 -8.924467861652374268e-02 -2.605990171432495117e+00 2.010888099670410156e+00
1.207813835144042969e+01 2.003558349609375000e+01 -3.004253196716308594e+01 1.506726592779159546e-01 -1.867358684539794922e+00 2.098085403442382812e+00
1.207675266265869141e+01 2.001704406738281250e+01 -2.998322677612304688e+01 2.118588984012603760e-01 -1.366268038749694824e+00 1.856406569480895996e+00
1.207576560974121094e+01 2.002397155761718750e+01 -2.994122123718261719e+01 3.868515491485595703e-01 -7.862159609794616699e-01 1.308389782905578613e+00
1.208939075469970703e+01 2.003214073181152344e+01 -2.992186546325683594e+01 4.910077452659606934e-01 -1.238514855504035950e-01 6.018479466438293457e-01
1.210613536834716797e+01 2.005498886108398438e+01 -2.993634414672851562e+01 8.025428056716918945e-01 3.076846301555633545e-01 -1.418700665235519409e-01
1.213772296905517578e+01 2.008345413208007812e+01 -2.996866416931152344e+01 1.159466266632080078e+00 6.211505532264709473e-01 -9.746404290199279785e-01
1.217762374877929688e+01 2.010179519653320312e+01 -3.002177047729492188e+01 1.207970142364501953e+00 7.800353765487670898e-01 -1.560654640197753906e+00
1.221564102172851562e+01 2.015737342834472656e+01 -3.008434104919433594e+01 1.358410477638244629e+00 1.064540743827819824e+00 -2.274337291717529297e+00
1.222966480255126953e+01 2.018391418457031250e+01 -3.015400695800781250e+01 1.230309963226318359e+00 1.160528063774108887e+00 -2.790380716323852539e+00
1.226196670532226562e+01 2.020541954040527344e+01 -3.024786758422851562e+01 1.490563988685607910e+00 1.266066074371337891e+00 -3.316804409027099609e+00
1.229036903381347656e+01 2.023776817321777344e+01 -3.034766769409179688e+01 1.688920140266418457e+00 1.472808599472045898e+00 -3.903784513473510742e+00
1.234639835357666016e+01 2.025569915771484375e+01 -3.045688056945800781e+01 1.340521693229675293e+00 1.440668702125549316e+00 -4.253840923309326172e+00
1.237352275848388672e+01 2.028869056701660156e+01 -3.056423568725585938e+01 1.428979396820068359e+00 1.226589083671569824e+00 -4.727075576782226562e+00
1.241825866699218750e+01 2.032632827758789062e+01 -3.069358444213867188e+01 1.570424437522888184e+00 1.043841958045959473e+00 -4.819181919097900391e+00
1.245727062225341797e+01 2.035356521606445312e+01 -3.080507469177246094e+01 1.557314038276672363e+00 9.269363284111022949e-01 -5.056751728057861328e+00
1.248321533203125000e+01 2.036144065856933594e+01 -3.092203712463378906e+01 1.729452729225158691e+00 1.012435674667358398e+00 -5.276557445526123047e+00
1.251788616180419922e+01 2.036835861206054688e+01 -3.104397010803222656e+01 1.563107013702392578e+00 1.154743194580078125e+00 -5.228443145751953125e+00
1.256233882904052734e+01 2.039567947387695312e+01 -3.115297889709472656e+01 1.441973090171813965e+00 1.520862936973571777e+00 -5.509102821350097656e+00
1.261039829254150391e+01 2.041938400268554688e+01 -3.126331138610839844e+01 1.635635852813720703e+00 1.705618739128112793e+00 -5.896200656890869141e+00
1.264905071258544922e+01 2.046110916137695312e+01 -3.143625640869140625e+01 1.569964051246643066e+00 1.302481532096862793e+00 -6.098394870758056641e+00
1.267048549652099609e+01 2.050356292724609375e+01 -3.157000732421875000e+01 1.762360572814941406e+00 1.312780857086181641e+00 -6.124981403350830078e+00
1.268607234954833984e+01 2.052441406250000000e+01 -3.167643547058105469e+01 1.843581557273864746e+00 1.338808059692382812e+00 -6.078694820404052734e+00
1.272598457336425781e+01 2.053696632385253906e+01 -3.181254005432128906e+01 1.764212369918823242e+00 1.089582324028015137e+00 -6.401384830474853516e+00
1.277383518218994141e+01 2.055505561828613281e+01 -3.193389511108398438e+01 2.001601934432983398e+00 1.058509707450866699e+00 -6.396872520446777344e+00
1.281726169586181641e+01 2.058619689941406250e+01 -3.206920242309570312e+01 1.890048265457153320e+00 1.023084163665771484e+00 -6.568063735961914062e+00
1.285714626312255859e+01 2.061498260498046875e+01 -3.220853042602539062e+01 1.703233718872070312e+00 1.113744258880615234e+00 -6.766748905181884766e+00
1.288905906677246094e+01 2.065035247802734375e+01 -3.234531784057617188e+01 1.707714080810546875e+00 1.157143115997314453e+00 -7.108973026275634766e+00
1.294082736968994141e+01 2.067930793762207031e+01 -3.249501800537109375e+01 1.778304338455200195e+00 1.149431943893432617e+00 -7.147859096527099609e+00
1.295483016967773438e+01 2.070858001708984375e+01 -3.263451766967773438e+01 1.716527104377746582e+00 7.460579276084899902e-01 -7.099466800689697266e+00
1.297945690155029297e+01 2.070972824096679688e+01 -3.278249740600585938e+01 1.757856845855712891e+00 3.857140243053436279e-01 -7.240399360656738281e+00
1.301341819763183594e+01 2.069437026977539062e+01 -3.293481445312500000e+01 1.751587390899658203e+00 4.526422619819641113e-01 -7.388616561889648438e+00
1.305961608886718750e+01 2.068460655212402344e+01 -3.307685852050781250e+01 1.995080947875976562e+00 4.093259871006011963e-01 -7.446277618408203125e+00
1.310405349731445312e+01 2.068847274780273438e+01 -3.322885894775390625e+01 2.171754598617553711e+00 4.096864759922027588e-01 -7.585824489593505859e+00
1.318015384674072266e+01 2.069651412963867188e+01 -3.338240814208984375e+01 2.190474510192871094e+00 6.085272431373596191e-01 -7.700017452239990234e+00
1.321884155273437500e+01 2.073168563842773438e+01 -3.353522491455078125e+01 2.150776386260986328e+00 7.545614242553710938e-01 -7.631678104400634766e+00
1.323643684387207031e+01 2.075271797180175781e+01 -3.368805694580078125e+01 1.989304184913635254e+00 5.092159509658813477e-01 -7.720552921295166016e+00
1.325125217437744141e+01 2.078454971313476562e+01 -3.382267761230468750e+01 1.706241250038146973e+00 3.114431798458099365e-01 -7.620964527130126953e+00
1.326655578613281250e+01 2.076813697814941406e+01 -3.396501159667968750e+01 1.657926678657531738e+00 -2.830445580184459686e-02 -7.605309009552001953e+00
1.330336666107177734e+01 2.075402832031250000e+01 -3.411740875244140625e+01 1.814388036727905273e+00 -3.057759702205657959e-01 -7.650354385375976562e+00
1.334253501892089844e+01 2.071795845031738281e+01 -3.425955963134765625e+01 1.784179925918579102e+00 -4.295425713062286377e-01 -7.356148719787597656e+00
1.342224121093750000e+01 2.071643638610839844e+01 -3.447324752807617188e+01 1.971288442611694336e+00 -3.245197534561157227e-01 -7.145430088043212891e+00
1.346536827087402344e+01 2.070927619934082031e+01 -3.461065673828125000e+01 1.837773680686950684e+00 -4.649888575077056885e-01 -6.938761711120605469e+00
1.349800300598144531e+01 2.069064712524414062e+01 -3.474509429931640625e+01 1.712501645088195801e+00 -5.878473520278930664e-01 -6.776647567749023438e+00
1.351466846466064453e+01 2.068588447570800781e+01 -3.486703109741210938e+01 1.563622117042541504e+00 -6.969718933105468750e-01 -6.759280681610107422e+00
1.354489707946777344e+01 2.067260932922363281e+01 -3.500317382812500000e+01 1.338189363479614258e+00 -8.534199595451354980e-01 -6.416745662689208984e+00
1.357774448394775391e+01 2.063045501708984375e+01 -3.511797714233398438e+01 1.596298336982727051e+00 -8.550072312355041504e-01 -6.433486461639404297e+00
1.360299015045166016e+01 2.060980415344238281e+01 -3.523654174804687500e+01 1.644665002822875977e+00 -7.678232789039611816e-01 -6.201856613159179688e+00
1.363072299957275391e+01 2.058174705505371094e+01 -3.535257339477539062e+01 1.649457216262817383e+00 -7.649015188217163086e-01 -6.097324848175048828e+00
1.367409515380859375e+01 2.057626533508300781e+01 -3.545689773559570312e+01 1.474395751953125000e+00 -5.239797830581665039e-01 -6.055197238922119141e+00
1.368848133087158203e+01 2.057391929626464844e+01 -3.557345581054687500e+01 1.478325009346008301e+00 -4.791900217533111572e-01 -6.002298355102539062e+00
1.372215843200683594e+01 2.055406188964843750e+01 -3.568350219726562500e+01 1.344050288200378418e+00 -3.446228802204132080e-01 -6.035653114318847656e+00
1.374676132202148438e+01 2.057365036010742188e+01 -3.579701995849609375e+01 1.352512240409851074e+00 -4.764530956745147705e-01 -6.055078983306884766e+00
1.376872158050537109e+01 2.055285835266113281e+01 -3.591585159301757812e+01 1.484453916549682617e+00 -4.859195351600646973e-01 -6.117949008941650391e+00
1.380393695831298828e+01 2.053979301452636719e+01 -3.601850891113281250e+01 1.482018113136291504e+00 -2.894593775272369385e-01 -6.197416305541992188e+00
1.382812023162841797e+01 2.054354858398437500e+01 -3.613853454589843750e+01 1.735532283782958984e+00 7.632192969322204590e-02 -6.473556995391845703e+00
1.386554527282714844e+01 2.054621887207031250e+01 -3.628162384033203125e+01 1.710737824440002441e+00 5.043475627899169922e-01 -6.930153846740722656e+00
1.389817523956298828e+01 2.056413459777832031e+01 -3.641511535644531250e+01 1.771275043487548828e+00 1.542853266000747681e-01 -7.428025245666503906e+00
1.393510627746582031e+01 2.056667327880859375e+01 -3.655673980712890625e+01 1.688226222991943359e+00 -3.406876623630523682e-01 -8.046004295349121094e+00
1.396129989624023438e+01 2.056435966491699219e+01 -3.673292541503906250e+01 1.509230375289916992e+00 -1.512410402297973633e+00 -8.541651725769042969e+00
1.397724628448486328e+01 2.050107955932617188e+01 -3.690971755981445312e+01 1.425374031066894531e+00 -2.187381744384765625e+00 -8.069313049316406250e+00
1.399503707885742188e+01 2.042247009277343750e+01 -3.708115005493164062e+01 1.656448721885681152e+00 -2.356321811676025391e+00 -7.223204135894775391e+00
1.405879306793212891e+01 2.030245780944824219e+01 -3.730207061767578125e+01 1.725182533264160156e+00 -2.286889314651489258e+00 -6.839611053466796875e+00
1.410269546508789062e+01 2.023376464843750000e+01 -3.744807052612304688e+01 1.893415212631225586e+00 -2.265690088272094727e+00 -6.314289569854736328e+00
1.413868141174316406e+01 2.016624069213867188e+01 -3.755754470825195312e+01 1.953804373741149902e+00 -2.139221668243408203e+00 -6.032108306884765625e+00
1.419565296173095703e+01 2.013437461853027344e+01 -3.766364669799804688e+01 1.832824826240539551e+00 -1.771148324012756348e+00 -5.682888507843017578e+00
1.422978878021240234e+01 2.012230873107910156e+01 -3.774916458129882812e+01 1.626512885093688965e+00 -1.214464783668518066e+00 -5.530246257781982422e+00
1.426426506042480469e+01 2.012437248229980469e+01 -3.783389282226562500e+01 1.451018691062927246e+00 -6.791487932205200195e-01 -5.273984432220458984e+00
1.426127624511718750e+01 2.013369369506835938e+01 -3.793106079101562500e+01 1.124732255935668945e+00 -6.597080230712890625e-01 -5.149263858795166016e+00
1.425811672210693359e+01 2.014787864685058594e+01 -3.801306152343750000e+01 6.903412938117980957e-01 -6.448911428451538086e-01 -5.102874279022216797e+00
1.425493907928466797e+01 2.013944244384765625e+01 -3.810416793823242188e+01 6.453406214714050293e-01 -5.499154329299926758e-01 -4.725925445556640625e+00
1.427223110198974609e+01 2.013532829284667969e+01 -3.818633651733398438e+01 7.064191102981567383e-01 -7.084449529647827148e-01 -4.733850479125976562e+00
1.429887008666992188e+01 2.012593078613281250e+01 -3.826053619384765625e+01 8.422088623046875000e-01 -5.807969570159912109e-01 -4.576572895050048828e+00
1.430283546447753906e+01 2.012778282165527344e+01 -3.835820770263671875e+01 1.162731170654296875e+00 -4.989600479602813721e-01 -4.627113342285156250e+00
1.434848022460937500e+01 2.011515426635742188e+01 -3.844549942016601562e+01 1.419787764549255371e+00 -4.448072910308837891e-01 -4.668142318725585938e+00
1.439577388763427734e+01 2.011410331726074219e+01 -3.853293228149414062e+01 1.366354346275329590e+00 -2.600219249725341797e-01 -4.627954483032226562e+00
1.441165447235107422e+01 2.013393592834472656e+01 -3.860445785522460938e+01 1.386732578277587891e+00 -3.422727584838867188e-01 -4.496489524841308594e+00
1.443457221984863281e+01 2.012024688720703125e+01 -3.867911911010742188e+01 1.313202381134033203e+00 -3.728508055210113525e-01 -4.066030502319335938e+00
1.445086288452148438e+01 2.010861778259277344e+01 -3.875971984863281250e+01 1.303686499595642090e+00 -4.417389333248138428e-01 -4.112569808959960938e+00
1.447730636596679688e+01 2.011088562011718750e+01 -3.883800888061523438e+01 1.293517947196960449e+00 -6.403715610504150391e-01 -3.958512783050537109e+00
1.448589611053466797e+01 2.009927558898925781e+01 -3.890940856933593750e+01 1.204975485801696777e+00 -8.788790106773376465e-01 -3.876910686492919922e+00
1.451395320892333984e+01 2.007684326171875000e+01 -3.898383712768554688e+01 1.265517830848693848e+00 -6.871913671493530273e-01 -3.809428453445434570e+00
1.456446647644042969e+01 2.005372238159179688e+01 -3.907135772705078125e+01 1.346412658691406250e+00 -4.517341256141662598e-01 -3.712886333465576172e+00
1.463077259063720703e+01 2.005461311340332031e+01 -3.916859817504882812e+01 1.187805771827697754e+00 -2.834664881229400635e-01 -3.484986305236816406e+00
1.465332508087158203e+01 2.006865119934082031e+01 -3.924320602416992188e+01 1.124465703964233398e+00 -2.150363028049468994e-01 -3.380405902862548828e+00
1.465390205383300781e+01 2.007505607604980469e+01 -3.931294250488281250e+01 1.055446743965148926e+00 -1.004621610045433044e-01 -3.214331626892089844e+00
1.464107704162597656e+01 2.007162094116210938e+01 -3.938094711303710938e+01 7.249094247817993164e-01 -2.772241532802581787e-01 -3.224676847457885742e+00
1.462725543975830078e+01 2.005917358398437500e+01 -3.943170547485351562e+01 3.850723803043365479e-01 -5.837605595588684082e-01 -3.124700546264648438e+00
1.460656738281250000e+01 2.002666854858398438e+01 -3.948944473266601562e+01 9.054273366928100586e-02 -7.757297158241271973e-01 -3.040754318237304688e+00
1.460248756408691406e+01 1.996722984313964844e+01 -3.953697967529296875e+01 2.913925051689147949e-01 -1.057078719139099121e+00 -2.788915872573852539e+00
1.462912368774414062e+01 1.992016410827636719e+01 -3.959625625610351562e+01 7.429923415184020996e-01 -1.294962167739868164e+00 -2.671424627304077148e+00
1.465398120880126953e+01 1.986426544189453125e+01 -3.963930511474609375e+01 1.147250294685363770e+00 -1.324818372726440430e+00 -2.501288890838623047e+00
1.470206165313720703e+01 1.984095764160156250e+01 -3.968858718872070312e+01 1.298372387886047363e+00 -1.080168962478637695e+00 -2.250858306884765625e+00
1.475509738922119141e+01 1.982865142822265625e+01 -3.972845077514648438e+01 1.637078404426574707e+00 -4.114870429039001465e-01 -2.402106761932373047e+00
1.481720829010009766e+01 1.984190750122070312e+01 -3.979956817626953125e+01 1.436410427093505859e+00 -1.672904193401336670e-01 -2.397605180740356445e+00
1.483152008056640625e+01 1.986226654052734375e+01 -3.984147262573242188e+01 1.387404441833496094e+00 3.466508388519287109e-01 -2.488811254501342773e+00
1.486568641662597656e+01 1.989840888977050781e+01 -3.989723968505859375e+01 1.072944283485412598e+00 7.214926481246948242e-01 -2.513828992843627930e+00
1.486290645599365234e+01 1.992432975769042969e+01 -3.996281051635742188e+01 8.270614743232727051e-01 9.456139802932739258e-01 -2.802721977233886719e+00
1.487362575531005859e+01 1.995627593994140625e+01 -4.001355361938476562e+01 5.406035780906677246e-01 8.093183040618896484e-01 -2.804345607757568359e+00
1.486779022216796875e+01 1.996313476562500000e+01 -4.006877517700195312e+01 5.286907553672790527e-01 4.946241676807403564e-01 -2.894033193588256836e+00
1.486887454986572266e+01 1.997899818420410156e+01 -4.014665222167968750e+01 6.231806278228759766e-01 4.064251482486724854e-01 -3.093670845031738281e+00
1.489010238647460938e+01 1.997571372985839844e+01 -4.020843505859375000e+01 8.674108982086181641e-01 2.088356465101242065e-01 -3.359519720077514648e+00
1.492144012451171875e+01 1.996656036376953125e+01 -4.026932907104492188e+01 1.147821426391601562e+00 1.838627457618713379e-01 -3.206959486007690430e+00
1.497425842285156250e+01 1.996199035644531250e+01 -4.036983108520507812e+01 1.514158606529235840e+00 2.792008817195892334e-01 -3.225507736206054688e+00
1.502350139617919922e+01 1.998082542419433594e+01 -4.043162155151367188e+01 1.584898591041564941e+00 2.396880537271499634e-01 -3.243431091308593750e+00
1.505495452880859375e+01 1.998396682739257812e+01 -4.052312850952148438e+01 1.351553678512573242e+00 4.710325896739959717e-01 -3.369641304016113281e+00
1.505848789215087891e+01 2.000963401794433594e+01 -4.059370803833007812e+01 1.079123616218566895e+00 4.622080624103546143e-01 -3.525356769561767578e+00
1.507678413391113281e+01 2.001963996887207031e+01 -4.064736557006835938e+01 1.083699107170104980e+00 5.551424026489257812e-01 -3.491881132125854492e+00
1.508844470977783203e+01 2.001012420654296875e+01 -4.072849273681640625e+01 9.656068682670593262e-01 2.857830822467803955e-01 -3.664977073669433594e+00
1.512329769134521484e+01 2.000879287719726562e+01 -4.080651855468750000e+01 8.709482550621032715e-01 2.258148193359375000e-01 -3.762743473052978516e+00
1.514570522308349609e+01 2.001368522644042969e+01 -4.088780212402343750e+01 1.085730791091918945e+00 2.949898838996887207e-01 -4.049776077270507812e+00
1.517175483703613281e+01 2.002430343627929688e+01 -4.096998214721679688e+01 1.509017705917358398e+00 3.442600741982460022e-02 -4.192942142486572266e+00
1.521351242065429688e+01 2.004797935485839844e+01 -4.105840682983398438e+01 1.415241837501525879e+00 9.654585272073745728e-02 -4.305122375488281250e+00
1.524562072753906250e+01 2.006075096130371094e+01 -4.114776611328125000e+01 1.491039037704467773e+00 4.206700921058654785e-01 -4.388011932373046875e+00
1.528553009033203125e+01 2.006533050537109375e+01 -4.124695205688476562e+01 1.425213694572448730e+00 4.456773102283477783e-01 -4.662074565887451172e+00
1.529659366607666016e+01 2.009066963195800781e+01 -4.134987640380859375e+01 1.335454344749450684e+00 3.253518044948577881e-01 -4.661543846130371094e+00
1.532875537872314453e+01 2.011483764648437500e+01 -4.144705200195312500e+01 1.127613306045532227e+00 1.230168901383876801e-02 -4.989783763885498047e+00
1.532923126220703125e+01 2.012076187133789062e+01 -4.156513595581054688e+01 1.170522212982177734e+00 -3.011100590229034424e-01 -5.024885177612304688e+00
1.532752418518066406e+01 2.010242843627929688e+01 -4.166400146484375000e+01 1.133437871932983398e+00 -3.727022409439086914e-01 -5.018040657043457031e+00
1.535544776916503906e+01 2.007599639892578125e+01 -4.176329421997070312e+01 1.120163917541503906e+00 -6.361707448959350586e-01 -4.909433841705322266e+00
1.536623096466064453e+01 2.001730346679687500e+01 -4.185056304931640625e+01 1.329145789146423340e+00 -8.393884301185607910e-01 -5.042746067047119141e+00
1.540357208251953125e+01 1.999900245666503906e+01 -4.196461868286132812e+01 1.263337969779968262e+00 -1.089937806129455566e+00 -4.916367530822753906e+00
1.542033195495605469e+01 1.996260643005371094e+01 -4.205604934692382812e+01 1.330474853515625000e+00 -1.218838334083557129e+00 -4.953377723693847656e+00
1.548009300231933594e+01 1.993102455139160156e+01 -4.214879608154296875e+01 1.353682160377502441e+00 -1.302767276763916016e+00 -4.971724987030029297e+00
1.553916931152343750e+01 1.990703201293945312e+01 -4.228807449340820312e+01 1.317965269088745117e+00 -1.241335272789001465e+00 -4.848795413970947266e+00
1.558430957794189453e+01 1.989603233337402344e+01 -4.238768386840820312e+01 1.393539547920227051e+00 -1.229660630226135254e+00 -4.840933799743652344e+00
1.559489631652832031e+01 1.988269233703613281e+01 -4.245925903320312500e+01 1.299227476119995117e+00 -1.072619915008544922e+00 -4.669438838958740234e+00
1.561550045013427734e+01 1.986164283752441406e+01 -4.255575561523437500e+01 9.801735281944274902e-01 -1.145824909210205078e+00 -4.501945018768310547e+00
1.561099529266357422e+01 1.985631752014160156e+01 -4.264099121093750000e+01 8.858497142791748047e-01 -1.425509452819824219e+00 -4.195683479309082031e+00
1.559934806823730469e+01 1.982455062866210938e+01 -4.272513961791992188e+01 6.642309427261352539e-01 -1.632447957992553711e+00 -4.163722038269042969e+00
1.560530567169189453e+01 1.978462409973144531e+01 -4.279697036743164062e+01 5.931820273399353027e-01 -1.913830757141113281e+00 -4.168903350830078125e+00
1.559257984161376953e+01 1.973793601989746094e+01 -4.287705230712890625e+01 7.832570672035217285e-01 -2.057847261428833008e+00 -4.183855533599853516e+00
1.560828208923339844e+01 1.968387413024902344e+01 -4.295433044433593750e+01 1.030761480331420898e+00 -2.101872920989990234e+00 -4.001389503479003906e+00
1.564770698547363281e+01 1.963007736206054688e+01 -4.303490447998046875e+01 1.143319487571716309e+00 -2.064108848571777344e+00 -3.754487276077270508e+00
1.568400573730468750e+01 1.957585716247558594e+01 -4.310168838500976562e+01 1.179572820663452148e+00 -2.114718914031982422e+00 -3.671667575836181641e+00
1.572110366821289062e+01 1.954909896850585938e+01 -4.318558120727539062e+01 1.055407285690307617e+00 -1.801557183265686035e+00 -3.717338085174560547e+00
1.576925468444824219e+01 1.953150558471679688e+01 -4.325533294677734375e+01 1.174128890037536621e+00 -1.589936375617980957e+00 -3.811301946640014648e+00
1.577777671813964844e+01 1.951261138916015625e+01 -4.332413864135742188e+01 1.160629510879516602e+00 -1.487211465835571289e+00 -3.770777702331542969e+00
1.580023097991943359e+01 1.948147392272949219e+01 -4.340855789184570312e+01 1.147661328315734863e+00 -1.620815753936767578e+00 -3.587695121765136719e+00
1.582117938995361328e+01 1.945372772216796875e+01 -4.346900939941406250e+01 8.937082290649414062e-01 -1.647010207176208496e+00 -3.793200969696044922e+00
1.582124328613281250e+01 1.942509841918945312e+01 -4.354404830932617188e+01 9.518207311630249023e-01 -1.660742998123168945e+00 -3.800415992736816406e+00
1.585731983184814453e+01 1.940190696716308594e+01 -4.360750961303710938e+01 8.600736260414123535e-01 -1.612576007843017578e+00 -3.818386554718017578e+00
1.588786506652832031e+01 1.938218498229980469e+01 -4.367874145507812500e+01 1.033985376358032227e+00 -1.443106174468994141e+00 -3.681673288345336914e+00
1.589838409423828125e+01 1.937407302856445312e+01 -4.375894165039062500e+01 1.272283911705017090e+00 -1.170954942703247070e+00 -3.740850448608398438e+00
1.591758728027343750e+01 1.937310791015625000e+01 -4.382093429565429688e+01 1.127653837203979492e+00 -1.083847165107727051e+00 -3.660445213317871094e+00
1.593245697021484375e+01 1.936053466796875000e+01 -4.393399047851562500e+01 6.760554313659667969e-01 -1.265150308609008789e+00 -3.661997079849243164e+00
1.594665241241455078e+01 1.933446311950683594e+01 -4.401118469238281250e+01 8.781265616416931152e-01 -1.082605361938476562e+00 -3.662444353103637695e+00
1.597071456909179688e+01 1.931260681152343750e+01 -4.409154510498046875e+01 1.026377677917480469e+00 -1.244609832763671875e+00 -3.788017272949218750e+00
1.597154045104980469e+01 1.927915382385253906e+01 -4.414975738525390625e+01 1.094514012336730957e+00 -1.371054530143737793e+00 -3.820742845535278320e+00
1.600456237792968750e+01 1.924921417236328125e+01 -4.424104690551757812e+01 1.084561109542846680e+00 -1.205993890762329102e+00 -3.752105474472045898e+00
1.602288436889648438e+01 1.921700668334960938e+01 -4.430277633666992188e+01 1.086890459060668945e+00 -1.022824048995971680e+00 -3.594014644622802734e+00
1.604730415344238281e+01 1.920268058776855469e+01 -4.437373352050781250e+01 1.131856560707092285e+00 -1.180548906326293945e+00 -3.729063749313354492e+00
1.606630516052246094e+01 1.918169212341308594e+01 -4.445041275024414062e+01 9.632028341293334961e-01 -1.228571295738220215e+00 -3.880499839782714844e+00
1.609261512756347656e+01 1.914914703369140625e+01 -4.452072525024414062e+01 7.713325619697570801e-01 -1.105437636375427246e+00 -3.775176763534545898e+00
1.609895324707031250e+01 1.911667251586914062e+01 -4.458444976806640625e+01 1.088874101638793945e+00 -9.844927787780761719e-01 -4.010643959045410156e+00
1.615167808532714844e+01 1.911161422729492188e+01 -4.466450881958007812e+01 1.243803858757019043e+00 -8.771085739135742188e-01 -4.208734035491943359e+00
