1.895255446434020996e+00 3.547525644302368164e+00 -1.907352209091186523e+00
1.914378523826599121e+00 3.611204147338867188e+00 -1.938626408576965332e+00
1.943987846374511719e+00 3.649136543273925781e+00 -1.956310510635375977e+00
1.977046728134155273e+00 3.703626155853271484e+00 -1.966666698455810547e+00
1.995799660682678223e+00 3.748344659805297852e+00 -1.995548129081726074e+00
2.021727323532104492e+00 3.813843250274658203e+00 -1.999646782875061035e+00
2.027757883071899414e+00 3.874578475952148438e+00 -2.022310733795166016e+00
2.053476810455322266e+00 3.934915542602539062e+00 -2.037661314010620117e+00
2.071359634399414062e+00 3.984815835952758789e+00 -2.059688806533813477e+00
2.098323822021484375e+00 4.003252506256103516e+00 -2.055863380432128906e+00
2.111070156097412109e+00 4.075048446655273438e+00 -2.066946029663085938e+00
2.169779539108276367e+00 4.153201580047607422e+00 -2.101850271224975586e+00
2.180494785308837891e+00 4.209598064422607422e+00 -2.106094360351562500e+00
2.206374406814575195e+00 4.268188953399658203e+00 -2.120858669281005859e+00
2.217383146286010742e+00 4.312409877777099609e+00 -2.130370616912841797e+00
2.271885871887207031e+00 4.373896121978759766e+00 -2.151682138442993164e+00
2.277958869934082031e+00 4.433036804199218750e+00 -2.154909610748291016e+00
2.288856267929077148e+00 4.508520126342773438e+00 -2.164383888244628906e+00
2.301237344741821289e+00 4.566229343414306641e+00 -2.169435262680053711e+00
2.336755752563476562e+00 4.626575946807861328e+00 -2.175029516220092773e+00
2.360758781433105469e+00 4.716794490814208984e+00 -2.188730716705322266e+00
2.387359142303466797e+00 4.781289100646972656e+00 -2.198670625686645508e+00
2.396121740341186523e+00 4.859566211700439453e+00 -2.210964679718017578e+00
2.416210412979125977e+00 4.919806480407714844e+00 -2.224007844924926758e+00
2.443360567092895508e+00 5.015557765960693359e+00 -2.230290412902832031e+00
2.449785232543945312e+00 5.061607360839843750e+00 -2.236619472503662109e+00
2.488384723663330078e+00 5.155273437500000000e+00 -2.221582889556884766e+00
2.502927541732788086e+00 5.265161514282226562e+00 -2.239806413650512695e+00
2.533449649810791016e+00 5.322857379913330078e+00 -2.255977153778076172e+00
2.546461105346679688e+00 5.418559074401855469e+00 -2.255970478057861328e+00
2.585567951202392578e+00 5.505957603454589844e+00 -2.259762048721313477e+00
2.590736627578735352e+00 5.598330020904541016e+00 -2.270109653472900391e+00
2.647427082061767578e+00 5.739166736602783203e+00 -2.288022518157958984e+00
2.663597106933593750e+00 5.828276634216308594e+00 -2.284750699996948242e+00
2.691171407699584961e+00 5.925249576568603516e+00 -2.289438486099243164e+00
2.713404417037963867e+00 6.040094852447509766e+00 -2.276899576187133789e+00
2.727388143539428711e+00 6.133019447326660156e+00 -2.277678251266479492e+00
2.765552043914794922e+00 6.211802482604980469e+00 -2.278939008712768555e+00
2.778887271881103516e+00 6.327828407287597656e+00 -2.284221649169921875e+00
2.812323808670043945e+00 6.420236110687255859e+00 -2.281750679016113281e+00
2.862499713897705078e+00 6.540662765502929688e+00 -2.285529375076293945e+00
2.890969038009643555e+00 6.631025314331054688e+00 -2.286068439483642578e+00
2.900174617767333984e+00 6.764198303222656250e+00 -2.302302360534667969e+00
2.918876171112060547e+00 6.866358757019042969e+00 -2.293492794036865234e+00
2.963524818420410156e+00 6.986870288848876953e+00 -2.278117179870605469e+00
2.980641603469848633e+00 7.122365951538085938e+00 -2.283789157867431641e+00
3.027146100997924805e+00 7.233467102050781250e+00 -2.287673950195312500e+00
3.061411857604980469e+00 7.374349117279052734e+00 -2.299148082733154297e+00
3.091440200805664062e+00 7.498805999755859375e+00 -2.283860683441162109e+00
3.115625381469726562e+00 7.633548259735107422e+00 -2.289531230926513672e+00
3.134557008743286133e+00 7.763582706451416016e+00 -2.304157733917236328e+00
3.170602083206176758e+00 7.884929656982421875e+00 -2.289636611938476562e+00
3.191945314407348633e+00 8.015357971191406250e+00 -2.282356262207031250e+00
3.254324913024902344e+00 8.225917816162109375e+00 -2.305118560791015625e+00
3.274809837341308594e+00 8.386442184448242188e+00 -2.297886133193969727e+00
3.314912796020507812e+00 8.546738624572753906e+00 -2.298827886581420898e+00
3.352365970611572266e+00 8.713666915893554688e+00 -2.300116300582885742e+00
3.361975908279418945e+00 8.865114212036132812e+00 -2.296891212463378906e+00
3.400013685226440430e+00 9.005638122558593750e+00 -2.297102689743041992e+00
3.435162305831909180e+00 9.177509307861328125e+00 -2.289332866668701172e+00
3.480041742324829102e+00 9.320119857788085938e+00 -2.306880235671997070e+00
3.511594057083129883e+00 9.495592117309570312e+00 -2.299165010452270508e+00
3.561310529708862305e+00 9.667726516723632812e+00 -2.306189775466918945e+00
3.575271129608154297e+00 9.813299179077148438e+00 -2.315526008605957031e+00
3.621789693832397461e+00 1.000023078918457031e+01 -2.321058273315429688e+00
3.672196626663208008e+00 1.016982841491699219e+01 -2.309189558029174805e+00
3.721393585205078125e+00 1.035356521606445312e+01 -2.336557865142822266e+00
3.746624708175659180e+00 1.056101131439208984e+01 -2.315288305282592773e+00
3.776348829269409180e+00 1.074199962615966797e+01 -2.331335067749023438e+00
3.813740968704223633e+00 1.093243026733398438e+01 -2.334670066833496094e+00
3.848361015319824219e+00 1.110783576965332031e+01 -2.340341567993164062e+00
3.890923500061035156e+00 1.132119846343994141e+01 -2.357254505157470703e+00
3.929753065109252930e+00 1.152684783935546875e+01 -2.371027231216430664e+00
3.980403184890747070e+00 1.184062194824218750e+01 -2.383814096450805664e+00
4.035206317901611328e+00 1.206168746948242188e+01 -2.405721187591552734e+00
4.062907695770263672e+00 1.228875637054443359e+01 -2.414491653442382812e+00
4.116040706634521484e+00 1.252134132385253906e+01 -2.436909437179565430e+00
4.165711402893066406e+00 1.274142265319824219e+01 -2.440878391265869141e+00
4.205186367034912109e+00 1.297271156311035156e+01 -2.465646028518676758e+00
4.256908893585205078e+00 1.321788501739501953e+01 -2.500539541244506836e+00
4.300449848175048828e+00 1.346350193023681641e+01 -2.521069765090942383e+00
4.334790706634521484e+00 1.369452667236328125e+01 -2.551479101181030273e+00
4.419328212738037109e+00 1.395593547821044922e+01 -2.570104598999023438e+00
4.481214046478271484e+00 1.420529460906982422e+01 -2.593449592590332031e+00
4.534085750579833984e+00 1.448444652557373047e+01 -2.619752168655395508e+00
4.574840545654296875e+00 1.477576160430908203e+01 -2.677895784378051758e+00
4.628157138824462891e+00 1.503266429901123047e+01 -2.707715511322021484e+00
4.663869380950927734e+00 1.532008647918701172e+01 -2.748155117034912109e+00
4.727753162384033203e+00 1.561102199554443359e+01 -2.802022457122802734e+00
4.779351234436035156e+00 1.591903972625732422e+01 -2.837267637252807617e+00
4.836655139923095703e+00 1.621637725830078125e+01 -2.887756109237670898e+00
4.913526058197021484e+00 1.652471160888671875e+01 -2.945006608963012695e+00
4.973099231719970703e+00 1.686329460144042969e+01 -3.024697065353393555e+00
5.041565418243408203e+00 1.717614936828613281e+01 -3.102474212646484375e+00
5.150571823120117188e+00 1.769246673583984375e+01 -3.232527732849121094e+00
5.217985153198242188e+00 1.804430198669433594e+01 -3.321467161178588867e+00
5.298448562622070312e+00 1.839269638061523438e+01 -3.426199674606323242e+00
5.369729042053222656e+00 1.878694343566894531e+01 -3.527595758438110352e+00
5.474017143249511719e+00 1.916349029541015625e+01 -3.645224332809448242e+00
5.528469562530517578e+00 1.956153678894042969e+01 -3.775958299636840820e+00
5.619212627410888672e+00 1.997736167907714844e+01 -3.912816524505615234e+00
5.687360763549804688e+00 2.038281059265136719e+01 -4.097207546234130859e+00
5.775681972503662109e+00 2.079640007019042969e+01 -4.275237083435058594e+00
5.907663822174072266e+00 2.123034858703613281e+01 -4.467037200927734375e+00
6.013212203979492188e+00 2.168616676330566406e+01 -4.683346748352050781e+00
6.116615772247314453e+00 2.214578628540039062e+01 -4.940947055816650391e+00
6.234882831573486328e+00 2.259582710266113281e+01 -5.214500427246093750e+00
6.364821434020996094e+00 2.307390594482421875e+01 -5.529337406158447266e+00
6.501656532287597656e+00 2.352848815917968750e+01 -5.884672641754150391e+00
6.652628421783447266e+00 2.399958038330078125e+01 -6.273702144622802734e+00
6.776811122894287109e+00 2.448235511779785156e+01 -6.717154502868652344e+00
6.942018508911132812e+00 2.491267585754394531e+01 -7.187734603881835938e+00
7.090735435485839844e+00 2.535406112670898438e+01 -7.707735061645507812e+00
7.245001792907714844e+00 2.574528312683105469e+01 -8.299259185791015625e+00
7.403180122375488281e+00 2.607001876831054688e+01 -8.873077392578125000e+00
7.651001930236816406e+00 2.655623435974121094e+01 -9.812438964843750000e+00
7.816215991973876953e+00 2.682865905761718750e+01 -1.047692584991455078e+01
7.967514514923095703e+00 2.706657600402832031e+01 -1.113799667358398438e+01
8.119399070739746094e+00 2.727849578857421875e+01 -1.181529331207275391e+01
8.253257751464843750e+00 2.744457244873046875e+01 -1.247422218322753906e+01
8.388973236083984375e+00 2.761039924621582031e+01 -1.312580013275146484e+01
8.525486946105957031e+00 2.772690200805664062e+01 -1.376206874847412109e+01
8.649005889892578125e+00 2.782240486145019531e+01 -1.438179779052734375e+01
8.754470825195312500e+00 2.791160392761230469e+01 -1.498540878295898438e+01
8.859126091003417969e+00 2.797401809692382812e+01 -1.556820964813232422e+01
8.964840888977050781e+00 2.801177978515625000e+01 -1.614117050170898438e+01
9.054250717163085938e+00 2.806328773498535156e+01 -1.671154022216796875e+01
9.154412269592285156e+00 2.805751609802246094e+01 -1.720672225952148438e+01
9.261265754699707031e+00 2.809929847717285156e+01 -1.773266983032226562e+01
9.346862792968750000e+00 2.811128044128417969e+01 -1.818015861511230469e+01
9.429302215576171875e+00 2.812544441223144531e+01 -1.867279624938964844e+01
9.506952285766601562e+00 2.814405059814453125e+01 -1.909709548950195312e+01
9.585975646972656250e+00 2.812601280212402344e+01 -1.952690696716308594e+01
9.664951324462890625e+00 2.813580513000488281e+01 -1.993147659301757812e+01
9.760520935058593750e+00 2.813811111450195312e+01 -2.033409118652343750e+01
9.810764312744140625e+00 2.811184120178222656e+01 -2.071587181091308594e+01
9.930169105529785156e+00 2.807068634033203125e+01 -2.127755737304687500e+01
9.993955612182617188e+00 2.806007957458496094e+01 -2.161249542236328125e+01
1.006253051757812500e+01 2.806003379821777344e+01 -2.194561767578125000e+01
1.011170482635498047e+01 2.804224586486816406e+01 -2.225024414062500000e+01
1.016264533996582031e+01 2.799409866333007812e+01 -2.257722282409667969e+01
1.022050762176513672e+01 2.799260139465332031e+01 -2.286332130432128906e+01
1.027211475372314453e+01 2.795784378051757812e+01 -2.314632225036621094e+01
1.035024261474609375e+01 2.791630935668945312e+01 -2.343505668640136719e+01
1.038885974884033203e+01 2.790791893005371094e+01 -2.368771553039550781e+01
1.042271232604980469e+01 2.786155700683593750e+01 -2.395468330383300781e+01
1.046293926239013672e+01 2.781403160095214844e+01 -2.421406364440917969e+01
1.051831150054931641e+01 2.780056381225585938e+01 -2.444831657409667969e+01
1.056031227111816406e+01 2.775696372985839844e+01 -2.468036842346191406e+01
1.061589145660400391e+01 2.773413276672363281e+01 -2.491687583923339844e+01
1.067222595214843750e+01 2.766446876525878906e+01 -2.512496948242187500e+01
1.069532012939453125e+01 2.766342544555664062e+01 -2.533517456054687500e+01
1.075670528411865234e+01 2.759423637390136719e+01 -2.555498123168945312e+01
1.080078029632568359e+01 2.756759643554687500e+01 -2.575545501708984375e+01
1.082676315307617188e+01 2.753679466247558594e+01 -2.594843864440917969e+01
1.089250659942626953e+01 2.748788833618164062e+01 -2.614337158203125000e+01
1.093071746826171875e+01 2.746879005432128906e+01 -2.633518791198730469e+01
1.095530414581298828e+01 2.741349220275878906e+01 -2.658379554748535156e+01
1.096894168853759766e+01 2.736143684387207031e+01 -2.676463317871093750e+01
1.101891613006591797e+01 2.734006500244140625e+01 -2.692739868164062500e+01
1.103366661071777344e+01 2.731366157531738281e+01 -2.709090995788574219e+01
1.107107639312744141e+01 2.727268600463867188e+01 -2.724857139587402344e+01
1.109421062469482422e+01 2.722528839111328125e+01 -2.740036582946777344e+01
1.113499832153320312e+01 2.720418357849121094e+01 -2.754838752746582031e+01
1.115460014343261719e+01 2.717546081542968750e+01 -2.771227073669433594e+01
1.118668079376220703e+01 2.716826820373535156e+01 -2.785180091857910156e+01
1.123556804656982422e+01 2.714317512512207031e+01 -2.798965835571289062e+01
1.124851131439208984e+01 2.709544181823730469e+01 -2.812562179565429688e+01
1.127975940704345703e+01 2.707509613037109375e+01 -2.827834892272949219e+01
1.131236934661865234e+01 2.705047416687011719e+01 -2.842772865295410156e+01
1.132797813415527344e+01 2.704283714294433594e+01 -2.856139755249023438e+01
1.137300491333007812e+01 2.700524520874023438e+01 -2.870965003967285156e+01
1.139856815338134766e+01 2.694823646545410156e+01 -2.883710289001464844e+01
1.143127250671386719e+01 2.693468475341796875e+01 -2.895148849487304688e+01
1.148692131042480469e+01 2.692122077941894531e+01 -2.908281326293945312e+01
1.148897743225097656e+01 2.688564491271972656e+01 -2.922741127014160156e+01
1.150752067565917969e+01 2.684985351562500000e+01 -2.935093879699707031e+01
1.153570938110351562e+01 2.683226013183593750e+01 -2.945758438110351562e+01
1.155624771118164062e+01 2.678683471679687500e+01 -2.962467575073242188e+01
1.157204055786132812e+01 2.675418281555175781e+01 -2.975746536254882812e+01
1.158986186981201172e+01 2.670423507690429688e+01 -2.986739349365234375e+01
1.162826538085937500e+01 2.667460823059082031e+01 -2.997638130187988281e+01
1.164219284057617188e+01 2.664506721496582031e+01 -3.007613182067871094e+01
1.167436027526855469e+01 2.660394477844238281e+01 -3.020392799377441406e+01
1.168913078308105469e+01 2.656140708923339844e+01 -3.031268310546875000e+01
1.173302173614501953e+01 2.651932144165039062e+01 -3.041779899597167969e+01
1.173178863525390625e+01 2.647418594360351562e+01 -3.054331207275390625e+01
1.177223205566406250e+01 2.645125961303710938e+01 -3.066367340087890625e+01
1.178384399414062500e+01 2.640352821350097656e+01 -3.074981498718261719e+01
1.181845474243164062e+01 2.635332679748535156e+01 -3.084794425964355469e+01
1.184159660339355469e+01 2.629194450378417969e+01 -3.096160316467285156e+01
1.186747837066650391e+01 2.624955177307128906e+01 -3.105471992492675781e+01
1.190016651153564453e+01 2.620010566711425781e+01 -3.115697097778320312e+01
1.192130756378173828e+01 2.613595581054687500e+01 -3.126883697509765625e+01
1.194504547119140625e+01 2.608953475952148438e+01 -3.135229110717773438e+01
1.196326923370361328e+01 2.606182670593261719e+01 -3.146971702575683594e+01
1.195663166046142578e+01 2.602547454833984375e+01 -3.154913711547851562e+01
1.197626781463623047e+01 2.595866394042968750e+01 -3.163595581054687500e+01
1.200921821594238281e+01 2.586854171752929688e+01 -3.176812553405761719e+01
1.202279853820800781e+01 2.581903076171875000e+01 -3.184444808959960938e+01
1.204909801483154297e+01 2.576987648010253906e+01 -3.193653488159179688e+01
1.207682609558105469e+01 2.568794822692871094e+01 -3.201017379760742188e+01
1.207807636260986328e+01 2.562919425964355469e+01 -3.208982467651367188e+01
1.210343074798583984e+01 2.556904411315917969e+01 -3.217987060546875000e+01
1.213360691070556641e+01 2.549863243103027344e+01 -3.226102066040039062e+01
1.215152263641357422e+01 2.545745086669921875e+01 -3.232848358154296875e+01
1.215704631805419922e+01 2.539527893066406250e+01 -3.239672851562500000e+01
1.217090892791748047e+01 2.534426689147949219e+01 -3.245388412475585938e+01
1.219251918792724609e+01 2.528771209716796875e+01 -3.253549575805664062e+01
1.219449424743652344e+01 2.523335456848144531e+01 -3.260712814331054688e+01
1.222402763366699219e+01 2.518656349182128906e+01 -3.266496658325195312e+01
1.222805786132812500e+01 2.512239265441894531e+01 -3.271911239624023438e+01
1.225156402587890625e+01 2.502271080017089844e+01 -3.279951858520507812e+01
1.225995063781738281e+01 2.496678924560546875e+01 -3.287165832519531250e+01
1.228005504608154297e+01 2.490738677978515625e+01 -3.292543029785156250e+01
1.229256916046142578e+01 2.485337829589843750e+01 -3.297663879394531250e+01
1.232033157348632812e+01 2.476064300537109375e+01 -3.305104446411132812e+01
1.232635688781738281e+01 2.471248245239257812e+01 -3.310472869873046875e+01
1.233664989471435547e+01 2.465295219421386719e+01 -3.315844726562500000e+01
1.236068344116210938e+01 2.458349800109863281e+01 -3.324608230590820312e+01
1.236309528350830078e+01 2.450724792480468750e+01 -3.329225921630859375e+01
1.236300563812255859e+01 2.444808769226074219e+01 -3.335124588012695312e+01
1.238788318634033203e+01 2.437020301818847656e+01 -3.339417266845703125e+01
1.239467811584472656e+01 2.429306793212890625e+01 -3.344775390625000000e+01
1.241231822967529297e+01 2.425605583190917969e+01 -3.350008392333984375e+01
1.241688346862792969e+01 2.419986152648925781e+01 -3.353681564331054688e+01
1.240213489532470703e+01 2.413521575927734375e+01 -3.357627487182617188e+01
1.244706535339355469e+01 2.408367347717285156e+01 -3.362055587768554688e+01
1.244568347930908203e+01 2.401565933227539062e+01 -3.365557098388671875e+01
1.245372295379638672e+01 2.396283912658691406e+01 -3.369007873535156250e+01
1.247412872314453125e+01 2.390211868286132812e+01 -3.371467590332031250e+01
1.248561573028564453e+01 2.385139846801757812e+01 -3.375302886962890625e+01
1.248541831970214844e+01 2.379843902587890625e+01 -3.377515029907226562e+01
1.248669910430908203e+01 2.374604034423828125e+01 -3.379665756225585938e+01
1.248794651031494141e+01 2.367913627624511719e+01 -3.380987167358398438e+01
1.251766777038574219e+01 2.360176086425781250e+01 -3.383116531372070312e+01
1.251649951934814453e+01 2.355906295776367188e+01 -3.383737945556640625e+01
1.252339553833007812e+01 2.352573966979980469e+01 -3.385263442993164062e+01
1.255623817443847656e+01 2.347928047180175781e+01 -3.385637283325195312e+01
1.255840587615966797e+01 2.343794822692871094e+01 -3.385186004638671875e+01
1.256911373138427734e+01 2.338759231567382812e+01 -3.385371780395507812e+01
1.257021808624267578e+01 2.334461402893066406e+01 -3.386215209960937500e+01
1.256139945983886719e+01 2.327966690063476562e+01 -3.384603500366210938e+01
1.257646751403808594e+01 2.322953224182128906e+01 -3.385121154785156250e+01
1.257928466796875000e+01 2.316810035705566406e+01 -3.382957839965820312e+01
1.258872222900390625e+01 2.314052963256835938e+01 -3.380083084106445312e+01
1.260851097106933594e+01 2.311721420288085938e+01 -3.376832580566406250e+01
1.257824325561523438e+01 2.306385231018066406e+01 -3.374362564086914062e+01
1.258148002624511719e+01 2.303011322021484375e+01 -3.370278167724609375e+01
1.258746337890625000e+01 2.300266838073730469e+01 -3.367027282714843750e+01
1.256241416931152344e+01 2.297327041625976562e+01 -3.362783813476562500e+01
1.259083843231201172e+01 2.295055007934570312e+01 -3.356970977783203125e+01
1.258765220642089844e+01 2.293475151062011719e+01 -3.351975631713867188e+01
1.259893703460693359e+01 2.291689109802246094e+01 -3.343737030029296875e+01
1.257935619354248047e+01 2.291701889038085938e+01 -3.336085891723632812e+01
1.258895015716552734e+01 2.294008255004882812e+01 -3.326850891113281250e+01
1.258093643188476562e+01 2.297873497009277344e+01 -3.317435455322265625e+01
1.256547260284423828e+01 2.300112533569335938e+01 -3.305878067016601562e+01
1.256836318969726562e+01 2.305972671508789062e+01 -3.294985580444335938e+01
1.257096958160400391e+01 2.312771797180175781e+01 -3.281732940673828125e+01
1.256497287750244141e+01 2.323534965515136719e+01 -3.267262649536132812e+01
1.260629844665527344e+01 2.350078582763671875e+01 -3.246012115478515625e+01
1.262307167053222656e+01 2.369571876525878906e+01 -3.231144714355468750e+01
1.266941356658935547e+01 2.394803047180175781e+01 -3.219459915161132812e+01
1.270405864715576172e+01 2.426002502441406250e+01 -3.210012435913085938e+01
1.276188659667968750e+01 2.457448959350585938e+01 -3.202584838867187500e+01
1.281354331970214844e+01 2.490598869323730469e+01 -3.200155258178710938e+01
1.286950016021728516e+01 2.523426437377929688e+01 -3.199075508117675781e+01
1.292364120483398438e+01 2.556450271606445312e+01 -3.203551864624023438e+01
1.297459411621093750e+01 2.587725448608398438e+01 -3.207704544067382812e+01
1.305465698242187500e+01 2.617853164672851562e+01 -3.215259170532226562e+01
1.311776828765869141e+01 2.645968437194824219e+01 -3.224267959594726562e+01
1.318076610565185547e+01 2.672587585449218750e+01 -3.234247970581054688e+01
1.322778415679931641e+01 2.695427322387695312e+01 -3.245034790039062500e+01
1.328052520751953125e+01 2.715981864929199219e+01 -3.256089401245117188e+01
1.333959579467773438e+01 2.735982894897460938e+01 -3.267567825317382812e+01
1.341296386718750000e+01 2.754147148132324219e+01 -3.280657196044921875e+01
1.347233676910400391e+01 2.768739891052246094e+01 -3.294132995605468750e+01
1.351453685760498047e+01 2.784317779541015625e+01 -3.306978607177734375e+01
1.356459522247314453e+01 2.798904228210449219e+01 -3.320326995849609375e+01
1.361832427978515625e+01 2.809440040588378906e+01 -3.334387207031250000e+01
1.365381813049316406e+01 2.820679855346679688e+01 -3.348009872436523438e+01
1.372367572784423828e+01 2.834311866760253906e+01 -3.371210479736328125e+01
1.376103019714355469e+01 2.842796134948730469e+01 -3.385382080078125000e+01
1.377681255340576172e+01 2.850616455078125000e+01 -3.401010894775390625e+01
1.379587078094482422e+01 2.853459358215332031e+01 -3.414564132690429688e+01
1.384139919281005859e+01 2.856441688537597656e+01 -3.429938507080078125e+01
1.387110137939453125e+01 2.859862136840820312e+01 -3.444592666625976562e+01
1.393282318115234375e+01 2.862878417968750000e+01 -3.459276962280273438e+01
1.399281501770019531e+01 2.866401672363281250e+01 -3.475508880615234375e+01
1.404500293731689453e+01 2.870054244995117188e+01 -3.490729522705078125e+01
1.407254886627197266e+01 2.873431015014648438e+01 -3.505486679077148438e+01
1.409197235107421875e+01 2.876326560974121094e+01 -3.520737457275390625e+01
1.413264846801757812e+01 2.874752807617187500e+01 -3.535967254638671875e+01
1.417231369018554688e+01 2.876699638366699219e+01 -3.552047348022460938e+01
1.421417713165283203e+01 2.875465774536132812e+01 -3.565301513671875000e+01
1.423452949523925781e+01 2.874837875366210938e+01 -3.582004928588867188e+01
1.426767635345458984e+01 2.874604988098144531e+01 -3.595822143554687500e+01
1.430112552642822266e+01 2.872069740295410156e+01 -3.610880279541015625e+01
1.433208656311035156e+01 2.868377304077148438e+01 -3.625674819946289062e+01
1.438711547851562500e+01 2.864924049377441406e+01 -3.641427612304687500e+01
1.440914535522460938e+01 2.861682510375976562e+01 -3.655748748779296875e+01
1.446238040924072266e+01 2.858712387084960938e+01 -3.670793533325195312e+01
1.448450660705566406e+01 2.854487800598144531e+01 -3.690727233886718750e+01
1.450145912170410156e+01 2.850663948059082031e+01 -3.705225753784179688e+01
1.453616714477539062e+01 2.844126319885253906e+01 -3.718565750122070312e+01
1.456319713592529297e+01 2.839470481872558594e+01 -3.731166839599609375e+01
1.460102844238281250e+01 2.833972740173339844e+01 -3.744956588745117188e+01
1.463923454284667969e+01 2.829742240905761719e+01 -3.755358886718750000e+01
1.465310955047607422e+01 2.826178932189941406e+01 -3.769287872314453125e+01
1.468725013732910156e+01 2.821321296691894531e+01 -3.781291198730468750e+01
1.470139789581298828e+01 2.815824890136718750e+01 -3.793109512329101562e+01
1.470567417144775391e+01 2.810940361022949219e+01 -3.805912017822265625e+01
1.473781585693359375e+01 2.805989837646484375e+01 -3.815855407714843750e+01
1.474868202209472656e+01 2.799378967285156250e+01 -3.828353500366210938e+01
1.476384258270263672e+01 2.796459007263183594e+01 -3.840810775756835938e+01
1.478709125518798828e+01 2.788291740417480469e+01 -3.853247451782226562e+01
1.481708717346191406e+01 2.783747291564941406e+01 -3.864678192138671875e+01
1.485036945343017578e+01 2.777634048461914062e+01 -3.875448226928710938e+01
1.487152004241943359e+01 2.772610664367675781e+01 -3.887977218627929688e+01
1.490066909790039062e+01 2.767941093444824219e+01 -3.899236679077148438e+01
1.493864917755126953e+01 2.763985824584960938e+01 -3.911410140991210938e+01
1.494833850860595703e+01 2.759636306762695312e+01 -3.922527694702148438e+01
1.498752212524414062e+01 2.754657745361328125e+01 -3.940285110473632812e+01
1.499604511260986328e+01 2.750290107727050781e+01 -3.951507568359375000e+01
1.500753498077392578e+01 2.744653892517089844e+01 -3.963864517211914062e+01
1.501320266723632812e+01 2.740837287902832031e+01 -3.976660537719726562e+01
1.506243038177490234e+01 2.733895683288574219e+01 -3.989564514160156250e+01
1.509355449676513672e+01 2.730324172973632812e+01 -4.001237869262695312e+01
1.510364723205566406e+01 2.726147842407226562e+01 -4.014462661743164062e+01
1.513389873504638672e+01 2.721848487854003906e+01 -4.025240325927734375e+01
1.513774776458740234e+01 2.716959953308105469e+01 -4.037013244628906250e+01
1.516284370422363281e+01 2.709538650512695312e+01 -4.049102020263671875e+01
1.518683147430419922e+01 2.704779243469238281e+01 -4.061673355102539062e+01
1.519519901275634766e+01 2.698418998718261719e+01 -4.073246383666992188e+01
1.523040485382080078e+01 2.690647125244140625e+01 -4.083416366577148438e+01
1.527389812469482422e+01 2.683685874938964844e+01 -4.094681930541992188e+01
1.531376266479492188e+01 2.678846549987792969e+01 -4.107254791259765625e+01
1.533411598205566406e+01 2.672418212890625000e+01 -4.117862701416015625e+01
1.535333633422851562e+01 2.666157913208007812e+01 -4.129544067382812500e+01
1.537942314147949219e+01 2.660487556457519531e+01 -4.139651870727539062e+01
1.540528678894042969e+01 2.654361152648925781e+01 -4.150656890869140625e+01
1.541657352447509766e+01 2.649604415893554688e+01 -4.161404800415039062e+01
1.543174839019775391e+01 2.643870353698730469e+01 -4.172763442993164062e+01
1.542685890197753906e+01 2.632741546630859375e+01 -4.189356613159179688e+01
1.542970752716064453e+01 2.624625205993652344e+01 -4.201185607910156250e+01
1.544330406188964844e+01 2.614084625244140625e+01 -4.211733245849609375e+01
1.546504497528076172e+01 2.602379035949707031e+01 -4.221533966064453125e+01
1.550177764892578125e+01 2.592913627624511719e+01 -4.233774566650390625e+01
1.554519653320312500e+01 2.582122421264648438e+01 -4.243427276611328125e+01
1.557730865478515625e+01 2.573798179626464844e+01 -4.254093170166015625e+01
1.560637569427490234e+01 2.566778373718261719e+01 -4.265462493896484375e+01
1.562819194793701172e+01 2.558580398559570312e+01 -4.274354934692382812e+01
1.562003326416015625e+01 2.548156547546386719e+01 -4.284401321411132812e+01
1.561946296691894531e+01 2.535283660888671875e+01 -4.293255615234375000e+01
1.558205699920654297e+01 2.520835876464843750e+01 -4.299538040161132812e+01
1.555896854400634766e+01 2.503300094604492188e+01 -4.302331542968750000e+01
1.555793762207031250e+01 2.485727310180664062e+01 -4.304158401489257812e+01
1.553991127014160156e+01 2.469455337524414062e+01 -4.300349807739257812e+01
1.554594135284423828e+01 2.456395721435546875e+01 -4.297754669189453125e+01
1.557004928588867188e+01 2.444625663757324219e+01 -4.290975570678710938e+01
1.557356643676757812e+01 2.438997459411621094e+01 -4.283574676513671875e+01
1.557124614715576172e+01 2.435178756713867188e+01 -4.277315521240234375e+01
1.558825492858886719e+01 2.431922340393066406e+01 -4.272014236450195312e+01
1.555744838714599609e+01 2.432045364379882812e+01 -4.268145751953125000e+01
1.553513336181640625e+01 2.430035018920898438e+01 -4.264190673828125000e+01
1.555673789978027344e+01 2.427064323425292969e+01 -4.264110565185546875e+01
1.556439113616943359e+01 2.427092933654785156e+01 -4.265196990966796875e+01
1.558663558959960938e+01 2.426266288757324219e+01 -4.267314147949218750e+01
1.561156558990478516e+01 2.426691055297851562e+01 -4.270386505126953125e+01
1.563814353942871094e+01 2.427356529235839844e+01 -4.275508117675781250e+01
1.567701721191406250e+01 2.430335426330566406e+01 -4.281507873535156250e+01
1.571879673004150391e+01 2.431006431579589844e+01 -4.288471603393554688e+01
1.574432563781738281e+01 2.433752822875976562e+01 -4.298426818847656250e+01
1.576171207427978516e+01 2.435999107360839844e+01 -4.306524276733398438e+01
1.580399990081787109e+01 2.436816215515136719e+01 -4.316714859008789062e+01
1.583173751831054688e+01 2.438353347778320312e+01 -4.328168487548828125e+01
1.583722400665283203e+01 2.440200233459472656e+01 -4.338732528686523438e+01
1.589396572113037109e+01 2.441926193237304688e+01 -4.351216506958007812e+01
1.591213893890380859e+01 2.442478179931640625e+01 -4.362881851196289062e+01
1.595474910736083984e+01 2.443380546569824219e+01 -4.375851440429687500e+01
1.599508953094482422e+01 2.446344947814941406e+01 -4.388017654418945312e+01
1.603258323669433594e+01 2.447892570495605469e+01 -4.400831985473632812e+01
1.606979942321777344e+01 2.453560829162597656e+01 -4.414793777465820312e+01
1.610319137573242188e+01 2.455659675598144531e+01 -4.428329086303710938e+01
1.612316513061523438e+01 2.458279418945312500e+01 -4.442950057983398438e+01
1.617734146118164062e+01 2.461011314392089844e+01 -4.465828704833984375e+01
1.620300292968750000e+01 2.462555122375488281e+01 -4.479910278320312500e+01
1.622679328918457031e+01 2.463079071044921875e+01 -4.496592330932617188e+01
1.625225067138671875e+01 2.464252281188964844e+01 -4.512435913085937500e+01
1.628433227539062500e+01 2.462301826477050781e+01 -4.527529144287109375e+01
1.633916664123535156e+01 2.464657402038574219e+01 -4.544123077392578125e+01
1.638858413696289062e+01 2.462267303466796875e+01 -4.560086441040039062e+01
1.641185951232910156e+01 2.461164855957031250e+01 -4.576328659057617188e+01
1.648633575439453125e+01 2.460482788085937500e+01 -4.592672729492187500e+01
1.652520942687988281e+01 2.459176063537597656e+01 -4.608755493164062500e+01
1.656067085266113281e+01 2.457851600646972656e+01 -4.625919342041015625e+01
1.659705162048339844e+01 2.457561492919921875e+01 -4.641259384155273438e+01
1.664556121826171875e+01 2.457655334472656250e+01 -4.658001708984375000e+01
1.668845558166503906e+01 2.455869865417480469e+01 -4.672882080078125000e+01
1.671705818176269531e+01 2.455146789550781250e+01 -4.689234161376953125e+01
1.675307464599609375e+01 2.454664421081542969e+01 -4.704850769042968750e+01
1.677065849304199219e+01 2.454050064086914062e+01 -4.721620941162109375e+01
1.680657005310058594e+01 2.450544166564941406e+01 -4.737490844726562500e+01
1.681748771667480469e+01 2.448978042602539062e+01 -4.753070068359375000e+01
1.684851646423339844e+01 2.448186302185058594e+01 -4.768956375122070312e+01
1.687039375305175781e+01 2.445352935791015625e+01 -4.784667587280273438e+01
1.690154838562011719e+01 2.440442657470703125e+01 -4.805635452270507812e+01
1.693477439880371094e+01 2.438421630859375000e+01 -4.820050811767578125e+01
1.698398971557617188e+01 2.435936164855957031e+01 -4.835268402099609375e+01
1.702896308898925781e+01 2.434955024719238281e+01 -4.849517059326171875e+01
1.707436370849609375e+01 2.432612609863281250e+01 -4.862701416015625000e+01
1.712837409973144531e+01 2.432103919982910156e+01 -4.876124191284179688e+01
1.717223548889160156e+01 2.431699371337890625e+01 -4.891202545166015625e+01
1.719467353820800781e+01 2.433464622497558594e+01 -4.904612350463867188e+01
1.722966957092285156e+01 2.435423660278320312e+01 -4.918412399291992188e+01
1.724234962463378906e+01 2.435000801086425781e+01 -4.933476257324218750e+01
1.727674674987792969e+01 2.434886169433593750e+01 -4.947768402099609375e+01
1.729446220397949219e+01 2.434782791137695312e+01 -4.963477706909179688e+01
1.730551528930664062e+01 2.434612274169921875e+01 -4.977757644653320312e+01
1.733698463439941406e+01 2.434268760681152344e+01 -4.994677352905273438e+01
1.738854980468750000e+01 2.432927894592285156e+01 -5.008710098266601562e+01
1.743708038330078125e+01 2.432276725769042969e+01 -5.025376510620117188e+01
1.750337791442871094e+01 2.433609199523925781e+01 -5.041455459594726562e+01
1.757293701171875000e+01 2.435069656372070312e+01 -5.058940887451171875e+01
1.762464714050292969e+01 2.438854217529296875e+01 -5.078073501586914062e+01
1.766532135009765625e+01 2.444610214233398438e+01 -5.096801757812500000e+01
1.772772026062011719e+01 2.447448730468750000e+01 -5.116561126708984375e+01
1.776875495910644531e+01 2.452864646911621094e+01 -5.147912979125976562e+01
1.778507804870605469e+01 2.452925300598144531e+01 -5.168623352050781250e+01
1.779572105407714844e+01 2.449721908569335938e+01 -5.191609573364257812e+01
1.782385253906250000e+01 2.442913055419921875e+01 -5.212808609008789062e+01
1.783759307861328125e+01 2.435323905944824219e+01 -5.232002639770507812e+01
1.788357734680175781e+01 2.427066612243652344e+01 -5.251143646240234375e+01
1.792748641967773438e+01 2.418601989746093750e+01 -5.269367218017578125e+01
1.796627044677734375e+01 2.409891128540039062e+01 -5.286431884765625000e+01
1.801466560363769531e+01 2.401854515075683594e+01 -5.300732421875000000e+01
1.807147979736328125e+01 2.397246932983398438e+01 -5.316024780273437500e+01
1.810659599304199219e+01 2.393572616577148438e+01 -5.329410552978515625e+01
1.814316558837890625e+01 2.390096855163574219e+01 -5.342242813110351562e+01
1.816460609436035156e+01 2.390009689331054688e+01 -5.357257080078125000e+01
1.819983482360839844e+01 2.387876892089843750e+01 -5.368938446044921875e+01
1.820816040039062500e+01 2.385918617248535156e+01 -5.380274200439453125e+01
1.821283721923828125e+01 2.382947731018066406e+01 -5.392502975463867188e+01
1.822023391723632812e+01 2.381490135192871094e+01 -5.402673721313476562e+01
1.823688507080078125e+01 2.377149963378906250e+01 -5.414032745361328125e+01
1.825256156921386719e+01 2.373990440368652344e+01 -5.423506927490234375e+01
1.829200744628906250e+01 2.371616554260253906e+01 -5.433765792846679688e+01
1.833826446533203125e+01 2.368078422546386719e+01 -5.448614883422851562e+01
1.837309837341308594e+01 2.365668106079101562e+01 -5.456792831420898438e+01
1.841039276123046875e+01 2.364363288879394531e+01 -5.465633010864257812e+01
1.844455909729003906e+01 2.362100982666015625e+01 -5.473288345336914062e+01
1.848613357543945312e+01 2.361146354675292969e+01 -5.483457946777343750e+01
1.851904296875000000e+01 2.362417030334472656e+01 -5.489433288574218750e+01
1.853556632995605469e+01 2.361998176574707031e+01 -5.496734237670898438e+01
1.855572700500488281e+01 2.361229896545410156e+01 -5.505120086669921875e+01
1.858323860168457031e+01 2.360500907897949219e+01 -5.511315155029296875e+01
1.859263229370117188e+01 2.359134483337402344e+01 -5.519659042358398438e+01
1.859833526611328125e+01 2.358722114562988281e+01 -5.526601791381835938e+01
1.861810111999511719e+01 2.356594657897949219e+01 -5.533516693115234375e+01
1.863060379028320312e+01 2.354620361328125000e+01 -5.538827514648437500e+01
1.865858840942382812e+01 2.353551101684570312e+01 -5.547805404663085938e+01
1.868870925903320312e+01 2.353367996215820312e+01 -5.553981781005859375e+01
1.870805168151855469e+01 2.350683784484863281e+01 -5.560207366943359375e+01
1.873713302612304688e+01 2.350303268432617188e+01 -5.566261291503906250e+01
1.875691604614257812e+01 2.350412178039550781e+01 -5.572342300415039062e+01
1.879013252258300781e+01 2.350998687744140625e+01 -5.576381301879882812e+01
1.880556678771972656e+01 2.352510070800781250e+01 -5.582338714599609375e+01
1.883375358581542969e+01 2.353315162658691406e+01 -5.588254547119140625e+01
1.886907196044921875e+01 2.356724548339843750e+01 -5.597679138183593750e+01
1.888846969604492188e+01 2.360733795166015625e+01 -5.602972030639648438e+01
1.889374923706054688e+01 2.363286209106445312e+01 -5.607780456542968750e+01
1.891268157958984375e+01 2.367785072326660156e+01 -5.615215301513671875e+01
1.892602920532226562e+01 2.370482444763183594e+01 -5.622359466552734375e+01
1.893890380859375000e+01 2.373872184753417969e+01 -5.628360366821289062e+01
1.895187187194824219e+01 2.375671005249023438e+01 -5.636371231079101562e+01
1.897651481628417969e+01 2.375815773010253906e+01 -5.644511413574218750e+01
1.900408935546875000e+01 2.380352592468261719e+01 -5.649994277954101562e+01
1.903729438781738281e+01 2.381241989135742188e+01 -5.657274246215820312e+01
1.908872032165527344e+01 2.382704925537109375e+01 -5.666836166381835938e+01
1.912367630004882812e+01 2.384917259216308594e+01 -5.675538635253906250e+01
1.917740058898925781e+01 2.387000656127929688e+01 -5.682983398437500000e+01
1.921760940551757812e+01 2.389080238342285156e+01 -5.692997741699218750e+01
1.925823593139648438e+01 2.392680549621582031e+01 -5.700919342041015625e+01
1.928939819335937500e+01 2.395090866088867188e+01 -5.709659576416015625e+01
1.932158851623535156e+01 2.399122619628906250e+01 -5.719527435302734375e+01
1.937508773803710938e+01 2.403519248962402344e+01 -5.728413391113281250e+01
1.939874839782714844e+01 2.405065727233886719e+01 -5.737886047363281250e+01
1.942483520507812500e+01 2.409351730346679688e+01 -5.747323226928710938e+01
1.944732093811035156e+01 2.413745307922363281e+01 -5.757595825195312500e+01
1.947247886657714844e+01 2.417581748962402344e+01 -5.771667861938476562e+01
1.947847557067871094e+01 2.418856620788574219e+01 -5.782188796997070312e+01
1.949574089050292969e+01 2.421737861633300781e+01 -5.792947387695312500e+01
1.952674293518066406e+01 2.424646377563476562e+01 -5.806024551391601562e+01
1.955460166931152344e+01 2.427784156799316406e+01 -5.817383575439453125e+01
1.956194496154785156e+01 2.429887771606445312e+01 -5.830794906616210938e+01
1.959008598327636719e+01 2.431268310546875000e+01 -5.843957519531250000e+01
1.963202667236328125e+01 2.431131935119628906e+01 -5.857595443725585938e+01
1.965037727355957031e+01 2.430836486816406250e+01 -5.872401046752929688e+01
1.968642044067382812e+01 2.429933357238769531e+01 -5.885411071777343750e+01
1.973551940917968750e+01 2.428487014770507812e+01 -5.897882461547851562e+01
