! GC21_MW_DM_halo.txt
! R    D    M    P
600
1.000000e-01 1.486449e-01 1.000000e-15 -3.769664e+00
6.006678e-01 2.386069e-02 3.175808e-02 -3.730688e+00
1.101336e+00 1.255321e-02 1.067388e-01 -3.686156e+00
1.602003e+00 8.328252e-03 2.218748e-01 -3.642275e+00
2.102671e+00 6.125901e-03 3.743126e-01 -3.599303e+00
2.603339e+00 4.778721e-03 5.613963e-01 -3.557275e+00
3.104007e+00 3.872521e-03 7.806526e-01 -3.516179e+00
3.604674e+00 3.223246e-03 1.029777e+00 -3.475996e+00
4.105342e+00 2.736646e-03 1.306622e+00 -3.436698e+00
4.606010e+00 2.359462e-03 1.609183e+00 -3.398261e+00
5.106678e+00 2.059337e-03 1.935591e+00 -3.360656e+00
5.607346e+00 1.815479e-03 2.284102e+00 -3.323860e+00
6.108013e+00 1.613923e-03 2.653087e+00 -3.287845e+00
6.608681e+00 1.444941e-03 3.041024e+00 -3.252589e+00
7.109349e+00 1.301554e-03 3.446489e+00 -3.218068e+00
7.610017e+00 1.178625e-03 3.868154e+00 -3.184258e+00
8.110684e+00 1.072289e-03 4.304776e+00 -3.151140e+00
8.611352e+00 9.795859e-04 4.755190e+00 -3.118691e+00
9.112020e+00 8.982086e-04 5.218310e+00 -3.086892e+00
9.612688e+00 8.263345e-04 5.693115e+00 -3.055723e+00
1.011336e+01 7.625047e-04 6.178653e+00 -3.025166e+00
1.061402e+01 7.055383e-04 6.674030e+00 -2.995204e+00
1.111469e+01 6.544695e-04 7.178410e+00 -2.965818e+00
1.161536e+01 6.085010e-04 7.691009e+00 -2.936993e+00
1.211603e+01 5.669692e-04 8.211092e+00 -2.908713e+00
1.261669e+01 5.293175e-04 8.737972e+00 -2.880962e+00
1.311736e+01 4.950759e-04 9.271002e+00 -2.853726e+00
1.361803e+01 4.638446e-04 9.809579e+00 -2.826990e+00
1.411870e+01 4.352821e-04 1.035313e+01 -2.800741e+00
1.461937e+01 4.090946e-04 1.090114e+01 -2.774966e+00
1.512003e+01 3.850281e-04 1.145309e+01 -2.749652e+00
1.562070e+01 3.628622e-04 1.200852e+01 -2.724787e+00
1.612137e+01 3.424049e-04 1.256700e+01 -2.700358e+00
1.662204e+01 3.234878e-04 1.312811e+01 -2.676356e+00
1.712270e+01 3.059629e-04 1.369146e+01 -2.652767e+00
1.762337e+01 2.896999e-04 1.425669e+01 -2.629583e+00
1.812404e+01 2.745833e-04 1.482348e+01 -2.606792e+00
1.862471e+01 2.605106e-04 1.539148e+01 -2.584384e+00
1.912538e+01 2.473905e-04 1.596042e+01 -2.562351e+00
1.962604e+01 2.351413e-04 1.653000e+01 -2.540683e+00
2.012671e+01 2.236902e-04 1.709997e+01 -2.519370e+00
2.062738e+01 2.129716e-04 1.767009e+01 -2.498404e+00
2.112805e+01 2.029265e-04 1.824011e+01 -2.477777e+00
2.162871e+01 1.935017e-04 1.880983e+01 -2.457481e+00
2.212938e+01 1.846492e-04 1.937905e+01 -2.437507e+00
2.263005e+01 1.763253e-04 1.994756e+01 -2.417848e+00
2.313072e+01 1.684905e-04 2.051521e+01 -2.398497e+00
2.363139e+01 1.611089e-04 2.108182e+01 -2.379447e+00
2.413205e+01 1.541478e-04 2.164725e+01 -2.360689e+00
2.463272e+01 1.475772e-04 2.221133e+01 -2.342219e+00
2.513339e+01 1.413699e-04 2.277395e+01 -2.324029e+00
2.563406e+01 1.355008e-04 2.333497e+01 -2.306113e+00
2.613472e+01 1.299471e-04 2.389427e+01 -2.288465e+00
2.663539e+01 1.246876e-04 2.445175e+01 -2.271078e+00
2.713606e+01 1.197031e-04 2.500731e+01 -2.253948e+00
2.763673e+01 1.149757e-04 2.556085e+01 -2.237068e+00
2.813740e+01 1.104889e-04 2.611229e+01 -2.220433e+00
2.863806e+01 1.062276e-04 2.666153e+01 -2.204037e+00
2.913873e+01 1.021779e-04 2.720851e+01 -2.187877e+00
2.963940e+01 9.832660e-05 2.775316e+01 -2.171945e+00
3.014007e+01 9.466183e-05 2.829541e+01 -2.156239e+00
3.064073e+01 9.117240e-05 2.883520e+01 -2.140752e+00
3.114140e+01 8.784798e-05 2.937247e+01 -2.125481e+00
3.164207e+01 8.467895e-05 2.990718e+01 -2.110421e+00
3.214274e+01 8.165636e-05 3.043928e+01 -2.095567e+00
3.264341e+01 7.877189e-05 3.096872e+01 -2.080916e+00
3.314407e+01 7.601777e-05 3.149547e+01 -2.066463e+00
3.364474e+01 7.338678e-05 3.201949e+01 -2.052204e+00
3.414541e+01 7.087213e-05 3.254076e+01 -2.038136e+00
3.464608e+01 6.846753e-05 3.305923e+01 -2.024254e+00
3.514674e+01 6.616705e-05 3.357489e+01 -2.010555e+00
3.564741e+01 6.396518e-05 3.408771e+01 -1.997036e+00
3.614808e+01 6.185672e-05 3.459768e+01 -1.983692e+00
3.664875e+01 5.983684e-05 3.510477e+01 -1.970520e+00
3.714942e+01 5.790097e-05 3.560896e+01 -1.957518e+00
3.765008e+01 5.604483e-05 3.611025e+01 -1.944681e+00
3.815075e+01 5.426441e-05 3.660863e+01 -1.932008e+00
3.865142e+01 5.255593e-05 3.710408e+01 -1.919494e+00
3.915209e+01 5.091585e-05 3.759659e+01 -1.907136e+00
3.965275e+01 4.934081e-05 3.808617e+01 -1.894932e+00
4.015342e+01 4.782766e-05 3.857280e+01 -1.882879e+00
4.065409e+01 4.637345e-05 3.905648e+01 -1.870974e+00
4.115476e+01 4.497536e-05 3.953722e+01 -1.859215e+00
4.165543e+01 4.363076e-05 4.001501e+01 -1.847598e+00
4.215609e+01 4.233714e-05 4.048985e+01 -1.836121e+00
4.265676e+01 4.109217e-05 4.096175e+01 -1.824782e+00
4.315743e+01 3.989360e-05 4.143071e+01 -1.813578e+00
4.365810e+01 3.873933e-05 4.189674e+01 -1.802507e+00
4.415876e+01 3.762737e-05 4.235984e+01 -1.791566e+00
4.465943e+01 3.655582e-05 4.282001e+01 -1.780753e+00
4.516010e+01 3.552291e-05 4.327727e+01 -1.770066e+00
4.566077e+01 3.452694e-05 4.373162e+01 -1.759503e+00
4.616144e+01 3.356630e-05 4.418308e+01 -1.749062e+00
4.666210e+01 3.263947e-05 4.463165e+01 -1.738740e+00
4.716277e+01 3.174501e-05 4.507734e+01 -1.728535e+00
4.766344e+01 3.088153e-05 4.552016e+01 -1.718446e+00
4.816411e+01 3.004774e-05 4.596014e+01 -1.708470e+00
4.866477e+01 2.924240e-05 4.639727e+01 -1.698606e+00
4.916544e+01 2.846432e-05 4.683157e+01 -1.688851e+00
4.966611e+01 2.771239e-05 4.726306e+01 -1.679205e+00
5.016678e+01 2.698555e-05 4.769175e+01 -1.669665e+00
5.066745e+01 2.628277e-05 4.811765e+01 -1.660229e+00
5.116811e+01 2.560309e-05 4.854078e+01 -1.650895e+00
5.166878e+01 2.494560e-05 4.896115e+01 -1.641663e+00
5.216945e+01 2.430940e-05 4.937878e+01 -1.632530e+00
5.267012e+01 2.369368e-05 4.979368e+01 -1.623495e+00
5.317078e+01 2.309762e-05 5.020587e+01 -1.614556e+00
5.367145e+01 2.252046e-05 5.061537e+01 -1.605712e+00
5.417212e+01 2.196149e-05 5.102219e+01 -1.596960e+00
5.467279e+01 2.142001e-05 5.142634e+01 -1.588301e+00
5.517346e+01 2.089535e-05 5.182785e+01 -1.579732e+00
5.567412e+01 2.038688e-05 5.222674e+01 -1.571252e+00
5.617479e+01 1.989401e-05 5.262301e+01 -1.562859e+00
5.667546e+01 1.941614e-05 5.301669e+01 -1.554553e+00
5.717613e+01 1.895272e-05 5.340779e+01 -1.546331e+00
5.767679e+01 1.850324e-05 5.379633e+01 -1.538193e+00
5.817746e+01 1.806717e-05 5.418233e+01 -1.530138e+00
5.867813e+01 1.764404e-05 5.456580e+01 -1.522163e+00
5.917880e+01 1.723338e-05 5.494677e+01 -1.514268e+00
5.967947e+01 1.683475e-05 5.532525e+01 -1.506452e+00
6.018013e+01 1.644773e-05 5.570126e+01 -1.498713e+00
6.068080e+01 1.607190e-05 5.607481e+01 -1.491050e+00
6.118147e+01 1.570687e-05 5.644593e+01 -1.483463e+00
6.168214e+01 1.535226e-05 5.681463e+01 -1.475950e+00
6.218280e+01 1.500773e-05 5.718093e+01 -1.468510e+00
6.268347e+01 1.467292e-05 5.754484e+01 -1.461142e+00
6.318414e+01 1.434750e-05 5.790639e+01 -1.453844e+00
6.368481e+01 1.403115e-05 5.826560e+01 -1.446617e+00
6.418548e+01 1.372357e-05 5.862247e+01 -1.439458e+00
6.468614e+01 1.342446e-05 5.897703e+01 -1.432368e+00
6.518681e+01 1.313355e-05 5.932930e+01 -1.425344e+00
6.568748e+01 1.285056e-05 5.967929e+01 -1.418387e+00
6.618815e+01 1.257523e-05 6.002702e+01 -1.411494e+00
6.668881e+01 1.230731e-05 6.037251e+01 -1.404666e+00
6.718948e+01 1.204656e-05 6.071577e+01 -1.397901e+00
6.769015e+01 1.179275e-05 6.105683e+01 -1.391198e+00
6.819082e+01 1.154566e-05 6.139570e+01 -1.384557e+00
6.869149e+01 1.130506e-05 6.173239e+01 -1.377977e+00
6.919215e+01 1.107077e-05 6.206693e+01 -1.371456e+00
6.969282e+01 1.084257e-05 6.239933e+01 -1.364995e+00
7.019349e+01 1.062027e-05 6.272961e+01 -1.358591e+00
7.069416e+01 1.040370e-05 6.305779e+01 -1.352246e+00
7.119482e+01 1.019267e-05 6.338387e+01 -1.345957e+00
7.169549e+01 9.987014e-06 6.370789e+01 -1.339724e+00
7.219616e+01 9.786565e-06 6.402985e+01 -1.333546e+00
7.269683e+01 9.591165e-06 6.434977e+01 -1.327422e+00
7.319750e+01 9.400660e-06 6.466766e+01 -1.321353e+00
7.369816e+01 9.214903e-06 6.498356e+01 -1.315336e+00
7.419883e+01 9.033752e-06 6.529746e+01 -1.309372e+00
7.469950e+01 8.857067e-06 6.560939e+01 -1.303460e+00
7.520017e+01 8.684718e-06 6.591936e+01 -1.297598e+00
7.570083e+01 8.516576e-06 6.622739e+01 -1.291787e+00
7.620150e+01 8.352516e-06 6.653349e+01 -1.286026e+00
7.670217e+01 8.192421e-06 6.683768e+01 -1.280313e+00
7.720284e+01 8.036173e-06 6.713998e+01 -1.274649e+00
7.770351e+01 7.883663e-06 6.744040e+01 -1.269033e+00
7.820417e+01 7.734781e-06 6.773895e+01 -1.263465e+00
7.870484e+01 7.589425e-06 6.803565e+01 -1.257942e+00
7.920551e+01 7.447494e-06 6.833052e+01 -1.252466e+00
7.970618e+01 7.308891e-06 6.862357e+01 -1.247036e+00
8.020684e+01 7.173521e-06 6.891481e+01 -1.241650e+00
8.070751e+01 7.041294e-06 6.920426e+01 -1.236309e+00
8.120818e+01 6.912122e-06 6.949194e+01 -1.231011e+00
8.170885e+01 6.785920e-06 6.977786e+01 -1.225757e+00
8.220952e+01 6.662606e-06 7.006203e+01 -1.220545e+00
8.271018e+01 6.542101e-06 7.034447e+01 -1.215376e+00
8.321085e+01 6.424327e-06 7.062519e+01 -1.210249e+00
8.371152e+01 6.309209e-06 7.090420e+01 -1.205162e+00
8.421219e+01 6.196677e-06 7.118153e+01 -1.200117e+00
8.471285e+01 6.086659e-06 7.145718e+01 -1.195111e+00
8.521352e+01 5.979089e-06 7.173116e+01 -1.190146e+00
8.571419e+01 5.873900e-06 7.200350e+01 -1.185219e+00
8.621486e+01 5.771030e-06 7.227420e+01 -1.180332e+00
8.671553e+01 5.670417e-06 7.254327e+01 -1.175483e+00
8.721619e+01 5.572001e-06 7.281074e+01 -1.170671e+00
8.771686e+01 5.475725e-06 7.307661e+01 -1.165898e+00
8.821753e+01 5.381532e-06 7.334089e+01 -1.161161e+00
8.871820e+01 5.289369e-06 7.360361e+01 -1.156461e+00
8.921886e+01 5.199183e-06 7.386476e+01 -1.151797e+00
8.971953e+01 5.110922e-06 7.412437e+01 -1.147169e+00
9.022020e+01 5.024538e-06 7.438245e+01 -1.142576e+00
9.072087e+01 4.939983e-06 7.463901e+01 -1.138018e+00
9.122154e+01 4.857209e-06 7.489406e+01 -1.133495e+00
9.172220e+01 4.776172e-06 7.514761e+01 -1.129006e+00
9.222287e+01 4.696828e-06 7.539967e+01 -1.124550e+00
9.272354e+01 4.619134e-06 7.565027e+01 -1.120128e+00
9.322421e+01 4.543049e-06 7.589940e+01 -1.115740e+00
9.372487e+01 4.468534e-06 7.614709e+01 -1.111383e+00
9.422554e+01 4.395548e-06 7.639334e+01 -1.107059e+00
9.472621e+01 4.324055e-06 7.663816e+01 -1.102767e+00
9.522688e+01 4.254018e-06 7.688157e+01 -1.098507e+00
9.572755e+01 4.185400e-06 7.712358e+01 -1.094278e+00
9.622821e+01 4.118168e-06 7.736419e+01 -1.090079e+00
9.672888e+01 4.052288e-06 7.760342e+01 -1.085911e+00
9.722955e+01 3.987728e-06 7.784129e+01 -1.081774e+00
9.773022e+01 3.924454e-06 7.807779e+01 -1.077666e+00
9.823088e+01 3.862437e-06 7.831295e+01 -1.073588e+00
9.873155e+01 3.801647e-06 7.854677e+01 -1.069539e+00
9.923222e+01 3.742054e-06 7.877926e+01 -1.065520e+00
9.973289e+01 3.683631e-06 7.901044e+01 -1.061528e+00
1.002336e+02 3.626348e-06 7.924031e+01 -1.057565e+00
1.007342e+02 3.570181e-06 7.946889e+01 -1.053630e+00
1.012349e+02 3.515102e-06 7.969618e+01 -1.049723e+00
1.017356e+02 3.461086e-06 7.992220e+01 -1.045844e+00
1.022362e+02 3.408109e-06 8.014695e+01 -1.041991e+00
1.027369e+02 3.356147e-06 8.037044e+01 -1.038165e+00
1.032376e+02 3.305176e-06 8.059269e+01 -1.034366e+00
1.037382e+02 3.255174e-06 8.081371e+01 -1.030593e+00
1.042389e+02 3.206118e-06 8.103350e+01 -1.026847e+00
1.047396e+02 3.157987e-06 8.125207e+01 -1.023126e+00
1.052402e+02 3.110760e-06 8.146944e+01 -1.019430e+00
1.057409e+02 3.064416e-06 8.168561e+01 -1.015760e+00
1.062416e+02 3.018937e-06 8.190059e+01 -1.012114e+00
1.067422e+02 2.974302e-06 8.211439e+01 -1.008494e+00
1.072429e+02 2.930492e-06 8.232702e+01 -1.004898e+00
1.077436e+02 2.887489e-06 8.253849e+01 -1.001326e+00
1.082442e+02 2.845276e-06 8.274881e+01 -9.977782e-01
1.087449e+02 2.803835e-06 8.295799e+01 -9.942541e-01
1.092456e+02 2.763149e-06 8.316603e+01 -9.907535e-01
1.097462e+02 2.723201e-06 8.337295e+01 -9.872762e-01
1.102469e+02 2.683976e-06 8.357875e+01 -9.838219e-01
1.107476e+02 2.645458e-06 8.378344e+01 -9.803905e-01
1.112482e+02 2.607630e-06 8.398704e+01 -9.769816e-01
1.117489e+02 2.570480e-06 8.418954e+01 -9.735951e-01
1.122496e+02 2.533991e-06 8.439095e+01 -9.702308e-01
1.127503e+02 2.498150e-06 8.459130e+01 -9.668884e-01
1.132509e+02 2.462943e-06 8.479057e+01 -9.635677e-01
1.137516e+02 2.428357e-06 8.498879e+01 -9.602685e-01
1.142523e+02 2.394378e-06 8.518596e+01 -9.569906e-01
1.147529e+02 2.360994e-06 8.538209e+01 -9.537338e-01
1.152536e+02 2.328192e-06 8.557718e+01 -9.504979e-01
1.157543e+02 2.295959e-06 8.577124e+01 -9.472827e-01
1.162549e+02 2.264285e-06 8.596428e+01 -9.440880e-01
1.167556e+02 2.233157e-06 8.615632e+01 -9.409136e-01
1.172563e+02 2.202564e-06 8.634735e+01 -9.377593e-01
1.177569e+02 2.172496e-06 8.653738e+01 -9.346248e-01
1.182576e+02 2.142940e-06 8.672642e+01 -9.315102e-01
1.187583e+02 2.113888e-06 8.691448e+01 -9.284150e-01
1.192589e+02 2.085327e-06 8.710157e+01 -9.253392e-01
1.197596e+02 2.057250e-06 8.728769e+01 -9.222826e-01
1.202603e+02 2.029645e-06 8.747285e+01 -9.192450e-01
1.207609e+02 2.002503e-06 8.765706e+01 -9.162262e-01
1.212616e+02 1.975815e-06 8.784032e+01 -9.132261e-01
1.217623e+02 1.949571e-06 8.802264e+01 -9.102444e-01
1.222629e+02 1.923764e-06 8.820403e+01 -9.072811e-01
1.227636e+02 1.898384e-06 8.838450e+01 -9.043359e-01
1.232643e+02 1.873422e-06 8.856404e+01 -9.014086e-01
1.237649e+02 1.848870e-06 8.874268e+01 -8.984991e-01
1.242656e+02 1.824721e-06 8.892041e+01 -8.956073e-01
1.247663e+02 1.800966e-06 8.909724e+01 -8.927330e-01
1.252669e+02 1.777598e-06 8.927318e+01 -8.898760e-01
1.257676e+02 1.754609e-06 8.944823e+01 -8.870362e-01
1.262683e+02 1.731991e-06 8.962241e+01 -8.842134e-01
1.267689e+02 1.709738e-06 8.979571e+01 -8.814074e-01
1.272696e+02 1.687843e-06 8.996815e+01 -8.786182e-01
1.277703e+02 1.666297e-06 9.013972e+01 -8.758455e-01
1.282710e+02 1.645096e-06 9.031045e+01 -8.730893e-01
1.287716e+02 1.624232e-06 9.048032e+01 -8.703493e-01
1.292723e+02 1.603699e-06 9.064936e+01 -8.676254e-01
1.297730e+02 1.583490e-06 9.081755e+01 -8.649175e-01
1.302736e+02 1.563599e-06 9.098492e+01 -8.622255e-01
1.307743e+02 1.544021e-06 9.115146e+01 -8.595492e-01
1.312750e+02 1.524749e-06 9.131719e+01 -8.568884e-01
1.317756e+02 1.505778e-06 9.148210e+01 -8.542431e-01
1.322763e+02 1.487102e-06 9.164621e+01 -8.516131e-01
1.327770e+02 1.468715e-06 9.180952e+01 -8.489982e-01
1.332776e+02 1.450613e-06 9.197203e+01 -8.463984e-01
1.337783e+02 1.432789e-06 9.213375e+01 -8.438135e-01
1.342790e+02 1.415239e-06 9.229469e+01 -8.412434e-01
1.347796e+02 1.397958e-06 9.245485e+01 -8.386879e-01
1.352803e+02 1.380941e-06 9.261424e+01 -8.361470e-01
1.357810e+02 1.364182e-06 9.277286e+01 -8.336204e-01
1.362816e+02 1.347678e-06 9.293072e+01 -8.311082e-01
1.367823e+02 1.331423e-06 9.308782e+01 -8.286101e-01
1.372830e+02 1.315413e-06 9.324417e+01 -8.261260e-01
1.377836e+02 1.299644e-06 9.339977e+01 -8.236559e-01
1.382843e+02 1.284111e-06 9.355463e+01 -8.211996e-01
1.387850e+02 1.268810e-06 9.370876e+01 -8.187569e-01
1.392856e+02 1.253737e-06 9.386215e+01 -8.163279e-01
1.397863e+02 1.238888e-06 9.401482e+01 -8.139123e-01
1.402870e+02 1.224259e-06 9.416677e+01 -8.115100e-01
1.407876e+02 1.209845e-06 9.431800e+01 -8.091211e-01
1.412883e+02 1.195643e-06 9.446852e+01 -8.067452e-01
1.417890e+02 1.181650e-06 9.461834e+01 -8.043824e-01
1.422896e+02 1.167862e-06 9.476745e+01 -8.020324e-01
1.427903e+02 1.154274e-06 9.491587e+01 -7.996953e-01
1.432910e+02 1.140884e-06 9.506359e+01 -7.973709e-01
1.437917e+02 1.127688e-06 9.521063e+01 -7.950592e-01
1.442923e+02 1.114683e-06 9.535699e+01 -7.927599e-01
1.447930e+02 1.101866e-06 9.550266e+01 -7.904730e-01
1.452937e+02 1.089232e-06 9.564767e+01 -7.881984e-01
1.457943e+02 1.076780e-06 9.579200e+01 -7.859360e-01
1.462950e+02 1.064505e-06 9.593567e+01 -7.836858e-01
1.467957e+02 1.052405e-06 9.607868e+01 -7.814475e-01
1.472963e+02 1.040477e-06 9.622104e+01 -7.792211e-01
1.477970e+02 1.028719e-06 9.636274e+01 -7.770066e-01
1.482977e+02 1.017126e-06 9.650380e+01 -7.748038e-01
1.487983e+02 1.005696e-06 9.664422e+01 -7.726126e-01
1.492990e+02 9.944268e-07 9.678399e+01 -7.704330e-01
1.497997e+02 9.833154e-07 9.692314e+01 -7.682648e-01
1.503003e+02 9.723592e-07 9.706165e+01 -7.661079e-01
1.508010e+02 9.615555e-07 9.719954e+01 -7.639624e-01
1.513017e+02 9.509017e-07 9.733680e+01 -7.618280e-01
1.518023e+02 9.403955e-07 9.747345e+01 -7.597047e-01
1.523030e+02 9.300343e-07 9.760949e+01 -7.575924e-01
1.528037e+02 9.198157e-07 9.774491e+01 -7.554911e-01
1.533043e+02 9.097375e-07 9.787974e+01 -7.534005e-01
1.538050e+02 8.997972e-07 9.801395e+01 -7.513208e-01
1.543057e+02 8.899926e-07 9.814758e+01 -7.492516e-01
1.548063e+02 8.803215e-07 9.828061e+01 -7.471931e-01
1.553070e+02 8.707817e-07 9.841304e+01 -7.451451e-01
1.558077e+02 8.613710e-07 9.854490e+01 -7.431076e-01
1.563083e+02 8.520874e-07 9.867617e+01 -7.410803e-01
1.568090e+02 8.429289e-07 9.880686e+01 -7.390634e-01
1.573097e+02 8.338933e-07 9.893698e+01 -7.370566e-01
1.578104e+02 8.249788e-07 9.906653e+01 -7.350600e-01
1.583110e+02 8.161833e-07 9.919551e+01 -7.330733e-01
1.588117e+02 8.075049e-07 9.932392e+01 -7.310967e-01
1.593124e+02 7.989419e-07 9.945178e+01 -7.291299e-01
1.598130e+02 7.904923e-07 9.957908e+01 -7.271730e-01
1.603137e+02 7.821543e-07 9.970583e+01 -7.252258e-01
1.608144e+02 7.739263e-07 9.983202e+01 -7.232882e-01
1.613150e+02 7.658063e-07 9.995768e+01 -7.213603e-01
1.618157e+02 7.577928e-07 1.000828e+02 -7.194419e-01
1.623164e+02 7.498841e-07 1.002074e+02 -7.175329e-01
1.628170e+02 7.420785e-07 1.003314e+02 -7.156333e-01
1.633177e+02 7.343744e-07 1.004549e+02 -7.137431e-01
1.638184e+02 7.267702e-07 1.005779e+02 -7.118621e-01
1.643190e+02 7.192644e-07 1.007003e+02 -7.099902e-01
1.648197e+02 7.118554e-07 1.008222e+02 -7.081275e-01
1.653204e+02 7.045418e-07 1.009437e+02 -7.062739e-01
1.658210e+02 6.973220e-07 1.010645e+02 -7.044292e-01
1.663217e+02 6.901947e-07 1.011849e+02 -7.025934e-01
1.668224e+02 6.831584e-07 1.013048e+02 -7.007665e-01
1.673230e+02 6.762117e-07 1.014242e+02 -6.989483e-01
1.678237e+02 6.693532e-07 1.015430e+02 -6.971389e-01
1.683244e+02 6.625816e-07 1.016614e+02 -6.953382e-01
1.688250e+02 6.558957e-07 1.017792e+02 -6.935460e-01
1.693257e+02 6.492940e-07 1.018966e+02 -6.917624e-01
1.698264e+02 6.427753e-07 1.020135e+02 -6.899873e-01
1.703270e+02 6.363384e-07 1.021299e+02 -6.882206e-01
1.708277e+02 6.299820e-07 1.022458e+02 -6.864622e-01
1.713284e+02 6.237049e-07 1.023612e+02 -6.847122e-01
1.718290e+02 6.175059e-07 1.024762e+02 -6.829703e-01
1.723297e+02 6.113839e-07 1.025906e+02 -6.812367e-01
1.728304e+02 6.053378e-07 1.027046e+02 -6.795112e-01
1.733311e+02 5.993663e-07 1.028182e+02 -6.777937e-01
1.738317e+02 5.934684e-07 1.029312e+02 -6.760843e-01
1.743324e+02 5.876430e-07 1.030438e+02 -6.743828e-01
1.748331e+02 5.818891e-07 1.031560e+02 -6.726892e-01
1.753337e+02 5.762055e-07 1.032676e+02 -6.710035e-01
1.758344e+02 5.705913e-07 1.033788e+02 -6.693255e-01
1.763351e+02 5.650454e-07 1.034896e+02 -6.676553e-01
1.768357e+02 5.595668e-07 1.035999e+02 -6.659928e-01
1.773364e+02 5.541546e-07 1.037098e+02 -6.643379e-01
1.778371e+02 5.488078e-07 1.038192e+02 -6.626906e-01
1.783377e+02 5.435255e-07 1.039282e+02 -6.610508e-01
1.788384e+02 5.383066e-07 1.040367e+02 -6.594185e-01
1.793391e+02 5.331504e-07 1.041448e+02 -6.577936e-01
1.798397e+02 5.280558e-07 1.042525e+02 -6.561760e-01
1.803404e+02 5.230220e-07 1.043597e+02 -6.545658e-01
1.808411e+02 5.180482e-07 1.044665e+02 -6.529629e-01
1.813417e+02 5.131335e-07 1.045729e+02 -6.513672e-01
1.818424e+02 5.082770e-07 1.046789e+02 -6.497786e-01
1.823431e+02 5.034779e-07 1.047844e+02 -6.481972e-01
1.828437e+02 4.987355e-07 1.048895e+02 -6.466229e-01
1.833444e+02 4.940488e-07 1.049942e+02 -6.450556e-01
1.838451e+02 4.894171e-07 1.050985e+02 -6.434953e-01
1.843457e+02 4.848397e-07 1.052024e+02 -6.419419e-01
1.848464e+02 4.803158e-07 1.053058e+02 -6.403954e-01
1.853471e+02 4.758446e-07 1.054089e+02 -6.388558e-01
1.858477e+02 4.714254e-07 1.055115e+02 -6.373230e-01
1.863484e+02 4.670574e-07 1.056138e+02 -6.357969e-01
1.868491e+02 4.627400e-07 1.057156e+02 -6.342775e-01
1.873497e+02 4.584724e-07 1.058171e+02 -6.327648e-01
1.878504e+02 4.542541e-07 1.059181e+02 -6.312587e-01
1.883511e+02 4.500841e-07 1.060188e+02 -6.297592e-01
1.888518e+02 4.459620e-07 1.061190e+02 -6.282663e-01
1.893524e+02 4.418871e-07 1.062189e+02 -6.267798e-01
1.898531e+02 4.378587e-07 1.063184e+02 -6.252998e-01
1.903538e+02 4.338761e-07 1.064175e+02 -6.238262e-01
1.908544e+02 4.299388e-07 1.065162e+02 -6.223590e-01
1.913551e+02 4.260461e-07 1.066146e+02 -6.208980e-01
1.918558e+02 4.221975e-07 1.067125e+02 -6.194434e-01
1.923564e+02 4.183922e-07 1.068101e+02 -6.179950e-01
1.928571e+02 4.146298e-07 1.069073e+02 -6.165529e-01
1.933578e+02 4.109097e-07 1.070042e+02 -6.151169e-01
1.938584e+02 4.072312e-07 1.071006e+02 -6.136870e-01
1.943591e+02 4.035939e-07 1.071967e+02 -6.122632e-01
1.948598e+02 3.999972e-07 1.072925e+02 -6.108454e-01
1.953604e+02 3.964405e-07 1.073879e+02 -6.094337e-01
1.958611e+02 3.929233e-07 1.074829e+02 -6.080279e-01
1.963618e+02 3.894451e-07 1.075775e+02 -6.066281e-01
1.968624e+02 3.860053e-07 1.076718e+02 -6.052342e-01
1.973631e+02 3.826035e-07 1.077658e+02 -6.038461e-01
1.978638e+02 3.792391e-07 1.078593e+02 -6.024638e-01
1.983644e+02 3.759117e-07 1.079526e+02 -6.010874e-01
1.988651e+02 3.726207e-07 1.080455e+02 -5.997167e-01
1.993658e+02 3.693658e-07 1.081380e+02 -5.983517e-01
1.998664e+02 3.661463e-07 1.082302e+02 -5.969923e-01
2.003671e+02 3.629619e-07 1.083221e+02 -5.956387e-01
2.008678e+02 3.598121e-07 1.084136e+02 -5.942906e-01
2.013684e+02 3.566964e-07 1.085047e+02 -5.929481e-01
2.018691e+02 3.536145e-07 1.085956e+02 -5.916111e-01
2.023698e+02 3.505658e-07 1.086861e+02 -5.902797e-01
2.028705e+02 3.475499e-07 1.087762e+02 -5.889537e-01
2.033711e+02 3.445664e-07 1.088661e+02 -5.876331e-01
2.038718e+02 3.416149e-07 1.089556e+02 -5.863180e-01
2.043725e+02 3.386950e-07 1.090447e+02 -5.850082e-01
2.048731e+02 3.358063e-07 1.091336e+02 -5.837038e-01
2.053738e+02 3.329483e-07 1.092221e+02 -5.824046e-01
2.058745e+02 3.301207e-07 1.093103e+02 -5.811108e-01
2.063751e+02 3.273231e-07 1.093981e+02 -5.798221e-01
2.068758e+02 3.245551e-07 1.094857e+02 -5.785387e-01
2.073765e+02 3.218164e-07 1.095729e+02 -5.772605e-01
2.078771e+02 3.191065e-07 1.096598e+02 -5.759874e-01
2.083778e+02 3.164251e-07 1.097464e+02 -5.747194e-01
2.088785e+02 3.137719e-07 1.098327e+02 -5.734565e-01
2.093791e+02 3.111464e-07 1.099187e+02 -5.721987e-01
2.098798e+02 3.085484e-07 1.100044e+02 -5.709459e-01
2.103805e+02 3.059775e-07 1.100897e+02 -5.696981e-01
2.108811e+02 3.034333e-07 1.101748e+02 -5.684552e-01
2.113818e+02 3.009156e-07 1.102595e+02 -5.672173e-01
2.118825e+02 2.984240e-07 1.103440e+02 -5.659843e-01
2.123831e+02 2.959581e-07 1.104281e+02 -5.647561e-01
2.128838e+02 2.935176e-07 1.105119e+02 -5.635328e-01
2.133845e+02 2.911023e-07 1.105955e+02 -5.623143e-01
2.138851e+02 2.887119e-07 1.106787e+02 -5.611006e-01
2.143858e+02 2.863459e-07 1.107617e+02 -5.598917e-01
2.148865e+02 2.840042e-07 1.108443e+02 -5.586875e-01
2.153871e+02 2.816864e-07 1.109267e+02 -5.574880e-01
2.158878e+02 2.793922e-07 1.110088e+02 -5.562932e-01
2.163885e+02 2.771213e-07 1.110906e+02 -5.551031e-01
2.168891e+02 2.748735e-07 1.111721e+02 -5.539175e-01
2.173898e+02 2.726485e-07 1.112533e+02 -5.527366e-01
2.178905e+02 2.704459e-07 1.113342e+02 -5.515602e-01
2.183912e+02 2.682656e-07 1.114148e+02 -5.503884e-01
2.188918e+02 2.661072e-07 1.114952e+02 -5.492211e-01
2.193925e+02 2.639706e-07 1.115753e+02 -5.480583e-01
2.198932e+02 2.618553e-07 1.116551e+02 -5.468999e-01
2.203938e+02 2.597612e-07 1.117346e+02 -5.457460e-01
2.208945e+02 2.576881e-07 1.118138e+02 -5.445965e-01
2.213952e+02 2.556356e-07 1.118928e+02 -5.434514e-01
2.218958e+02 2.536035e-07 1.119715e+02 -5.423107e-01
2.223965e+02 2.515916e-07 1.120499e+02 -5.411743e-01
2.228972e+02 2.495996e-07 1.121281e+02 -5.400422e-01
2.233978e+02 2.476273e-07 1.122060e+02 -5.389144e-01
2.238985e+02 2.456745e-07 1.122836e+02 -5.377909e-01
2.243992e+02 2.437410e-07 1.123609e+02 -5.366716e-01
2.248998e+02 2.418264e-07 1.124380e+02 -5.355565e-01
2.254005e+02 2.399306e-07 1.125149e+02 -5.344456e-01
2.259012e+02 2.380534e-07 1.125914e+02 -5.333389e-01
2.264018e+02 2.361945e-07 1.126677e+02 -5.322363e-01
2.269025e+02 2.343538e-07 1.127438e+02 -5.311379e-01
2.274032e+02 2.325309e-07 1.128195e+02 -5.300436e-01
2.279038e+02 2.307258e-07 1.128951e+02 -5.289533e-01
2.284045e+02 2.289382e-07 1.129703e+02 -5.278671e-01
2.289052e+02 2.271679e-07 1.130454e+02 -5.267849e-01
2.294058e+02 2.254146e-07 1.131201e+02 -5.257067e-01
2.299065e+02 2.236783e-07 1.131946e+02 -5.246326e-01
2.304072e+02 2.219587e-07 1.132689e+02 -5.235623e-01
2.309078e+02 2.202556e-07 1.133429e+02 -5.224961e-01
2.314085e+02 2.185688e-07 1.134167e+02 -5.214337e-01
2.319092e+02 2.168981e-07 1.134902e+02 -5.203753e-01
2.324098e+02 2.152434e-07 1.135635e+02 -5.193207e-01
2.329105e+02 2.136045e-07 1.136365e+02 -5.182700e-01
2.334112e+02 2.119811e-07 1.137093e+02 -5.172231e-01
2.339119e+02 2.103731e-07 1.137818e+02 -5.161800e-01
2.344125e+02 2.087804e-07 1.138541e+02 -5.151408e-01
2.349132e+02 2.072028e-07 1.139262e+02 -5.141053e-01
2.354139e+02 2.056400e-07 1.139980e+02 -5.130735e-01
2.359145e+02 2.040920e-07 1.140696e+02 -5.120455e-01
2.364152e+02 2.025585e-07 1.141409e+02 -5.110212e-01
2.369159e+02 2.010394e-07 1.142120e+02 -5.100006e-01
2.374165e+02 1.995345e-07 1.142829e+02 -5.089837e-01
2.379172e+02 1.980437e-07 1.143535e+02 -5.079704e-01
2.384179e+02 1.965668e-07 1.144240e+02 -5.069608e-01
2.389185e+02 1.951037e-07 1.144941e+02 -5.059548e-01
2.394192e+02 1.936541e-07 1.145641e+02 -5.049523e-01
2.399199e+02 1.922180e-07 1.146338e+02 -5.039535e-01
2.404205e+02 1.907953e-07 1.147033e+02 -5.029581e-01
2.409212e+02 1.893856e-07 1.147726e+02 -5.019664e-01
2.414219e+02 1.879890e-07 1.148416e+02 -5.009781e-01
2.419225e+02 1.866052e-07 1.149105e+02 -4.999934e-01
2.424232e+02 1.852342e-07 1.149791e+02 -4.990121e-01
2.429239e+02 1.838757e-07 1.150475e+02 -4.980343e-01
2.434245e+02 1.825297e-07 1.151156e+02 -4.970599e-01
2.439252e+02 1.811960e-07 1.151836e+02 -4.960890e-01
2.444259e+02 1.798745e-07 1.152513e+02 -4.951215e-01
2.449265e+02 1.785650e-07 1.153188e+02 -4.941573e-01
2.454272e+02 1.772674e-07 1.153861e+02 -4.931966e-01
2.459279e+02 1.759815e-07 1.154531e+02 -4.922392e-01
2.464285e+02 1.747074e-07 1.155200e+02 -4.912851e-01
2.469292e+02 1.734447e-07 1.155866e+02 -4.903343e-01
2.474299e+02 1.721935e-07 1.156531e+02 -4.893869e-01
2.479306e+02 1.709535e-07 1.157193e+02 -4.884427e-01
2.484312e+02 1.697247e-07 1.157853e+02 -4.875018e-01
2.489319e+02 1.685069e-07 1.158511e+02 -4.865642e-01
2.494326e+02 1.673000e-07 1.159167e+02 -4.856297e-01
2.499332e+02 1.661039e-07 1.159821e+02 -4.846985e-01
2.504339e+02 1.649185e-07 1.160473e+02 -4.837705e-01
2.509346e+02 1.637436e-07 1.161122e+02 -4.828457e-01
2.514352e+02 1.625793e-07 1.161770e+02 -4.819241e-01
2.519359e+02 1.614252e-07 1.162416e+02 -4.810056e-01
2.524366e+02 1.602814e-07 1.163059e+02 -4.800903e-01
2.529372e+02 1.591477e-07 1.163701e+02 -4.791780e-01
2.534379e+02 1.580240e-07 1.164340e+02 -4.782689e-01
2.539386e+02 1.569102e-07 1.164978e+02 -4.773628e-01
2.544392e+02 1.558063e-07 1.165614e+02 -4.764599e-01
2.549399e+02 1.547120e-07 1.166247e+02 -4.755600e-01
2.554406e+02 1.536273e-07 1.166879e+02 -4.746631e-01
2.559412e+02 1.525522e-07 1.167509e+02 -4.737692e-01
2.564419e+02 1.514864e-07 1.168136e+02 -4.728784e-01
2.569426e+02 1.504299e-07 1.168762e+02 -4.719906e-01
2.574432e+02 1.493826e-07 1.169386e+02 -4.711057e-01
2.579439e+02 1.483445e-07 1.170008e+02 -4.702238e-01
2.584446e+02 1.473153e-07 1.170628e+02 -4.693449e-01
2.589452e+02 1.462951e-07 1.171246e+02 -4.684689e-01
2.594459e+02 1.452837e-07 1.171862e+02 -4.675958e-01
2.599466e+02 1.442810e-07 1.172477e+02 -4.667256e-01
2.604472e+02 1.432869e-07 1.173089e+02 -4.658583e-01
2.609479e+02 1.423014e-07 1.173700e+02 -4.649939e-01
2.614486e+02 1.413244e-07 1.174308e+02 -4.641323e-01
2.619492e+02 1.403558e-07 1.174915e+02 -4.632737e-01
2.624499e+02 1.393954e-07 1.175520e+02 -4.624178e-01
2.629506e+02 1.384433e-07 1.176123e+02 -4.615647e-01
2.634513e+02 1.374993e-07 1.176725e+02 -4.607145e-01
2.639519e+02 1.365633e-07 1.177324e+02 -4.598671e-01
2.644526e+02 1.356352e-07 1.177922e+02 -4.590224e-01
2.649533e+02 1.347151e-07 1.178518e+02 -4.581805e-01
2.654539e+02 1.338027e-07 1.179112e+02 -4.573414e-01
2.659546e+02 1.328981e-07 1.179704e+02 -4.565050e-01
2.664553e+02 1.320011e-07 1.180295e+02 -4.556713e-01
2.669559e+02 1.311117e-07 1.180884e+02 -4.548403e-01
2.674566e+02 1.302297e-07 1.181471e+02 -4.540120e-01
2.679573e+02 1.293552e-07 1.182056e+02 -4.531864e-01
2.684579e+02 1.284880e-07 1.182639e+02 -4.523635e-01
2.689586e+02 1.276280e-07 1.183221e+02 -4.515433e-01
2.694593e+02 1.267753e-07 1.183801e+02 -4.507257e-01
2.699599e+02 1.259296e-07 1.184379e+02 -4.499107e-01
2.704606e+02 1.250910e-07 1.184956e+02 -4.490984e-01
2.709613e+02 1.242594e-07 1.185531e+02 -4.482886e-01
2.714619e+02 1.234347e-07 1.186104e+02 -4.474815e-01
2.719626e+02 1.226168e-07 1.186675e+02 -4.466769e-01
2.724633e+02 1.218057e-07 1.187245e+02 -4.458749e-01
2.729639e+02 1.210013e-07 1.187813e+02 -4.450755e-01
2.734646e+02 1.202035e-07 1.188379e+02 -4.442786e-01
2.739653e+02 1.194123e-07 1.188944e+02 -4.434843e-01
2.744659e+02 1.186276e-07 1.189507e+02 -4.426924e-01
2.749666e+02 1.178493e-07 1.190069e+02 -4.419031e-01
2.754673e+02 1.170774e-07 1.190628e+02 -4.411163e-01
2.759679e+02 1.163118e-07 1.191187e+02 -4.403320e-01
2.764686e+02 1.155525e-07 1.191743e+02 -4.395501e-01
2.769693e+02 1.147994e-07 1.192298e+02 -4.387707e-01
2.774699e+02 1.140524e-07 1.192851e+02 -4.379938e-01
2.779706e+02 1.133114e-07 1.193403e+02 -4.372193e-01
2.784713e+02 1.125765e-07 1.193953e+02 -4.364472e-01
2.789720e+02 1.118476e-07 1.194501e+02 -4.356776e-01
2.794726e+02 1.111245e-07 1.195048e+02 -4.349103e-01
2.799733e+02 1.104072e-07 1.195594e+02 -4.341455e-01
2.804740e+02 1.096958e-07 1.196137e+02 -4.333830e-01
2.809746e+02 1.089901e-07 1.196679e+02 -4.326229e-01
2.814753e+02 1.082900e-07 1.197220e+02 -4.318651e-01
2.819760e+02 1.075956e-07 1.197759e+02 -4.311098e-01
2.824766e+02 1.069067e-07 1.198296e+02 -4.303567e-01
2.829773e+02 1.062233e-07 1.198832e+02 -4.296060e-01
2.834780e+02 1.055454e-07 1.199367e+02 -4.288576e-01
2.839786e+02 1.048729e-07 1.199900e+02 -4.281115e-01
2.844793e+02 1.042057e-07 1.200431e+02 -4.273677e-01
2.849800e+02 1.035439e-07 1.200961e+02 -4.266262e-01
2.854806e+02 1.028873e-07 1.201489e+02 -4.258870e-01
2.859813e+02 1.022359e-07 1.202016e+02 -4.251500e-01
2.864820e+02 1.015896e-07 1.202541e+02 -4.244153e-01
2.869826e+02 1.009485e-07 1.203065e+02 -4.236828e-01
2.874833e+02 1.003123e-07 1.203587e+02 -4.229526e-01
2.879840e+02 9.968125e-08 1.204108e+02 -4.222245e-01
2.884846e+02 9.905511e-08 1.204628e+02 -4.214987e-01
2.889853e+02 9.843389e-08 1.205146e+02 -4.207751e-01
2.894860e+02 9.781753e-08 1.205662e+02 -4.200537e-01
2.899866e+02 9.720599e-08 1.206177e+02 -4.193345e-01
2.904873e+02 9.659922e-08 1.206691e+02 -4.186175e-01
2.909880e+02 9.599719e-08 1.207203e+02 -4.179026e-01
2.914886e+02 9.539984e-08 1.207713e+02 -4.171899e-01
2.919893e+02 9.480714e-08 1.208223e+02 -4.164793e-01
2.924900e+02 9.421903e-08 1.208731e+02 -4.157708e-01
2.929907e+02 9.363548e-08 1.209237e+02 -4.150645e-01
2.934913e+02 9.305644e-08 1.209742e+02 -4.143603e-01
2.939920e+02 9.248187e-08 1.210246e+02 -4.136582e-01
2.944927e+02 9.191174e-08 1.210748e+02 -4.129582e-01
2.949933e+02 9.134599e-08 1.211249e+02 -4.122602e-01
2.954940e+02 9.078460e-08 1.211748e+02 -4.115644e-01
2.959947e+02 9.022751e-08 1.212246e+02 -4.108706e-01
2.964953e+02 8.967469e-08 1.212743e+02 -4.101789e-01
2.969960e+02 8.912611e-08 1.213238e+02 -4.094892e-01
2.974967e+02 8.858171e-08 1.213732e+02 -4.088016e-01
2.979973e+02 8.804147e-08 1.214225e+02 -4.081160e-01
2.984980e+02 8.750534e-08 1.214716e+02 -4.074325e-01
2.989987e+02 8.697329e-08 1.215206e+02 -4.067509e-01
2.994993e+02 8.644528e-08 1.215694e+02 -4.060713e-01
3.000000e+02 8.592127e-08 1.216181e+02 -4.053938e-01
