# From Franceco Sylos Labini ApJ 2023
# R (kpc), vc(km/s), sigma_c (km/s)
5.25 226.8 1.9
5.75 230.8 1.4
6.25 231.2 1.4
6.75 229.9 1.4
7.25 229.6 1.2
7.75 229.9 0.9
8.25 228.9 0.7
8.75 224.2 2.4
9.25 223.8 2.0
9.75 223.7 2.2
10.25 224.5 1.8
10.75 223.6 1.8
11.25 222.2 2.0
11.75 222.4 1.8
12.25 222.0 1.9
12.75 222.4 2.2
13.25 223.1 1.8
13.75 220.5 1.9
14.25 219.5 2.3
14.75 219.3 1.9
15.25 218.0 2.1
15.75 217.6 2.4
16.25 216.4 2.4
16.75 214.0 2.4
17.25 215.1 2.8
17.75 213.3 2.7
18.25 208.9 2.7
18.75 209.1 3.4
19.25 206.9 3.2
19.75 203.4 3.3
20.25 201.2 3.5
20.75 200.1 3.5
21.25 197.3 5.3
21.75 205.2 9.2
22.25 184.0 13.5
22.75 194.4 13.4
23.25 195.2 4.5
23.75 185.1 9.7
24.25 196.3 1.7
24.75 193.4 3.7
25.25 190.3 10.4
25.75 179.3 9.4
26.25 174.3 9.2
26.75 178.4 8.1
27.25 176.9 8.2
