! /n/nyx3/garavito/projects/XMC-Atlas/scripts/test_halo_108/modelname_halo_0419.txt
! R    D    M    P
1000
1.000000e-01 6.281243e-05 1.263480e-17 -3.419031e-02
6.004004e-01 5.552395e-05 6.490520e-05 -3.417385e-02
1.100801e+00 4.926497e-05 3.155307e-04 -3.407706e-02
1.601201e+00 4.386546e-05 8.568258e-04 -3.393419e-02
2.101602e+00 3.918734e-05 1.754608e-03 -3.375420e-02
2.602002e+00 3.511777e-05 3.046338e-03 -3.354384e-02
3.102402e+00 3.156400e-05 4.749069e-03 -3.330866e-02
3.602803e+00 2.844942e-05 6.865303e-03 -3.305329e-02
4.103203e+00 2.571035e-05 9.387335e-03 -3.278160e-02
4.603604e+00 2.329367e-05 1.230046e-02 -3.249687e-02
5.104004e+00 2.115483e-05 1.558532e-02 -3.220185e-02
5.604404e+00 1.925632e-05 1.921969e-02 -3.189890e-02
6.104805e+00 1.756639e-05 2.317971e-02 -3.158999e-02
6.605205e+00 1.605811e-05 2.744082e-02 -3.127679e-02
7.105606e+00 1.470850e-05 3.197847e-02 -3.096074e-02
7.606006e+00 1.349794e-05 3.676852e-02 -3.064303e-02
8.106406e+00 1.240955e-05 4.178763e-02 -3.032470e-02
8.606807e+00 1.142882e-05 4.701343e-02 -3.000661e-02
9.107207e+00 1.054320e-05 5.242469e-02 -2.968948e-02
9.607608e+00 9.741821e-06 5.800138e-02 -2.937394e-02
1.010801e+01 9.015242e-06 6.372470e-02 -2.906051e-02
1.060841e+01 8.355228e-06 6.957711e-02 -2.874962e-02
1.110881e+01 7.754586e-06 7.554224e-02 -2.844162e-02
1.160921e+01 7.207015e-06 8.160495e-02 -2.813684e-02
1.210961e+01 6.706981e-06 8.775120e-02 -2.783550e-02
1.261001e+01 6.249611e-06 9.396803e-02 -2.753780e-02
1.311041e+01 5.830608e-06 1.002435e-01 -2.724392e-02
1.361081e+01 5.446169e-06 1.065666e-01 -2.695398e-02
1.411121e+01 5.092926e-06 1.129274e-01 -2.666807e-02
1.461161e+01 4.767888e-06 1.193164e-01 -2.638626e-02
1.511201e+01 4.468393e-06 1.257254e-01 -2.610862e-02
1.561241e+01 4.192068e-06 1.321465e-01 -2.583516e-02
1.611281e+01 3.936792e-06 1.385727e-01 -2.556590e-02
1.661321e+01 3.700669e-06 1.449976e-01 -2.530085e-02
1.711361e+01 3.482000e-06 1.514152e-01 -2.504000e-02
1.761401e+01 3.279258e-06 1.578204e-01 -2.478332e-02
1.811441e+01 3.091069e-06 1.642082e-01 -2.453079e-02
1.861481e+01 2.916197e-06 1.705743e-01 -2.428238e-02
1.911522e+01 2.753527e-06 1.769148e-01 -2.403803e-02
1.961562e+01 2.602050e-06 1.832260e-01 -2.379770e-02
2.011602e+01 2.460854e-06 1.895047e-01 -2.356135e-02
2.061642e+01 2.329112e-06 1.957481e-01 -2.332892e-02
2.111682e+01 2.206075e-06 2.019536e-01 -2.310035e-02
2.161722e+01 2.091060e-06 2.081189e-01 -2.287557e-02
2.211762e+01 1.983449e-06 2.142419e-01 -2.265454e-02
2.261802e+01 1.882675e-06 2.203207e-01 -2.243719e-02
2.311842e+01 1.788225e-06 2.263538e-01 -2.222344e-02
2.361882e+01 1.699627e-06 2.323398e-01 -2.201325e-02
2.411922e+01 1.616451e-06 2.382774e-01 -2.180654e-02
2.461962e+01 1.538305e-06 2.441656e-01 -2.160326e-02
2.512002e+01 1.464826e-06 2.500033e-01 -2.140332e-02
2.562042e+01 1.395685e-06 2.557900e-01 -2.120668e-02
2.612082e+01 1.330578e-06 2.615248e-01 -2.101327e-02
2.662122e+01 1.269225e-06 2.672072e-01 -2.082301e-02
2.712162e+01 1.211369e-06 2.728369e-01 -2.063586e-02
2.762202e+01 1.156774e-06 2.784135e-01 -2.045175e-02
2.812242e+01 1.105222e-06 2.839366e-01 -2.027061e-02
2.862282e+01 1.056511e-06 2.894063e-01 -2.009239e-02
2.912322e+01 1.010456e-06 2.948223e-01 -1.991703e-02
2.962362e+01 9.668835e-07 3.001847e-01 -1.974446e-02
3.012402e+01 9.256358e-07 3.054934e-01 -1.957464e-02
3.062442e+01 8.865653e-07 3.107486e-01 -1.940750e-02
3.112482e+01 8.495354e-07 3.159504e-01 -1.924299e-02
3.162523e+01 8.144195e-07 3.210990e-01 -1.908106e-02
3.212563e+01 7.811001e-07 3.261946e-01 -1.892165e-02
3.262603e+01 7.494679e-07 3.312375e-01 -1.876470e-02
3.312643e+01 7.194215e-07 3.362280e-01 -1.861018e-02
3.362683e+01 6.908664e-07 3.411663e-01 -1.845802e-02
3.412723e+01 6.637145e-07 3.460530e-01 -1.830819e-02
3.462763e+01 6.378840e-07 3.508882e-01 -1.816063e-02
3.512803e+01 6.132983e-07 3.556725e-01 -1.801529e-02
3.562843e+01 5.898862e-07 3.604062e-01 -1.787213e-02
3.612883e+01 5.675810e-07 3.650898e-01 -1.773111e-02
3.662923e+01 5.463205e-07 3.697238e-01 -1.759218e-02
3.712963e+01 5.260465e-07 3.743086e-01 -1.745530e-02
3.763003e+01 5.067046e-07 3.788446e-01 -1.732042e-02
3.813043e+01 4.882439e-07 3.833325e-01 -1.718752e-02
3.863083e+01 4.706164e-07 3.877726e-01 -1.705654e-02
3.913123e+01 4.537776e-07 3.921654e-01 -1.692744e-02
3.963163e+01 4.376855e-07 3.965115e-01 -1.680020e-02
4.013203e+01 4.223006e-07 4.008114e-01 -1.667477e-02
4.063243e+01 4.075860e-07 4.050656e-01 -1.655112e-02
4.113283e+01 3.935068e-07 4.092747e-01 -1.642920e-02
4.163323e+01 3.800306e-07 4.134390e-01 -1.630900e-02
4.213363e+01 3.671265e-07 4.175592e-01 -1.619047e-02
4.263403e+01 3.547656e-07 4.216358e-01 -1.607358e-02
4.313443e+01 3.429207e-07 4.256693e-01 -1.595830e-02
4.363483e+01 3.315662e-07 4.296602e-01 -1.584460e-02
4.413524e+01 3.206778e-07 4.336091e-01 -1.573244e-02
4.463564e+01 3.102329e-07 4.375164e-01 -1.562180e-02
4.513604e+01 3.002100e-07 4.413827e-01 -1.551265e-02
4.563644e+01 2.905886e-07 4.452085e-01 -1.540495e-02
4.613684e+01 2.813497e-07 4.489943e-01 -1.529869e-02
4.663724e+01 2.724751e-07 4.527406e-01 -1.519384e-02
4.713764e+01 2.639478e-07 4.564479e-01 -1.509036e-02
4.763804e+01 2.557516e-07 4.601166e-01 -1.498823e-02
4.813844e+01 2.478711e-07 4.637474e-01 -1.488743e-02
4.863884e+01 2.402919e-07 4.673407e-01 -1.478794e-02
4.913924e+01 2.330002e-07 4.708970e-01 -1.468972e-02
4.963964e+01 2.259831e-07 4.744167e-01 -1.459275e-02
5.014004e+01 2.192282e-07 4.779003e-01 -1.449702e-02
5.064044e+01 2.127239e-07 4.813483e-01 -1.440249e-02
5.114084e+01 2.064590e-07 4.847612e-01 -1.430916e-02
5.164124e+01 2.004232e-07 4.881395e-01 -1.421698e-02
5.214164e+01 1.946064e-07 4.914835e-01 -1.412596e-02
5.264204e+01 1.889991e-07 4.947937e-01 -1.403605e-02
5.314244e+01 1.835923e-07 4.980706e-01 -1.394725e-02
5.364284e+01 1.783776e-07 5.013146e-01 -1.385954e-02
5.414324e+01 1.733467e-07 5.045262e-01 -1.377289e-02
5.464364e+01 1.684920e-07 5.077058e-01 -1.368728e-02
5.514404e+01 1.638061e-07 5.108537e-01 -1.360271e-02
5.564444e+01 1.592820e-07 5.139704e-01 -1.351914e-02
5.614484e+01 1.549130e-07 5.170564e-01 -1.343657e-02
5.664525e+01 1.506928e-07 5.201120e-01 -1.335498e-02
5.714565e+01 1.466154e-07 5.231376e-01 -1.327434e-02
5.764605e+01 1.426750e-07 5.261337e-01 -1.319464e-02
5.814645e+01 1.388661e-07 5.291005e-01 -1.311588e-02
5.864685e+01 1.351835e-07 5.320386e-01 -1.303802e-02
5.914725e+01 1.316221e-07 5.349482e-01 -1.296106e-02
5.964765e+01 1.281773e-07 5.378298e-01 -1.288498e-02
6.014805e+01 1.248445e-07 5.406837e-01 -1.280976e-02
6.064845e+01 1.216193e-07 5.435103e-01 -1.273540e-02
6.114885e+01 1.184976e-07 5.463099e-01 -1.266187e-02
6.164925e+01 1.154755e-07 5.490829e-01 -1.258917e-02
6.214965e+01 1.125491e-07 5.518296e-01 -1.251728e-02
6.265005e+01 1.097148e-07 5.545504e-01 -1.244618e-02
6.315045e+01 1.069692e-07 5.572456e-01 -1.237587e-02
6.365085e+01 1.043089e-07 5.599155e-01 -1.230634e-02
6.415125e+01 1.017309e-07 5.625606e-01 -1.223756e-02
6.465165e+01 9.923202e-08 5.651810e-01 -1.216952e-02
6.515205e+01 9.680941e-08 5.677771e-01 -1.210223e-02
6.565245e+01 9.446029e-08 5.703492e-01 -1.203565e-02
6.615285e+01 9.218201e-08 5.728977e-01 -1.196979e-02
6.665325e+01 8.997201e-08 5.754228e-01 -1.190463e-02
6.715365e+01 8.782785e-08 5.779248e-01 -1.184016e-02
6.765405e+01 8.574720e-08 5.804041e-01 -1.177637e-02
6.815445e+01 8.372780e-08 5.828609e-01 -1.171325e-02
6.865485e+01 8.176751e-08 5.852954e-01 -1.165078e-02
6.915526e+01 7.986426e-08 5.877081e-01 -1.158897e-02
6.965566e+01 7.801608e-08 5.900991e-01 -1.152779e-02
7.015606e+01 7.622105e-08 5.924687e-01 -1.146724e-02
7.065646e+01 7.447736e-08 5.948173e-01 -1.140731e-02
7.115686e+01 7.278326e-08 5.971450e-01 -1.134800e-02
7.165726e+01 7.113706e-08 5.994521e-01 -1.128928e-02
7.215766e+01 6.953714e-08 6.017389e-01 -1.123116e-02
7.265806e+01 6.798196e-08 6.040057e-01 -1.117361e-02
7.315846e+01 6.647001e-08 6.062526e-01 -1.111665e-02
7.365886e+01 6.499987e-08 6.084800e-01 -1.106025e-02
7.415926e+01 6.357016e-08 6.106880e-01 -1.100440e-02
7.465966e+01 6.217954e-08 6.128769e-01 -1.094911e-02
7.516006e+01 6.082675e-08 6.150470e-01 -1.089436e-02
7.566046e+01 5.951055e-08 6.171985e-01 -1.084014e-02
7.616086e+01 5.822976e-08 6.193315e-01 -1.078645e-02
7.666126e+01 5.698325e-08 6.214464e-01 -1.073328e-02
7.716166e+01 5.576992e-08 6.235433e-01 -1.068062e-02
7.766206e+01 5.458871e-08 6.256225e-01 -1.062847e-02
7.816246e+01 5.343862e-08 6.276842e-01 -1.057681e-02
7.866286e+01 5.231866e-08 6.297285e-01 -1.052564e-02
7.916326e+01 5.122788e-08 6.317558e-01 -1.047496e-02
7.966366e+01 5.016539e-08 6.337661e-01 -1.042475e-02
8.016406e+01 4.913031e-08 6.357598e-01 -1.037501e-02
8.066446e+01 4.812179e-08 6.377369e-01 -1.032573e-02
8.116486e+01 4.713901e-08 6.396978e-01 -1.027692e-02
8.166527e+01 4.618120e-08 6.416425e-01 -1.022855e-02
8.216567e+01 4.524760e-08 6.435713e-01 -1.018063e-02
8.266607e+01 4.433747e-08 6.454844e-01 -1.013314e-02
8.316647e+01 4.345011e-08 6.473819e-01 -1.008609e-02
8.366687e+01 4.258485e-08 6.492641e-01 -1.003947e-02
8.416727e+01 4.174101e-08 6.511310e-01 -9.993266e-03
8.466767e+01 4.091798e-08 6.529830e-01 -9.947479e-03
8.516807e+01 4.011514e-08 6.548201e-01 -9.902102e-03
8.566847e+01 3.933189e-08 6.566425e-01 -9.857129e-03
8.616887e+01 3.856766e-08 6.584505e-01 -9.812556e-03
8.666927e+01 3.782191e-08 6.602441e-01 -9.768376e-03
8.716967e+01 3.709410e-08 6.620236e-01 -9.724586e-03
8.767007e+01 3.638371e-08 6.637890e-01 -9.681179e-03
8.817047e+01 3.569025e-08 6.655406e-01 -9.638152e-03
8.867087e+01 3.501323e-08 6.672785e-01 -9.595498e-03
8.917127e+01 3.435219e-08 6.690029e-01 -9.553213e-03
8.967167e+01 3.370668e-08 6.707139e-01 -9.511293e-03
9.017207e+01 3.307627e-08 6.724116e-01 -9.469733e-03
9.067247e+01 3.246052e-08 6.740963e-01 -9.428528e-03
9.117287e+01 3.185903e-08 6.757680e-01 -9.387673e-03
9.167327e+01 3.127142e-08 6.774269e-01 -9.347165e-03
9.217367e+01 3.069729e-08 6.790732e-01 -9.306999e-03
9.267407e+01 3.013628e-08 6.807070e-01 -9.267171e-03
9.317447e+01 2.958802e-08 6.823284e-01 -9.227676e-03
9.367487e+01 2.905218e-08 6.839375e-01 -9.188510e-03
9.417528e+01 2.852842e-08 6.855346e-01 -9.149670e-03
9.467568e+01 2.801640e-08 6.871197e-01 -9.111151e-03
9.517608e+01 2.751583e-08 6.886929e-01 -9.072949e-03
9.567648e+01 2.702638e-08 6.902544e-01 -9.035061e-03
9.617688e+01 2.654777e-08 6.918044e-01 -8.997482e-03
9.667728e+01 2.607971e-08 6.933428e-01 -8.960210e-03
9.717768e+01 2.562191e-08 6.948700e-01 -8.923239e-03
9.767808e+01 2.517412e-08 6.963859e-01 -8.886568e-03
9.817848e+01 2.473608e-08 6.978907e-01 -8.850191e-03
9.867888e+01 2.430751e-08 6.993846e-01 -8.814105e-03
9.917928e+01 2.388819e-08 7.008676e-01 -8.778308e-03
9.967968e+01 2.347788e-08 7.023398e-01 -8.742795e-03
1.001801e+02 2.307633e-08 7.038014e-01 -8.707564e-03
1.006805e+02 2.268334e-08 7.052525e-01 -8.672610e-03
1.011809e+02 2.229867e-08 7.066932e-01 -8.637932e-03
1.016813e+02 2.192213e-08 7.081236e-01 -8.603524e-03
1.021817e+02 2.155350e-08 7.095437e-01 -8.569386e-03
1.026821e+02 2.119259e-08 7.109538e-01 -8.535512e-03
1.031825e+02 2.083920e-08 7.123540e-01 -8.501900e-03
1.036829e+02 2.049314e-08 7.137442e-01 -8.468548e-03
1.041833e+02 2.015424e-08 7.151246e-01 -8.435452e-03
1.046837e+02 1.982232e-08 7.164954e-01 -8.402609e-03
1.051841e+02 1.949720e-08 7.178566e-01 -8.370017e-03
1.056845e+02 1.917873e-08 7.192084e-01 -8.337672e-03
1.061849e+02 1.886672e-08 7.205507e-01 -8.305572e-03
1.066853e+02 1.856104e-08 7.218837e-01 -8.273714e-03
1.071857e+02 1.826153e-08 7.232076e-01 -8.242096e-03
1.076861e+02 1.796803e-08 7.245224e-01 -8.210714e-03
1.081865e+02 1.768040e-08 7.258281e-01 -8.179566e-03
1.086869e+02 1.739851e-08 7.271249e-01 -8.148649e-03
1.091873e+02 1.712221e-08 7.284129e-01 -8.117962e-03
1.096877e+02 1.685138e-08 7.296922e-01 -8.087500e-03
1.101881e+02 1.658588e-08 7.309628e-01 -8.057263e-03
1.106885e+02 1.632559e-08 7.322248e-01 -8.027247e-03
1.111889e+02 1.607038e-08 7.334784e-01 -7.997450e-03
1.116893e+02 1.582015e-08 7.347235e-01 -7.967870e-03
1.121897e+02 1.557476e-08 7.359604e-01 -7.938504e-03
1.126901e+02 1.533412e-08 7.371889e-01 -7.909350e-03
1.131905e+02 1.509810e-08 7.384094e-01 -7.880406e-03
1.136909e+02 1.486661e-08 7.396217e-01 -7.851669e-03
1.141913e+02 1.463954e-08 7.408261e-01 -7.823138e-03
1.146917e+02 1.441679e-08 7.420226e-01 -7.794809e-03
1.151921e+02 1.419826e-08 7.432112e-01 -7.766682e-03
1.156925e+02 1.398385e-08 7.443920e-01 -7.738754e-03
1.161929e+02 1.377348e-08 7.455651e-01 -7.711022e-03
1.166933e+02 1.356704e-08 7.467307e-01 -7.683485e-03
1.171937e+02 1.336446e-08 7.478886e-01 -7.656140e-03
1.176941e+02 1.316565e-08 7.490391e-01 -7.628986e-03
1.181945e+02 1.297052e-08 7.501822e-01 -7.602021e-03
1.186949e+02 1.277900e-08 7.513180e-01 -7.575243e-03
1.191953e+02 1.259099e-08 7.524465e-01 -7.548649e-03
1.196957e+02 1.240643e-08 7.535678e-01 -7.522239e-03
1.201961e+02 1.222524e-08 7.546819e-01 -7.496009e-03
1.206965e+02 1.204735e-08 7.557890e-01 -7.469958e-03
1.211969e+02 1.187268e-08 7.568891e-01 -7.444085e-03
1.216973e+02 1.170116e-08 7.579823e-01 -7.418388e-03
1.221977e+02 1.153273e-08 7.590686e-01 -7.392864e-03
1.226981e+02 1.136732e-08 7.601481e-01 -7.367512e-03
1.231985e+02 1.120487e-08 7.612209e-01 -7.342331e-03
1.236989e+02 1.104530e-08 7.622870e-01 -7.317318e-03
1.241993e+02 1.088857e-08 7.633465e-01 -7.292472e-03
1.246997e+02 1.073461e-08 7.643994e-01 -7.267792e-03
1.252001e+02 1.058336e-08 7.654458e-01 -7.243275e-03
1.257005e+02 1.043476e-08 7.664858e-01 -7.218920e-03
1.262009e+02 1.028877e-08 7.675194e-01 -7.194725e-03
1.267013e+02 1.014531e-08 7.685467e-01 -7.170690e-03
1.272017e+02 1.000435e-08 7.695677e-01 -7.146811e-03
1.277021e+02 9.865831e-09 7.705825e-01 -7.123089e-03
1.282025e+02 9.729700e-09 7.715911e-01 -7.099521e-03
1.287029e+02 9.595908e-09 7.725937e-01 -7.076105e-03
1.292033e+02 9.464408e-09 7.735902e-01 -7.052841e-03
1.297037e+02 9.335154e-09 7.745807e-01 -7.029727e-03
1.302041e+02 9.208098e-09 7.755653e-01 -7.006761e-03
1.307045e+02 9.083197e-09 7.765440e-01 -6.983942e-03
1.312049e+02 8.960406e-09 7.775168e-01 -6.961268e-03
1.317053e+02 8.839683e-09 7.784839e-01 -6.938739e-03
1.322057e+02 8.720987e-09 7.794453e-01 -6.916353e-03
1.327061e+02 8.604277e-09 7.804010e-01 -6.894108e-03
1.332065e+02 8.489512e-09 7.813510e-01 -6.872003e-03
1.337069e+02 8.376655e-09 7.822955e-01 -6.850038e-03
1.342073e+02 8.265666e-09 7.832344e-01 -6.828209e-03
1.347077e+02 8.156510e-09 7.841678e-01 -6.806517e-03
1.352081e+02 8.049150e-09 7.850959e-01 -6.784960e-03
1.357085e+02 7.943551e-09 7.860185e-01 -6.763537e-03
1.362089e+02 7.839678e-09 7.869357e-01 -6.742246e-03
1.367093e+02 7.737497e-09 7.878477e-01 -6.721087e-03
1.372097e+02 7.636976e-09 7.887544e-01 -6.700057e-03
1.377101e+02 7.538082e-09 7.896560e-01 -6.679157e-03
1.382105e+02 7.440783e-09 7.905523e-01 -6.658384e-03
1.387109e+02 7.345049e-09 7.914435e-01 -6.637738e-03
1.392113e+02 7.250850e-09 7.923297e-01 -6.617217e-03
1.397117e+02 7.158157e-09 7.932108e-01 -6.596820e-03
1.402121e+02 7.066940e-09 7.940869e-01 -6.576547e-03
1.407125e+02 6.977171e-09 7.949581e-01 -6.556395e-03
1.412129e+02 6.888824e-09 7.958243e-01 -6.536365e-03
1.417133e+02 6.801870e-09 7.966857e-01 -6.516454e-03
1.422137e+02 6.716284e-09 7.975423e-01 -6.496662e-03
1.427141e+02 6.632040e-09 7.983941e-01 -6.476988e-03
1.432145e+02 6.549113e-09 7.992411e-01 -6.457430e-03
1.437149e+02 6.467478e-09 8.000834e-01 -6.437989e-03
1.442153e+02 6.387111e-09 8.009211e-01 -6.418662e-03
1.447157e+02 6.307988e-09 8.017541e-01 -6.399448e-03
1.452161e+02 6.230087e-09 8.025825e-01 -6.380347e-03
1.457165e+02 6.153385e-09 8.034064e-01 -6.361358e-03
1.462169e+02 6.077860e-09 8.042257e-01 -6.342479e-03
1.467173e+02 6.003490e-09 8.050406e-01 -6.323711e-03
1.472177e+02 5.930254e-09 8.058510e-01 -6.305051e-03
1.477181e+02 5.858131e-09 8.066570e-01 -6.286498e-03
1.482185e+02 5.787102e-09 8.074586e-01 -6.268053e-03
1.487189e+02 5.717145e-09 8.082559e-01 -6.249714e-03
1.492193e+02 5.648243e-09 8.090489e-01 -6.231479e-03
1.497197e+02 5.580376e-09 8.098376e-01 -6.213349e-03
1.502201e+02 5.513525e-09 8.106221e-01 -6.195322e-03
1.507205e+02 5.447672e-09 8.114024e-01 -6.177398e-03
1.512209e+02 5.382799e-09 8.121785e-01 -6.159575e-03
1.517213e+02 5.318889e-09 8.129505e-01 -6.141853e-03
1.522217e+02 5.255925e-09 8.137184e-01 -6.124230e-03
1.527221e+02 5.193890e-09 8.144822e-01 -6.106707e-03
1.532225e+02 5.132768e-09 8.152419e-01 -6.089282e-03
1.537229e+02 5.072542e-09 8.159977e-01 -6.071954e-03
1.542233e+02 5.013196e-09 8.167494e-01 -6.054723e-03
1.547237e+02 4.954717e-09 8.174973e-01 -6.037587e-03
1.552241e+02 4.897087e-09 8.182412e-01 -6.020547e-03
1.557245e+02 4.840293e-09 8.189812e-01 -6.003600e-03
1.562249e+02 4.784320e-09 8.197174e-01 -5.986747e-03
1.567253e+02 4.729153e-09 8.204497e-01 -5.969986e-03
1.572257e+02 4.674780e-09 8.211783e-01 -5.953318e-03
1.577261e+02 4.621186e-09 8.219031e-01 -5.936740e-03
1.582265e+02 4.568357e-09 8.226241e-01 -5.920253e-03
1.587269e+02 4.516282e-09 8.233415e-01 -5.903856e-03
1.592273e+02 4.464946e-09 8.240552e-01 -5.887547e-03
1.597277e+02 4.414338e-09 8.247652e-01 -5.871326e-03
1.602281e+02 4.364444e-09 8.254716e-01 -5.855193e-03
1.607285e+02 4.315254e-09 8.261744e-01 -5.839147e-03
1.612289e+02 4.266755e-09 8.268736e-01 -5.823187e-03
1.617293e+02 4.218935e-09 8.275693e-01 -5.807312e-03
1.622297e+02 4.171783e-09 8.282614e-01 -5.791522e-03
1.627301e+02 4.125288e-09 8.289501e-01 -5.775816e-03
1.632305e+02 4.079439e-09 8.296353e-01 -5.760193e-03
1.637309e+02 4.034226e-09 8.303171e-01 -5.744653e-03
1.642313e+02 3.989637e-09 8.309955e-01 -5.729195e-03
1.647317e+02 3.945662e-09 8.316704e-01 -5.713819e-03
1.652321e+02 3.902292e-09 8.323421e-01 -5.698523e-03
1.657325e+02 3.859516e-09 8.330103e-01 -5.683307e-03
1.662329e+02 3.817324e-09 8.336753e-01 -5.668171e-03
1.667333e+02 3.775708e-09 8.343370e-01 -5.653114e-03
1.672337e+02 3.734657e-09 8.349954e-01 -5.638135e-03
1.677341e+02 3.694162e-09 8.356506e-01 -5.623233e-03
1.682345e+02 3.654215e-09 8.363025e-01 -5.608409e-03
1.687349e+02 3.614806e-09 8.369513e-01 -5.593661e-03
1.692353e+02 3.575927e-09 8.375969e-01 -5.578989e-03
1.697357e+02 3.537570e-09 8.382393e-01 -5.564392e-03
1.702361e+02 3.499725e-09 8.388787e-01 -5.549870e-03
1.707365e+02 3.462385e-09 8.395149e-01 -5.535422e-03
1.712369e+02 3.425542e-09 8.401480e-01 -5.521048e-03
1.717373e+02 3.389188e-09 8.407781e-01 -5.506747e-03
1.722377e+02 3.353314e-09 8.414052e-01 -5.492518e-03
1.727381e+02 3.317914e-09 8.420292e-01 -5.478361e-03
1.732385e+02 3.282980e-09 8.426503e-01 -5.464276e-03
1.737389e+02 3.248505e-09 8.432684e-01 -5.450261e-03
1.742393e+02 3.214481e-09 8.438835e-01 -5.436317e-03
1.747397e+02 3.180901e-09 8.444957e-01 -5.422442e-03
1.752401e+02 3.147758e-09 8.451050e-01 -5.408637e-03
1.757405e+02 3.115047e-09 8.457114e-01 -5.394900e-03
1.762409e+02 3.082758e-09 8.463150e-01 -5.381232e-03
1.767413e+02 3.050888e-09 8.469157e-01 -5.367631e-03
1.772417e+02 3.019428e-09 8.475135e-01 -5.354098e-03
1.777421e+02 2.988372e-09 8.481086e-01 -5.340631e-03
1.782425e+02 2.957715e-09 8.487009e-01 -5.327231e-03
1.787429e+02 2.927450e-09 8.492904e-01 -5.313896e-03
1.792433e+02 2.897571e-09 8.498772e-01 -5.300626e-03
1.797437e+02 2.868072e-09 8.504612e-01 -5.287422e-03
1.802441e+02 2.838948e-09 8.510425e-01 -5.274281e-03
1.807445e+02 2.810192e-09 8.516211e-01 -5.261205e-03
1.812449e+02 2.781800e-09 8.521971e-01 -5.248192e-03
1.817453e+02 2.753765e-09 8.527704e-01 -5.235242e-03
1.822457e+02 2.726082e-09 8.533411e-01 -5.222354e-03
1.827461e+02 2.698747e-09 8.539091e-01 -5.209528e-03
1.832465e+02 2.671753e-09 8.544746e-01 -5.196764e-03
1.837469e+02 2.645096e-09 8.550374e-01 -5.184061e-03
1.842473e+02 2.618771e-09 8.555977e-01 -5.171419e-03
1.847477e+02 2.592772e-09 8.561555e-01 -5.158837e-03
1.852481e+02 2.567096e-09 8.567107e-01 -5.146315e-03
1.857485e+02 2.541736e-09 8.572634e-01 -5.133852e-03
1.862489e+02 2.516688e-09 8.578136e-01 -5.121449e-03
1.867493e+02 2.491949e-09 8.583613e-01 -5.109103e-03
1.872497e+02 2.467513e-09 8.589066e-01 -5.096816e-03
1.877502e+02 2.443375e-09 8.594494e-01 -5.084587e-03
1.882506e+02 2.419532e-09 8.599898e-01 -5.072415e-03
1.887510e+02 2.395979e-09 8.605278e-01 -5.060300e-03
1.892514e+02 2.372712e-09 8.610634e-01 -5.048242e-03
1.897518e+02 2.349727e-09 8.615966e-01 -5.036240e-03
1.902522e+02 2.327019e-09 8.621274e-01 -5.024293e-03
1.907526e+02 2.304585e-09 8.626559e-01 -5.012402e-03
1.912530e+02 2.282421e-09 8.631820e-01 -5.000566e-03
1.917534e+02 2.260522e-09 8.637058e-01 -4.988784e-03
1.922538e+02 2.238886e-09 8.642273e-01 -4.977057e-03
1.927542e+02 2.217508e-09 8.647466e-01 -4.965384e-03
1.932546e+02 2.196384e-09 8.652635e-01 -4.953764e-03
1.937550e+02 2.175511e-09 8.657782e-01 -4.942197e-03
1.942554e+02 2.154886e-09 8.662906e-01 -4.930683e-03
1.947558e+02 2.134505e-09 8.668009e-01 -4.919221e-03
1.952562e+02 2.114364e-09 8.673089e-01 -4.907812e-03
1.957566e+02 2.094459e-09 8.678147e-01 -4.896454e-03
1.962570e+02 2.074789e-09 8.683183e-01 -4.885147e-03
1.967574e+02 2.055349e-09 8.688197e-01 -4.873892e-03
1.972578e+02 2.036136e-09 8.693190e-01 -4.862687e-03
1.977582e+02 2.017147e-09 8.698161e-01 -4.851532e-03
1.982586e+02 1.998379e-09 8.703111e-01 -4.840428e-03
1.987590e+02 1.979829e-09 8.708040e-01 -4.829373e-03
1.992594e+02 1.961494e-09 8.712947e-01 -4.818367e-03
1.997598e+02 1.943370e-09 8.717834e-01 -4.807411e-03
2.002602e+02 1.925455e-09 8.722700e-01 -4.796503e-03
2.007606e+02 1.907746e-09 8.727546e-01 -4.785643e-03
2.012610e+02 1.890240e-09 8.732371e-01 -4.774831e-03
2.017614e+02 1.872935e-09 8.737175e-01 -4.764067e-03
2.022618e+02 1.855827e-09 8.741959e-01 -4.753351e-03
2.027622e+02 1.838914e-09 8.746723e-01 -4.742681e-03
2.032626e+02 1.822193e-09 8.751467e-01 -4.732059e-03
2.037630e+02 1.805662e-09 8.756192e-01 -4.721482e-03
2.042634e+02 1.789318e-09 8.760896e-01 -4.710952e-03
2.047638e+02 1.773159e-09 8.765581e-01 -4.700468e-03
2.052642e+02 1.757181e-09 8.770246e-01 -4.690029e-03
2.057646e+02 1.741383e-09 8.774892e-01 -4.679636e-03
2.062650e+02 1.725762e-09 8.779519e-01 -4.669287e-03
2.067654e+02 1.710316e-09 8.784126e-01 -4.658983e-03
2.072658e+02 1.695042e-09 8.788714e-01 -4.648724e-03
2.077662e+02 1.679939e-09 8.793284e-01 -4.638508e-03
2.082666e+02 1.665003e-09 8.797835e-01 -4.628337e-03
2.087670e+02 1.650233e-09 8.802367e-01 -4.618209e-03
2.092674e+02 1.635627e-09 8.806880e-01 -4.608124e-03
2.097678e+02 1.621181e-09 8.811375e-01 -4.598082e-03
2.102682e+02 1.606895e-09 8.815852e-01 -4.588083e-03
2.107686e+02 1.592766e-09 8.820310e-01 -4.578127e-03
2.112690e+02 1.578791e-09 8.824750e-01 -4.568212e-03
2.117694e+02 1.564970e-09 8.829172e-01 -4.558340e-03
2.122698e+02 1.551300e-09 8.833577e-01 -4.548509e-03
2.127702e+02 1.537778e-09 8.837963e-01 -4.538719e-03
2.132706e+02 1.524404e-09 8.842332e-01 -4.528971e-03
2.137710e+02 1.511174e-09 8.846683e-01 -4.519263e-03
2.142714e+02 1.498088e-09 8.851017e-01 -4.509596e-03
2.147718e+02 1.485143e-09 8.855334e-01 -4.499969e-03
2.152722e+02 1.472338e-09 8.859633e-01 -4.490383e-03
2.157726e+02 1.459670e-09 8.863915e-01 -4.480836e-03
2.162730e+02 1.447139e-09 8.868180e-01 -4.471329e-03
2.167734e+02 1.434741e-09 8.872428e-01 -4.461861e-03
2.172738e+02 1.422476e-09 8.876659e-01 -4.452432e-03
2.177742e+02 1.410342e-09 8.880873e-01 -4.443043e-03
2.182746e+02 1.398337e-09 8.885071e-01 -4.433691e-03
2.187750e+02 1.386459e-09 8.889252e-01 -4.424379e-03
2.192754e+02 1.374708e-09 8.893416e-01 -4.415104e-03
2.197758e+02 1.363080e-09 8.897565e-01 -4.405867e-03
2.202762e+02 1.351575e-09 8.901697e-01 -4.396668e-03
2.207766e+02 1.340192e-09 8.905812e-01 -4.387507e-03
2.212770e+02 1.328927e-09 8.909912e-01 -4.378382e-03
2.217774e+02 1.317781e-09 8.913996e-01 -4.369295e-03
2.222778e+02 1.306752e-09 8.918064e-01 -4.360244e-03
2.227782e+02 1.295838e-09 8.922116e-01 -4.351230e-03
2.232786e+02 1.285037e-09 8.926152e-01 -4.342253e-03
2.237790e+02 1.274349e-09 8.930172e-01 -4.333311e-03
2.242794e+02 1.263772e-09 8.934178e-01 -4.324406e-03
2.247798e+02 1.253304e-09 8.938167e-01 -4.315536e-03
2.252802e+02 1.242944e-09 8.942142e-01 -4.306701e-03
2.257806e+02 1.232691e-09 8.946101e-01 -4.297902e-03
2.262810e+02 1.222544e-09 8.950045e-01 -4.289138e-03
2.267814e+02 1.212501e-09 8.953973e-01 -4.280408e-03
2.272818e+02 1.202561e-09 8.957887e-01 -4.271713e-03
2.277822e+02 1.192722e-09 8.961786e-01 -4.263053e-03
2.282826e+02 1.182984e-09 8.965670e-01 -4.254427e-03
2.287830e+02 1.173345e-09 8.969539e-01 -4.245835e-03
2.292834e+02 1.163804e-09 8.973394e-01 -4.237277e-03
2.297838e+02 1.154360e-09 8.977234e-01 -4.228752e-03
2.302842e+02 1.145011e-09 8.981059e-01 -4.220261e-03
2.307846e+02 1.135757e-09 8.984870e-01 -4.211803e-03
2.312850e+02 1.126596e-09 8.988667e-01 -4.203378e-03
2.317854e+02 1.117527e-09 8.992449e-01 -4.194986e-03
2.322858e+02 1.108550e-09 8.996218e-01 -4.186626e-03
2.327862e+02 1.099662e-09 8.999972e-01 -4.178299e-03
2.332866e+02 1.090863e-09 9.003712e-01 -4.170005e-03
2.337870e+02 1.082152e-09 9.007438e-01 -4.161742e-03
2.342874e+02 1.073528e-09 9.011151e-01 -4.153511e-03
2.347878e+02 1.064990e-09 9.014849e-01 -4.145312e-03
2.352882e+02 1.056536e-09 9.018534e-01 -4.137145e-03
2.357886e+02 1.048166e-09 9.022205e-01 -4.129009e-03
2.362890e+02 1.039879e-09 9.025863e-01 -4.120904e-03
2.367894e+02 1.031673e-09 9.029507e-01 -4.112830e-03
2.372898e+02 1.023549e-09 9.033138e-01 -4.104786e-03
2.377902e+02 1.015504e-09 9.036755e-01 -4.096774e-03
2.382906e+02 1.007538e-09 9.040359e-01 -4.088792e-03
2.387910e+02 9.996497e-10 9.043950e-01 -4.080840e-03
2.392914e+02 9.918387e-10 9.047528e-01 -4.072918e-03
2.397918e+02 9.841038e-10 9.051093e-01 -4.065027e-03
2.402922e+02 9.764442e-10 9.054645e-01 -4.057165e-03
2.407926e+02 9.688590e-10 9.058183e-01 -4.049332e-03
2.412930e+02 9.613473e-10 9.061710e-01 -4.041529e-03
2.417934e+02 9.539082e-10 9.065223e-01 -4.033756e-03
2.422938e+02 9.465410e-10 9.068723e-01 -4.026011e-03
2.427942e+02 9.392447e-10 9.072211e-01 -4.018296e-03
2.432946e+02 9.320186e-10 9.075687e-01 -4.010609e-03
2.437950e+02 9.248619e-10 9.079150e-01 -4.002951e-03
2.442954e+02 9.177737e-10 9.082600e-01 -3.995321e-03
2.447958e+02 9.107533e-10 9.086038e-01 -3.987720e-03
2.452962e+02 9.037999e-10 9.089464e-01 -3.980147e-03
2.457966e+02 8.969128e-10 9.092877e-01 -3.972601e-03
2.462970e+02 8.900911e-10 9.096279e-01 -3.965084e-03
2.467974e+02 8.833342e-10 9.099668e-01 -3.957594e-03
2.472978e+02 8.766412e-10 9.103045e-01 -3.950132e-03
2.477982e+02 8.700115e-10 9.106411e-01 -3.942698e-03
2.482986e+02 8.634444e-10 9.109764e-01 -3.935290e-03
2.487990e+02 8.569391e-10 9.113105e-01 -3.927910e-03
2.492994e+02 8.504950e-10 9.116435e-01 -3.920556e-03
2.497998e+02 8.441114e-10 9.119753e-01 -3.913229e-03
2.503002e+02 8.377875e-10 9.123059e-01 -3.905929e-03
2.508006e+02 8.315227e-10 9.126354e-01 -3.898656e-03
2.513010e+02 8.253164e-10 9.129637e-01 -3.891409e-03
2.518014e+02 8.191679e-10 9.132909e-01 -3.884188e-03
2.523018e+02 8.130765e-10 9.136169e-01 -3.876993e-03
2.528022e+02 8.070416e-10 9.139418e-01 -3.869824e-03
2.533026e+02 8.010627e-10 9.142656e-01 -3.862680e-03
2.538030e+02 7.951390e-10 9.145882e-01 -3.855563e-03
2.543034e+02 7.892699e-10 9.149098e-01 -3.848471e-03
2.548038e+02 7.834549e-10 9.152302e-01 -3.841404e-03
2.553042e+02 7.776934e-10 9.155495e-01 -3.834363e-03
2.558046e+02 7.719847e-10 9.158677e-01 -3.827347e-03
2.563050e+02 7.663283e-10 9.161848e-01 -3.820355e-03
2.568054e+02 7.607236e-10 9.165008e-01 -3.813389e-03
2.573058e+02 7.551701e-10 9.168157e-01 -3.806447e-03
2.578062e+02 7.496671e-10 9.171296e-01 -3.799530e-03
2.583066e+02 7.442142e-10 9.174424e-01 -3.792637e-03
2.588070e+02 7.388108e-10 9.177541e-01 -3.785768e-03
2.593074e+02 7.334563e-10 9.180647e-01 -3.778924e-03
2.598078e+02 7.281503e-10 9.183743e-01 -3.772104e-03
2.603082e+02 7.228921e-10 9.186829e-01 -3.765308e-03
2.608086e+02 7.176814e-10 9.189904e-01 -3.758535e-03
2.613090e+02 7.125175e-10 9.192968e-01 -3.751786e-03
2.618094e+02 7.073999e-10 9.196023e-01 -3.745061e-03
2.623098e+02 7.023282e-10 9.199066e-01 -3.738359e-03
2.628102e+02 6.973019e-10 9.202100e-01 -3.731681e-03
2.633106e+02 6.923205e-10 9.205124e-01 -3.725026e-03
2.638110e+02 6.873835e-10 9.208137e-01 -3.718394e-03
2.643114e+02 6.824904e-10 9.211140e-01 -3.711784e-03
2.648118e+02 6.776407e-10 9.214133e-01 -3.705198e-03
2.653122e+02 6.728341e-10 9.217116e-01 -3.698634e-03
2.658126e+02 6.680700e-10 9.220090e-01 -3.692093e-03
2.663130e+02 6.633480e-10 9.223053e-01 -3.685575e-03
2.668134e+02 6.586677e-10 9.226006e-01 -3.679078e-03
2.673138e+02 6.540285e-10 9.228950e-01 -3.672604e-03
2.678142e+02 6.494302e-10 9.231884e-01 -3.666152e-03
2.683146e+02 6.448721e-10 9.234808e-01 -3.659723e-03
2.688150e+02 6.403540e-10 9.237723e-01 -3.653315e-03
2.693154e+02 6.358754e-10 9.240628e-01 -3.646929e-03
2.698158e+02 6.314359e-10 9.243523e-01 -3.640564e-03
2.703162e+02 6.270350e-10 9.246409e-01 -3.634221e-03
2.708166e+02 6.226725e-10 9.249285e-01 -3.627900e-03
2.713170e+02 6.183478e-10 9.252152e-01 -3.621600e-03
2.718174e+02 6.140605e-10 9.255010e-01 -3.615321e-03
2.723178e+02 6.098104e-10 9.257858e-01 -3.609064e-03
2.728182e+02 6.055970e-10 9.260697e-01 -3.602827e-03
2.733186e+02 6.014199e-10 9.263527e-01 -3.596611e-03
2.738190e+02 5.972788e-10 9.266348e-01 -3.590417e-03
2.743194e+02 5.931732e-10 9.269159e-01 -3.584243e-03
2.748198e+02 5.891029e-10 9.271961e-01 -3.578089e-03
2.753202e+02 5.850674e-10 9.274755e-01 -3.571956e-03
2.758206e+02 5.810664e-10 9.277539e-01 -3.565844e-03
2.763210e+02 5.770996e-10 9.280314e-01 -3.559751e-03
2.768214e+02 5.731665e-10 9.283081e-01 -3.553679e-03
2.773218e+02 5.692669e-10 9.285838e-01 -3.547628e-03
2.778222e+02 5.654004e-10 9.288587e-01 -3.541596e-03
2.783226e+02 5.615667e-10 9.291326e-01 -3.535584e-03
2.788230e+02 5.577654e-10 9.294057e-01 -3.529592e-03
2.793234e+02 5.539962e-10 9.296780e-01 -3.523619e-03
2.798238e+02 5.502588e-10 9.299494e-01 -3.517666e-03
2.803242e+02 5.465529e-10 9.302199e-01 -3.511733e-03
2.808246e+02 5.428781e-10 9.304895e-01 -3.505819e-03
2.813250e+02 5.392342e-10 9.307583e-01 -3.499925e-03
2.818254e+02 5.356208e-10 9.310262e-01 -3.494049e-03
2.823258e+02 5.320376e-10 9.312933e-01 -3.488193e-03
2.828262e+02 5.284843e-10 9.315596e-01 -3.482356e-03
2.833266e+02 5.249606e-10 9.318250e-01 -3.476538e-03
2.838270e+02 5.214662e-10 9.320895e-01 -3.470739e-03
2.843274e+02 5.180009e-10 9.323533e-01 -3.464958e-03
2.848278e+02 5.145643e-10 9.326162e-01 -3.459197e-03
2.853282e+02 5.111562e-10 9.328783e-01 -3.453453e-03
2.858286e+02 5.077762e-10 9.331396e-01 -3.447729e-03
2.863290e+02 5.044241e-10 9.334000e-01 -3.442022e-03
2.868294e+02 5.010996e-10 9.336597e-01 -3.436334e-03
2.873298e+02 4.978025e-10 9.339185e-01 -3.430665e-03
2.878302e+02 4.945325e-10 9.341765e-01 -3.425013e-03
2.883306e+02 4.912892e-10 9.344338e-01 -3.419380e-03
2.888310e+02 4.880725e-10 9.346902e-01 -3.413764e-03
2.893314e+02 4.848821e-10 9.349458e-01 -3.408166e-03
2.898318e+02 4.817177e-10 9.352007e-01 -3.402587e-03
2.903322e+02 4.785791e-10 9.354547e-01 -3.397024e-03
2.908326e+02 4.754660e-10 9.357080e-01 -3.391480e-03
2.913330e+02 4.723782e-10 9.359605e-01 -3.385953e-03
2.918334e+02 4.693154e-10 9.362123e-01 -3.380444e-03
2.923338e+02 4.662774e-10 9.364632e-01 -3.374951e-03
2.928342e+02 4.632639e-10 9.367134e-01 -3.369477e-03
2.933346e+02 4.602748e-10 9.369628e-01 -3.364019e-03
2.938350e+02 4.573097e-10 9.372115e-01 -3.358579e-03
2.943354e+02 4.543684e-10 9.374594e-01 -3.353155e-03
2.948358e+02 4.514508e-10 9.377065e-01 -3.347749e-03
2.953362e+02 4.485565e-10 9.379529e-01 -3.342360e-03
2.958366e+02 4.456854e-10 9.381986e-01 -3.336987e-03
2.963370e+02 4.428372e-10 9.384435e-01 -3.331631e-03
2.968374e+02 4.400118e-10 9.386877e-01 -3.326292e-03
2.973378e+02 4.372088e-10 9.389311e-01 -3.320969e-03
2.978382e+02 4.344281e-10 9.391738e-01 -3.315663e-03
2.983386e+02 4.316695e-10 9.394157e-01 -3.310373e-03
2.988390e+02 4.289328e-10 9.396570e-01 -3.305100e-03
2.993394e+02 4.262177e-10 9.398975e-01 -3.299843e-03
2.998398e+02 4.235241e-10 9.401373e-01 -3.294602e-03
3.003402e+02 4.208517e-10 9.403764e-01 -3.289378e-03
3.008406e+02 4.182003e-10 9.406147e-01 -3.284169e-03
3.013410e+02 4.155698e-10 9.408524e-01 -3.278976e-03
3.018414e+02 4.129600e-10 9.410893e-01 -3.273800e-03
3.023418e+02 4.103706e-10 9.413256e-01 -3.268639e-03
3.028422e+02 4.078015e-10 9.415611e-01 -3.263493e-03
3.033426e+02 4.052524e-10 9.417959e-01 -3.258364e-03
3.038430e+02 4.027232e-10 9.420301e-01 -3.253250e-03
3.043434e+02 4.002138e-10 9.422635e-01 -3.248152e-03
3.048438e+02 3.977238e-10 9.424963e-01 -3.243069e-03
3.053442e+02 3.952532e-10 9.427283e-01 -3.238002e-03
3.058446e+02 3.928017e-10 9.429597e-01 -3.232950e-03
3.063450e+02 3.903692e-10 9.431904e-01 -3.227913e-03
3.068454e+02 3.879556e-10 9.434205e-01 -3.222891e-03
3.073458e+02 3.855605e-10 9.436498e-01 -3.217885e-03
3.078462e+02 3.831839e-10 9.438785e-01 -3.212894e-03
3.083466e+02 3.808256e-10 9.441065e-01 -3.207917e-03
3.088470e+02 3.784854e-10 9.443339e-01 -3.202956e-03
3.093474e+02 3.761631e-10 9.445606e-01 -3.198009e-03
3.098478e+02 3.738586e-10 9.447866e-01 -3.193077e-03
3.103482e+02 3.715718e-10 9.450120e-01 -3.188160e-03
3.108486e+02 3.693024e-10 9.452367e-01 -3.183258e-03
3.113490e+02 3.670503e-10 9.454608e-01 -3.178370e-03
3.118494e+02 3.648153e-10 9.456842e-01 -3.173497e-03
3.123498e+02 3.625973e-10 9.459070e-01 -3.168638e-03
3.128503e+02 3.603962e-10 9.461291e-01 -3.163794e-03
3.133507e+02 3.582117e-10 9.463506e-01 -3.158964e-03
3.138511e+02 3.560438e-10 9.465714e-01 -3.154148e-03
3.143515e+02 3.538922e-10 9.467917e-01 -3.149346e-03
3.148519e+02 3.517569e-10 9.470112e-01 -3.144559e-03
3.153523e+02 3.496376e-10 9.472302e-01 -3.139786e-03
3.158527e+02 3.475343e-10 9.474485e-01 -3.135026e-03
3.163531e+02 3.454468e-10 9.476662e-01 -3.130281e-03
3.168535e+02 3.433749e-10 9.478833e-01 -3.125549e-03
3.173539e+02 3.413186e-10 9.480998e-01 -3.120832e-03
3.178543e+02 3.392776e-10 9.483156e-01 -3.116128e-03
3.183547e+02 3.372518e-10 9.485309e-01 -3.111438e-03
3.188551e+02 3.352412e-10 9.487455e-01 -3.106762e-03
3.193555e+02 3.332455e-10 9.489595e-01 -3.102099e-03
3.198559e+02 3.312646e-10 9.491729e-01 -3.097449e-03
3.203563e+02 3.292984e-10 9.493858e-01 -3.092814e-03
3.208567e+02 3.273468e-10 9.495980e-01 -3.088191e-03
3.213571e+02 3.254096e-10 9.498096e-01 -3.083582e-03
3.218575e+02 3.234868e-10 9.500206e-01 -3.078987e-03
3.223579e+02 3.215781e-10 9.502310e-01 -3.074404e-03
3.228583e+02 3.196835e-10 9.504409e-01 -3.069835e-03
3.233587e+02 3.178028e-10 9.506501e-01 -3.065279e-03
3.238591e+02 3.159359e-10 9.508588e-01 -3.060736e-03
3.243595e+02 3.140827e-10 9.510669e-01 -3.056206e-03
3.248599e+02 3.122431e-10 9.512744e-01 -3.051689e-03
3.253603e+02 3.104169e-10 9.514813e-01 -3.047185e-03
3.258607e+02 3.086040e-10 9.516876e-01 -3.042693e-03
3.263611e+02 3.068044e-10 9.518934e-01 -3.038215e-03
3.268615e+02 3.050179e-10 9.520986e-01 -3.033749e-03
3.273619e+02 3.032443e-10 9.523032e-01 -3.029296e-03
3.278623e+02 3.014837e-10 9.525073e-01 -3.024856e-03
3.283627e+02 2.997357e-10 9.527108e-01 -3.020428e-03
3.288631e+02 2.980005e-10 9.529138e-01 -3.016013e-03
3.293635e+02 2.962777e-10 9.531161e-01 -3.011610e-03
3.298639e+02 2.945675e-10 9.533180e-01 -3.007220e-03
3.303643e+02 2.928695e-10 9.535192e-01 -3.002842e-03
3.308647e+02 2.911837e-10 9.537200e-01 -2.998476e-03
3.313651e+02 2.895101e-10 9.539201e-01 -2.994123e-03
3.318655e+02 2.878484e-10 9.541198e-01 -2.989781e-03
3.323659e+02 2.861987e-10 9.543188e-01 -2.985452e-03
3.328663e+02 2.845608e-10 9.545174e-01 -2.981136e-03
3.333667e+02 2.829346e-10 9.547154e-01 -2.976831e-03
3.338671e+02 2.813199e-10 9.549128e-01 -2.972538e-03
3.343675e+02 2.797168e-10 9.551097e-01 -2.968257e-03
3.348679e+02 2.781251e-10 9.553061e-01 -2.963988e-03
3.353683e+02 2.765447e-10 9.555020e-01 -2.959731e-03
3.358687e+02 2.749754e-10 9.556973e-01 -2.955486e-03
3.363691e+02 2.734174e-10 9.558921e-01 -2.951252e-03
3.368695e+02 2.718703e-10 9.560864e-01 -2.947031e-03
3.373699e+02 2.703341e-10 9.562801e-01 -2.942821e-03
3.378703e+02 2.688088e-10 9.564733e-01 -2.938622e-03
3.383707e+02 2.672943e-10 9.566660e-01 -2.934435e-03
3.388711e+02 2.657903e-10 9.568582e-01 -2.930260e-03
3.393715e+02 2.642970e-10 9.570499e-01 -2.926096e-03
3.398719e+02 2.628141e-10 9.572410e-01 -2.921943e-03
3.403723e+02 2.613416e-10 9.574317e-01 -2.917802e-03
3.408727e+02 2.598794e-10 9.576218e-01 -2.913673e-03
3.413731e+02 2.584274e-10 9.578114e-01 -2.909554e-03
3.418735e+02 2.569856e-10 9.580006e-01 -2.905447e-03
3.423739e+02 2.555537e-10 9.581892e-01 -2.901351e-03
3.428743e+02 2.541319e-10 9.583773e-01 -2.897266e-03
3.433747e+02 2.527199e-10 9.585649e-01 -2.893192e-03
3.438751e+02 2.513177e-10 9.587521e-01 -2.889130e-03
3.443755e+02 2.499252e-10 9.589387e-01 -2.885078e-03
3.448759e+02 2.485424e-10 9.591248e-01 -2.881037e-03
3.453763e+02 2.471691e-10 9.593105e-01 -2.877008e-03
3.458767e+02 2.458053e-10 9.594956e-01 -2.872989e-03
3.463771e+02 2.444508e-10 9.596803e-01 -2.868981e-03
3.468775e+02 2.431057e-10 9.598645e-01 -2.864983e-03
3.473779e+02 2.417698e-10 9.600482e-01 -2.860997e-03
3.478783e+02 2.404431e-10 9.602314e-01 -2.857021e-03
3.483787e+02 2.391255e-10 9.604141e-01 -2.853056e-03
3.488791e+02 2.378169e-10 9.605964e-01 -2.849102e-03
3.493795e+02 2.365172e-10 9.607782e-01 -2.845158e-03
3.498799e+02 2.352264e-10 9.609595e-01 -2.841224e-03
3.503803e+02 2.339444e-10 9.611403e-01 -2.837301e-03
3.508807e+02 2.326711e-10 9.613207e-01 -2.833389e-03
3.513811e+02 2.314065e-10 9.615006e-01 -2.829487e-03
3.518815e+02 2.301504e-10 9.616800e-01 -2.825595e-03
3.523819e+02 2.289029e-10 9.618590e-01 -2.821714e-03
3.528823e+02 2.276638e-10 9.620375e-01 -2.817843e-03
3.533827e+02 2.264330e-10 9.622155e-01 -2.813982e-03
3.538831e+02 2.252106e-10 9.623931e-01 -2.810132e-03
3.543835e+02 2.239964e-10 9.625702e-01 -2.806291e-03
3.548839e+02 2.227904e-10 9.627469e-01 -2.802461e-03
3.553843e+02 2.215925e-10 9.629231e-01 -2.798641e-03
3.558847e+02 2.204026e-10 9.630988e-01 -2.794831e-03
3.563851e+02 2.192207e-10 9.632742e-01 -2.791030e-03
3.568855e+02 2.180467e-10 9.634490e-01 -2.787240e-03
3.573859e+02 2.168806e-10 9.636234e-01 -2.783460e-03
3.578863e+02 2.157223e-10 9.637974e-01 -2.779690e-03
3.583867e+02 2.145716e-10 9.639709e-01 -2.775929e-03
3.588871e+02 2.134287e-10 9.641440e-01 -2.772179e-03
3.593875e+02 2.122933e-10 9.643166e-01 -2.768438e-03
3.598879e+02 2.111655e-10 9.644888e-01 -2.764706e-03
3.603883e+02 2.100451e-10 9.646606e-01 -2.760985e-03
3.608887e+02 2.089322e-10 9.648319e-01 -2.757273e-03
3.613891e+02 2.078266e-10 9.650028e-01 -2.753571e-03
3.618895e+02 2.067284e-10 9.651733e-01 -2.749878e-03
3.623899e+02 2.056374e-10 9.653433e-01 -2.746195e-03
3.628903e+02 2.045535e-10 9.655129e-01 -2.742522e-03
3.633907e+02 2.034768e-10 9.656821e-01 -2.738858e-03
3.638911e+02 2.024072e-10 9.658509e-01 -2.735203e-03
3.643915e+02 2.013446e-10 9.660192e-01 -2.731558e-03
3.648919e+02 2.002890e-10 9.661871e-01 -2.727922e-03
3.653923e+02 1.992402e-10 9.663546e-01 -2.724295e-03
3.658927e+02 1.981984e-10 9.665216e-01 -2.720678e-03
3.663931e+02 1.971633e-10 9.666883e-01 -2.717070e-03
3.668935e+02 1.961350e-10 9.668545e-01 -2.713471e-03
3.673939e+02 1.951133e-10 9.670203e-01 -2.709882e-03
3.678943e+02 1.940984e-10 9.671857e-01 -2.706301e-03
3.683947e+02 1.930900e-10 9.673507e-01 -2.702730e-03
3.688951e+02 1.920881e-10 9.675153e-01 -2.699168e-03
3.693955e+02 1.910927e-10 9.676795e-01 -2.695615e-03
3.698959e+02 1.901038e-10 9.678432e-01 -2.692070e-03
3.703963e+02 1.891213e-10 9.680066e-01 -2.688535e-03
3.708967e+02 1.881451e-10 9.681695e-01 -2.685009e-03
3.713971e+02 1.871752e-10 9.683321e-01 -2.681492e-03
3.718975e+02 1.862115e-10 9.684942e-01 -2.677983e-03
3.723979e+02 1.852540e-10 9.686560e-01 -2.674484e-03
3.728983e+02 1.843027e-10 9.688173e-01 -2.670993e-03
3.733987e+02 1.833575e-10 9.689783e-01 -2.667511e-03
3.738991e+02 1.824183e-10 9.691389e-01 -2.664037e-03
3.743995e+02 1.814851e-10 9.692990e-01 -2.660573e-03
3.748999e+02 1.805579e-10 9.694588e-01 -2.657117e-03
3.754003e+02 1.796366e-10 9.696182e-01 -2.653670e-03
3.759007e+02 1.787212e-10 9.697772e-01 -2.650231e-03
3.764011e+02 1.778116e-10 9.699358e-01 -2.646801e-03
3.769015e+02 1.769078e-10 9.700940e-01 -2.643380e-03
3.774019e+02 1.760097e-10 9.702518e-01 -2.639967e-03
3.779023e+02 1.751173e-10 9.704093e-01 -2.636562e-03
3.784027e+02 1.742306e-10 9.705663e-01 -2.633166e-03
3.789031e+02 1.733494e-10 9.707230e-01 -2.629778e-03
3.794035e+02 1.724738e-10 9.708793e-01 -2.626399e-03
3.799039e+02 1.716038e-10 9.710353e-01 -2.623028e-03
3.804043e+02 1.707392e-10 9.711908e-01 -2.619666e-03
3.809047e+02 1.698801e-10 9.713460e-01 -2.616311e-03
3.814051e+02 1.690263e-10 9.715008e-01 -2.612965e-03
3.819055e+02 1.681779e-10 9.716552e-01 -2.609628e-03
3.824059e+02 1.673349e-10 9.718093e-01 -2.606298e-03
3.829063e+02 1.664971e-10 9.719630e-01 -2.602977e-03
3.834067e+02 1.656645e-10 9.721163e-01 -2.599664e-03
3.839071e+02 1.648371e-10 9.722693e-01 -2.596359e-03
3.844075e+02 1.640149e-10 9.724218e-01 -2.593062e-03
3.849079e+02 1.631979e-10 9.725741e-01 -2.589773e-03
3.854083e+02 1.623859e-10 9.727259e-01 -2.586492e-03
3.859087e+02 1.615789e-10 9.728774e-01 -2.583219e-03
3.864091e+02 1.607770e-10 9.730286e-01 -2.579954e-03
3.869095e+02 1.599800e-10 9.731793e-01 -2.576697e-03
3.874099e+02 1.591879e-10 9.733297e-01 -2.573448e-03
3.879103e+02 1.584008e-10 9.734798e-01 -2.570206e-03
3.884107e+02 1.576185e-10 9.736295e-01 -2.566973e-03
3.889111e+02 1.568410e-10 9.737789e-01 -2.563747e-03
3.894115e+02 1.560683e-10 9.739279e-01 -2.560530e-03
3.899119e+02 1.553004e-10 9.740765e-01 -2.557320e-03
3.904123e+02 1.545372e-10 9.742248e-01 -2.554118e-03
3.909127e+02 1.537787e-10 9.743727e-01 -2.550923e-03
3.914131e+02 1.530248e-10 9.745203e-01 -2.547736e-03
3.919135e+02 1.522755e-10 9.746676e-01 -2.544557e-03
3.924139e+02 1.515308e-10 9.748145e-01 -2.541385e-03
3.929143e+02 1.507907e-10 9.749610e-01 -2.538221e-03
3.934147e+02 1.500551e-10 9.751072e-01 -2.535065e-03
3.939151e+02 1.493239e-10 9.752531e-01 -2.531916e-03
3.944155e+02 1.485972e-10 9.753987e-01 -2.528775e-03
3.949159e+02 1.478750e-10 9.755438e-01 -2.525641e-03
3.954163e+02 1.471571e-10 9.756887e-01 -2.522515e-03
3.959167e+02 1.464435e-10 9.758332e-01 -2.519396e-03
3.964171e+02 1.457343e-10 9.759774e-01 -2.516284e-03
3.969175e+02 1.450293e-10 9.761212e-01 -2.513180e-03
3.974179e+02 1.443287e-10 9.762647e-01 -2.510084e-03
3.979183e+02 1.436322e-10 9.764079e-01 -2.506994e-03
3.984187e+02 1.429399e-10 9.765508e-01 -2.503912e-03
3.989191e+02 1.422518e-10 9.766933e-01 -2.500837e-03
3.994195e+02 1.415679e-10 9.768355e-01 -2.497770e-03
3.999199e+02 1.408880e-10 9.769773e-01 -2.494709e-03
4.004203e+02 1.402123e-10 9.771188e-01 -2.491656e-03
4.009207e+02 1.395405e-10 9.772600e-01 -2.488610e-03
4.014211e+02 1.388728e-10 9.774009e-01 -2.485571e-03
4.019215e+02 1.382091e-10 9.775415e-01 -2.482540e-03
4.024219e+02 1.375493e-10 9.776817e-01 -2.479515e-03
4.029223e+02 1.368935e-10 9.778216e-01 -2.476498e-03
4.034227e+02 1.362416e-10 9.779612e-01 -2.473487e-03
4.039231e+02 1.355935e-10 9.781005e-01 -2.470484e-03
4.044235e+02 1.349493e-10 9.782394e-01 -2.467488e-03
4.049239e+02 1.343089e-10 9.783781e-01 -2.464498e-03
4.054243e+02 1.336724e-10 9.785164e-01 -2.461516e-03
4.059247e+02 1.330395e-10 9.786544e-01 -2.458540e-03
4.064251e+02 1.324105e-10 9.787921e-01 -2.455572e-03
4.069255e+02 1.317851e-10 9.789295e-01 -2.452610e-03
4.074259e+02 1.311634e-10 9.790665e-01 -2.449655e-03
4.079263e+02 1.305454e-10 9.792033e-01 -2.446707e-03
4.084267e+02 1.299310e-10 9.793397e-01 -2.443766e-03
4.089271e+02 1.293202e-10 9.794759e-01 -2.440831e-03
4.094275e+02 1.287131e-10 9.796117e-01 -2.437904e-03
4.099279e+02 1.281094e-10 9.797472e-01 -2.434983e-03
4.104283e+02 1.275093e-10 9.798824e-01 -2.432069e-03
4.109287e+02 1.269128e-10 9.800174e-01 -2.429161e-03
4.114291e+02 1.263197e-10 9.801520e-01 -2.426260e-03
4.119295e+02 1.257300e-10 9.802863e-01 -2.423366e-03
4.124299e+02 1.251438e-10 9.804203e-01 -2.420479e-03
4.129303e+02 1.245610e-10 9.805540e-01 -2.417598e-03
4.134307e+02 1.239816e-10 9.806874e-01 -2.414723e-03
4.139311e+02 1.234056e-10 9.808205e-01 -2.411856e-03
4.144315e+02 1.228329e-10 9.809533e-01 -2.408994e-03
4.149319e+02 1.222635e-10 9.810858e-01 -2.406140e-03
4.154323e+02 1.216975e-10 9.812180e-01 -2.403291e-03
4.159327e+02 1.211347e-10 9.813500e-01 -2.400450e-03
4.164331e+02 1.205751e-10 9.814816e-01 -2.397614e-03
4.169335e+02 1.200188e-10 9.816129e-01 -2.394785e-03
4.174339e+02 1.194656e-10 9.817440e-01 -2.391963e-03
4.179343e+02 1.189157e-10 9.818747e-01 -2.389147e-03
4.184347e+02 1.183689e-10 9.820052e-01 -2.386337e-03
4.189351e+02 1.178253e-10 9.821354e-01 -2.383534e-03
4.194355e+02 1.172848e-10 9.822653e-01 -2.380737e-03
4.199359e+02 1.167473e-10 9.823949e-01 -2.377946e-03
4.204363e+02 1.162130e-10 9.825242e-01 -2.375161e-03
4.209367e+02 1.156817e-10 9.826532e-01 -2.372383e-03
4.214371e+02 1.151534e-10 9.827820e-01 -2.369611e-03
4.219375e+02 1.146282e-10 9.829105e-01 -2.366845e-03
4.224379e+02 1.141059e-10 9.830386e-01 -2.364086e-03
4.229383e+02 1.135866e-10 9.831665e-01 -2.361332e-03
4.234387e+02 1.130703e-10 9.832942e-01 -2.358585e-03
4.239391e+02 1.125568e-10 9.834215e-01 -2.355844e-03
4.244395e+02 1.120463e-10 9.835486e-01 -2.353109e-03
4.249399e+02 1.115387e-10 9.836754e-01 -2.350380e-03
4.254403e+02 1.110340e-10 9.838019e-01 -2.347657e-03
4.259407e+02 1.105321e-10 9.839281e-01 -2.344940e-03
4.264411e+02 1.100331e-10 9.840541e-01 -2.342229e-03
4.269415e+02 1.095368e-10 9.841798e-01 -2.339524e-03
4.274419e+02 1.090434e-10 9.843052e-01 -2.336825e-03
4.279423e+02 1.085527e-10 9.844303e-01 -2.334133e-03
4.284427e+02 1.080648e-10 9.845552e-01 -2.331446e-03
4.289431e+02 1.075796e-10 9.846798e-01 -2.328765e-03
4.294435e+02 1.070972e-10 9.848041e-01 -2.326090e-03
4.299439e+02 1.066174e-10 9.849282e-01 -2.323420e-03
4.304443e+02 1.061403e-10 9.850520e-01 -2.320757e-03
4.309447e+02 1.056659e-10 9.851755e-01 -2.318100e-03
4.314451e+02 1.051942e-10 9.852988e-01 -2.315448e-03
4.319455e+02 1.047250e-10 9.854218e-01 -2.312802e-03
4.324459e+02 1.042585e-10 9.855445e-01 -2.310162e-03
4.329463e+02 1.037946e-10 9.856670e-01 -2.307528e-03
4.334467e+02 1.033333e-10 9.857892e-01 -2.304900e-03
4.339471e+02 1.028745e-10 9.859112e-01 -2.302277e-03
4.344475e+02 1.024182e-10 9.860329e-01 -2.299660e-03
4.349479e+02 1.019645e-10 9.861543e-01 -2.297048e-03
4.354483e+02 1.015133e-10 9.862754e-01 -2.294443e-03
4.359487e+02 1.010646e-10 9.863964e-01 -2.291843e-03
4.364491e+02 1.006184e-10 9.865170e-01 -2.289248e-03
4.369495e+02 1.001746e-10 9.866374e-01 -2.286660e-03
4.374499e+02 9.973327e-11 9.867575e-01 -2.284077e-03
4.379504e+02 9.929437e-11 9.868774e-01 -2.281499e-03
4.384508e+02 9.885788e-11 9.869971e-01 -2.278927e-03
4.389512e+02 9.842378e-11 9.871164e-01 -2.276361e-03
4.394516e+02 9.799207e-11 9.872356e-01 -2.273800e-03
4.399520e+02 9.756272e-11 9.873544e-01 -2.271245e-03
4.404524e+02 9.713572e-11 9.874731e-01 -2.268695e-03
4.409528e+02 9.671105e-11 9.875914e-01 -2.266150e-03
4.414532e+02 9.628870e-11 9.877095e-01 -2.263612e-03
4.419536e+02 9.586865e-11 9.878274e-01 -2.261078e-03
4.424540e+02 9.545089e-11 9.879450e-01 -2.258550e-03
4.429544e+02 9.503541e-11 9.880624e-01 -2.256027e-03
4.434548e+02 9.462218e-11 9.881796e-01 -2.253510e-03
4.439552e+02 9.421120e-11 9.882964e-01 -2.250998e-03
4.444556e+02 9.380244e-11 9.884131e-01 -2.248492e-03
4.449560e+02 9.339590e-11 9.885295e-01 -2.245991e-03
4.454564e+02 9.299156e-11 9.886456e-01 -2.243495e-03
4.459568e+02 9.258941e-11 9.887615e-01 -2.241005e-03
4.464572e+02 9.218943e-11 9.888772e-01 -2.238519e-03
4.469576e+02 9.179160e-11 9.889926e-01 -2.236039e-03
4.474580e+02 9.139592e-11 9.891078e-01 -2.233565e-03
4.479584e+02 9.100237e-11 9.892228e-01 -2.231095e-03
4.484588e+02 9.061093e-11 9.893375e-01 -2.228631e-03
4.489592e+02 9.022160e-11 9.894520e-01 -2.226172e-03
4.494596e+02 8.983436e-11 9.895662e-01 -2.223718e-03
4.499600e+02 8.944919e-11 9.896802e-01 -2.221270e-03
4.504604e+02 8.906608e-11 9.897940e-01 -2.218826e-03
4.509608e+02 8.868502e-11 9.899075e-01 -2.216388e-03
4.514612e+02 8.830600e-11 9.900208e-01 -2.213955e-03
4.519616e+02 8.792900e-11 9.901339e-01 -2.211527e-03
4.524620e+02 8.755401e-11 9.902467e-01 -2.209104e-03
4.529624e+02 8.718102e-11 9.903593e-01 -2.206686e-03
4.534628e+02 8.681001e-11 9.904716e-01 -2.204273e-03
4.539632e+02 8.644097e-11 9.905838e-01 -2.201865e-03
4.544636e+02 8.607389e-11 9.906957e-01 -2.199462e-03
4.549640e+02 8.570876e-11 9.908074e-01 -2.197064e-03
4.554644e+02 8.534556e-11 9.909188e-01 -2.194672e-03
4.559648e+02 8.498429e-11 9.910300e-01 -2.192284e-03
4.564652e+02 8.462492e-11 9.911410e-01 -2.189901e-03
4.569656e+02 8.426745e-11 9.912518e-01 -2.187523e-03
4.574660e+02 8.391187e-11 9.913623e-01 -2.185150e-03
4.579664e+02 8.355816e-11 9.914726e-01 -2.182782e-03
4.584668e+02 8.320631e-11 9.915827e-01 -2.180419e-03
4.589672e+02 8.285631e-11 9.916926e-01 -2.178061e-03
4.594676e+02 8.250815e-11 9.918022e-01 -2.175708e-03
4.599680e+02 8.216182e-11 9.919116e-01 -2.173359e-03
4.604684e+02 8.181730e-11 9.920208e-01 -2.171016e-03
4.609688e+02 8.147459e-11 9.921298e-01 -2.168677e-03
4.614692e+02 8.113367e-11 9.922386e-01 -2.166343e-03
4.619696e+02 8.079453e-11 9.923471e-01 -2.164014e-03
4.624700e+02 8.045716e-11 9.924554e-01 -2.161689e-03
4.629704e+02 8.012155e-11 9.925635e-01 -2.159370e-03
4.634708e+02 7.978769e-11 9.926714e-01 -2.157055e-03
4.639712e+02 7.945556e-11 9.927791e-01 -2.154745e-03
4.644716e+02 7.912516e-11 9.928865e-01 -2.152439e-03
4.649720e+02 7.879648e-11 9.929937e-01 -2.150139e-03
4.654724e+02 7.846950e-11 9.931008e-01 -2.147843e-03
4.659728e+02 7.814422e-11 9.932076e-01 -2.145551e-03
4.664732e+02 7.782062e-11 9.933141e-01 -2.143265e-03
4.669736e+02 7.749869e-11 9.934205e-01 -2.140983e-03
4.674740e+02 7.717842e-11 9.935267e-01 -2.138705e-03
4.679744e+02 7.685981e-11 9.936326e-01 -2.136433e-03
4.684748e+02 7.654284e-11 9.937384e-01 -2.134165e-03
4.689752e+02 7.622751e-11 9.938439e-01 -2.131901e-03
4.694756e+02 7.591379e-11 9.939492e-01 -2.129642e-03
4.699760e+02 7.560169e-11 9.940543e-01 -2.127388e-03
4.704764e+02 7.529119e-11 9.941592e-01 -2.125138e-03
4.709768e+02 7.498228e-11 9.942639e-01 -2.122893e-03
4.714772e+02 7.467496e-11 9.943684e-01 -2.120652e-03
4.719776e+02 7.436921e-11 9.944727e-01 -2.118416e-03
4.724780e+02 7.406502e-11 9.945768e-01 -2.116184e-03
4.729784e+02 7.376238e-11 9.946806e-01 -2.113957e-03
4.734788e+02 7.346129e-11 9.947843e-01 -2.111735e-03
4.739792e+02 7.316174e-11 9.948877e-01 -2.109516e-03
4.744796e+02 7.286371e-11 9.949910e-01 -2.107303e-03
4.749800e+02 7.256719e-11 9.950941e-01 -2.105093e-03
4.754804e+02 7.227218e-11 9.951969e-01 -2.102888e-03
4.759808e+02 7.197867e-11 9.952995e-01 -2.100688e-03
4.764812e+02 7.168665e-11 9.954020e-01 -2.098492e-03
4.769816e+02 7.139611e-11 9.955042e-01 -2.096300e-03
4.774820e+02 7.110704e-11 9.956063e-01 -2.094112e-03
4.779824e+02 7.081943e-11 9.957081e-01 -2.091929e-03
4.784828e+02 7.053327e-11 9.958098e-01 -2.089751e-03
4.789832e+02 7.024856e-11 9.959112e-01 -2.087576e-03
4.794836e+02 6.996528e-11 9.960124e-01 -2.085406e-03
4.799840e+02 6.968342e-11 9.961135e-01 -2.083241e-03
4.804844e+02 6.940299e-11 9.962144e-01 -2.081079e-03
4.809848e+02 6.912396e-11 9.963150e-01 -2.078922e-03
4.814852e+02 6.884634e-11 9.964155e-01 -2.076769e-03
4.819856e+02 6.857011e-11 9.965157e-01 -2.074621e-03
4.824860e+02 6.829526e-11 9.966158e-01 -2.072476e-03
4.829864e+02 6.802179e-11 9.967157e-01 -2.070336e-03
4.834868e+02 6.774968e-11 9.968154e-01 -2.068200e-03
4.839872e+02 6.747894e-11 9.969149e-01 -2.066068e-03
4.844876e+02 6.720954e-11 9.970142e-01 -2.063941e-03
4.849880e+02 6.694149e-11 9.971133e-01 -2.061817e-03
4.854884e+02 6.667478e-11 9.972122e-01 -2.059698e-03
4.859888e+02 6.640939e-11 9.973109e-01 -2.057583e-03
4.864892e+02 6.614532e-11 9.974094e-01 -2.055472e-03
4.869896e+02 6.588256e-11 9.975078e-01 -2.053365e-03
4.874900e+02 6.562110e-11 9.976059e-01 -2.051263e-03
4.879904e+02 6.536094e-11 9.977039e-01 -2.049164e-03
4.884908e+02 6.510207e-11 9.978017e-01 -2.047070e-03
4.889912e+02 6.484448e-11 9.978993e-01 -2.044979e-03
4.894916e+02 6.458816e-11 9.979967e-01 -2.042893e-03
4.899920e+02 6.433311e-11 9.980939e-01 -2.040811e-03
4.904924e+02 6.407931e-11 9.981909e-01 -2.038733e-03
4.909928e+02 6.382677e-11 9.982878e-01 -2.036658e-03
4.914932e+02 6.357547e-11 9.983845e-01 -2.034588e-03
4.919936e+02 6.332540e-11 9.984809e-01 -2.032522e-03
4.924940e+02 6.307656e-11 9.985772e-01 -2.030460e-03
4.929944e+02 6.282894e-11 9.986733e-01 -2.028402e-03
4.934948e+02 6.258254e-11 9.987693e-01 -2.026348e-03
4.939952e+02 6.233734e-11 9.988650e-01 -2.024297e-03
4.944956e+02 6.209335e-11 9.989606e-01 -2.022251e-03
4.949960e+02 6.185054e-11 9.990560e-01 -2.020209e-03
4.954964e+02 6.160892e-11 9.991512e-01 -2.018170e-03
4.959968e+02 6.136848e-11 9.992462e-01 -2.016136e-03
4.964972e+02 6.112922e-11 9.993411e-01 -2.014105e-03
4.969976e+02 6.089111e-11 9.994357e-01 -2.012079e-03
4.974980e+02 6.065417e-11 9.995302e-01 -2.010056e-03
4.979984e+02 6.041837e-11 9.996245e-01 -2.008037e-03
4.984988e+02 6.018372e-11 9.997187e-01 -2.006022e-03
4.989992e+02 5.995021e-11 9.998126e-01 -2.004011e-03
4.994996e+02 5.971783e-11 9.999064e-01 -2.002004e-03
5.000000e+02 5.948658e-11 1.000000e+00 -2.000000e-03
