! /n/nyx3/garavito/projects/XMC-Atlas/scripts/test_halo_108/modelname_halo_0481.txt
! R    D    M    P
1000
1.000000e-01 7.009722e-05 1.931202e-17 -3.536266e-02
6.004004e-01 6.165893e-05 7.208756e-05 -3.534429e-02
1.100801e+00 5.445674e-05 3.494466e-04 -3.523680e-02
1.601201e+00 4.827902e-05 9.460996e-04 -3.507869e-02
2.101602e+00 4.295535e-05 1.931784e-03 -3.488013e-02
2.602002e+00 3.834752e-05 3.344592e-03 -3.464877e-02
3.102402e+00 3.434283e-05 5.200166e-03 -3.439084e-02
3.602803e+00 3.084874e-05 7.498411e-03 -3.411151e-02
4.103203e+00 2.778894e-05 1.022839e-02 -3.381507e-02
4.603604e+00 2.510008e-05 1.337191e-02 -3.350515e-02
5.104004e+00 2.272940e-05 1.690611e-02 -3.318475e-02
5.604404e+00 2.063266e-05 2.080537e-02 -3.285644e-02
6.104805e+00 1.877269e-05 2.504265e-02 -3.252234e-02
6.605205e+00 1.711804e-05 2.959052e-02 -3.218428e-02
7.105606e+00 1.564208e-05 3.442176e-02 -3.184375e-02
7.606006e+00 1.432209e-05 3.950991e-02 -3.150205e-02
8.106406e+00 1.313868e-05 4.482957e-02 -3.116026e-02
8.606807e+00 1.207520e-05 5.035656e-02 -3.081926e-02
9.107207e+00 1.111735e-05 5.606810e-02 -3.047983e-02
9.607608e+00 1.025276e-05 6.194280e-02 -3.014260e-02
1.010801e+01 9.470734e-06 6.796074e-02 -2.980810e-02
1.060841e+01 8.761969e-06 7.410338e-02 -2.947675e-02
1.110881e+01 8.118373e-06 8.035358e-02 -2.914893e-02
1.160921e+01 7.532877e-06 8.669552e-02 -2.882493e-02
1.210961e+01 6.999291e-06 9.311463e-02 -2.850497e-02
1.261001e+01 6.512184e-06 9.959750e-02 -2.818927e-02
1.311041e+01 6.066774e-06 1.061319e-01 -2.787795e-02
1.361081e+01 5.658846e-06 1.127065e-01 -2.757113e-02
1.411121e+01 5.284674e-06 1.193112e-01 -2.726890e-02
1.461161e+01 4.940957e-06 1.259365e-01 -2.697131e-02
1.511201e+01 4.624765e-06 1.325739e-01 -2.667840e-02
1.561241e+01 4.333492e-06 1.392156e-01 -2.639018e-02
1.611281e+01 4.064817e-06 1.458547e-01 -2.610665e-02
1.661321e+01 3.816665e-06 1.524847e-01 -2.582779e-02
1.711361e+01 3.587182e-06 1.590999e-01 -2.555358e-02
1.761401e+01 3.374706e-06 1.656951e-01 -2.528399e-02
1.811441e+01 3.177746e-06 1.722654e-01 -2.501896e-02
1.861481e+01 2.994960e-06 1.788067e-01 -2.475845e-02
1.911522e+01 2.825141e-06 1.853153e-01 -2.450241e-02
1.961562e+01 2.667199e-06 1.917876e-01 -2.425076e-02
2.011602e+01 2.520152e-06 1.982206e-01 -2.400345e-02
2.061642e+01 2.383107e-06 2.046116e-01 -2.376041e-02
2.111682e+01 2.255260e-06 2.109582e-01 -2.352157e-02
2.161722e+01 2.135879e-06 2.172583e-01 -2.328685e-02
2.211762e+01 2.024300e-06 2.235099e-01 -2.305618e-02
2.261802e+01 1.919918e-06 2.297115e-01 -2.282950e-02
2.311842e+01 1.822182e-06 2.358616e-01 -2.260671e-02
2.361882e+01 1.730592e-06 2.419590e-01 -2.238775e-02
2.411922e+01 1.644688e-06 2.480025e-01 -2.217255e-02
2.461962e+01 1.564053e-06 2.539914e-01 -2.196102e-02
2.512002e+01 1.488303e-06 2.599248e-01 -2.175310e-02
2.562042e+01 1.417086e-06 2.658022e-01 -2.154870e-02
2.612082e+01 1.350081e-06 2.716230e-01 -2.134777e-02
2.662122e+01 1.286993e-06 2.773869e-01 -2.115022e-02
2.712162e+01 1.227549e-06 2.830935e-01 -2.095599e-02
2.762202e+01 1.171499e-06 2.887428e-01 -2.076500e-02
2.812242e+01 1.118615e-06 2.943347e-01 -2.057718e-02
2.862282e+01 1.068683e-06 2.998690e-01 -2.039248e-02
2.912322e+01 1.021507e-06 3.053458e-01 -2.021081e-02
2.962362e+01 9.769076e-07 3.107653e-01 -2.003213e-02
3.012402e+01 9.347171e-07 3.161276e-01 -1.985636e-02
3.062442e+01 8.947810e-07 3.214330e-01 -1.968344e-02
3.112482e+01 8.569563e-07 3.266816e-01 -1.951331e-02
3.162523e+01 8.211102e-07 3.318738e-01 -1.934590e-02
3.212563e+01 7.871199e-07 3.370100e-01 -1.918117e-02
3.262603e+01 7.548712e-07 3.420905e-01 -1.901906e-02
3.312643e+01 7.242580e-07 3.471157e-01 -1.885950e-02
3.362683e+01 6.951818e-07 3.520861e-01 -1.870245e-02
3.412723e+01 6.675508e-07 3.570021e-01 -1.854785e-02
3.462763e+01 6.412797e-07 3.618642e-01 -1.839564e-02
3.512803e+01 6.162888e-07 3.666729e-01 -1.824578e-02
3.562843e+01 5.925041e-07 3.714287e-01 -1.809822e-02
3.612883e+01 5.698563e-07 3.761321e-01 -1.795291e-02
3.662923e+01 5.482807e-07 3.807837e-01 -1.780980e-02
3.712963e+01 5.277171e-07 3.853840e-01 -1.766885e-02
3.763003e+01 5.081089e-07 3.899335e-01 -1.753001e-02
3.813043e+01 4.894035e-07 3.944329e-01 -1.739323e-02
3.863083e+01 4.715512e-07 3.988827e-01 -1.725847e-02
3.913123e+01 4.545059e-07 4.032834e-01 -1.712570e-02
3.963163e+01 4.382241e-07 4.076357e-01 -1.699487e-02
4.013203e+01 4.226652e-07 4.119401e-01 -1.686594e-02
4.063243e+01 4.077910e-07 4.161972e-01 -1.673887e-02
4.113283e+01 3.935656e-07 4.204076e-01 -1.661363e-02
4.163323e+01 3.799553e-07 4.245719e-01 -1.649017e-02
4.213363e+01 3.669285e-07 4.286906e-01 -1.636846e-02
4.263403e+01 3.544554e-07 4.327643e-01 -1.624847e-02
4.313443e+01 3.425080e-07 4.367936e-01 -1.613016e-02
4.363483e+01 3.310600e-07 4.407791e-01 -1.601350e-02
4.413524e+01 3.200864e-07 4.447213e-01 -1.589846e-02
4.463564e+01 3.095639e-07 4.486208e-01 -1.578500e-02
4.513604e+01 2.994704e-07 4.524782e-01 -1.567309e-02
4.563644e+01 2.897850e-07 4.562940e-01 -1.556270e-02
4.613684e+01 2.804882e-07 4.600687e-01 -1.545381e-02
4.663724e+01 2.715614e-07 4.638030e-01 -1.534638e-02
4.713764e+01 2.629869e-07 4.674973e-01 -1.524038e-02
4.763804e+01 2.547484e-07 4.711522e-01 -1.513579e-02
4.813844e+01 2.468300e-07 4.747683e-01 -1.503259e-02
4.863884e+01 2.392170e-07 4.783460e-01 -1.493074e-02
4.913924e+01 2.318953e-07 4.818858e-01 -1.483022e-02
4.963964e+01 2.248517e-07 4.853884e-01 -1.473100e-02
5.014004e+01 2.180736e-07 4.888541e-01 -1.463306e-02
5.064044e+01 2.115490e-07 4.922836e-01 -1.453638e-02
5.114084e+01 2.052667e-07 4.956772e-01 -1.444093e-02
5.164124e+01 1.992159e-07 4.990355e-01 -1.434669e-02
5.214164e+01 1.933865e-07 5.023590e-01 -1.425364e-02
5.264204e+01 1.877689e-07 5.056480e-01 -1.416176e-02
5.314244e+01 1.823538e-07 5.089032e-01 -1.407102e-02
5.364284e+01 1.771325e-07 5.121250e-01 -1.398140e-02
5.414324e+01 1.720968e-07 5.153138e-01 -1.389289e-02
5.464364e+01 1.672389e-07 5.184700e-01 -1.380547e-02
5.514404e+01 1.625512e-07 5.215942e-01 -1.371911e-02
5.564444e+01 1.580267e-07 5.246867e-01 -1.363379e-02
5.614484e+01 1.536585e-07 5.277481e-01 -1.354950e-02
5.664525e+01 1.494402e-07 5.307786e-01 -1.346623e-02
5.714565e+01 1.453657e-07 5.337787e-01 -1.338394e-02
5.764605e+01 1.414292e-07 5.367489e-01 -1.330263e-02
5.814645e+01 1.376251e-07 5.396896e-01 -1.322228e-02
5.864685e+01 1.339480e-07 5.426011e-01 -1.314288e-02
5.914725e+01 1.303930e-07 5.454839e-01 -1.306439e-02
5.964765e+01 1.269551e-07 5.483382e-01 -1.298682e-02
6.014805e+01 1.236299e-07 5.511647e-01 -1.291014e-02
6.064845e+01 1.204128e-07 5.539635e-01 -1.283434e-02
6.114885e+01 1.172997e-07 5.567350e-01 -1.275941e-02
6.164925e+01 1.142865e-07 5.594797e-01 -1.268532e-02
6.214965e+01 1.113696e-07 5.621979e-01 -1.261207e-02
6.265005e+01 1.085451e-07 5.648899e-01 -1.253965e-02
6.315045e+01 1.058096e-07 5.675562e-01 -1.246803e-02
6.365085e+01 1.031597e-07 5.701970e-01 -1.239721e-02
6.415125e+01 1.005923e-07 5.728126e-01 -1.232717e-02
6.465165e+01 9.810434e-08 5.754035e-01 -1.225791e-02
6.515205e+01 9.569280e-08 5.779699e-01 -1.218940e-02
6.565245e+01 9.335492e-08 5.805121e-01 -1.212163e-02
6.615285e+01 9.108801e-08 5.830306e-01 -1.205460e-02
6.665325e+01 8.888950e-08 5.855255e-01 -1.198829e-02
6.715365e+01 8.675694e-08 5.879972e-01 -1.192269e-02
6.765405e+01 8.468796e-08 5.904460e-01 -1.185780e-02
6.815445e+01 8.268030e-08 5.928723e-01 -1.179358e-02
6.865485e+01 8.073179e-08 5.952762e-01 -1.173005e-02
6.915526e+01 7.884036e-08 5.976581e-01 -1.166719e-02
6.965566e+01 7.700400e-08 6.000183e-01 -1.160498e-02
7.015606e+01 7.522081e-08 6.023570e-01 -1.154342e-02
7.065646e+01 7.348895e-08 6.046746e-01 -1.148249e-02
7.115686e+01 7.180665e-08 6.069712e-01 -1.142219e-02
7.165726e+01 7.017222e-08 6.092472e-01 -1.136252e-02
7.215766e+01 6.858404e-08 6.115028e-01 -1.130344e-02
7.265806e+01 6.704054e-08 6.137384e-01 -1.124497e-02
7.315846e+01 6.554023e-08 6.159540e-01 -1.118709e-02
7.365886e+01 6.408165e-08 6.181501e-01 -1.112979e-02
7.415926e+01 6.266344e-08 6.203268e-01 -1.107306e-02
7.465966e+01 6.128425e-08 6.224843e-01 -1.101690e-02
7.516006e+01 5.994280e-08 6.246230e-01 -1.096130e-02
7.566046e+01 5.863786e-08 6.267431e-01 -1.090624e-02
7.616086e+01 5.736824e-08 6.288447e-01 -1.085172e-02
7.666126e+01 5.613280e-08 6.309281e-01 -1.079774e-02
7.716166e+01 5.493045e-08 6.329936e-01 -1.074427e-02
7.766206e+01 5.376012e-08 6.350414e-01 -1.069133e-02
7.816246e+01 5.262080e-08 6.370716e-01 -1.063890e-02
7.866286e+01 5.151151e-08 6.390846e-01 -1.058697e-02
7.916326e+01 5.043129e-08 6.410804e-01 -1.053553e-02
7.966366e+01 4.937925e-08 6.430594e-01 -1.048458e-02
8.016406e+01 4.835450e-08 6.450217e-01 -1.043412e-02
8.066446e+01 4.735620e-08 6.469675e-01 -1.038413e-02
8.116486e+01 4.638354e-08 6.488970e-01 -1.033461e-02
8.166527e+01 4.543572e-08 6.508105e-01 -1.028555e-02
8.216567e+01 4.451199e-08 6.527080e-01 -1.023694e-02
8.266607e+01 4.361163e-08 6.545899e-01 -1.018879e-02
8.316647e+01 4.273391e-08 6.564562e-01 -1.014107e-02
8.366687e+01 4.187817e-08 6.583073e-01 -1.009380e-02
8.416727e+01 4.104374e-08 6.601432e-01 -1.004695e-02
8.466767e+01 4.023000e-08 6.619641e-01 -1.000053e-02
8.516807e+01 3.943632e-08 6.637702e-01 -9.954534e-03
8.566847e+01 3.866213e-08 6.655617e-01 -9.908949e-03
8.616887e+01 3.790684e-08 6.673388e-01 -9.863772e-03
8.666927e+01 3.716990e-08 6.691016e-01 -9.818998e-03
8.716967e+01 3.645079e-08 6.708503e-01 -9.774622e-03
8.767007e+01 3.574899e-08 6.725850e-01 -9.730639e-03
8.817047e+01 3.506400e-08 6.743059e-01 -9.687043e-03
8.867087e+01 3.439534e-08 6.760133e-01 -9.643829e-03
8.917127e+01 3.374255e-08 6.777071e-01 -9.600993e-03
8.967167e+01 3.310517e-08 6.793877e-01 -9.558529e-03
9.017207e+01 3.248277e-08 6.810550e-01 -9.516433e-03
9.067247e+01 3.187493e-08 6.827094e-01 -9.474699e-03
9.117287e+01 3.128125e-08 6.843509e-01 -9.433324e-03
9.167327e+01 3.070132e-08 6.859796e-01 -9.392303e-03
9.217367e+01 3.013477e-08 6.875958e-01 -9.351632e-03
9.267407e+01 2.958123e-08 6.891996e-01 -9.311305e-03
9.317447e+01 2.904035e-08 6.907911e-01 -9.271319e-03
9.367487e+01 2.851177e-08 6.923703e-01 -9.231669e-03
9.417528e+01 2.799516e-08 6.939376e-01 -9.192351e-03
9.467568e+01 2.749021e-08 6.954930e-01 -9.153361e-03
9.517608e+01 2.699658e-08 6.970366e-01 -9.114695e-03
9.567648e+01 2.651399e-08 6.985686e-01 -9.076349e-03
9.617688e+01 2.604214e-08 7.000891e-01 -9.038320e-03
9.667728e+01 2.558074e-08 7.015982e-01 -9.000602e-03
9.717768e+01 2.512951e-08 7.030961e-01 -8.963192e-03
9.767808e+01 2.468819e-08 7.045828e-01 -8.926088e-03
9.817848e+01 2.425651e-08 7.060585e-01 -8.889284e-03
9.867888e+01 2.383423e-08 7.075233e-01 -8.852777e-03
9.917928e+01 2.342110e-08 7.089774e-01 -8.816565e-03
9.967968e+01 2.301688e-08 7.104208e-01 -8.780642e-03
1.001801e+02 2.262135e-08 7.118536e-01 -8.745007e-03
1.006805e+02 2.223428e-08 7.132760e-01 -8.709654e-03
1.011809e+02 2.185545e-08 7.146881e-01 -8.674582e-03
1.016813e+02 2.148466e-08 7.160900e-01 -8.639787e-03
1.021817e+02 2.112169e-08 7.174818e-01 -8.605265e-03
1.026821e+02 2.076636e-08 7.188636e-01 -8.571013e-03
1.031825e+02 2.041847e-08 7.202355e-01 -8.537029e-03
1.036829e+02 2.007784e-08 7.215976e-01 -8.503309e-03
1.041833e+02 1.974428e-08 7.229501e-01 -8.469849e-03
1.046837e+02 1.941762e-08 7.242929e-01 -8.436648e-03
1.051841e+02 1.909769e-08 7.256263e-01 -8.403702e-03
1.056845e+02 1.878432e-08 7.269502e-01 -8.371008e-03
1.061849e+02 1.847736e-08 7.282649e-01 -8.338564e-03
1.066853e+02 1.817663e-08 7.295704e-01 -8.306366e-03
1.071857e+02 1.788201e-08 7.308668e-01 -8.274411e-03
1.076861e+02 1.759332e-08 7.321542e-01 -8.242698e-03
1.081865e+02 1.731044e-08 7.334327e-01 -8.211223e-03
1.086869e+02 1.703323e-08 7.347023e-01 -8.179983e-03
1.091873e+02 1.676154e-08 7.359632e-01 -8.148977e-03
1.096877e+02 1.649524e-08 7.372155e-01 -8.118200e-03
1.101881e+02 1.623422e-08 7.384592e-01 -8.087652e-03
1.106885e+02 1.597834e-08 7.396944e-01 -8.057329e-03
1.111889e+02 1.572748e-08 7.409213e-01 -8.027229e-03
1.116893e+02 1.548152e-08 7.421398e-01 -7.997349e-03
1.121897e+02 1.524035e-08 7.433501e-01 -7.967688e-03
1.126901e+02 1.500387e-08 7.445523e-01 -7.938242e-03
1.131905e+02 1.477195e-08 7.457464e-01 -7.909009e-03
1.136909e+02 1.454449e-08 7.469325e-01 -7.879988e-03
1.141913e+02 1.432140e-08 7.481108e-01 -7.851175e-03
1.146917e+02 1.410257e-08 7.492812e-01 -7.822569e-03
1.151921e+02 1.388790e-08 7.504438e-01 -7.794167e-03
1.156925e+02 1.367730e-08 7.515988e-01 -7.765968e-03
1.161929e+02 1.347068e-08 7.527462e-01 -7.737968e-03
1.166933e+02 1.326795e-08 7.538861e-01 -7.710167e-03
1.171937e+02 1.306901e-08 7.550185e-01 -7.682561e-03
1.176941e+02 1.287379e-08 7.561435e-01 -7.655149e-03
1.181945e+02 1.268221e-08 7.572612e-01 -7.627928e-03
1.186949e+02 1.249417e-08 7.583717e-01 -7.600898e-03
1.191953e+02 1.230961e-08 7.594750e-01 -7.574055e-03
1.196957e+02 1.212844e-08 7.605712e-01 -7.547399e-03
1.201961e+02 1.195059e-08 7.616604e-01 -7.520926e-03
1.206965e+02 1.177599e-08 7.627426e-01 -7.494635e-03
1.211969e+02 1.160457e-08 7.638179e-01 -7.468524e-03
1.216973e+02 1.143626e-08 7.648864e-01 -7.442592e-03
1.221977e+02 1.127098e-08 7.659480e-01 -7.416836e-03
1.226981e+02 1.110868e-08 7.670030e-01 -7.391256e-03
1.231985e+02 1.094930e-08 7.680513e-01 -7.365848e-03
1.236989e+02 1.079276e-08 7.690931e-01 -7.340611e-03
1.241993e+02 1.063901e-08 7.701283e-01 -7.315544e-03
1.246997e+02 1.048798e-08 7.711571e-01 -7.290645e-03
1.252001e+02 1.033963e-08 7.721794e-01 -7.265911e-03
1.257005e+02 1.019389e-08 7.731954e-01 -7.241343e-03
1.262009e+02 1.005071e-08 7.742051e-01 -7.216937e-03
1.267013e+02 9.910040e-09 7.752086e-01 -7.192693e-03
1.272017e+02 9.771819e-09 7.762059e-01 -7.168608e-03
1.277021e+02 9.635999e-09 7.771971e-01 -7.144681e-03
1.282025e+02 9.502530e-09 7.781822e-01 -7.120911e-03
1.287029e+02 9.371365e-09 7.791613e-01 -7.097296e-03
1.292033e+02 9.242455e-09 7.801345e-01 -7.073835e-03
1.297037e+02 9.115755e-09 7.811018e-01 -7.050525e-03
1.302041e+02 8.991218e-09 7.820632e-01 -7.027367e-03
1.307045e+02 8.868801e-09 7.830188e-01 -7.004357e-03
1.312049e+02 8.748460e-09 7.839687e-01 -6.981495e-03
1.317053e+02 8.630153e-09 7.849129e-01 -6.958779e-03
1.322057e+02 8.513840e-09 7.858514e-01 -6.936208e-03
1.327061e+02 8.399480e-09 7.867844e-01 -6.913781e-03
1.332065e+02 8.287033e-09 7.877118e-01 -6.891496e-03
1.337069e+02 8.176463e-09 7.886337e-01 -6.869352e-03
1.342073e+02 8.067730e-09 7.895502e-01 -6.847347e-03
1.347077e+02 7.960798e-09 7.904612e-01 -6.825481e-03
1.352081e+02 7.855633e-09 7.913670e-01 -6.803751e-03
1.357085e+02 7.752199e-09 7.922674e-01 -6.782157e-03
1.362089e+02 7.650461e-09 7.931625e-01 -6.760697e-03
1.367093e+02 7.550387e-09 7.940525e-01 -6.739371e-03
1.372097e+02 7.451944e-09 7.949372e-01 -6.718176e-03
1.377101e+02 7.355101e-09 7.958169e-01 -6.697112e-03
1.382105e+02 7.259825e-09 7.966915e-01 -6.676178e-03
1.387109e+02 7.166088e-09 7.975610e-01 -6.655371e-03
1.392113e+02 7.073858e-09 7.984255e-01 -6.634692e-03
1.397117e+02 6.983108e-09 7.992851e-01 -6.614139e-03
1.402121e+02 6.893808e-09 8.001398e-01 -6.593711e-03
1.407125e+02 6.805931e-09 8.009896e-01 -6.573406e-03
1.412129e+02 6.719450e-09 8.018346e-01 -6.553224e-03
1.417133e+02 6.634339e-09 8.026748e-01 -6.533163e-03
1.422137e+02 6.550570e-09 8.035102e-01 -6.513223e-03
1.427141e+02 6.468120e-09 8.043410e-01 -6.493402e-03
1.432145e+02 6.386963e-09 8.051670e-01 -6.473699e-03
1.437149e+02 6.307075e-09 8.059885e-01 -6.454114e-03
1.442153e+02 6.228432e-09 8.068053e-01 -6.434644e-03
1.447157e+02 6.151012e-09 8.076176e-01 -6.415290e-03
1.452161e+02 6.074790e-09 8.084254e-01 -6.396049e-03
1.457165e+02 5.999746e-09 8.092287e-01 -6.376922e-03
1.462169e+02 5.925856e-09 8.100276e-01 -6.357907e-03
1.467173e+02 5.853101e-09 8.108221e-01 -6.339003e-03
1.472177e+02 5.781459e-09 8.116122e-01 -6.320210e-03
1.477181e+02 5.710910e-09 8.123980e-01 -6.301525e-03
1.482185e+02 5.641434e-09 8.131794e-01 -6.282949e-03
1.487189e+02 5.573011e-09 8.139566e-01 -6.264480e-03
1.492193e+02 5.505622e-09 8.147296e-01 -6.246117e-03
1.497197e+02 5.439249e-09 8.154984e-01 -6.227860e-03
1.502201e+02 5.373873e-09 8.162630e-01 -6.209707e-03
1.507205e+02 5.309477e-09 8.170235e-01 -6.191659e-03
1.512209e+02 5.246042e-09 8.177799e-01 -6.173712e-03
1.517213e+02 5.183552e-09 8.185323e-01 -6.155868e-03
1.522217e+02 5.121989e-09 8.192806e-01 -6.138125e-03
1.527221e+02 5.061338e-09 8.200249e-01 -6.120482e-03
1.532225e+02 5.001582e-09 8.207653e-01 -6.102939e-03
1.537229e+02 4.942705e-09 8.215017e-01 -6.085494e-03
1.542233e+02 4.884693e-09 8.222342e-01 -6.068147e-03
1.547237e+02 4.827528e-09 8.229629e-01 -6.050896e-03
1.552241e+02 4.771198e-09 8.236877e-01 -6.033742e-03
1.557245e+02 4.715687e-09 8.244087e-01 -6.016683e-03
1.562249e+02 4.660981e-09 8.251259e-01 -5.999718e-03
1.567253e+02 4.607065e-09 8.258393e-01 -5.982847e-03
1.572257e+02 4.553928e-09 8.265491e-01 -5.966070e-03
1.577261e+02 4.501554e-09 8.272551e-01 -5.949384e-03
1.582265e+02 4.449931e-09 8.279575e-01 -5.932789e-03
1.587269e+02 4.399046e-09 8.286562e-01 -5.916286e-03
1.592273e+02 4.348886e-09 8.293513e-01 -5.899872e-03
1.597277e+02 4.299439e-09 8.300429e-01 -5.883548e-03
1.602281e+02 4.250693e-09 8.307309e-01 -5.867312e-03
1.607285e+02 4.202636e-09 8.314154e-01 -5.851163e-03
1.612289e+02 4.155256e-09 8.320963e-01 -5.835102e-03
1.617293e+02 4.108542e-09 8.327738e-01 -5.819127e-03
1.622297e+02 4.062482e-09 8.334479e-01 -5.803238e-03
1.627301e+02 4.017067e-09 8.341185e-01 -5.787434e-03
1.632305e+02 3.972284e-09 8.347857e-01 -5.771714e-03
1.637309e+02 3.928123e-09 8.354496e-01 -5.756078e-03
1.642313e+02 3.884575e-09 8.361101e-01 -5.740524e-03
1.647317e+02 3.841628e-09 8.367673e-01 -5.725053e-03
1.652321e+02 3.799273e-09 8.374212e-01 -5.709664e-03
1.657325e+02 3.757501e-09 8.380718e-01 -5.694356e-03
1.662329e+02 3.716301e-09 8.387192e-01 -5.679128e-03
1.667333e+02 3.675664e-09 8.393633e-01 -5.663979e-03
1.672337e+02 3.635581e-09 8.400043e-01 -5.648910e-03
1.677341e+02 3.596043e-09 8.406421e-01 -5.633920e-03
1.682345e+02 3.557040e-09 8.412767e-01 -5.619007e-03
1.687349e+02 3.518566e-09 8.419082e-01 -5.604172e-03
1.692353e+02 3.480610e-09 8.425366e-01 -5.589413e-03
1.697357e+02 3.443165e-09 8.431619e-01 -5.574730e-03
1.702361e+02 3.406221e-09 8.437842e-01 -5.560123e-03
1.707365e+02 3.369772e-09 8.444034e-01 -5.545591e-03
1.712369e+02 3.333810e-09 8.450196e-01 -5.531133e-03
1.717373e+02 3.298325e-09 8.456328e-01 -5.516749e-03
1.722377e+02 3.263312e-09 8.462430e-01 -5.502438e-03
1.727381e+02 3.228762e-09 8.468503e-01 -5.488200e-03
1.732385e+02 3.194668e-09 8.474547e-01 -5.474034e-03
1.737389e+02 3.161023e-09 8.480561e-01 -5.459940e-03
1.742393e+02 3.127819e-09 8.486547e-01 -5.445917e-03
1.747397e+02 3.095051e-09 8.492504e-01 -5.431964e-03
1.752401e+02 3.062710e-09 8.498432e-01 -5.418081e-03
1.757405e+02 3.030791e-09 8.504332e-01 -5.404267e-03
1.762409e+02 2.999287e-09 8.510204e-01 -5.390523e-03
1.767413e+02 2.968191e-09 8.516049e-01 -5.376847e-03
1.772417e+02 2.937497e-09 8.521865e-01 -5.363239e-03
1.777421e+02 2.907198e-09 8.527654e-01 -5.349698e-03
1.782425e+02 2.877289e-09 8.533416e-01 -5.336224e-03
1.787429e+02 2.847764e-09 8.539151e-01 -5.322816e-03
1.792433e+02 2.818617e-09 8.544859e-01 -5.309475e-03
1.797437e+02 2.789842e-09 8.550540e-01 -5.296199e-03
1.802441e+02 2.761433e-09 8.556194e-01 -5.282988e-03
1.807445e+02 2.733384e-09 8.561823e-01 -5.269841e-03
1.812449e+02 2.705691e-09 8.567425e-01 -5.256758e-03
1.817453e+02 2.678348e-09 8.573001e-01 -5.243739e-03
1.822457e+02 2.651349e-09 8.578551e-01 -5.230783e-03
1.827461e+02 2.624689e-09 8.584076e-01 -5.217890e-03
1.832465e+02 2.598364e-09 8.589575e-01 -5.205059e-03
1.837469e+02 2.572368e-09 8.595049e-01 -5.192289e-03
1.842473e+02 2.546697e-09 8.600498e-01 -5.179581e-03
1.847477e+02 2.521345e-09 8.605922e-01 -5.166934e-03
1.852481e+02 2.496307e-09 8.611321e-01 -5.154347e-03
1.857485e+02 2.471580e-09 8.616696e-01 -5.141820e-03
1.862489e+02 2.447158e-09 8.622046e-01 -5.129353e-03
1.867493e+02 2.423036e-09 8.627372e-01 -5.116944e-03
1.872497e+02 2.399212e-09 8.632673e-01 -5.104595e-03
1.877502e+02 2.375679e-09 8.637951e-01 -5.092304e-03
1.882506e+02 2.352435e-09 8.643205e-01 -5.080070e-03
1.887510e+02 2.329473e-09 8.648436e-01 -5.067895e-03
1.892514e+02 2.306792e-09 8.653643e-01 -5.055776e-03
1.897518e+02 2.284386e-09 8.658827e-01 -5.043714e-03
1.902522e+02 2.262251e-09 8.663987e-01 -5.031708e-03
1.907526e+02 2.240383e-09 8.669125e-01 -5.019758e-03
1.912530e+02 2.218780e-09 8.674239e-01 -5.007864e-03
1.917534e+02 2.197436e-09 8.679332e-01 -4.996024e-03
1.922538e+02 2.176348e-09 8.684401e-01 -4.984240e-03
1.927542e+02 2.155512e-09 8.689448e-01 -4.972510e-03
1.932546e+02 2.134925e-09 8.694473e-01 -4.960833e-03
1.937550e+02 2.114584e-09 8.699476e-01 -4.949211e-03
1.942554e+02 2.094484e-09 8.704457e-01 -4.937641e-03
1.947558e+02 2.074622e-09 8.709416e-01 -4.926125e-03
1.952562e+02 2.054995e-09 8.714353e-01 -4.914661e-03
1.957566e+02 2.035600e-09 8.719269e-01 -4.903249e-03
1.962570e+02 2.016433e-09 8.724164e-01 -4.891889e-03
1.967574e+02 1.997491e-09 8.729037e-01 -4.880581e-03
1.972578e+02 1.978771e-09 8.733889e-01 -4.869323e-03
1.977582e+02 1.960270e-09 8.738720e-01 -4.858116e-03
1.982586e+02 1.941984e-09 8.743531e-01 -4.846960e-03
1.987590e+02 1.923912e-09 8.748320e-01 -4.835854e-03
1.992594e+02 1.906049e-09 8.753089e-01 -4.824798e-03
1.997598e+02 1.888392e-09 8.757838e-01 -4.813791e-03
2.002602e+02 1.870940e-09 8.762566e-01 -4.802833e-03
2.007606e+02 1.853689e-09 8.767274e-01 -4.791923e-03
2.012610e+02 1.836637e-09 8.771963e-01 -4.781063e-03
2.017614e+02 1.819780e-09 8.776631e-01 -4.770250e-03
2.022618e+02 1.803116e-09 8.781279e-01 -4.759485e-03
2.027622e+02 1.786642e-09 8.785908e-01 -4.748768e-03
2.032626e+02 1.770356e-09 8.790517e-01 -4.738097e-03
2.037630e+02 1.754255e-09 8.795107e-01 -4.727474e-03
2.042634e+02 1.738337e-09 8.799677e-01 -4.716897e-03
2.047638e+02 1.722599e-09 8.804228e-01 -4.706367e-03
2.052642e+02 1.707038e-09 8.808761e-01 -4.695882e-03
2.057646e+02 1.691653e-09 8.813274e-01 -4.685443e-03
2.062650e+02 1.676441e-09 8.817768e-01 -4.675049e-03
2.067654e+02 1.661400e-09 8.822244e-01 -4.664701e-03
2.072658e+02 1.646526e-09 8.826701e-01 -4.654397e-03
2.077662e+02 1.631819e-09 8.831140e-01 -4.644137e-03
2.082666e+02 1.617276e-09 8.835560e-01 -4.633922e-03
2.087670e+02 1.602894e-09 8.839962e-01 -4.623751e-03
2.092674e+02 1.588672e-09 8.844346e-01 -4.613623e-03
2.097678e+02 1.574607e-09 8.848712e-01 -4.603538e-03
2.102682e+02 1.560698e-09 8.853060e-01 -4.593497e-03
2.107686e+02 1.546942e-09 8.857390e-01 -4.583499e-03
2.112690e+02 1.533337e-09 8.861702e-01 -4.573543e-03
2.117694e+02 1.519881e-09 8.865997e-01 -4.563629e-03
2.122698e+02 1.506573e-09 8.870275e-01 -4.553757e-03
2.127702e+02 1.493410e-09 8.874535e-01 -4.543927e-03
2.132706e+02 1.480390e-09 8.878778e-01 -4.534138e-03
2.137710e+02 1.467512e-09 8.883003e-01 -4.524390e-03
2.142714e+02 1.454774e-09 8.887212e-01 -4.514684e-03
2.147718e+02 1.442173e-09 8.891403e-01 -4.505018e-03
2.152722e+02 1.429709e-09 8.895578e-01 -4.495392e-03
2.157726e+02 1.417379e-09 8.899736e-01 -4.485807e-03
2.162730e+02 1.405182e-09 8.903877e-01 -4.476261e-03
2.167734e+02 1.393116e-09 8.908002e-01 -4.466756e-03
2.172738e+02 1.381179e-09 8.912110e-01 -4.457289e-03
2.177742e+02 1.369369e-09 8.916202e-01 -4.447862e-03
2.182746e+02 1.357686e-09 8.920278e-01 -4.438474e-03
2.187750e+02 1.346126e-09 8.924337e-01 -4.429124e-03
2.192754e+02 1.334690e-09 8.928381e-01 -4.419813e-03
2.197758e+02 1.323375e-09 8.932408e-01 -4.410540e-03
2.202762e+02 1.312179e-09 8.936420e-01 -4.401305e-03
2.207766e+02 1.301102e-09 8.940415e-01 -4.392108e-03
2.212770e+02 1.290141e-09 8.944396e-01 -4.382948e-03
2.217774e+02 1.279295e-09 8.948360e-01 -4.373825e-03
2.222778e+02 1.268563e-09 8.952309e-01 -4.364740e-03
2.227782e+02 1.257944e-09 8.956243e-01 -4.355692e-03
2.232786e+02 1.247435e-09 8.960161e-01 -4.346680e-03
2.237790e+02 1.237036e-09 8.964064e-01 -4.337704e-03
2.242794e+02 1.226745e-09 8.967951e-01 -4.328765e-03
2.247798e+02 1.216561e-09 8.971824e-01 -4.319861e-03
2.252802e+02 1.206482e-09 8.975682e-01 -4.310993e-03
2.257806e+02 1.196507e-09 8.979525e-01 -4.302161e-03
2.262810e+02 1.186636e-09 8.983353e-01 -4.293364e-03
2.267814e+02 1.176865e-09 8.987166e-01 -4.284603e-03
2.272818e+02 1.167196e-09 8.990965e-01 -4.275876e-03
2.277822e+02 1.157625e-09 8.994749e-01 -4.267183e-03
2.282826e+02 1.148152e-09 8.998519e-01 -4.258526e-03
2.287830e+02 1.138776e-09 9.002274e-01 -4.249902e-03
2.292834e+02 1.129496e-09 9.006015e-01 -4.241313e-03
2.297838e+02 1.120309e-09 9.009742e-01 -4.232757e-03
2.302842e+02 1.111216e-09 9.013454e-01 -4.224235e-03
2.307846e+02 1.102215e-09 9.017153e-01 -4.215747e-03
2.312850e+02 1.093305e-09 9.020838e-01 -4.207292e-03
2.317854e+02 1.084485e-09 9.024508e-01 -4.198870e-03
2.322858e+02 1.075754e-09 9.028165e-01 -4.190480e-03
2.327862e+02 1.067110e-09 9.031808e-01 -4.182124e-03
2.332866e+02 1.058553e-09 9.035438e-01 -4.173800e-03
2.337870e+02 1.050082e-09 9.039053e-01 -4.165508e-03
2.342874e+02 1.041695e-09 9.042656e-01 -4.157249e-03
2.347878e+02 1.033392e-09 9.046245e-01 -4.149021e-03
2.352882e+02 1.025171e-09 9.049820e-01 -4.140825e-03
2.357886e+02 1.017032e-09 9.053382e-01 -4.132661e-03
2.362890e+02 1.008973e-09 9.056931e-01 -4.124528e-03
2.367894e+02 1.000994e-09 9.060467e-01 -4.116426e-03
2.372898e+02 9.930943e-10 9.063990e-01 -4.108355e-03
2.377902e+02 9.852719e-10 9.067499e-01 -4.100316e-03
2.382906e+02 9.775264e-10 9.070996e-01 -4.092306e-03
2.387910e+02 9.698569e-10 9.074480e-01 -4.084328e-03
2.392914e+02 9.622624e-10 9.077951e-01 -4.076379e-03
2.397918e+02 9.547422e-10 9.081410e-01 -4.068461e-03
2.402922e+02 9.472952e-10 9.084856e-01 -4.060573e-03
2.407926e+02 9.399208e-10 9.088289e-01 -4.052714e-03
2.412930e+02 9.326179e-10 9.091709e-01 -4.044886e-03
2.417934e+02 9.253859e-10 9.095118e-01 -4.037086e-03
2.422938e+02 9.182238e-10 9.098514e-01 -4.029316e-03
2.427942e+02 9.111308e-10 9.101897e-01 -4.021576e-03
2.432946e+02 9.041063e-10 9.105268e-01 -4.013864e-03
2.437950e+02 8.971493e-10 9.108628e-01 -4.006181e-03
2.442954e+02 8.902590e-10 9.111975e-01 -3.998526e-03
2.447958e+02 8.834348e-10 9.115310e-01 -3.990900e-03
2.452962e+02 8.766759e-10 9.118633e-01 -3.983303e-03
2.457966e+02 8.699815e-10 9.121944e-01 -3.975733e-03
2.462970e+02 8.633508e-10 9.125243e-01 -3.968192e-03
2.467974e+02 8.567833e-10 9.128530e-01 -3.960679e-03
2.472978e+02 8.502780e-10 9.131806e-01 -3.953193e-03
2.477982e+02 8.438344e-10 9.135070e-01 -3.945735e-03
2.482986e+02 8.374517e-10 9.138323e-01 -3.938304e-03
2.487990e+02 8.311292e-10 9.141563e-01 -3.930900e-03
2.492994e+02 8.248663e-10 9.144793e-01 -3.923524e-03
2.497998e+02 8.186622e-10 9.148011e-01 -3.916175e-03
2.503002e+02 8.125164e-10 9.151217e-01 -3.908852e-03
2.508006e+02 8.064282e-10 9.154413e-01 -3.901556e-03
2.513010e+02 8.003968e-10 9.157597e-01 -3.894286e-03
2.518014e+02 7.944218e-10 9.160770e-01 -3.887043e-03
2.523018e+02 7.885024e-10 9.163932e-01 -3.879827e-03
2.528022e+02 7.826380e-10 9.167082e-01 -3.872636e-03
2.533026e+02 7.768281e-10 9.170222e-01 -3.865471e-03
2.538030e+02 7.710720e-10 9.173351e-01 -3.858332e-03
2.543034e+02 7.653690e-10 9.176469e-01 -3.851219e-03
2.548038e+02 7.597187e-10 9.179576e-01 -3.844131e-03
2.553042e+02 7.541205e-10 9.182672e-01 -3.837069e-03
2.558046e+02 7.485737e-10 9.185758e-01 -3.830032e-03
2.563050e+02 7.430779e-10 9.188832e-01 -3.823020e-03
2.568054e+02 7.376323e-10 9.191897e-01 -3.816033e-03
2.573058e+02 7.322366e-10 9.194950e-01 -3.809071e-03
2.578062e+02 7.268901e-10 9.197994e-01 -3.802133e-03
2.583066e+02 7.215924e-10 9.201026e-01 -3.795220e-03
2.588070e+02 7.163428e-10 9.204049e-01 -3.788332e-03
2.593074e+02 7.111408e-10 9.207061e-01 -3.781468e-03
2.598078e+02 7.059860e-10 9.210063e-01 -3.774628e-03
2.603082e+02 7.008778e-10 9.213054e-01 -3.767813e-03
2.608086e+02 6.958158e-10 9.216035e-01 -3.761021e-03
2.613090e+02 6.907993e-10 9.219006e-01 -3.754253e-03
2.618094e+02 6.858280e-10 9.221968e-01 -3.747509e-03
2.623098e+02 6.809013e-10 9.224919e-01 -3.740788e-03
2.628102e+02 6.760188e-10 9.227860e-01 -3.734091e-03
2.633106e+02 6.711800e-10 9.230791e-01 -3.727417e-03
2.638110e+02 6.663844e-10 9.233712e-01 -3.720766e-03
2.643114e+02 6.616315e-10 9.236624e-01 -3.714139e-03
2.648118e+02 6.569209e-10 9.239525e-01 -3.707534e-03
2.653122e+02 6.522522e-10 9.242417e-01 -3.700952e-03
2.658126e+02 6.476249e-10 9.245299e-01 -3.694393e-03
2.663130e+02 6.430386e-10 9.248172e-01 -3.687857e-03
2.668134e+02 6.384928e-10 9.251035e-01 -3.681343e-03
2.673138e+02 6.339870e-10 9.253888e-01 -3.674852e-03
2.678142e+02 6.295210e-10 9.256732e-01 -3.668382e-03
2.683146e+02 6.250942e-10 9.259567e-01 -3.661935e-03
2.688150e+02 6.207063e-10 9.262392e-01 -3.655510e-03
2.693154e+02 6.163567e-10 9.265208e-01 -3.649107e-03
2.698158e+02 6.120453e-10 9.268014e-01 -3.642726e-03
2.703162e+02 6.077714e-10 9.270812e-01 -3.636366e-03
2.708166e+02 6.035348e-10 9.273600e-01 -3.630028e-03
2.713170e+02 5.993351e-10 9.276379e-01 -3.623712e-03
2.718174e+02 5.951718e-10 9.279148e-01 -3.617416e-03
2.723178e+02 5.910446e-10 9.281909e-01 -3.611143e-03
2.728182e+02 5.869531e-10 9.284661e-01 -3.604890e-03
2.733186e+02 5.828970e-10 9.287403e-01 -3.598658e-03
2.738190e+02 5.788758e-10 9.290137e-01 -3.592447e-03
2.743194e+02 5.748893e-10 9.292862e-01 -3.586257e-03
2.748198e+02 5.709370e-10 9.295578e-01 -3.580088e-03
2.753202e+02 5.670186e-10 9.298285e-01 -3.573940e-03
2.758206e+02 5.631338e-10 9.300983e-01 -3.567812e-03
2.763210e+02 5.592822e-10 9.303673e-01 -3.561704e-03
2.768214e+02 5.554634e-10 9.306354e-01 -3.555617e-03
2.773218e+02 5.516772e-10 9.309026e-01 -3.549550e-03
2.778222e+02 5.479232e-10 9.311690e-01 -3.543503e-03
2.783226e+02 5.442011e-10 9.314345e-01 -3.537476e-03
2.788230e+02 5.405106e-10 9.316991e-01 -3.531469e-03
2.793234e+02 5.368512e-10 9.319629e-01 -3.525482e-03
2.798238e+02 5.332228e-10 9.322259e-01 -3.519515e-03
2.803242e+02 5.296250e-10 9.324880e-01 -3.513567e-03
2.808246e+02 5.260575e-10 9.327493e-01 -3.507639e-03
2.813250e+02 5.225200e-10 9.330098e-01 -3.501730e-03
2.818254e+02 5.190121e-10 9.332694e-01 -3.495840e-03
2.823258e+02 5.155337e-10 9.335282e-01 -3.489970e-03
2.828262e+02 5.120843e-10 9.337862e-01 -3.484119e-03
2.833266e+02 5.086638e-10 9.340434e-01 -3.478287e-03
2.838270e+02 5.052717e-10 9.342997e-01 -3.472474e-03
2.843274e+02 5.019079e-10 9.345553e-01 -3.466680e-03
2.848278e+02 4.985720e-10 9.348100e-01 -3.460904e-03
2.853282e+02 4.952638e-10 9.350640e-01 -3.455148e-03
2.858286e+02 4.919830e-10 9.353171e-01 -3.449410e-03
2.863290e+02 4.887293e-10 9.355695e-01 -3.443690e-03
2.868294e+02 4.855025e-10 9.358210e-01 -3.437989e-03
2.873298e+02 4.823022e-10 9.360718e-01 -3.432306e-03
2.878302e+02 4.791283e-10 9.363218e-01 -3.426642e-03
2.883306e+02 4.759805e-10 9.365710e-01 -3.420995e-03
2.888310e+02 4.728584e-10 9.368195e-01 -3.415367e-03
2.893314e+02 4.697619e-10 9.370671e-01 -3.409756e-03
2.898318e+02 4.666907e-10 9.373140e-01 -3.404164e-03
2.903322e+02 4.636446e-10 9.375602e-01 -3.398589e-03
2.908326e+02 4.606233e-10 9.378056e-01 -3.393032e-03
2.913330e+02 4.576266e-10 9.380502e-01 -3.387493e-03
2.918334e+02 4.546541e-10 9.382940e-01 -3.381971e-03
2.923338e+02 4.517058e-10 9.385372e-01 -3.376467e-03
2.928342e+02 4.487814e-10 9.387795e-01 -3.370980e-03
2.933346e+02 4.458805e-10 9.390211e-01 -3.365511e-03
2.938350e+02 4.430031e-10 9.392620e-01 -3.360058e-03
2.943354e+02 4.401489e-10 9.395022e-01 -3.354623e-03
2.948358e+02 4.373176e-10 9.397416e-01 -3.349205e-03
2.953362e+02 4.345090e-10 9.399803e-01 -3.343804e-03
2.958366e+02 4.317229e-10 9.402182e-01 -3.338420e-03
2.963370e+02 4.289592e-10 9.404555e-01 -3.333052e-03
2.968374e+02 4.262175e-10 9.406920e-01 -3.327702e-03
2.973378e+02 4.234976e-10 9.409278e-01 -3.322368e-03
2.978382e+02 4.207995e-10 9.411629e-01 -3.317050e-03
2.983386e+02 4.181228e-10 9.413972e-01 -3.311749e-03
2.988390e+02 4.154673e-10 9.416309e-01 -3.306465e-03
2.993394e+02 4.128329e-10 9.418639e-01 -3.301197e-03
2.998398e+02 4.102194e-10 9.420961e-01 -3.295945e-03
3.003402e+02 4.076265e-10 9.423277e-01 -3.290710e-03
3.008406e+02 4.050540e-10 9.425586e-01 -3.285490e-03
3.013410e+02 4.025018e-10 9.427887e-01 -3.280287e-03
3.018414e+02 3.999697e-10 9.430182e-01 -3.275099e-03
3.023418e+02 3.974575e-10 9.432470e-01 -3.269928e-03
3.028422e+02 3.949649e-10 9.434751e-01 -3.264772e-03
3.033426e+02 3.924919e-10 9.437026e-01 -3.259632e-03
3.038430e+02 3.900382e-10 9.439294e-01 -3.254508e-03
3.043434e+02 3.876036e-10 9.441554e-01 -3.249400e-03
3.048438e+02 3.851880e-10 9.443809e-01 -3.244307e-03
3.053442e+02 3.827912e-10 9.446056e-01 -3.239229e-03
3.058446e+02 3.804130e-10 9.448297e-01 -3.234167e-03
3.063450e+02 3.780532e-10 9.450532e-01 -3.229121e-03
3.068454e+02 3.757117e-10 9.452759e-01 -3.224089e-03
3.073458e+02 3.733883e-10 9.454980e-01 -3.219073e-03
3.078462e+02 3.710829e-10 9.457195e-01 -3.214072e-03
3.083466e+02 3.687952e-10 9.459403e-01 -3.209086e-03
3.088470e+02 3.665251e-10 9.461605e-01 -3.204115e-03
3.093474e+02 3.642725e-10 9.463800e-01 -3.199158e-03
3.098478e+02 3.620371e-10 9.465989e-01 -3.194217e-03
3.103482e+02 3.598188e-10 9.468171e-01 -3.189291e-03
3.108486e+02 3.576176e-10 9.470348e-01 -3.184379e-03
3.113490e+02 3.554331e-10 9.472517e-01 -3.179482e-03
3.118494e+02 3.532653e-10 9.474681e-01 -3.174599e-03
3.123498e+02 3.511139e-10 9.476838e-01 -3.169731e-03
3.128503e+02 3.489790e-10 9.478989e-01 -3.164878e-03
3.133507e+02 3.468602e-10 9.481134e-01 -3.160039e-03
3.138511e+02 3.447575e-10 9.483272e-01 -3.155214e-03
3.143515e+02 3.426707e-10 9.485405e-01 -3.150404e-03
3.148519e+02 3.405997e-10 9.487531e-01 -3.145607e-03
3.153523e+02 3.385442e-10 9.489651e-01 -3.140825e-03
3.158527e+02 3.365043e-10 9.491765e-01 -3.136057e-03
3.163531e+02 3.344797e-10 9.493873e-01 -3.131303e-03
3.168535e+02 3.324703e-10 9.495975e-01 -3.126563e-03
3.173539e+02 3.304760e-10 9.498071e-01 -3.121837e-03
3.178543e+02 3.284966e-10 9.500161e-01 -3.117125e-03
3.183547e+02 3.265320e-10 9.502245e-01 -3.112427e-03
3.188551e+02 3.245821e-10 9.504323e-01 -3.107742e-03
3.193555e+02 3.226467e-10 9.506395e-01 -3.103071e-03
3.198559e+02 3.207257e-10 9.508461e-01 -3.098413e-03
3.203563e+02 3.188190e-10 9.510522e-01 -3.093769e-03
3.208567e+02 3.169265e-10 9.512576e-01 -3.089139e-03
3.213571e+02 3.150479e-10 9.514625e-01 -3.084522e-03
3.218575e+02 3.131833e-10 9.516668e-01 -3.079918e-03
3.223579e+02 3.113324e-10 9.518705e-01 -3.075328e-03
3.228583e+02 3.094952e-10 9.520737e-01 -3.070751e-03
3.233587e+02 3.076715e-10 9.522762e-01 -3.066187e-03
3.238591e+02 3.058612e-10 9.524783e-01 -3.061636e-03
3.243595e+02 3.040643e-10 9.526797e-01 -3.057098e-03
3.248599e+02 3.022805e-10 9.528806e-01 -3.052574e-03
3.253603e+02 3.005097e-10 9.530809e-01 -3.048062e-03
3.258607e+02 2.987519e-10 9.532807e-01 -3.043563e-03
3.263611e+02 2.970070e-10 9.534799e-01 -3.039077e-03
3.268615e+02 2.952748e-10 9.536785e-01 -3.034604e-03
3.273619e+02 2.935551e-10 9.538766e-01 -3.030144e-03
3.278623e+02 2.918480e-10 9.540742e-01 -3.025696e-03
3.283627e+02 2.901533e-10 9.542712e-01 -3.021261e-03
3.288631e+02 2.884708e-10 9.544676e-01 -3.016838e-03
3.293635e+02 2.868006e-10 9.546635e-01 -3.012428e-03
3.298639e+02 2.851424e-10 9.548589e-01 -3.008031e-03
3.303643e+02 2.834961e-10 9.550537e-01 -3.003646e-03
3.308647e+02 2.818618e-10 9.552480e-01 -2.999273e-03
3.313651e+02 2.802392e-10 9.554418e-01 -2.994913e-03
3.318655e+02 2.786282e-10 9.556350e-01 -2.990565e-03
3.323659e+02 2.770288e-10 9.558277e-01 -2.986229e-03
3.328663e+02 2.754409e-10 9.560199e-01 -2.981905e-03
3.333667e+02 2.738643e-10 9.562115e-01 -2.977594e-03
3.338671e+02 2.722990e-10 9.564027e-01 -2.973294e-03
3.343675e+02 2.707449e-10 9.565933e-01 -2.969007e-03
3.348679e+02 2.692018e-10 9.567833e-01 -2.964731e-03
3.353683e+02 2.676697e-10 9.569729e-01 -2.960467e-03
3.358687e+02 2.661485e-10 9.571620e-01 -2.956216e-03
3.363691e+02 2.646381e-10 9.573505e-01 -2.951976e-03
3.368695e+02 2.631384e-10 9.575385e-01 -2.947748e-03
3.373699e+02 2.616493e-10 9.577260e-01 -2.943531e-03
3.378703e+02 2.601707e-10 9.579131e-01 -2.939326e-03
3.383707e+02 2.587026e-10 9.580996e-01 -2.935133e-03
3.388711e+02 2.572447e-10 9.582856e-01 -2.930952e-03
3.393715e+02 2.557972e-10 9.584711e-01 -2.926781e-03
3.398719e+02 2.543598e-10 9.586561e-01 -2.922623e-03
3.403723e+02 2.529325e-10 9.588406e-01 -2.918476e-03
3.408727e+02 2.515152e-10 9.590246e-01 -2.914340e-03
3.413731e+02 2.501078e-10 9.592081e-01 -2.910215e-03
3.418735e+02 2.487102e-10 9.593912e-01 -2.906102e-03
3.423739e+02 2.473224e-10 9.595737e-01 -2.902000e-03
3.428743e+02 2.459442e-10 9.597558e-01 -2.897910e-03
3.433747e+02 2.445757e-10 9.599374e-01 -2.893830e-03
3.438751e+02 2.432166e-10 9.601185e-01 -2.889761e-03
3.443755e+02 2.418670e-10 9.602991e-01 -2.885704e-03
3.448759e+02 2.405267e-10 9.604792e-01 -2.881658e-03
3.453763e+02 2.391957e-10 9.606589e-01 -2.877622e-03
3.458767e+02 2.378739e-10 9.608380e-01 -2.873598e-03
3.463771e+02 2.365612e-10 9.610167e-01 -2.869584e-03
3.468775e+02 2.352575e-10 9.611950e-01 -2.865581e-03
3.473779e+02 2.339628e-10 9.613727e-01 -2.861589e-03
3.478783e+02 2.326770e-10 9.615500e-01 -2.857608e-03
3.483787e+02 2.314000e-10 9.617269e-01 -2.853637e-03
3.488791e+02 2.301318e-10 9.619032e-01 -2.849678e-03
3.493795e+02 2.288723e-10 9.620792e-01 -2.845728e-03
3.498799e+02 2.276213e-10 9.622546e-01 -2.841790e-03
3.503803e+02 2.263789e-10 9.624296e-01 -2.837861e-03
3.508807e+02 2.251450e-10 9.626041e-01 -2.833944e-03
3.513811e+02 2.239194e-10 9.627782e-01 -2.830037e-03
3.518815e+02 2.227022e-10 9.629518e-01 -2.826140e-03
3.523819e+02 2.214932e-10 9.631250e-01 -2.822253e-03
3.528823e+02 2.202925e-10 9.632977e-01 -2.818377e-03
3.533827e+02 2.190998e-10 9.634700e-01 -2.814511e-03
3.538831e+02 2.179152e-10 9.636418e-01 -2.810656e-03
3.543835e+02 2.167386e-10 9.638132e-01 -2.806810e-03
3.548839e+02 2.155700e-10 9.639842e-01 -2.802975e-03
3.553843e+02 2.144092e-10 9.641547e-01 -2.799150e-03
3.558847e+02 2.132562e-10 9.643247e-01 -2.795335e-03
3.563851e+02 2.121110e-10 9.644943e-01 -2.791530e-03
3.568855e+02 2.109734e-10 9.646635e-01 -2.787735e-03
3.573859e+02 2.098434e-10 9.648323e-01 -2.783950e-03
3.578863e+02 2.087210e-10 9.650006e-01 -2.780175e-03
3.583867e+02 2.076061e-10 9.651685e-01 -2.776410e-03
3.588871e+02 2.064987e-10 9.653360e-01 -2.772655e-03
3.593875e+02 2.053986e-10 9.655030e-01 -2.768909e-03
3.598879e+02 2.043058e-10 9.656696e-01 -2.765173e-03
3.603883e+02 2.032203e-10 9.658358e-01 -2.761447e-03
3.608887e+02 2.021419e-10 9.660016e-01 -2.757731e-03
3.613891e+02 2.010708e-10 9.661669e-01 -2.754024e-03
3.618895e+02 2.000067e-10 9.663318e-01 -2.750327e-03
3.623899e+02 1.989496e-10 9.664963e-01 -2.746640e-03
3.628903e+02 1.978995e-10 9.666604e-01 -2.742962e-03
3.633907e+02 1.968564e-10 9.668241e-01 -2.739293e-03
3.638911e+02 1.958201e-10 9.669873e-01 -2.735635e-03
3.643915e+02 1.947906e-10 9.671502e-01 -2.731985e-03
3.648919e+02 1.937678e-10 9.673126e-01 -2.728345e-03
3.653923e+02 1.927518e-10 9.674746e-01 -2.724714e-03
3.658927e+02 1.917424e-10 9.676363e-01 -2.721093e-03
3.663931e+02 1.907396e-10 9.677975e-01 -2.717481e-03
3.668935e+02 1.897434e-10 9.679583e-01 -2.713878e-03
3.673939e+02 1.887536e-10 9.681187e-01 -2.710284e-03
3.678943e+02 1.877703e-10 9.682787e-01 -2.706699e-03
3.683947e+02 1.867934e-10 9.684383e-01 -2.703124e-03
3.688951e+02 1.858229e-10 9.685975e-01 -2.699558e-03
3.693955e+02 1.848586e-10 9.687564e-01 -2.696001e-03
3.698959e+02 1.839006e-10 9.689148e-01 -2.692453e-03
3.703963e+02 1.829488e-10 9.690728e-01 -2.688914e-03
3.708967e+02 1.820031e-10 9.692304e-01 -2.685383e-03
3.713971e+02 1.810636e-10 9.693877e-01 -2.681862e-03
3.718975e+02 1.801300e-10 9.695445e-01 -2.678350e-03
3.723979e+02 1.792025e-10 9.697010e-01 -2.674847e-03
3.728983e+02 1.782810e-10 9.698571e-01 -2.671352e-03
3.733987e+02 1.773654e-10 9.700128e-01 -2.667866e-03
3.738991e+02 1.764556e-10 9.701681e-01 -2.664389e-03
3.743995e+02 1.755517e-10 9.703230e-01 -2.660921e-03
3.748999e+02 1.746536e-10 9.704776e-01 -2.657461e-03
3.754003e+02 1.737611e-10 9.706317e-01 -2.654011e-03
3.759007e+02 1.728744e-10 9.707855e-01 -2.650568e-03
3.764011e+02 1.719934e-10 9.709390e-01 -2.647135e-03
3.769015e+02 1.711179e-10 9.710920e-01 -2.643710e-03
3.774019e+02 1.702480e-10 9.712447e-01 -2.640293e-03
3.779023e+02 1.693836e-10 9.713970e-01 -2.636885e-03
3.784027e+02 1.685247e-10 9.715489e-01 -2.633486e-03
3.789031e+02 1.676713e-10 9.717004e-01 -2.630095e-03
3.794035e+02 1.668232e-10 9.718516e-01 -2.626712e-03
3.799039e+02 1.659805e-10 9.720024e-01 -2.623338e-03
3.804043e+02 1.651431e-10 9.721529e-01 -2.619972e-03
3.809047e+02 1.643110e-10 9.723030e-01 -2.616614e-03
3.814051e+02 1.634841e-10 9.724527e-01 -2.613265e-03
3.819055e+02 1.626624e-10 9.726021e-01 -2.609924e-03
3.824059e+02 1.618458e-10 9.727511e-01 -2.606591e-03
3.829063e+02 1.610344e-10 9.728997e-01 -2.603267e-03
3.834067e+02 1.602281e-10 9.730480e-01 -2.599950e-03
3.839071e+02 1.594268e-10 9.731960e-01 -2.596642e-03
3.844075e+02 1.586305e-10 9.733435e-01 -2.593342e-03
3.849079e+02 1.578392e-10 9.734908e-01 -2.590050e-03
3.854083e+02 1.570528e-10 9.736376e-01 -2.586766e-03
3.859087e+02 1.562712e-10 9.737841e-01 -2.583490e-03
3.864091e+02 1.554946e-10 9.739303e-01 -2.580222e-03
3.869095e+02 1.547228e-10 9.740761e-01 -2.576962e-03
3.874099e+02 1.539557e-10 9.742216e-01 -2.573710e-03
3.879103e+02 1.531934e-10 9.743667e-01 -2.570466e-03
3.884107e+02 1.524358e-10 9.745115e-01 -2.567229e-03
3.889111e+02 1.516829e-10 9.746560e-01 -2.564001e-03
3.894115e+02 1.509346e-10 9.748001e-01 -2.560780e-03
3.899119e+02 1.501909e-10 9.749438e-01 -2.557567e-03
3.904123e+02 1.494518e-10 9.750872e-01 -2.554362e-03
3.909127e+02 1.487173e-10 9.752303e-01 -2.551165e-03
3.914131e+02 1.479873e-10 9.753730e-01 -2.547975e-03
3.919135e+02 1.472617e-10 9.755154e-01 -2.544793e-03
3.924139e+02 1.465406e-10 9.756575e-01 -2.541619e-03
3.929143e+02 1.458238e-10 9.757992e-01 -2.538452e-03
3.934147e+02 1.451115e-10 9.759406e-01 -2.535293e-03
3.939151e+02 1.444035e-10 9.760817e-01 -2.532142e-03
3.944155e+02 1.436998e-10 9.762224e-01 -2.528998e-03
3.949159e+02 1.430004e-10 9.763628e-01 -2.525861e-03
3.954163e+02 1.423053e-10 9.765029e-01 -2.522732e-03
3.959167e+02 1.416143e-10 9.766427e-01 -2.519611e-03
3.964171e+02 1.409276e-10 9.767821e-01 -2.516497e-03
3.969175e+02 1.402450e-10 9.769212e-01 -2.513390e-03
3.974179e+02 1.395665e-10 9.770600e-01 -2.510291e-03
3.979183e+02 1.388922e-10 9.771984e-01 -2.507199e-03
3.984187e+02 1.382219e-10 9.773365e-01 -2.504114e-03
3.989191e+02 1.375556e-10 9.774743e-01 -2.501037e-03
3.994195e+02 1.368934e-10 9.776118e-01 -2.497967e-03
3.999199e+02 1.362351e-10 9.777490e-01 -2.494904e-03
4.004203e+02 1.355808e-10 9.778859e-01 -2.491849e-03
4.009207e+02 1.349304e-10 9.780224e-01 -2.488800e-03
4.014211e+02 1.342839e-10 9.781586e-01 -2.485759e-03
4.019215e+02 1.336413e-10 9.782945e-01 -2.482725e-03
4.024219e+02 1.330025e-10 9.784301e-01 -2.479698e-03
4.029223e+02 1.323675e-10 9.785654e-01 -2.476679e-03
4.034227e+02 1.317363e-10 9.787004e-01 -2.473666e-03
4.039231e+02 1.311089e-10 9.788351e-01 -2.470660e-03
4.044235e+02 1.304852e-10 9.789694e-01 -2.467662e-03
4.049239e+02 1.298652e-10 9.791035e-01 -2.464670e-03
4.054243e+02 1.292489e-10 9.792372e-01 -2.461685e-03
4.059247e+02 1.286362e-10 9.793706e-01 -2.458708e-03
4.064251e+02 1.280272e-10 9.795038e-01 -2.455737e-03
4.069255e+02 1.274217e-10 9.796366e-01 -2.452773e-03
4.074259e+02 1.268198e-10 9.797691e-01 -2.449816e-03
4.079263e+02 1.262215e-10 9.799014e-01 -2.446866e-03
4.084267e+02 1.256267e-10 9.800333e-01 -2.443923e-03
4.089271e+02 1.250354e-10 9.801649e-01 -2.440986e-03
4.094275e+02 1.244476e-10 9.802962e-01 -2.438057e-03
4.099279e+02 1.238633e-10 9.804273e-01 -2.435134e-03
4.104283e+02 1.232823e-10 9.805580e-01 -2.432217e-03
4.109287e+02 1.227048e-10 9.806885e-01 -2.429308e-03
4.114291e+02 1.221306e-10 9.808186e-01 -2.426405e-03
4.119295e+02 1.215598e-10 9.809485e-01 -2.423509e-03
4.124299e+02 1.209923e-10 9.810780e-01 -2.420620e-03
4.129303e+02 1.204281e-10 9.812073e-01 -2.417737e-03
4.134307e+02 1.198673e-10 9.813363e-01 -2.414860e-03
4.139311e+02 1.193096e-10 9.814650e-01 -2.411991e-03
4.144315e+02 1.187553e-10 9.815934e-01 -2.409128e-03
4.149319e+02 1.182041e-10 9.817215e-01 -2.406271e-03
4.154323e+02 1.176561e-10 9.818493e-01 -2.403421e-03
4.159327e+02 1.171113e-10 9.819768e-01 -2.400577e-03
4.164331e+02 1.165697e-10 9.821041e-01 -2.397740e-03
4.169335e+02 1.160311e-10 9.822311e-01 -2.394910e-03
4.174339e+02 1.154957e-10 9.823578e-01 -2.392085e-03
4.179343e+02 1.149634e-10 9.824842e-01 -2.389267e-03
4.184347e+02 1.144341e-10 9.826103e-01 -2.386456e-03
4.189351e+02 1.139079e-10 9.827362e-01 -2.383651e-03
4.194355e+02 1.133847e-10 9.828617e-01 -2.380852e-03
4.199359e+02 1.128645e-10 9.829870e-01 -2.378060e-03
4.204363e+02 1.123472e-10 9.831120e-01 -2.375273e-03
4.209367e+02 1.118330e-10 9.832368e-01 -2.372493e-03
4.214371e+02 1.113216e-10 9.833613e-01 -2.369720e-03
4.219375e+02 1.108132e-10 9.834854e-01 -2.366952e-03
4.224379e+02 1.103077e-10 9.836094e-01 -2.364191e-03
4.229383e+02 1.098051e-10 9.837330e-01 -2.361436e-03
4.234387e+02 1.093053e-10 9.838564e-01 -2.358687e-03
4.239391e+02 1.088084e-10 9.839795e-01 -2.355944e-03
4.244395e+02 1.083143e-10 9.841023e-01 -2.353208e-03
4.249399e+02 1.078230e-10 9.842249e-01 -2.350477e-03
4.254403e+02 1.073344e-10 9.843472e-01 -2.347753e-03
4.259407e+02 1.068487e-10 9.844692e-01 -2.345035e-03
4.264411e+02 1.063657e-10 9.845910e-01 -2.342322e-03
4.269415e+02 1.058854e-10 9.847125e-01 -2.339616e-03
4.274419e+02 1.054078e-10 9.848337e-01 -2.336916e-03
4.279423e+02 1.049329e-10 9.849547e-01 -2.334221e-03
4.284427e+02 1.044607e-10 9.850754e-01 -2.331533e-03
4.289431e+02 1.039911e-10 9.851958e-01 -2.328851e-03
4.294435e+02 1.035242e-10 9.853160e-01 -2.326174e-03
4.299439e+02 1.030599e-10 9.854360e-01 -2.323504e-03
4.304443e+02 1.025981e-10 9.855556e-01 -2.320839e-03
4.309447e+02 1.021390e-10 9.856750e-01 -2.318180e-03
4.314451e+02 1.016824e-10 9.857942e-01 -2.315527e-03
4.319455e+02 1.012284e-10 9.859131e-01 -2.312880e-03
4.324459e+02 1.007769e-10 9.860317e-01 -2.310239e-03
4.329463e+02 1.003280e-10 9.861501e-01 -2.307603e-03
4.334467e+02 9.988149e-11 9.862682e-01 -2.304974e-03
4.339471e+02 9.943750e-11 9.863861e-01 -2.302350e-03
4.344475e+02 9.899597e-11 9.865037e-01 -2.299731e-03
4.349479e+02 9.855689e-11 9.866211e-01 -2.297119e-03
4.354483e+02 9.812024e-11 9.867382e-01 -2.294512e-03
4.359487e+02 9.768600e-11 9.868551e-01 -2.291911e-03
4.364491e+02 9.725417e-11 9.869717e-01 -2.289315e-03
4.369495e+02 9.682471e-11 9.870881e-01 -2.286725e-03
4.374499e+02 9.639763e-11 9.872042e-01 -2.284141e-03
4.379504e+02 9.597290e-11 9.873201e-01 -2.281562e-03
4.384508e+02 9.555050e-11 9.874357e-01 -2.278989e-03
4.389512e+02 9.513043e-11 9.875511e-01 -2.276422e-03
4.394516e+02 9.471266e-11 9.876662e-01 -2.273860e-03
4.399520e+02 9.429718e-11 9.877811e-01 -2.271303e-03
4.404524e+02 9.388398e-11 9.878958e-01 -2.268752e-03
4.409528e+02 9.347304e-11 9.880102e-01 -2.266207e-03
4.414532e+02 9.306435e-11 9.881243e-01 -2.263667e-03
4.419536e+02 9.265788e-11 9.882383e-01 -2.261132e-03
4.424540e+02 9.225364e-11 9.883519e-01 -2.258603e-03
4.429544e+02 9.185159e-11 9.884654e-01 -2.256080e-03
4.434548e+02 9.145174e-11 9.885786e-01 -2.253561e-03
4.439552e+02 9.105405e-11 9.886916e-01 -2.251049e-03
4.444556e+02 9.065853e-11 9.888043e-01 -2.248541e-03
4.449560e+02 9.026515e-11 9.889168e-01 -2.246039e-03
4.454564e+02 8.987390e-11 9.890291e-01 -2.243542e-03
4.459568e+02 8.948477e-11 9.891411e-01 -2.241051e-03
4.464572e+02 8.909775e-11 9.892529e-01 -2.238565e-03
4.469576e+02 8.871281e-11 9.893644e-01 -2.236084e-03
4.474580e+02 8.832995e-11 9.894758e-01 -2.233608e-03
4.479584e+02 8.794916e-11 9.895868e-01 -2.231138e-03
4.484588e+02 8.757041e-11 9.896977e-01 -2.228673e-03
4.489592e+02 8.719370e-11 9.898083e-01 -2.226213e-03
4.494596e+02 8.681901e-11 9.899187e-01 -2.223758e-03
4.499600e+02 8.644634e-11 9.900289e-01 -2.221309e-03
4.504604e+02 8.607566e-11 9.901389e-01 -2.218864e-03
4.509608e+02 8.570697e-11 9.902486e-01 -2.216425e-03
4.514612e+02 8.534025e-11 9.903581e-01 -2.213991e-03
4.519616e+02 8.497548e-11 9.904673e-01 -2.211562e-03
4.524620e+02 8.461267e-11 9.905764e-01 -2.209138e-03
4.529624e+02 8.425179e-11 9.906852e-01 -2.206720e-03
4.534628e+02 8.389283e-11 9.907938e-01 -2.204306e-03
4.539632e+02 8.353578e-11 9.909021e-01 -2.201897e-03
4.544636e+02 8.318063e-11 9.910103e-01 -2.199494e-03
4.549640e+02 8.282736e-11 9.911182e-01 -2.197095e-03
4.554644e+02 8.247597e-11 9.912259e-01 -2.194702e-03
4.559648e+02 8.212643e-11 9.913334e-01 -2.192313e-03
4.564652e+02 8.177875e-11 9.914406e-01 -2.189930e-03
4.569656e+02 8.143291e-11 9.915477e-01 -2.187551e-03
4.574660e+02 8.108889e-11 9.916545e-01 -2.185178e-03
4.579664e+02 8.074669e-11 9.917611e-01 -2.182809e-03
4.584668e+02 8.040629e-11 9.918675e-01 -2.180445e-03
4.589672e+02 8.006768e-11 9.919736e-01 -2.178086e-03
4.594676e+02 7.973085e-11 9.920796e-01 -2.175732e-03
4.599680e+02 7.939580e-11 9.921853e-01 -2.173383e-03
4.604684e+02 7.906250e-11 9.922908e-01 -2.171039e-03
4.609688e+02 7.873094e-11 9.923962e-01 -2.168699e-03
4.614692e+02 7.840113e-11 9.925012e-01 -2.166365e-03
4.619696e+02 7.807304e-11 9.926061e-01 -2.164035e-03
4.624700e+02 7.774666e-11 9.927108e-01 -2.161710e-03
4.629704e+02 7.742199e-11 9.928152e-01 -2.159390e-03
4.634708e+02 7.709901e-11 9.929195e-01 -2.157074e-03
4.639712e+02 7.677771e-11 9.930235e-01 -2.154764e-03
4.644716e+02 7.645808e-11 9.931274e-01 -2.152458e-03
4.649720e+02 7.614012e-11 9.932310e-01 -2.150157e-03
4.654724e+02 7.582381e-11 9.933344e-01 -2.147860e-03
4.659728e+02 7.550914e-11 9.934376e-01 -2.145568e-03
4.664732e+02 7.519609e-11 9.935406e-01 -2.143281e-03
4.669736e+02 7.488467e-11 9.936434e-01 -2.140999e-03
4.674740e+02 7.457486e-11 9.937459e-01 -2.138721e-03
4.679744e+02 7.426665e-11 9.938483e-01 -2.136448e-03
4.684748e+02 7.396004e-11 9.939505e-01 -2.134179e-03
4.689752e+02 7.365500e-11 9.940525e-01 -2.131915e-03
4.694756e+02 7.335153e-11 9.941542e-01 -2.129656e-03
4.699760e+02 7.304962e-11 9.942558e-01 -2.127401e-03
4.704764e+02 7.274927e-11 9.943572e-01 -2.125151e-03
4.709768e+02 7.245046e-11 9.944583e-01 -2.122905e-03
4.714772e+02 7.215318e-11 9.945593e-01 -2.120664e-03
4.719776e+02 7.185742e-11 9.946600e-01 -2.118427e-03
4.724780e+02 7.156318e-11 9.947606e-01 -2.116195e-03
4.729784e+02 7.127044e-11 9.948609e-01 -2.113968e-03
4.734788e+02 7.097920e-11 9.949611e-01 -2.111745e-03
4.739792e+02 7.068944e-11 9.950611e-01 -2.109526e-03
4.744796e+02 7.040116e-11 9.951608e-01 -2.107312e-03
4.749800e+02 7.011435e-11 9.952604e-01 -2.105102e-03
4.754804e+02 6.982900e-11 9.953598e-01 -2.102897e-03
4.759808e+02 6.954510e-11 9.954589e-01 -2.100696e-03
4.764812e+02 6.926264e-11 9.955579e-01 -2.098499e-03
4.769816e+02 6.898161e-11 9.956567e-01 -2.096307e-03
4.774820e+02 6.870201e-11 9.957553e-01 -2.094119e-03
4.779824e+02 6.842382e-11 9.958537e-01 -2.091936e-03
4.784828e+02 6.814703e-11 9.959519e-01 -2.089757e-03
4.789832e+02 6.787165e-11 9.960499e-01 -2.087582e-03
4.794836e+02 6.759766e-11 9.961477e-01 -2.085412e-03
4.799840e+02 6.732504e-11 9.962454e-01 -2.083246e-03
4.804844e+02 6.705380e-11 9.963428e-01 -2.081084e-03
4.809848e+02 6.678393e-11 9.964400e-01 -2.078927e-03
4.814852e+02 6.651541e-11 9.965371e-01 -2.076774e-03
4.819856e+02 6.624824e-11 9.966340e-01 -2.074625e-03
4.824860e+02 6.598240e-11 9.967307e-01 -2.072480e-03
4.829864e+02 6.571791e-11 9.968271e-01 -2.070340e-03
4.834868e+02 6.545473e-11 9.969235e-01 -2.068204e-03
4.839872e+02 6.519287e-11 9.970196e-01 -2.066072e-03
4.844876e+02 6.493232e-11 9.971155e-01 -2.063944e-03
4.849880e+02 6.467307e-11 9.972113e-01 -2.061820e-03
4.854884e+02 6.441511e-11 9.973068e-01 -2.059701e-03
4.859888e+02 6.415844e-11 9.974022e-01 -2.057586e-03
4.864892e+02 6.390304e-11 9.974974e-01 -2.055475e-03
4.869896e+02 6.364892e-11 9.975924e-01 -2.053368e-03
4.874900e+02 6.339605e-11 9.976872e-01 -2.051265e-03
4.879904e+02 6.314444e-11 9.977819e-01 -2.049166e-03
4.884908e+02 6.289408e-11 9.978764e-01 -2.047071e-03
4.889912e+02 6.264496e-11 9.979706e-01 -2.044981e-03
4.894916e+02 6.239707e-11 9.980647e-01 -2.042894e-03
4.899920e+02 6.215040e-11 9.981587e-01 -2.040812e-03
4.904924e+02 6.190495e-11 9.982524e-01 -2.038734e-03
4.909928e+02 6.166071e-11 9.983460e-01 -2.036659e-03
4.914932e+02 6.141768e-11 9.984393e-01 -2.034589e-03
4.919936e+02 6.117584e-11 9.985326e-01 -2.032523e-03
4.924940e+02 6.093519e-11 9.986256e-01 -2.030461e-03
4.929944e+02 6.069573e-11 9.987184e-01 -2.028402e-03
4.934948e+02 6.045743e-11 9.988111e-01 -2.026348e-03
4.939952e+02 6.022031e-11 9.989036e-01 -2.024298e-03
4.944956e+02 5.998435e-11 9.989959e-01 -2.022252e-03
4.949960e+02 5.974954e-11 9.990881e-01 -2.020209e-03
4.954964e+02 5.951588e-11 9.991800e-01 -2.018171e-03
4.959968e+02 5.928336e-11 9.992718e-01 -2.016136e-03
4.964972e+02 5.905198e-11 9.993635e-01 -2.014106e-03
4.969976e+02 5.882172e-11 9.994549e-01 -2.012079e-03
4.974980e+02 5.859259e-11 9.995462e-01 -2.010056e-03
4.979984e+02 5.836457e-11 9.996373e-01 -2.008037e-03
4.984988e+02 5.813765e-11 9.997282e-01 -2.006022e-03
4.989992e+02 5.791184e-11 9.998190e-01 -2.004011e-03
4.994996e+02 5.768713e-11 9.999096e-01 -2.002004e-03
5.000000e+02 5.746350e-11 1.000000e+00 -2.000000e-03
