! /n/nyx3/garavito/projects/XMC-Atlas/scripts/test_halo_108/modelname_halo_4807.txt
! R    D    M    P
1000
1.000000e-01 8.556685e-05 1.839169e-17 -3.759025e-02
6.004004e-01 7.455282e-05 8.718775e-05 -3.756782e-02
1.100801e+00 6.526295e-05 4.203313e-04 -3.743784e-02
1.601201e+00 5.738202e-05 1.131534e-03 -3.724792e-02
2.101602e+00 5.066029e-05 2.297594e-03 -3.701087e-02
2.602002e+00 4.489832e-05 3.956844e-03 -3.673624e-02
3.102402e+00 3.993572e-05 6.121115e-03 -3.643172e-02
3.602803e+00 3.564258e-05 8.784252e-03 -3.610358e-02
4.103203e+00 3.191308e-05 1.192819e-02 -3.575700e-02
4.603604e+00 2.866043e-05 1.552726e-02 -3.539626e-02
5.104004e+00 2.581309e-05 1.955127e-02 -3.502491e-02
5.604404e+00 2.331177e-05 2.396768e-02 -3.464590e-02
6.104805e+00 2.110709e-05 2.874307e-02 -3.426169e-02
6.605205e+00 1.915770e-05 3.384426e-02 -3.387430e-02
7.105606e+00 1.742885e-05 3.923893e-02 -3.348544e-02
7.606006e+00 1.589119e-05 4.489613e-02 -3.309652e-02
8.106406e+00 1.451984e-05 5.078655e-02 -3.270869e-02
8.606807e+00 1.329363e-05 5.688269e-02 -3.232293e-02
9.107207e+00 1.219447e-05 6.315889e-02 -3.194002e-02
9.607608e+00 1.120685e-05 6.959138e-02 -3.156063e-02
1.010801e+01 1.031744e-05 7.615820e-02 -3.118529e-02
1.060841e+01 9.514718e-06 8.283919e-02 -3.081442e-02
1.110881e+01 8.788723e-06 8.961584e-02 -3.044838e-02
1.160921e+01 8.130805e-06 9.647124e-02 -3.008742e-02
1.210961e+01 7.533430e-06 1.033900e-01 -2.973177e-02
1.261001e+01 6.990024e-06 1.103580e-01 -2.938158e-02
1.311041e+01 6.494829e-06 1.173626e-01 -2.903697e-02
1.361081e+01 6.042795e-06 1.243922e-01 -2.869802e-02
1.411121e+01 5.629477e-06 1.314364e-01 -2.836476e-02
1.461161e+01 5.250958e-06 1.384856e-01 -2.803722e-02
1.511201e+01 4.903775e-06 1.455315e-01 -2.771540e-02
1.561241e+01 4.584861e-06 1.525662e-01 -2.739927e-02
1.611281e+01 4.291495e-06 1.595830e-01 -2.708879e-02
1.661321e+01 4.021255e-06 1.665756e-01 -2.678393e-02
1.711361e+01 3.771987e-06 1.735385e-01 -2.648461e-02
1.761401e+01 3.541763e-06 1.804667e-01 -2.619076e-02
1.811441e+01 3.328863e-06 1.873560e-01 -2.590231e-02
1.861481e+01 3.131743e-06 1.942022e-01 -2.561918e-02
1.911522e+01 2.949018e-06 2.010021e-01 -2.534127e-02
1.961562e+01 2.779444e-06 2.077525e-01 -2.506850e-02
2.011602e+01 2.621900e-06 2.144507e-01 -2.480078e-02
2.061642e+01 2.475375e-06 2.210945e-01 -2.453800e-02
2.111682e+01 2.338956e-06 2.276818e-01 -2.428006e-02
2.161722e+01 2.211817e-06 2.342108e-01 -2.402689e-02
2.211762e+01 2.093209e-06 2.406800e-01 -2.377836e-02
2.261802e+01 1.982455e-06 2.470881e-01 -2.353439e-02
2.311842e+01 1.878938e-06 2.534342e-01 -2.329488e-02
2.361882e+01 1.782097e-06 2.597172e-01 -2.305973e-02
2.411922e+01 1.691422e-06 2.659366e-01 -2.282885e-02
2.461962e+01 1.606446e-06 2.720917e-01 -2.260213e-02
2.512002e+01 1.526746e-06 2.781822e-01 -2.237950e-02
2.562042e+01 1.451932e-06 2.842078e-01 -2.216085e-02
2.612082e+01 1.381649e-06 2.901682e-01 -2.194610e-02
2.662122e+01 1.315572e-06 2.960635e-01 -2.173516e-02
2.712162e+01 1.253402e-06 3.018937e-01 -2.152794e-02
2.762202e+01 1.194864e-06 3.076588e-01 -2.132435e-02
2.812242e+01 1.139707e-06 3.133591e-01 -2.112431e-02
2.862282e+01 1.087698e-06 3.189949e-01 -2.092775e-02
2.912322e+01 1.038625e-06 3.245663e-01 -2.073458e-02
2.962362e+01 9.922913e-07 3.300739e-01 -2.054472e-02
3.012402e+01 9.485143e-07 3.355180e-01 -2.035809e-02
3.062442e+01 9.071269e-07 3.408991e-01 -2.017463e-02
3.112482e+01 8.679741e-07 3.462177e-01 -1.999426e-02
3.162523e+01 8.309125e-07 3.514744e-01 -1.981691e-02
3.212563e+01 7.958096e-07 3.566696e-01 -1.964252e-02
3.262603e+01 7.625422e-07 3.618039e-01 -1.947100e-02
3.312643e+01 7.309963e-07 3.668781e-01 -1.930230e-02
3.362683e+01 7.010660e-07 3.718926e-01 -1.913636e-02
3.412723e+01 6.726531e-07 3.768483e-01 -1.897311e-02
3.462763e+01 6.456660e-07 3.817456e-01 -1.881250e-02
3.512803e+01 6.200197e-07 3.865853e-01 -1.865446e-02
3.562843e+01 5.956350e-07 3.913680e-01 -1.849893e-02
3.612883e+01 5.724382e-07 3.960945e-01 -1.834586e-02
3.662923e+01 5.503603e-07 4.007655e-01 -1.819520e-02
3.712963e+01 5.293373e-07 4.053816e-01 -1.804689e-02
3.763003e+01 5.093091e-07 4.099435e-01 -1.790088e-02
3.813043e+01 4.902198e-07 4.144519e-01 -1.775712e-02
3.863083e+01 4.720170e-07 4.189076e-01 -1.761557e-02
3.913123e+01 4.546518e-07 4.233112e-01 -1.747617e-02
3.963163e+01 4.380783e-07 4.276635e-01 -1.733887e-02
4.013203e+01 4.222536e-07 4.319651e-01 -1.720364e-02
4.063243e+01 4.071374e-07 4.362168e-01 -1.707043e-02
4.113283e+01 3.926919e-07 4.404191e-01 -1.693919e-02
4.163323e+01 3.788818e-07 4.445729e-01 -1.680989e-02
4.213363e+01 3.656738e-07 4.486787e-01 -1.668248e-02
4.263403e+01 3.530366e-07 4.527373e-01 -1.655692e-02
4.313443e+01 3.409409e-07 4.567494e-01 -1.643318e-02
4.363483e+01 3.293591e-07 4.607155e-01 -1.631121e-02
4.413524e+01 3.182651e-07 4.646364e-01 -1.619099e-02
4.463564e+01 3.076346e-07 4.685126e-01 -1.607248e-02
4.513604e+01 2.974444e-07 4.723449e-01 -1.595563e-02
4.563644e+01 2.876729e-07 4.761339e-01 -1.584042e-02
4.613684e+01 2.782995e-07 4.798802e-01 -1.572681e-02
4.663724e+01 2.693050e-07 4.835844e-01 -1.561478e-02
4.713764e+01 2.606710e-07 4.872471e-01 -1.550428e-02
4.763804e+01 2.523805e-07 4.908689e-01 -1.539530e-02
4.813844e+01 2.444171e-07 4.944505e-01 -1.528779e-02
4.863884e+01 2.367655e-07 4.979924e-01 -1.518174e-02
4.913924e+01 2.294110e-07 5.014952e-01 -1.507711e-02
4.963964e+01 2.223401e-07 5.049594e-01 -1.497387e-02
5.014004e+01 2.155395e-07 5.083857e-01 -1.487200e-02
5.064044e+01 2.089972e-07 5.117745e-01 -1.477148e-02
5.114084e+01 2.027012e-07 5.151264e-01 -1.467227e-02
5.164124e+01 1.966407e-07 5.184421e-01 -1.457435e-02
5.214164e+01 1.908050e-07 5.217219e-01 -1.447769e-02
5.264204e+01 1.851843e-07 5.249664e-01 -1.438228e-02
5.314244e+01 1.797692e-07 5.281761e-01 -1.428809e-02
5.364284e+01 1.745506e-07 5.313515e-01 -1.419510e-02
5.414324e+01 1.695200e-07 5.344932e-01 -1.410328e-02
5.464364e+01 1.646695e-07 5.376016e-01 -1.401261e-02
5.514404e+01 1.599913e-07 5.406772e-01 -1.392308e-02
5.564444e+01 1.554781e-07 5.437204e-01 -1.383466e-02
5.614484e+01 1.511229e-07 5.467318e-01 -1.374733e-02
5.664525e+01 1.469193e-07 5.497118e-01 -1.366107e-02
5.714565e+01 1.428608e-07 5.526608e-01 -1.357586e-02
5.764605e+01 1.389416e-07 5.555793e-01 -1.349169e-02
5.814645e+01 1.351559e-07 5.584677e-01 -1.340853e-02
5.864685e+01 1.314983e-07 5.613264e-01 -1.332637e-02
5.914725e+01 1.279636e-07 5.641560e-01 -1.324519e-02
5.964765e+01 1.245469e-07 5.669567e-01 -1.316497e-02
6.014805e+01 1.212435e-07 5.697290e-01 -1.308570e-02
6.064845e+01 1.180490e-07 5.724733e-01 -1.300736e-02
6.114885e+01 1.149590e-07 5.751901e-01 -1.292993e-02
6.164925e+01 1.119695e-07 5.778795e-01 -1.285340e-02
6.214965e+01 1.090766e-07 5.805422e-01 -1.277775e-02
6.265005e+01 1.062765e-07 5.831784e-01 -1.270297e-02
6.315045e+01 1.035657e-07 5.857885e-01 -1.262905e-02
6.365085e+01 1.009409e-07 5.883729e-01 -1.255596e-02
6.415125e+01 9.839866e-08 5.909319e-01 -1.248370e-02
6.465165e+01 9.593600e-08 5.934658e-01 -1.241225e-02
6.515205e+01 9.354992e-08 5.959752e-01 -1.234159e-02
6.565245e+01 9.123758e-08 5.984601e-01 -1.227173e-02
6.615285e+01 8.899627e-08 6.009211e-01 -1.220263e-02
6.665325e+01 8.682338e-08 6.033584e-01 -1.213429e-02
6.715365e+01 8.471642e-08 6.057723e-01 -1.206671e-02
6.765405e+01 8.267300e-08 6.081632e-01 -1.199985e-02
6.815445e+01 8.069083e-08 6.105314e-01 -1.193372e-02
6.865485e+01 7.876774e-08 6.128771e-01 -1.186830e-02
6.915526e+01 7.690160e-08 6.152008e-01 -1.180359e-02
6.965566e+01 7.509042e-08 6.175026e-01 -1.173956e-02
7.015606e+01 7.333226e-08 6.197829e-01 -1.167621e-02
7.065646e+01 7.162527e-08 6.220420e-01 -1.161353e-02
7.115686e+01 6.996767e-08 6.242801e-01 -1.155151e-02
7.165726e+01 6.835776e-08 6.264976e-01 -1.149013e-02
7.215766e+01 6.679389e-08 6.286946e-01 -1.142939e-02
7.265806e+01 6.527451e-08 6.308715e-01 -1.136928e-02
7.315846e+01 6.379809e-08 6.330285e-01 -1.130979e-02
7.365886e+01 6.236319e-08 6.351659e-01 -1.125091e-02
7.415926e+01 6.096841e-08 6.372840e-01 -1.119263e-02
7.465966e+01 5.961241e-08 6.393830e-01 -1.113493e-02
7.516006e+01 5.829392e-08 6.414631e-01 -1.107782e-02
7.566046e+01 5.701168e-08 6.435246e-01 -1.102129e-02
7.616086e+01 5.576451e-08 6.455677e-01 -1.096531e-02
7.666126e+01 5.455127e-08 6.475927e-01 -1.090990e-02
7.716166e+01 5.337085e-08 6.495997e-01 -1.085503e-02
7.766206e+01 5.222219e-08 6.515891e-01 -1.080070e-02
7.816246e+01 5.110428e-08 6.535611e-01 -1.074691e-02
7.866286e+01 5.001612e-08 6.555158e-01 -1.069364e-02
7.916326e+01 4.895678e-08 6.574535e-01 -1.064088e-02
7.966366e+01 4.792535e-08 6.593744e-01 -1.058864e-02
8.016406e+01 4.692094e-08 6.612787e-01 -1.053690e-02
8.066446e+01 4.594271e-08 6.631666e-01 -1.048565e-02
8.116486e+01 4.498984e-08 6.650384e-01 -1.043489e-02
8.166527e+01 4.406156e-08 6.668942e-01 -1.038462e-02
8.216567e+01 4.315710e-08 6.687341e-01 -1.033481e-02
8.266607e+01 4.227573e-08 6.705585e-01 -1.028548e-02
8.316647e+01 4.141675e-08 6.723676e-01 -1.023661e-02
8.366687e+01 4.057948e-08 6.741614e-01 -1.018819e-02
8.416727e+01 3.976327e-08 6.759401e-01 -1.014022e-02
8.466767e+01 3.896748e-08 6.777041e-01 -1.009269e-02
8.516807e+01 3.819150e-08 6.794534e-01 -1.004561e-02
8.566847e+01 3.743474e-08 6.811882e-01 -9.998946e-03
8.616887e+01 3.669664e-08 6.829087e-01 -9.952712e-03
8.666927e+01 3.597664e-08 6.846150e-01 -9.906897e-03
8.716967e+01 3.527422e-08 6.863074e-01 -9.861495e-03
8.767007e+01 3.458886e-08 6.879860e-01 -9.816501e-03
8.817047e+01 3.392007e-08 6.896509e-01 -9.771910e-03
8.867087e+01 3.326736e-08 6.913024e-01 -9.727716e-03
8.917127e+01 3.263029e-08 6.929406e-01 -9.683914e-03
8.967167e+01 3.200839e-08 6.945656e-01 -9.640498e-03
9.017207e+01 3.140124e-08 6.961776e-01 -9.597464e-03
9.067247e+01 3.080842e-08 6.977767e-01 -9.554807e-03
9.117287e+01 3.022953e-08 6.993632e-01 -9.512522e-03
9.167327e+01 2.966417e-08 7.009370e-01 -9.470604e-03
9.217367e+01 2.911197e-08 7.024985e-01 -9.429048e-03
9.267407e+01 2.857256e-08 7.040477e-01 -9.387850e-03
9.317447e+01 2.804559e-08 7.055848e-01 -9.347005e-03
9.367487e+01 2.753071e-08 7.071098e-01 -9.306508e-03
9.417528e+01 2.702760e-08 7.086231e-01 -9.266356e-03
9.467568e+01 2.653593e-08 7.101246e-01 -9.226543e-03
9.517608e+01 2.605539e-08 7.116145e-01 -9.187067e-03
9.567648e+01 2.558568e-08 7.130930e-01 -9.147921e-03
9.617688e+01 2.512651e-08 7.145601e-01 -9.109103e-03
9.667728e+01 2.467759e-08 7.160160e-01 -9.070608e-03
9.717768e+01 2.423866e-08 7.174609e-01 -9.032432e-03
9.767808e+01 2.380944e-08 7.188948e-01 -8.994571e-03
9.817848e+01 2.338969e-08 7.203179e-01 -8.957022e-03
9.867888e+01 2.297914e-08 7.217303e-01 -8.919780e-03
9.917928e+01 2.257756e-08 7.231321e-01 -8.882843e-03
9.967968e+01 2.218472e-08 7.245234e-01 -8.846205e-03
1.001801e+02 2.180039e-08 7.259043e-01 -8.809864e-03
1.006805e+02 2.142435e-08 7.272750e-01 -8.773816e-03
1.011809e+02 2.105638e-08 7.286356e-01 -8.738057e-03
1.016813e+02 2.069627e-08 7.299861e-01 -8.702585e-03
1.021817e+02 2.034384e-08 7.313268e-01 -8.667395e-03
1.026821e+02 1.999887e-08 7.326576e-01 -8.632484e-03
1.031825e+02 1.966119e-08 7.339787e-01 -8.597850e-03
1.036829e+02 1.933060e-08 7.352902e-01 -8.563488e-03
1.041833e+02 1.900694e-08 7.365922e-01 -8.529395e-03
1.046837e+02 1.869002e-08 7.378848e-01 -8.495569e-03
1.051841e+02 1.837968e-08 7.391681e-01 -8.462007e-03
1.056845e+02 1.807575e-08 7.404422e-01 -8.428704e-03
1.061849e+02 1.777808e-08 7.417072e-01 -8.395659e-03
1.066853e+02 1.748652e-08 7.429633e-01 -8.362868e-03
1.071857e+02 1.720091e-08 7.442103e-01 -8.330329e-03
1.076861e+02 1.692110e-08 7.454486e-01 -8.298038e-03
1.081865e+02 1.664697e-08 7.466782e-01 -8.265993e-03
1.086869e+02 1.637836e-08 7.478991e-01 -8.234191e-03
1.091873e+02 1.611515e-08 7.491114e-01 -8.202629e-03
1.096877e+02 1.585721e-08 7.503153e-01 -8.171304e-03
1.101881e+02 1.560441e-08 7.515109e-01 -8.140215e-03
1.106885e+02 1.535662e-08 7.526981e-01 -8.109357e-03
1.111889e+02 1.511374e-08 7.538771e-01 -8.078730e-03
1.116893e+02 1.487564e-08 7.550481e-01 -8.048329e-03
1.121897e+02 1.464221e-08 7.562109e-01 -8.018153e-03
1.126901e+02 1.441334e-08 7.573659e-01 -7.988199e-03
1.131905e+02 1.418892e-08 7.585129e-01 -7.958464e-03
1.136909e+02 1.396886e-08 7.596522e-01 -7.928947e-03
1.141913e+02 1.375305e-08 7.607837e-01 -7.899645e-03
1.146917e+02 1.354139e-08 7.619076e-01 -7.870556e-03
1.151921e+02 1.333378e-08 7.630239e-01 -7.841677e-03
1.156925e+02 1.313014e-08 7.641328e-01 -7.813006e-03
1.161929e+02 1.293038e-08 7.652342e-01 -7.784540e-03
1.166933e+02 1.273439e-08 7.663283e-01 -7.756279e-03
1.171937e+02 1.254211e-08 7.674151e-01 -7.728218e-03
1.176941e+02 1.235345e-08 7.684947e-01 -7.700358e-03
1.181945e+02 1.216831e-08 7.695672e-01 -7.672694e-03
1.186949e+02 1.198664e-08 7.706326e-01 -7.645225e-03
1.191953e+02 1.180834e-08 7.716911e-01 -7.617950e-03
1.196957e+02 1.163334e-08 7.727426e-01 -7.590865e-03
1.201961e+02 1.146158e-08 7.737872e-01 -7.563970e-03
1.206965e+02 1.129297e-08 7.748251e-01 -7.537262e-03
1.211969e+02 1.112746e-08 7.758562e-01 -7.510738e-03
1.216973e+02 1.096496e-08 7.768807e-01 -7.484398e-03
1.221977e+02 1.080542e-08 7.778986e-01 -7.458240e-03
1.226981e+02 1.064877e-08 7.789099e-01 -7.432261e-03
1.231985e+02 1.049495e-08 7.799148e-01 -7.406460e-03
1.236989e+02 1.034390e-08 7.809133e-01 -7.380834e-03
1.241993e+02 1.019556e-08 7.819054e-01 -7.355383e-03
1.246997e+02 1.004986e-08 7.828912e-01 -7.330104e-03
1.252001e+02 9.906763e-09 7.838708e-01 -7.304995e-03
1.257005e+02 9.766200e-09 7.848442e-01 -7.280055e-03
1.262009e+02 9.628123e-09 7.858115e-01 -7.255283e-03
1.267013e+02 9.492476e-09 7.867728e-01 -7.230676e-03
1.272017e+02 9.359211e-09 7.877280e-01 -7.206233e-03
1.277021e+02 9.228276e-09 7.886773e-01 -7.181952e-03
1.282025e+02 9.099624e-09 7.896207e-01 -7.157831e-03
1.287029e+02 8.973205e-09 7.905583e-01 -7.133870e-03
1.292033e+02 8.848975e-09 7.914901e-01 -7.110066e-03
1.297037e+02 8.726887e-09 7.924161e-01 -7.086418e-03
1.302041e+02 8.606897e-09 7.933365e-01 -7.062925e-03
1.307045e+02 8.488963e-09 7.942512e-01 -7.039584e-03
1.312049e+02 8.373042e-09 7.951604e-01 -7.016395e-03
1.317053e+02 8.259094e-09 7.960640e-01 -6.993356e-03
1.322057e+02 8.147077e-09 7.969621e-01 -6.970466e-03
1.327061e+02 8.036953e-09 7.978549e-01 -6.947722e-03
1.332065e+02 7.928684e-09 7.987422e-01 -6.925124e-03
1.337069e+02 7.822232e-09 7.996242e-01 -6.902671e-03
1.342073e+02 7.717560e-09 8.005010e-01 -6.880360e-03
1.347077e+02 7.614634e-09 8.013724e-01 -6.858191e-03
1.352081e+02 7.513418e-09 8.022387e-01 -6.836162e-03
1.357085e+02 7.413878e-09 8.030999e-01 -6.814272e-03
1.362089e+02 7.315981e-09 8.039560e-01 -6.792520e-03
1.367093e+02 7.219695e-09 8.048070e-01 -6.770904e-03
1.372097e+02 7.124988e-09 8.056529e-01 -6.749422e-03
1.377101e+02 7.031829e-09 8.064940e-01 -6.728075e-03
1.382105e+02 6.940188e-09 8.073301e-01 -6.706860e-03
1.387109e+02 6.850035e-09 8.081613e-01 -6.685777e-03
1.392113e+02 6.761341e-09 8.089876e-01 -6.664824e-03
1.397117e+02 6.674078e-09 8.098092e-01 -6.643999e-03
1.402121e+02 6.588218e-09 8.106260e-01 -6.623303e-03
1.407125e+02 6.503735e-09 8.114382e-01 -6.602732e-03
1.412129e+02 6.420602e-09 8.122456e-01 -6.582288e-03
1.417133e+02 6.338793e-09 8.130484e-01 -6.561967e-03
1.422137e+02 6.258282e-09 8.138466e-01 -6.541770e-03
1.427141e+02 6.179046e-09 8.146402e-01 -6.521694e-03
1.432145e+02 6.101061e-09 8.154294e-01 -6.501740e-03
1.437149e+02 6.024301e-09 8.162140e-01 -6.481905e-03
1.442153e+02 5.948746e-09 8.169942e-01 -6.462189e-03
1.447157e+02 5.874371e-09 8.177700e-01 -6.442591e-03
1.452161e+02 5.801155e-09 8.185414e-01 -6.423109e-03
1.457165e+02 5.729076e-09 8.193085e-01 -6.403744e-03
1.462169e+02 5.658113e-09 8.200713e-01 -6.384492e-03
1.467173e+02 5.588245e-09 8.208299e-01 -6.365354e-03
1.472177e+02 5.519453e-09 8.215842e-01 -6.346329e-03
1.477181e+02 5.451716e-09 8.223343e-01 -6.327416e-03
1.482185e+02 5.385015e-09 8.230803e-01 -6.308613e-03
1.487189e+02 5.319332e-09 8.238222e-01 -6.289919e-03
1.492193e+02 5.254646e-09 8.245599e-01 -6.271335e-03
1.497197e+02 5.190941e-09 8.252937e-01 -6.252858e-03
1.502201e+02 5.128199e-09 8.260234e-01 -6.234487e-03
1.507205e+02 5.066402e-09 8.267491e-01 -6.216223e-03
1.512209e+02 5.005532e-09 8.274708e-01 -6.198064e-03
1.517213e+02 4.945575e-09 8.281886e-01 -6.180009e-03
1.522217e+02 4.886512e-09 8.289026e-01 -6.162057e-03
1.527221e+02 4.828329e-09 8.296127e-01 -6.144207e-03
1.532225e+02 4.771009e-09 8.303189e-01 -6.126459e-03
1.537229e+02 4.714537e-09 8.310214e-01 -6.108812e-03
1.542233e+02 4.658898e-09 8.317200e-01 -6.091264e-03
1.547237e+02 4.604078e-09 8.324150e-01 -6.073815e-03
1.552241e+02 4.550061e-09 8.331062e-01 -6.056464e-03
1.557245e+02 4.496835e-09 8.337938e-01 -6.039210e-03
1.562249e+02 4.444384e-09 8.344777e-01 -6.022053e-03
1.567253e+02 4.392697e-09 8.351580e-01 -6.004991e-03
1.572257e+02 4.341758e-09 8.358346e-01 -5.988025e-03
1.577261e+02 4.291556e-09 8.365078e-01 -5.971152e-03
1.582265e+02 4.242077e-09 8.371774e-01 -5.954372e-03
1.587269e+02 4.193309e-09 8.378434e-01 -5.937685e-03
1.592273e+02 4.145241e-09 8.385060e-01 -5.921090e-03
1.597277e+02 4.097859e-09 8.391652e-01 -5.904586e-03
1.602281e+02 4.051152e-09 8.398209e-01 -5.888172e-03
1.607285e+02 4.005108e-09 8.404732e-01 -5.871847e-03
1.612289e+02 3.959717e-09 8.411222e-01 -5.855611e-03
1.617293e+02 3.914968e-09 8.417677e-01 -5.839464e-03
1.622297e+02 3.870848e-09 8.424100e-01 -5.823403e-03
1.627301e+02 3.827349e-09 8.430490e-01 -5.807429e-03
1.632305e+02 3.784459e-09 8.436847e-01 -5.791541e-03
1.637309e+02 3.742168e-09 8.443171e-01 -5.775739e-03
1.642313e+02 3.700466e-09 8.449463e-01 -5.760021e-03
1.647317e+02 3.659343e-09 8.455724e-01 -5.744387e-03
1.652321e+02 3.618790e-09 8.461952e-01 -5.728836e-03
1.657325e+02 3.578798e-09 8.468149e-01 -5.713367e-03
1.662329e+02 3.539356e-09 8.474315e-01 -5.697981e-03
1.667333e+02 3.500456e-09 8.480450e-01 -5.682676e-03
1.672337e+02 3.462090e-09 8.486554e-01 -5.667451e-03
1.677341e+02 3.424247e-09 8.492627e-01 -5.652306e-03
1.682345e+02 3.386920e-09 8.498670e-01 -5.637241e-03
1.687349e+02 3.350101e-09 8.504683e-01 -5.622254e-03
1.692353e+02 3.313780e-09 8.510666e-01 -5.607346e-03
1.697357e+02 3.277950e-09 8.516619e-01 -5.592515e-03
1.702361e+02 3.242603e-09 8.522543e-01 -5.577761e-03
1.707365e+02 3.207732e-09 8.528437e-01 -5.563083e-03
1.712369e+02 3.173328e-09 8.534303e-01 -5.548481e-03
1.717373e+02 3.139384e-09 8.540140e-01 -5.533954e-03
1.722377e+02 3.105893e-09 8.545948e-01 -5.519502e-03
1.727381e+02 3.072847e-09 8.551728e-01 -5.505124e-03
1.732385e+02 3.040239e-09 8.557479e-01 -5.490819e-03
1.737389e+02 3.008063e-09 8.563203e-01 -5.476587e-03
1.742393e+02 2.976312e-09 8.568898e-01 -5.462427e-03
1.747397e+02 2.944978e-09 8.574567e-01 -5.448339e-03
1.752401e+02 2.914055e-09 8.580208e-01 -5.434322e-03
1.757405e+02 2.883538e-09 8.585821e-01 -5.420376e-03
1.762409e+02 2.853419e-09 8.591408e-01 -5.406500e-03
1.767413e+02 2.823692e-09 8.596968e-01 -5.392694e-03
1.772417e+02 2.794351e-09 8.602501e-01 -5.378957e-03
1.777421e+02 2.765390e-09 8.608008e-01 -5.365288e-03
1.782425e+02 2.736804e-09 8.613489e-01 -5.351687e-03
1.787429e+02 2.708586e-09 8.618943e-01 -5.338154e-03
1.792433e+02 2.680731e-09 8.624372e-01 -5.324688e-03
1.797437e+02 2.653233e-09 8.629775e-01 -5.311289e-03
1.802441e+02 2.626087e-09 8.635152e-01 -5.297956e-03
1.807445e+02 2.599287e-09 8.640505e-01 -5.284688e-03
1.812449e+02 2.572828e-09 8.645832e-01 -5.271485e-03
1.817453e+02 2.546704e-09 8.651134e-01 -5.258347e-03
1.822457e+02 2.520912e-09 8.656411e-01 -5.245274e-03
1.827461e+02 2.495445e-09 8.661664e-01 -5.232264e-03
1.832465e+02 2.470299e-09 8.666892e-01 -5.219317e-03
1.837469e+02 2.445469e-09 8.672096e-01 -5.206432e-03
1.842473e+02 2.420951e-09 8.677276e-01 -5.193611e-03
1.847477e+02 2.396738e-09 8.682432e-01 -5.180851e-03
1.852481e+02 2.372828e-09 8.687565e-01 -5.168152e-03
1.857485e+02 2.349215e-09 8.692673e-01 -5.155514e-03
1.862489e+02 2.325895e-09 8.697758e-01 -5.142937e-03
1.867493e+02 2.302864e-09 8.702820e-01 -5.130420e-03
1.872497e+02 2.280117e-09 8.707859e-01 -5.117963e-03
1.877502e+02 2.257651e-09 8.712875e-01 -5.105565e-03
1.882506e+02 2.235460e-09 8.717868e-01 -5.093226e-03
1.887510e+02 2.213542e-09 8.722838e-01 -5.080945e-03
1.892514e+02 2.191891e-09 8.727786e-01 -5.068722e-03
1.897518e+02 2.170504e-09 8.732711e-01 -5.056557e-03
1.902522e+02 2.149378e-09 8.737614e-01 -5.044449e-03
1.907526e+02 2.128508e-09 8.742496e-01 -5.032398e-03
1.912530e+02 2.107891e-09 8.747355e-01 -5.020403e-03
1.917534e+02 2.087523e-09 8.752192e-01 -5.008464e-03
1.922538e+02 2.067400e-09 8.757008e-01 -4.996581e-03
1.927542e+02 2.047519e-09 8.761803e-01 -4.984753e-03
1.932546e+02 2.027877e-09 8.766576e-01 -4.972979e-03
1.937550e+02 2.008469e-09 8.771327e-01 -4.961261e-03
1.942554e+02 1.989294e-09 8.776058e-01 -4.949596e-03
1.947558e+02 1.970346e-09 8.780768e-01 -4.937985e-03
1.952562e+02 1.951624e-09 8.785457e-01 -4.926427e-03
1.957566e+02 1.933123e-09 8.790126e-01 -4.914922e-03
1.962570e+02 1.914841e-09 8.794774e-01 -4.903470e-03
1.967574e+02 1.896775e-09 8.799401e-01 -4.892070e-03
1.972578e+02 1.878921e-09 8.804009e-01 -4.880722e-03
1.977582e+02 1.861277e-09 8.808596e-01 -4.869426e-03
1.982586e+02 1.843840e-09 8.813163e-01 -4.858181e-03
1.987590e+02 1.826606e-09 8.817711e-01 -4.846986e-03
1.992594e+02 1.809573e-09 8.822239e-01 -4.835842e-03
1.997598e+02 1.792738e-09 8.826747e-01 -4.824748e-03
2.002602e+02 1.776099e-09 8.831236e-01 -4.813704e-03
2.007606e+02 1.759652e-09 8.835705e-01 -4.802710e-03
2.012610e+02 1.743395e-09 8.840155e-01 -4.791765e-03
2.017614e+02 1.727326e-09 8.844586e-01 -4.780868e-03
2.022618e+02 1.711441e-09 8.848998e-01 -4.770020e-03
2.027622e+02 1.695738e-09 8.853392e-01 -4.759220e-03
2.032626e+02 1.680215e-09 8.857766e-01 -4.748468e-03
2.037630e+02 1.664869e-09 8.862122e-01 -4.737764e-03
2.042634e+02 1.649699e-09 8.866460e-01 -4.727106e-03
2.047638e+02 1.634700e-09 8.870779e-01 -4.716496e-03
2.052642e+02 1.619872e-09 8.875080e-01 -4.705932e-03
2.057646e+02 1.605211e-09 8.879362e-01 -4.695415e-03
2.062650e+02 1.590716e-09 8.883627e-01 -4.684943e-03
2.067654e+02 1.576384e-09 8.887874e-01 -4.674517e-03
2.072658e+02 1.562213e-09 8.892103e-01 -4.664137e-03
2.077662e+02 1.548201e-09 8.896314e-01 -4.653802e-03
2.082666e+02 1.534346e-09 8.900508e-01 -4.643511e-03
2.087670e+02 1.520645e-09 8.904684e-01 -4.633265e-03
2.092674e+02 1.507097e-09 8.908843e-01 -4.623064e-03
2.097678e+02 1.493699e-09 8.912985e-01 -4.612906e-03
2.102682e+02 1.480451e-09 8.917109e-01 -4.602792e-03
2.107686e+02 1.467348e-09 8.921216e-01 -4.592721e-03
2.112690e+02 1.454390e-09 8.925307e-01 -4.582693e-03
2.117694e+02 1.441576e-09 8.929381e-01 -4.572708e-03
2.122698e+02 1.428901e-09 8.933438e-01 -4.562766e-03
2.127702e+02 1.416366e-09 8.937478e-01 -4.552866e-03
2.132706e+02 1.403968e-09 8.941502e-01 -4.543008e-03
2.137710e+02 1.391706e-09 8.945509e-01 -4.533192e-03
2.142714e+02 1.379577e-09 8.949500e-01 -4.523417e-03
2.147718e+02 1.367579e-09 8.953475e-01 -4.513683e-03
2.152722e+02 1.355712e-09 8.957434e-01 -4.503991e-03
2.157726e+02 1.343974e-09 8.961376e-01 -4.494339e-03
2.162730e+02 1.332362e-09 8.965303e-01 -4.484727e-03
2.167734e+02 1.320875e-09 8.969214e-01 -4.475156e-03
2.172738e+02 1.309512e-09 8.973109e-01 -4.465625e-03
2.177742e+02 1.298271e-09 8.976989e-01 -4.456133e-03
2.182746e+02 1.287150e-09 8.980853e-01 -4.446681e-03
2.187750e+02 1.276148e-09 8.984701e-01 -4.437268e-03
2.192754e+02 1.265263e-09 8.988534e-01 -4.427894e-03
2.197758e+02 1.254494e-09 8.992352e-01 -4.418559e-03
2.202762e+02 1.243840e-09 8.996155e-01 -4.409262e-03
2.207766e+02 1.233298e-09 8.999943e-01 -4.400003e-03
2.212770e+02 1.222868e-09 9.003715e-01 -4.390783e-03
2.217774e+02 1.212547e-09 9.007473e-01 -4.381600e-03
2.222778e+02 1.202336e-09 9.011216e-01 -4.372454e-03
2.227782e+02 1.192231e-09 9.014944e-01 -4.363346e-03
2.232786e+02 1.182233e-09 9.018657e-01 -4.354276e-03
2.237790e+02 1.172339e-09 9.022356e-01 -4.345242e-03
2.242794e+02 1.162549e-09 9.026041e-01 -4.336244e-03
2.247798e+02 1.152860e-09 9.029711e-01 -4.327283e-03
2.252802e+02 1.143272e-09 9.033366e-01 -4.318358e-03
2.257806e+02 1.133784e-09 9.037008e-01 -4.309469e-03
2.262810e+02 1.124394e-09 9.040635e-01 -4.300616e-03
2.267814e+02 1.115101e-09 9.044249e-01 -4.291799e-03
2.272818e+02 1.105904e-09 9.047848e-01 -4.283017e-03
2.277822e+02 1.096801e-09 9.051433e-01 -4.274269e-03
2.282826e+02 1.087792e-09 9.055005e-01 -4.265557e-03
2.287830e+02 1.078875e-09 9.058563e-01 -4.256880e-03
2.292834e+02 1.070049e-09 9.062107e-01 -4.248237e-03
2.297838e+02 1.061314e-09 9.065637e-01 -4.239628e-03
2.302842e+02 1.052667e-09 9.069154e-01 -4.231053e-03
2.307846e+02 1.044108e-09 9.072658e-01 -4.222513e-03
2.312850e+02 1.035636e-09 9.076148e-01 -4.214005e-03
2.317854e+02 1.027250e-09 9.079625e-01 -4.205532e-03
2.322858e+02 1.018949e-09 9.083089e-01 -4.197091e-03
2.327862e+02 1.010731e-09 9.086540e-01 -4.188684e-03
2.332866e+02 1.002596e-09 9.089977e-01 -4.180310e-03
2.337870e+02 9.945423e-10 9.093402e-01 -4.171968e-03
2.342874e+02 9.865696e-10 9.096814e-01 -4.163659e-03
2.347878e+02 9.786766e-10 9.100212e-01 -4.155382e-03
2.352882e+02 9.708624e-10 9.103599e-01 -4.147138e-03
2.357886e+02 9.631260e-10 9.106972e-01 -4.138925e-03
2.362890e+02 9.554666e-10 9.110333e-01 -4.130744e-03
2.367894e+02 9.478831e-10 9.113681e-01 -4.122594e-03
2.372898e+02 9.403747e-10 9.117017e-01 -4.114476e-03
2.377902e+02 9.329405e-10 9.120340e-01 -4.106390e-03
2.382906e+02 9.255797e-10 9.123651e-01 -4.098334e-03
2.387910e+02 9.182913e-10 9.126950e-01 -4.090309e-03
2.392914e+02 9.110745e-10 9.130237e-01 -4.082315e-03
2.397918e+02 9.039284e-10 9.133511e-01 -4.074351e-03
2.402922e+02 8.968523e-10 9.136773e-01 -4.066418e-03
2.407926e+02 8.898453e-10 9.140024e-01 -4.058514e-03
2.412930e+02 8.829066e-10 9.143262e-01 -4.050641e-03
2.417934e+02 8.760354e-10 9.146489e-01 -4.042798e-03
2.422938e+02 8.692309e-10 9.149703e-01 -4.034984e-03
2.427942e+02 8.624923e-10 9.152906e-01 -4.027200e-03
2.432946e+02 8.558189e-10 9.156098e-01 -4.019445e-03
2.437950e+02 8.492100e-10 9.159277e-01 -4.011719e-03
2.442954e+02 8.426647e-10 9.162445e-01 -4.004022e-03
2.447958e+02 8.361824e-10 9.165602e-01 -3.996354e-03
2.452962e+02 8.297622e-10 9.168747e-01 -3.988714e-03
2.457966e+02 8.234036e-10 9.171881e-01 -3.981103e-03
2.462970e+02 8.171058e-10 9.175004e-01 -3.973521e-03
2.467974e+02 8.108680e-10 9.178115e-01 -3.965967e-03
2.472978e+02 8.046897e-10 9.181215e-01 -3.958440e-03
2.477982e+02 7.985701e-10 9.184304e-01 -3.950942e-03
2.482986e+02 7.925086e-10 9.187382e-01 -3.943471e-03
2.487990e+02 7.865045e-10 9.190449e-01 -3.936028e-03
2.492994e+02 7.805571e-10 9.193505e-01 -3.928612e-03
2.497998e+02 7.746658e-10 9.196550e-01 -3.921224e-03
2.503002e+02 7.688301e-10 9.199584e-01 -3.913862e-03
2.508006e+02 7.630491e-10 9.202608e-01 -3.906528e-03
2.513010e+02 7.573224e-10 9.205621e-01 -3.899220e-03
2.518014e+02 7.516494e-10 9.208623e-01 -3.891939e-03
2.523018e+02 7.460293e-10 9.211614e-01 -3.884685e-03
2.528022e+02 7.404617e-10 9.214595e-01 -3.877457e-03
2.533026e+02 7.349459e-10 9.217566e-01 -3.870255e-03
2.538030e+02 7.294814e-10 9.220526e-01 -3.863079e-03
2.543034e+02 7.240676e-10 9.223475e-01 -3.855929e-03
2.548038e+02 7.187039e-10 9.226415e-01 -3.848805e-03
2.553042e+02 7.133898e-10 9.229344e-01 -3.841707e-03
2.558046e+02 7.081247e-10 9.232263e-01 -3.834634e-03
2.563050e+02 7.029081e-10 9.235171e-01 -3.827587e-03
2.568054e+02 6.977395e-10 9.238070e-01 -3.820564e-03
2.573058e+02 6.926183e-10 9.240958e-01 -3.813567e-03
2.578062e+02 6.875439e-10 9.243837e-01 -3.806595e-03
2.583066e+02 6.825160e-10 9.246706e-01 -3.799648e-03
2.588070e+02 6.775339e-10 9.249564e-01 -3.792726e-03
2.593074e+02 6.725973e-10 9.252413e-01 -3.785828e-03
2.598078e+02 6.677055e-10 9.255252e-01 -3.778955e-03
2.603082e+02 6.628580e-10 9.258081e-01 -3.772105e-03
2.608086e+02 6.580545e-10 9.260901e-01 -3.765281e-03
2.613090e+02 6.532945e-10 9.263711e-01 -3.758480e-03
2.618094e+02 6.485774e-10 9.266511e-01 -3.751703e-03
2.623098e+02 6.439028e-10 9.269302e-01 -3.744950e-03
2.628102e+02 6.392702e-10 9.272083e-01 -3.738220e-03
2.633106e+02 6.346792e-10 9.274855e-01 -3.731515e-03
2.638110e+02 6.301294e-10 9.277617e-01 -3.724832e-03
2.643114e+02 6.256203e-10 9.280370e-01 -3.718173e-03
2.648118e+02 6.211514e-10 9.283114e-01 -3.711538e-03
2.653122e+02 6.167224e-10 9.285848e-01 -3.704925e-03
2.658126e+02 6.123327e-10 9.288573e-01 -3.698335e-03
2.663130e+02 6.079821e-10 9.291289e-01 -3.691768e-03
2.668134e+02 6.036700e-10 9.293996e-01 -3.685224e-03
2.673138e+02 5.993961e-10 9.296694e-01 -3.678702e-03
2.678142e+02 5.951599e-10 9.299383e-01 -3.672203e-03
2.683146e+02 5.909611e-10 9.302063e-01 -3.665726e-03
2.688150e+02 5.867993e-10 9.304734e-01 -3.659272e-03
2.693154e+02 5.826740e-10 9.307396e-01 -3.652840e-03
2.698158e+02 5.785849e-10 9.310049e-01 -3.646429e-03
2.703162e+02 5.745317e-10 9.312693e-01 -3.640041e-03
2.708166e+02 5.705139e-10 9.315328e-01 -3.633674e-03
2.713170e+02 5.665311e-10 9.317955e-01 -3.627329e-03
2.718174e+02 5.625830e-10 9.320573e-01 -3.621006e-03
2.723178e+02 5.586693e-10 9.323183e-01 -3.614704e-03
2.728182e+02 5.547895e-10 9.325784e-01 -3.608424e-03
2.733186e+02 5.509433e-10 9.328376e-01 -3.602165e-03
2.738190e+02 5.471305e-10 9.330960e-01 -3.595926e-03
2.743194e+02 5.433505e-10 9.333535e-01 -3.589709e-03
2.748198e+02 5.396032e-10 9.336102e-01 -3.583513e-03
2.753202e+02 5.358881e-10 9.338661e-01 -3.577338e-03
2.758206e+02 5.322049e-10 9.341211e-01 -3.571183e-03
2.763210e+02 5.285533e-10 9.343753e-01 -3.565050e-03
2.768214e+02 5.249329e-10 9.346286e-01 -3.558936e-03
2.773218e+02 5.213435e-10 9.348812e-01 -3.552843e-03
2.778222e+02 5.177848e-10 9.351329e-01 -3.546770e-03
2.783226e+02 5.142563e-10 9.353838e-01 -3.540718e-03
2.788230e+02 5.107579e-10 9.356339e-01 -3.534686e-03
2.793234e+02 5.072892e-10 9.358832e-01 -3.528673e-03
2.798238e+02 5.038498e-10 9.361317e-01 -3.522681e-03
2.803242e+02 5.004396e-10 9.363793e-01 -3.516708e-03
2.808246e+02 4.970581e-10 9.366262e-01 -3.510755e-03
2.813250e+02 4.937052e-10 9.368723e-01 -3.504822e-03
2.818254e+02 4.903805e-10 9.371176e-01 -3.498908e-03
2.823258e+02 4.870837e-10 9.373622e-01 -3.493014e-03
2.828262e+02 4.838146e-10 9.376059e-01 -3.487139e-03
2.833266e+02 4.805729e-10 9.378489e-01 -3.481283e-03
2.838270e+02 4.773583e-10 9.380911e-01 -3.475446e-03
2.843274e+02 4.741705e-10 9.383325e-01 -3.469628e-03
2.848278e+02 4.710093e-10 9.385732e-01 -3.463830e-03
2.853282e+02 4.678744e-10 9.388131e-01 -3.458050e-03
2.858286e+02 4.647655e-10 9.390522e-01 -3.452289e-03
2.863290e+02 4.616824e-10 9.392906e-01 -3.446547e-03
2.868294e+02 4.586248e-10 9.395282e-01 -3.440823e-03
2.873298e+02 4.555925e-10 9.397651e-01 -3.435117e-03
2.878302e+02 4.525852e-10 9.400013e-01 -3.429431e-03
2.883306e+02 4.496027e-10 9.402367e-01 -3.423762e-03
2.888310e+02 4.466447e-10 9.404714e-01 -3.418112e-03
2.893314e+02 4.437110e-10 9.407053e-01 -3.412479e-03
2.898318e+02 4.408014e-10 9.409385e-01 -3.406865e-03
2.903322e+02 4.379155e-10 9.411710e-01 -3.401269e-03
2.908326e+02 4.350533e-10 9.414027e-01 -3.395691e-03
2.913330e+02 4.322144e-10 9.416338e-01 -3.390130e-03
2.918334e+02 4.293986e-10 9.418641e-01 -3.384588e-03
2.923338e+02 4.266057e-10 9.420937e-01 -3.379062e-03
2.928342e+02 4.238354e-10 9.423226e-01 -3.373555e-03
2.933346e+02 4.210877e-10 9.425508e-01 -3.368065e-03
2.938350e+02 4.183621e-10 9.427783e-01 -3.362592e-03
2.943354e+02 4.156586e-10 9.430051e-01 -3.357136e-03
2.948358e+02 4.129768e-10 9.432312e-01 -3.351698e-03
2.953362e+02 4.103167e-10 9.434566e-01 -3.346277e-03
2.958366e+02 4.076780e-10 9.436813e-01 -3.340873e-03
2.963370e+02 4.050604e-10 9.439053e-01 -3.335486e-03
2.968374e+02 4.024638e-10 9.441286e-01 -3.330116e-03
2.973378e+02 3.998880e-10 9.443513e-01 -3.324762e-03
2.978382e+02 3.973327e-10 9.445732e-01 -3.319425e-03
2.983386e+02 3.947979e-10 9.447945e-01 -3.314105e-03
2.988390e+02 3.922832e-10 9.450152e-01 -3.308802e-03
2.993394e+02 3.897885e-10 9.452351e-01 -3.303515e-03
2.998398e+02 3.873136e-10 9.454544e-01 -3.298244e-03
3.003402e+02 3.848583e-10 9.456731e-01 -3.292990e-03
3.008406e+02 3.824224e-10 9.458910e-01 -3.287752e-03
3.013410e+02 3.800058e-10 9.461084e-01 -3.282531e-03
3.018414e+02 3.776083e-10 9.463250e-01 -3.277325e-03
3.023418e+02 3.752296e-10 9.465410e-01 -3.272135e-03
3.028422e+02 3.728696e-10 9.467564e-01 -3.266962e-03
3.033426e+02 3.705281e-10 9.469711e-01 -3.261804e-03
3.038430e+02 3.682050e-10 9.471852e-01 -3.256662e-03
3.043434e+02 3.659001e-10 9.473986e-01 -3.251536e-03
3.048438e+02 3.636132e-10 9.476114e-01 -3.246426e-03
3.053442e+02 3.613441e-10 9.478236e-01 -3.241331e-03
3.058446e+02 3.590927e-10 9.480351e-01 -3.236252e-03
3.063450e+02 3.568588e-10 9.482460e-01 -3.231188e-03
3.068454e+02 3.546423e-10 9.484563e-01 -3.226139e-03
3.073458e+02 3.524429e-10 9.486660e-01 -3.221106e-03
3.078462e+02 3.502605e-10 9.488750e-01 -3.216088e-03
3.083466e+02 3.480951e-10 9.490834e-01 -3.211086e-03
3.088470e+02 3.459463e-10 9.492912e-01 -3.206098e-03
3.093474e+02 3.438141e-10 9.494984e-01 -3.201126e-03
3.098478e+02 3.416983e-10 9.497050e-01 -3.196168e-03
3.103482e+02 3.395987e-10 9.499110e-01 -3.191226e-03
3.108486e+02 3.375152e-10 9.501164e-01 -3.186298e-03
3.113490e+02 3.354477e-10 9.503212e-01 -3.181385e-03
3.118494e+02 3.333960e-10 9.505253e-01 -3.176487e-03
3.123498e+02 3.313600e-10 9.507289e-01 -3.171603e-03
3.128503e+02 3.293395e-10 9.509319e-01 -3.166734e-03
3.133507e+02 3.273343e-10 9.511343e-01 -3.161879e-03
3.138511e+02 3.253444e-10 9.513361e-01 -3.157039e-03
3.143515e+02 3.233696e-10 9.515374e-01 -3.152214e-03
3.148519e+02 3.214098e-10 9.517380e-01 -3.147402e-03
3.153523e+02 3.194647e-10 9.519381e-01 -3.142605e-03
3.158527e+02 3.175344e-10 9.521376e-01 -3.137822e-03
3.163531e+02 3.156186e-10 9.523365e-01 -3.133054e-03
3.168535e+02 3.137173e-10 9.525348e-01 -3.128299e-03
3.173539e+02 3.118302e-10 9.527326e-01 -3.123558e-03
3.178543e+02 3.099574e-10 9.529298e-01 -3.118831e-03
3.183547e+02 3.080985e-10 9.531264e-01 -3.114119e-03
3.188551e+02 3.062536e-10 9.533225e-01 -3.109420e-03
3.193555e+02 3.044225e-10 9.535180e-01 -3.104734e-03
3.198559e+02 3.026050e-10 9.537130e-01 -3.100063e-03
3.203563e+02 3.008011e-10 9.539074e-01 -3.095405e-03
3.208567e+02 2.990105e-10 9.541012e-01 -3.090760e-03
3.213571e+02 2.972333e-10 9.542945e-01 -3.086130e-03
3.218575e+02 2.954693e-10 9.544872e-01 -3.081512e-03
3.223579e+02 2.937184e-10 9.546794e-01 -3.076908e-03
3.228583e+02 2.919804e-10 9.548711e-01 -3.072318e-03
3.233587e+02 2.902552e-10 9.550622e-01 -3.067740e-03
3.238591e+02 2.885428e-10 9.552528e-01 -3.063176e-03
3.243595e+02 2.868429e-10 9.554428e-01 -3.058626e-03
3.248599e+02 2.851556e-10 9.556323e-01 -3.054088e-03
3.253603e+02 2.834807e-10 9.558213e-01 -3.049563e-03
3.258607e+02 2.818180e-10 9.560097e-01 -3.045051e-03
3.263611e+02 2.801675e-10 9.561976e-01 -3.040553e-03
3.268615e+02 2.785291e-10 9.563850e-01 -3.036067e-03
3.273619e+02 2.769026e-10 9.565719e-01 -3.031594e-03
3.278623e+02 2.752880e-10 9.567582e-01 -3.027133e-03
3.283627e+02 2.736851e-10 9.569440e-01 -3.022686e-03
3.288631e+02 2.720939e-10 9.571293e-01 -3.018251e-03
3.293635e+02 2.705143e-10 9.573141e-01 -3.013829e-03
3.298639e+02 2.689460e-10 9.574984e-01 -3.009419e-03
3.303643e+02 2.673892e-10 9.576822e-01 -3.005022e-03
3.308647e+02 2.658436e-10 9.578654e-01 -3.000637e-03
3.313651e+02 2.643091e-10 9.580482e-01 -2.996265e-03
3.318655e+02 2.627857e-10 9.582304e-01 -2.991905e-03
3.323659e+02 2.612732e-10 9.584122e-01 -2.987558e-03
3.328663e+02 2.597716e-10 9.585934e-01 -2.983222e-03
3.333667e+02 2.582808e-10 9.587741e-01 -2.978899e-03
3.338671e+02 2.568007e-10 9.589544e-01 -2.974588e-03
3.343675e+02 2.553311e-10 9.591341e-01 -2.970289e-03
3.348679e+02 2.538721e-10 9.593134e-01 -2.966002e-03
3.353683e+02 2.524235e-10 9.594922e-01 -2.961727e-03
3.358687e+02 2.509851e-10 9.596705e-01 -2.957465e-03
3.363691e+02 2.495570e-10 9.598483e-01 -2.953214e-03
3.368695e+02 2.481391e-10 9.600256e-01 -2.948974e-03
3.373699e+02 2.467312e-10 9.602024e-01 -2.944747e-03
3.378703e+02 2.453333e-10 9.603787e-01 -2.940531e-03
3.383707e+02 2.439452e-10 9.605546e-01 -2.936327e-03
3.388711e+02 2.425670e-10 9.607300e-01 -2.932135e-03
3.393715e+02 2.411985e-10 9.609049e-01 -2.927954e-03
3.398719e+02 2.398396e-10 9.610794e-01 -2.923785e-03
3.403723e+02 2.384903e-10 9.612534e-01 -2.919628e-03
3.408727e+02 2.371504e-10 9.614269e-01 -2.915481e-03
3.413731e+02 2.358200e-10 9.615999e-01 -2.911347e-03
3.418735e+02 2.344989e-10 9.617725e-01 -2.907223e-03
3.423739e+02 2.331870e-10 9.619446e-01 -2.903111e-03
3.428743e+02 2.318842e-10 9.621163e-01 -2.899010e-03
3.433747e+02 2.305906e-10 9.622874e-01 -2.894921e-03
3.438751e+02 2.293060e-10 9.624582e-01 -2.890842e-03
3.443755e+02 2.280303e-10 9.626285e-01 -2.886775e-03
3.448759e+02 2.267634e-10 9.627983e-01 -2.882719e-03
3.453763e+02 2.255053e-10 9.629677e-01 -2.878674e-03
3.458767e+02 2.242560e-10 9.631366e-01 -2.874639e-03
3.463771e+02 2.230153e-10 9.633051e-01 -2.870616e-03
3.468775e+02 2.217832e-10 9.634731e-01 -2.866604e-03
3.473779e+02 2.205595e-10 9.636407e-01 -2.862602e-03
3.478783e+02 2.193443e-10 9.638078e-01 -2.858612e-03
3.483787e+02 2.181374e-10 9.639745e-01 -2.854632e-03
3.488791e+02 2.169389e-10 9.641408e-01 -2.850663e-03
3.493795e+02 2.157485e-10 9.643066e-01 -2.846704e-03
3.498799e+02 2.145663e-10 9.644720e-01 -2.842757e-03
3.503803e+02 2.133922e-10 9.646369e-01 -2.838819e-03
3.508807e+02 2.122262e-10 9.648015e-01 -2.834893e-03
3.513811e+02 2.110680e-10 9.649655e-01 -2.830977e-03
3.518815e+02 2.099178e-10 9.651292e-01 -2.827071e-03
3.523819e+02 2.087754e-10 9.652924e-01 -2.823176e-03
3.528823e+02 2.076407e-10 9.654552e-01 -2.819291e-03
3.533827e+02 2.065138e-10 9.656176e-01 -2.815417e-03
3.538831e+02 2.053944e-10 9.657796e-01 -2.811552e-03
3.543835e+02 2.042827e-10 9.659411e-01 -2.807699e-03
3.548839e+02 2.031784e-10 9.661022e-01 -2.803855e-03
3.553843e+02 2.020817e-10 9.662629e-01 -2.800021e-03
3.558847e+02 2.009923e-10 9.664232e-01 -2.796198e-03
3.563851e+02 1.999102e-10 9.665831e-01 -2.792385e-03
3.568855e+02 1.988354e-10 9.667425e-01 -2.788582e-03
3.573859e+02 1.977678e-10 9.669016e-01 -2.784789e-03
3.578863e+02 1.967074e-10 9.670602e-01 -2.781005e-03
3.583867e+02 1.956541e-10 9.672184e-01 -2.777232e-03
3.588871e+02 1.946078e-10 9.673763e-01 -2.773469e-03
3.593875e+02 1.935685e-10 9.675337e-01 -2.769716e-03
3.598879e+02 1.925361e-10 9.676907e-01 -2.765972e-03
3.603883e+02 1.915106e-10 9.678473e-01 -2.762238e-03
3.608887e+02 1.904920e-10 9.680035e-01 -2.758514e-03
3.613891e+02 1.894800e-10 9.681593e-01 -2.754800e-03
3.618895e+02 1.884748e-10 9.683147e-01 -2.751095e-03
3.623899e+02 1.874763e-10 9.684697e-01 -2.747400e-03
3.628903e+02 1.864843e-10 9.686244e-01 -2.743715e-03
3.633907e+02 1.854990e-10 9.687786e-01 -2.740039e-03
3.638911e+02 1.845201e-10 9.689324e-01 -2.736372e-03
3.643915e+02 1.835476e-10 9.690859e-01 -2.732716e-03
3.648919e+02 1.825816e-10 9.692390e-01 -2.729068e-03
3.653923e+02 1.816219e-10 9.693916e-01 -2.725430e-03
3.658927e+02 1.806685e-10 9.695439e-01 -2.721802e-03
3.663931e+02 1.797213e-10 9.696958e-01 -2.718182e-03
3.668935e+02 1.787804e-10 9.698473e-01 -2.714573e-03
3.673939e+02 1.778456e-10 9.699985e-01 -2.710972e-03
3.678943e+02 1.769169e-10 9.701492e-01 -2.707380e-03
3.683947e+02 1.759942e-10 9.702996e-01 -2.703798e-03
3.688951e+02 1.750776e-10 9.704496e-01 -2.700225e-03
3.693955e+02 1.741669e-10 9.705993e-01 -2.696661e-03
3.698959e+02 1.732621e-10 9.707485e-01 -2.693106e-03
3.703963e+02 1.723632e-10 9.708974e-01 -2.689561e-03
3.708967e+02 1.714702e-10 9.710459e-01 -2.686024e-03
3.713971e+02 1.705829e-10 9.711941e-01 -2.682496e-03
3.718975e+02 1.697013e-10 9.713418e-01 -2.678977e-03
3.723979e+02 1.688254e-10 9.714892e-01 -2.675467e-03
3.728983e+02 1.679552e-10 9.716363e-01 -2.671966e-03
3.733987e+02 1.670906e-10 9.717830e-01 -2.668474e-03
3.738991e+02 1.662315e-10 9.719293e-01 -2.664991e-03
3.743995e+02 1.653779e-10 9.720752e-01 -2.661516e-03
3.748999e+02 1.645298e-10 9.722208e-01 -2.658051e-03
3.754003e+02 1.636871e-10 9.723661e-01 -2.654594e-03
3.759007e+02 1.628499e-10 9.725109e-01 -2.651145e-03
3.764011e+02 1.620179e-10 9.726554e-01 -2.647706e-03
3.769015e+02 1.611913e-10 9.727996e-01 -2.644274e-03
3.774019e+02 1.603700e-10 9.729434e-01 -2.640852e-03
3.779023e+02 1.595538e-10 9.730869e-01 -2.637438e-03
3.784027e+02 1.587429e-10 9.732300e-01 -2.634033e-03
3.789031e+02 1.579371e-10 9.733727e-01 -2.630636e-03
3.794035e+02 1.571364e-10 9.735152e-01 -2.627247e-03
3.799039e+02 1.563408e-10 9.736572e-01 -2.623867e-03
3.804043e+02 1.555502e-10 9.737989e-01 -2.620496e-03
3.809047e+02 1.547645e-10 9.739403e-01 -2.617132e-03
3.814051e+02 1.539839e-10 9.740813e-01 -2.613778e-03
3.819055e+02 1.532082e-10 9.742220e-01 -2.610431e-03
3.824059e+02 1.524373e-10 9.743624e-01 -2.607093e-03
3.829063e+02 1.516713e-10 9.745024e-01 -2.603763e-03
3.834067e+02 1.509101e-10 9.746420e-01 -2.600441e-03
3.839071e+02 1.501536e-10 9.747814e-01 -2.597127e-03
3.844075e+02 1.494019e-10 9.749204e-01 -2.593822e-03
3.849079e+02 1.486549e-10 9.750590e-01 -2.590524e-03
3.854083e+02 1.479126e-10 9.751973e-01 -2.587235e-03
3.859087e+02 1.471748e-10 9.753353e-01 -2.583954e-03
3.864091e+02 1.464417e-10 9.754730e-01 -2.580681e-03
3.869095e+02 1.457131e-10 9.756103e-01 -2.577415e-03
3.874099e+02 1.449891e-10 9.757473e-01 -2.574158e-03
3.879103e+02 1.442696e-10 9.758840e-01 -2.570909e-03
3.884107e+02 1.435545e-10 9.760203e-01 -2.567668e-03
3.889111e+02 1.428438e-10 9.761564e-01 -2.564434e-03
3.894115e+02 1.421375e-10 9.762921e-01 -2.561209e-03
3.899119e+02 1.414356e-10 9.764274e-01 -2.557991e-03
3.904123e+02 1.407380e-10 9.765625e-01 -2.554781e-03
3.909127e+02 1.400447e-10 9.766972e-01 -2.551579e-03
3.914131e+02 1.393557e-10 9.768316e-01 -2.548384e-03
3.919135e+02 1.386709e-10 9.769657e-01 -2.545198e-03
3.924139e+02 1.379903e-10 9.770995e-01 -2.542019e-03
3.929143e+02 1.373139e-10 9.772330e-01 -2.538847e-03
3.934147e+02 1.366416e-10 9.773661e-01 -2.535684e-03
3.939151e+02 1.359734e-10 9.774989e-01 -2.532527e-03
3.944155e+02 1.353093e-10 9.776315e-01 -2.529379e-03
3.949159e+02 1.346493e-10 9.777637e-01 -2.526238e-03
3.954163e+02 1.339933e-10 9.778956e-01 -2.523104e-03
3.959167e+02 1.333412e-10 9.780271e-01 -2.519979e-03
3.964171e+02 1.326932e-10 9.781584e-01 -2.516860e-03
3.969175e+02 1.320490e-10 9.782894e-01 -2.513749e-03
3.974179e+02 1.314088e-10 9.784201e-01 -2.510645e-03
3.979183e+02 1.307724e-10 9.785504e-01 -2.507549e-03
3.984187e+02 1.301399e-10 9.786805e-01 -2.504460e-03
3.989191e+02 1.295112e-10 9.788102e-01 -2.501379e-03
3.994195e+02 1.288863e-10 9.789397e-01 -2.498305e-03
3.999199e+02 1.282652e-10 9.790688e-01 -2.495238e-03
4.004203e+02 1.276478e-10 9.791977e-01 -2.492178e-03
4.009207e+02 1.270341e-10 9.793262e-01 -2.489126e-03
4.014211e+02 1.264241e-10 9.794545e-01 -2.486081e-03
4.019215e+02 1.258177e-10 9.795824e-01 -2.483043e-03
4.024219e+02 1.252150e-10 9.797101e-01 -2.480012e-03
4.029223e+02 1.246159e-10 9.798374e-01 -2.476988e-03
4.034227e+02 1.240204e-10 9.799645e-01 -2.473971e-03
4.039231e+02 1.234284e-10 9.800913e-01 -2.470962e-03
4.044235e+02 1.228399e-10 9.802178e-01 -2.467959e-03
4.049239e+02 1.222550e-10 9.803440e-01 -2.464964e-03
4.054243e+02 1.216735e-10 9.804699e-01 -2.461976e-03
4.059247e+02 1.210955e-10 9.805955e-01 -2.458994e-03
4.064251e+02 1.205209e-10 9.807208e-01 -2.456020e-03
4.069255e+02 1.199497e-10 9.808459e-01 -2.453052e-03
4.074259e+02 1.193819e-10 9.809706e-01 -2.450092e-03
4.079263e+02 1.188174e-10 9.810951e-01 -2.447138e-03
4.084267e+02 1.182563e-10 9.812193e-01 -2.444191e-03
4.089271e+02 1.176985e-10 9.813432e-01 -2.441251e-03
4.094275e+02 1.171440e-10 9.814668e-01 -2.438318e-03
4.099279e+02 1.165927e-10 9.815901e-01 -2.435391e-03
4.104283e+02 1.160447e-10 9.817132e-01 -2.432472e-03
4.109287e+02 1.154999e-10 9.818360e-01 -2.429559e-03
4.114291e+02 1.149583e-10 9.819585e-01 -2.426653e-03
4.119295e+02 1.144198e-10 9.820807e-01 -2.423753e-03
4.124299e+02 1.138845e-10 9.822027e-01 -2.420860e-03
4.129303e+02 1.133524e-10 9.823243e-01 -2.417974e-03
4.134307e+02 1.128233e-10 9.824457e-01 -2.415095e-03
4.139311e+02 1.122973e-10 9.825669e-01 -2.412222e-03
4.144315e+02 1.117744e-10 9.826877e-01 -2.409355e-03
4.149319e+02 1.112545e-10 9.828083e-01 -2.406496e-03
4.154323e+02 1.107377e-10 9.829286e-01 -2.403642e-03
4.159327e+02 1.102238e-10 9.830487e-01 -2.400796e-03
4.164331e+02 1.097129e-10 9.831684e-01 -2.397955e-03
4.169335e+02 1.092050e-10 9.832879e-01 -2.395122e-03
4.174339e+02 1.087000e-10 9.834072e-01 -2.392294e-03
4.179343e+02 1.081979e-10 9.835262e-01 -2.389474e-03
4.184347e+02 1.076987e-10 9.836449e-01 -2.386659e-03
4.189351e+02 1.072024e-10 9.837633e-01 -2.383851e-03
4.194355e+02 1.067090e-10 9.838815e-01 -2.381049e-03
4.199359e+02 1.062184e-10 9.839994e-01 -2.378254e-03
4.204363e+02 1.057306e-10 9.841171e-01 -2.375465e-03
4.209367e+02 1.052456e-10 9.842345e-01 -2.372682e-03
4.214371e+02 1.047633e-10 9.843516e-01 -2.369906e-03
4.219375e+02 1.042839e-10 9.844685e-01 -2.367136e-03
4.224379e+02 1.038071e-10 9.845851e-01 -2.364372e-03
4.229383e+02 1.033331e-10 9.847014e-01 -2.361614e-03
4.234387e+02 1.028618e-10 9.848175e-01 -2.358862e-03
4.239391e+02 1.023932e-10 9.849334e-01 -2.356117e-03
4.244395e+02 1.019273e-10 9.850490e-01 -2.353378e-03
4.249399e+02 1.014640e-10 9.851643e-01 -2.350644e-03
4.254403e+02 1.010033e-10 9.852794e-01 -2.347917e-03
4.259407e+02 1.005452e-10 9.853942e-01 -2.345197e-03
4.264411e+02 1.000898e-10 9.855088e-01 -2.342482e-03
4.269415e+02 9.963687e-11 9.856231e-01 -2.339773e-03
4.274419e+02 9.918654e-11 9.857372e-01 -2.337070e-03
4.279423e+02 9.873874e-11 9.858511e-01 -2.334373e-03
4.284427e+02 9.829347e-11 9.859646e-01 -2.331683e-03
4.289431e+02 9.785071e-11 9.860780e-01 -2.328998e-03
4.294435e+02 9.741044e-11 9.861911e-01 -2.326319e-03
4.299439e+02 9.697264e-11 9.863039e-01 -2.323646e-03
4.304443e+02 9.653730e-11 9.864165e-01 -2.320979e-03
4.309447e+02 9.610440e-11 9.865289e-01 -2.318318e-03
4.314451e+02 9.567393e-11 9.866410e-01 -2.315663e-03
4.319455e+02 9.524586e-11 9.867528e-01 -2.313013e-03
4.324459e+02 9.482018e-11 9.868645e-01 -2.310370e-03
4.329463e+02 9.439688e-11 9.869758e-01 -2.307732e-03
4.334467e+02 9.397593e-11 9.870870e-01 -2.305100e-03
4.339471e+02 9.355733e-11 9.871979e-01 -2.302474e-03
4.344475e+02 9.314106e-11 9.873086e-01 -2.299853e-03
4.349479e+02 9.272711e-11 9.874190e-01 -2.297239e-03
4.354483e+02 9.231544e-11 9.875292e-01 -2.294630e-03
4.359487e+02 9.190606e-11 9.876391e-01 -2.292026e-03
4.364491e+02 9.149895e-11 9.877488e-01 -2.289429e-03
4.369495e+02 9.109409e-11 9.878583e-01 -2.286837e-03
4.374499e+02 9.069147e-11 9.879676e-01 -2.284251e-03
4.379504e+02 9.029107e-11 9.880766e-01 -2.281670e-03
4.384508e+02 8.989287e-11 9.881854e-01 -2.279095e-03
4.389512e+02 8.949687e-11 9.882939e-01 -2.276525e-03
4.394516e+02 8.910305e-11 9.884022e-01 -2.273962e-03
4.399520e+02 8.871139e-11 9.885103e-01 -2.271403e-03
4.404524e+02 8.832188e-11 9.886182e-01 -2.268850e-03
4.409528e+02 8.793450e-11 9.887258e-01 -2.266303e-03
4.414532e+02 8.754925e-11 9.888332e-01 -2.263761e-03
4.419536e+02 8.716610e-11 9.889404e-01 -2.261225e-03
4.424540e+02 8.678505e-11 9.890473e-01 -2.258694e-03
4.429544e+02 8.640608e-11 9.891541e-01 -2.256169e-03
4.434548e+02 8.602917e-11 9.892606e-01 -2.253649e-03
4.439552e+02 8.565432e-11 9.893668e-01 -2.251134e-03
4.444556e+02 8.528151e-11 9.894729e-01 -2.248625e-03
4.449560e+02 8.491072e-11 9.895787e-01 -2.246121e-03
4.454564e+02 8.454195e-11 9.896843e-01 -2.243623e-03
4.459568e+02 8.417517e-11 9.897897e-01 -2.241130e-03
4.464572e+02 8.381039e-11 9.898948e-01 -2.238642e-03
4.469576e+02 8.344757e-11 9.899998e-01 -2.236159e-03
4.474580e+02 8.308672e-11 9.901045e-01 -2.233682e-03
4.479584e+02 8.272782e-11 9.902090e-01 -2.231210e-03
4.484588e+02 8.237085e-11 9.903133e-01 -2.228744e-03
4.489592e+02 8.201580e-11 9.904173e-01 -2.226282e-03
4.494596e+02 8.166267e-11 9.905212e-01 -2.223826e-03
4.499600e+02 8.131143e-11 9.906248e-01 -2.221375e-03
4.504604e+02 8.096209e-11 9.907282e-01 -2.218929e-03
4.509608e+02 8.061461e-11 9.908314e-01 -2.216489e-03
4.514612e+02 8.026900e-11 9.909344e-01 -2.214053e-03
4.519616e+02 7.992524e-11 9.910372e-01 -2.211623e-03
4.524620e+02 7.958331e-11 9.911397e-01 -2.209198e-03
4.529624e+02 7.924322e-11 9.912421e-01 -2.206778e-03
4.534628e+02 7.890493e-11 9.913442e-01 -2.204363e-03
4.539632e+02 7.856845e-11 9.914461e-01 -2.201953e-03
4.544636e+02 7.823377e-11 9.915478e-01 -2.199548e-03
4.549640e+02 7.790086e-11 9.916493e-01 -2.197148e-03
4.554644e+02 7.756972e-11 9.917506e-01 -2.194753e-03
4.559648e+02 7.724034e-11 9.918517e-01 -2.192364e-03
4.564652e+02 7.691270e-11 9.919526e-01 -2.189979e-03
4.569656e+02 7.658680e-11 9.920533e-01 -2.187599e-03
4.574660e+02 7.626263e-11 9.921537e-01 -2.185224e-03
4.579664e+02 7.594017e-11 9.922540e-01 -2.182854e-03
4.584668e+02 7.561941e-11 9.923540e-01 -2.180489e-03
4.589672e+02 7.530034e-11 9.924539e-01 -2.178129e-03
4.594676e+02 7.498296e-11 9.925535e-01 -2.175774e-03
4.599680e+02 7.466724e-11 9.926530e-01 -2.173424e-03
4.604684e+02 7.435319e-11 9.927522e-01 -2.171079e-03
4.609688e+02 7.404078e-11 9.928512e-01 -2.168738e-03
4.614692e+02 7.373001e-11 9.929501e-01 -2.166402e-03
4.619696e+02 7.342087e-11 9.930487e-01 -2.164072e-03
4.624700e+02 7.311335e-11 9.931471e-01 -2.161746e-03
4.629704e+02 7.280744e-11 9.932453e-01 -2.159424e-03
4.634708e+02 7.250313e-11 9.933434e-01 -2.157108e-03
4.639712e+02 7.220040e-11 9.934412e-01 -2.154796e-03
4.644716e+02 7.189926e-11 9.935389e-01 -2.152489e-03
4.649720e+02 7.159968e-11 9.936363e-01 -2.150187e-03
4.654724e+02 7.130166e-11 9.937335e-01 -2.147890e-03
4.659728e+02 7.100519e-11 9.938306e-01 -2.145597e-03
4.664732e+02 7.071026e-11 9.939274e-01 -2.143309e-03
4.669736e+02 7.041686e-11 9.940241e-01 -2.141026e-03
4.674740e+02 7.012498e-11 9.941205e-01 -2.138747e-03
4.679744e+02 6.983461e-11 9.942168e-01 -2.136473e-03
4.684748e+02 6.954574e-11 9.943129e-01 -2.134203e-03
4.689752e+02 6.925836e-11 9.944088e-01 -2.131939e-03
4.694756e+02 6.897247e-11 9.945045e-01 -2.129679e-03
4.699760e+02 6.868804e-11 9.946000e-01 -2.127423e-03
4.704764e+02 6.840509e-11 9.946953e-01 -2.125172e-03
4.709768e+02 6.812359e-11 9.947904e-01 -2.122926e-03
4.714772e+02 6.784354e-11 9.948853e-01 -2.120684e-03
4.719776e+02 6.756492e-11 9.949800e-01 -2.118446e-03
4.724780e+02 6.728773e-11 9.950746e-01 -2.116214e-03
4.729784e+02 6.701196e-11 9.951690e-01 -2.113985e-03
4.734788e+02 6.673761e-11 9.952631e-01 -2.111761e-03
4.739792e+02 6.646466e-11 9.953571e-01 -2.109542e-03
4.744796e+02 6.619310e-11 9.954509e-01 -2.107327e-03
4.749800e+02 6.592292e-11 9.955445e-01 -2.105117e-03
4.754804e+02 6.565413e-11 9.956380e-01 -2.102911e-03
4.759808e+02 6.538670e-11 9.957312e-01 -2.100710e-03
4.764812e+02 6.512063e-11 9.958243e-01 -2.098512e-03
4.769816e+02 6.485591e-11 9.959171e-01 -2.096320e-03
4.774820e+02 6.459254e-11 9.960098e-01 -2.094132e-03
4.779824e+02 6.433050e-11 9.961024e-01 -2.091948e-03
4.784828e+02 6.406980e-11 9.961947e-01 -2.089768e-03
4.789832e+02 6.381041e-11 9.962868e-01 -2.087593e-03
4.794836e+02 6.355233e-11 9.963788e-01 -2.085422e-03
4.799840e+02 6.329555e-11 9.964706e-01 -2.083256e-03
4.804844e+02 6.304007e-11 9.965622e-01 -2.081093e-03
4.809848e+02 6.278588e-11 9.966536e-01 -2.078935e-03
4.814852e+02 6.253297e-11 9.967449e-01 -2.076782e-03
4.819856e+02 6.228133e-11 9.968359e-01 -2.074633e-03
4.824860e+02 6.203095e-11 9.969268e-01 -2.072487e-03
4.829864e+02 6.178184e-11 9.970175e-01 -2.070347e-03
4.834868e+02 6.153397e-11 9.971081e-01 -2.068210e-03
4.839872e+02 6.128734e-11 9.971984e-01 -2.066078e-03
4.844876e+02 6.104195e-11 9.972886e-01 -2.063950e-03
4.849880e+02 6.079778e-11 9.973786e-01 -2.061826e-03
4.854884e+02 6.055484e-11 9.974685e-01 -2.059706e-03
4.859888e+02 6.031310e-11 9.975581e-01 -2.057590e-03
4.864892e+02 6.007257e-11 9.976476e-01 -2.055479e-03
4.869896e+02 5.983324e-11 9.977370e-01 -2.053371e-03
4.874900e+02 5.959510e-11 9.978261e-01 -2.051268e-03
4.879904e+02 5.935815e-11 9.979151e-01 -2.049169e-03
4.884908e+02 5.912236e-11 9.980039e-01 -2.047074e-03
4.889912e+02 5.888775e-11 9.980925e-01 -2.044984e-03
4.894916e+02 5.865431e-11 9.981810e-01 -2.042897e-03
4.899920e+02 5.842201e-11 9.982692e-01 -2.040814e-03
4.904924e+02 5.819087e-11 9.983574e-01 -2.038736e-03
4.909928e+02 5.796087e-11 9.984453e-01 -2.036661e-03
4.914932e+02 5.773200e-11 9.985331e-01 -2.034591e-03
4.919936e+02 5.750427e-11 9.986207e-01 -2.032524e-03
4.924940e+02 5.727765e-11 9.987081e-01 -2.030462e-03
4.929944e+02 5.705215e-11 9.987954e-01 -2.028404e-03
4.934948e+02 5.682776e-11 9.988825e-01 -2.026349e-03
4.939952e+02 5.660447e-11 9.989695e-01 -2.024299e-03
4.944956e+02 5.638227e-11 9.990563e-01 -2.022252e-03
4.949960e+02 5.616117e-11 9.991429e-01 -2.020210e-03
4.954964e+02 5.594115e-11 9.992293e-01 -2.018171e-03
4.959968e+02 5.572220e-11 9.993156e-01 -2.016137e-03
4.964972e+02 5.550432e-11 9.994017e-01 -2.014106e-03
4.969976e+02 5.528751e-11 9.994877e-01 -2.012079e-03
4.974980e+02 5.507176e-11 9.995735e-01 -2.010056e-03
4.979984e+02 5.485706e-11 9.996591e-01 -2.008037e-03
4.984988e+02 5.464340e-11 9.997446e-01 -2.006022e-03
4.989992e+02 5.443078e-11 9.998299e-01 -2.004011e-03
4.994996e+02 5.421919e-11 9.999150e-01 -2.002004e-03
5.000000e+02 5.400864e-11 1.000000e+00 -2.000000e-03
