! None/basis/modelname_lmc_mean_2903.txt
! R    D    M    P
600
1.000000e-01 4.805685e-04 9.181596e-17 -6.463841e-02
6.006678e-01 3.717816e-04 4.370921e-04 -6.451240e-02
1.101336e+00 2.926283e-04 1.975634e-03 -6.386224e-02
1.602003e+00 2.338071e-04 4.979819e-03 -6.298476e-02
2.102671e+00 1.892837e-04 9.500040e-03 -6.196404e-02
2.603339e+00 1.550332e-04 1.543798e-02 -6.085434e-02
3.104007e+00 1.283047e-04 2.263213e-02 -5.969305e-02
3.604674e+00 1.071777e-04 3.090188e-02 -5.850632e-02
4.105342e+00 9.028506e-05 4.006959e-02 -5.731262e-02
4.606010e+00 7.663703e-05 4.997105e-02 -5.612494e-02
5.106678e+00 6.550588e-05 6.045959e-02 -5.495240e-02
5.607346e+00 5.634897e-05 7.140698e-02 -5.380134e-02
6.108013e+00 4.875648e-05 8.270270e-02 -5.267602e-02
6.608681e+00 4.241530e-05 9.425237e-02 -5.157927e-02
7.109349e+00 3.708363e-05 1.059761e-01 -5.051279e-02
7.610017e+00 3.257286e-05 1.178064e-01 -4.947751e-02
8.110684e+00 2.873456e-05 1.296868e-01 -4.847378e-02
8.611352e+00 2.545093e-05 1.415703e-01 -4.750151e-02
9.112020e+00 2.262770e-05 1.534176e-01 -4.656032e-02
9.612688e+00 2.018892e-05 1.651963e-01 -4.564961e-02
1.011336e+01 1.807295e-05 1.768798e-01 -4.476862e-02
1.061402e+01 1.622946e-05 1.884465e-01 -4.391650e-02
1.111469e+01 1.461711e-05 1.998787e-01 -4.309233e-02
1.161536e+01 1.320173e-05 2.111622e-01 -4.229515e-02
1.211603e+01 1.195493e-05 2.222860e-01 -4.152399e-02
1.261669e+01 1.085302e-05 2.332414e-01 -4.077786e-02
1.311736e+01 9.876127e-06 2.440218e-01 -4.005581e-02
1.361803e+01 9.007500e-06 2.546224e-01 -3.935689e-02
1.411870e+01 8.232967e-06 2.650400e-01 -3.868017e-02
1.461937e+01 7.540482e-06 2.752724e-01 -3.802476e-02
1.512003e+01 6.919773e-06 2.853187e-01 -3.738978e-02
1.562070e+01 6.362044e-06 2.951787e-01 -3.677441e-02
1.612137e+01 5.859736e-06 3.048530e-01 -3.617785e-02
1.662204e+01 5.406335e-06 3.143427e-01 -3.559932e-02
1.712270e+01 4.996206e-06 3.236497e-01 -3.503809e-02
1.762337e+01 4.624462e-06 3.327760e-01 -3.449346e-02
1.812404e+01 4.286848e-06 3.417239e-01 -3.396475e-02
1.862471e+01 3.979655e-06 3.504963e-01 -3.345133e-02
1.912538e+01 3.699637e-06 3.590960e-01 -3.295258e-02
1.962604e+01 3.443944e-06 3.675261e-01 -3.246792e-02
2.012671e+01 3.210074e-06 3.757897e-01 -3.199680e-02
2.062738e+01 2.995819e-06 3.838903e-01 -3.153868e-02
2.112805e+01 2.799230e-06 3.918310e-01 -3.109305e-02
2.162871e+01 2.618579e-06 3.996154e-01 -3.065945e-02
2.212938e+01 2.452334e-06 4.072468e-01 -3.023740e-02
2.263005e+01 2.299133e-06 4.147286e-01 -2.982648e-02
2.313072e+01 2.157762e-06 4.220642e-01 -2.942626e-02
2.363139e+01 2.027137e-06 4.292571e-01 -2.903634e-02
2.413205e+01 1.906288e-06 4.363105e-01 -2.865635e-02
2.463272e+01 1.794349e-06 4.432278e-01 -2.828593e-02
2.513339e+01 1.690539e-06 4.500122e-01 -2.792472e-02
2.563406e+01 1.594157e-06 4.566668e-01 -2.757240e-02
2.613472e+01 1.504573e-06 4.631949e-01 -2.722866e-02
2.663539e+01 1.421217e-06 4.695995e-01 -2.689318e-02
2.713606e+01 1.343574e-06 4.758837e-01 -2.656570e-02
2.763673e+01 1.271181e-06 4.820503e-01 -2.624592e-02
2.813740e+01 1.203615e-06 4.881023e-01 -2.593359e-02
2.863806e+01 1.140494e-06 4.940424e-01 -2.562845e-02
2.913873e+01 1.081471e-06 4.998734e-01 -2.533027e-02
2.963940e+01 1.026229e-06 5.055981e-01 -2.503882e-02
3.014007e+01 9.744810e-07 5.112189e-01 -2.475387e-02
3.064073e+01 9.259639e-07 5.167385e-01 -2.447521e-02
3.114140e+01 8.804380e-07 5.221592e-01 -2.420264e-02
3.164207e+01 8.376843e-07 5.274836e-01 -2.393597e-02
3.214274e+01 7.975019e-07 5.327140e-01 -2.367500e-02
3.264341e+01 7.597071e-07 5.378525e-01 -2.341957e-02
3.314407e+01 7.241312e-07 5.429016e-01 -2.316950e-02
3.364474e+01 6.906192e-07 5.478632e-01 -2.292463e-02
3.414541e+01 6.590288e-07 5.527396e-01 -2.268479e-02
3.464608e+01 6.292289e-07 5.575327e-01 -2.244984e-02
3.514674e+01 6.010988e-07 5.622446e-01 -2.221963e-02
3.564741e+01 5.745273e-07 5.668771e-01 -2.199401e-02
3.614808e+01 5.494115e-07 5.714321e-01 -2.177287e-02
3.664875e+01 5.256566e-07 5.759115e-01 -2.155605e-02
3.714942e+01 5.031749e-07 5.803170e-01 -2.134345e-02
3.765008e+01 4.818851e-07 5.846504e-01 -2.113494e-02
3.815075e+01 4.617122e-07 5.889132e-01 -2.093041e-02
3.865142e+01 4.425862e-07 5.931072e-01 -2.072973e-02
3.915209e+01 4.244427e-07 5.972339e-01 -2.053282e-02
3.965275e+01 4.072214e-07 6.012949e-01 -2.033955e-02
4.015342e+01 3.908666e-07 6.052915e-01 -2.014984e-02
4.065409e+01 3.753265e-07 6.092254e-01 -1.996359e-02
4.115476e+01 3.605526e-07 6.130978e-01 -1.978070e-02
4.165543e+01 3.465001e-07 6.169103e-01 -1.960108e-02
4.215609e+01 3.331269e-07 6.206640e-01 -1.942465e-02
4.265676e+01 3.203940e-07 6.243603e-01 -1.925133e-02
4.315743e+01 3.082648e-07 6.280004e-01 -1.908103e-02
4.365810e+01 2.967053e-07 6.315857e-01 -1.891367e-02
4.415876e+01 2.856837e-07 6.351172e-01 -1.874919e-02
4.465943e+01 2.751700e-07 6.385961e-01 -1.858750e-02
4.516010e+01 2.651365e-07 6.420236e-01 -1.842855e-02
4.566077e+01 2.555569e-07 6.454007e-01 -1.827225e-02
4.616144e+01 2.464069e-07 6.487285e-01 -1.811855e-02
4.666210e+01 2.376634e-07 6.520082e-01 -1.796737e-02
4.716277e+01 2.293050e-07 6.552405e-01 -1.781867e-02
4.766344e+01 2.213115e-07 6.584267e-01 -1.767237e-02
4.816411e+01 2.136639e-07 6.615675e-01 -1.752843e-02
4.866477e+01 2.063443e-07 6.646640e-01 -1.738678e-02
4.916544e+01 1.993359e-07 6.677171e-01 -1.724738e-02
4.966611e+01 1.926231e-07 6.707276e-01 -1.711016e-02
5.016678e+01 1.861909e-07 6.736963e-01 -1.697508e-02
5.066745e+01 1.800254e-07 6.766243e-01 -1.684209e-02
5.116811e+01 1.741134e-07 6.795122e-01 -1.671115e-02
5.166878e+01 1.684425e-07 6.823608e-01 -1.658219e-02
5.216945e+01 1.630009e-07 6.851710e-01 -1.645519e-02
5.267012e+01 1.577776e-07 6.879435e-01 -1.633009e-02
5.317078e+01 1.527622e-07 6.906790e-01 -1.620685e-02
5.367145e+01 1.479447e-07 6.933782e-01 -1.608544e-02
5.417212e+01 1.433160e-07 6.960419e-01 -1.596581e-02
5.467279e+01 1.388671e-07 6.986708e-01 -1.584793e-02
5.517346e+01 1.345897e-07 7.012654e-01 -1.573175e-02
5.567412e+01 1.304760e-07 7.038265e-01 -1.561723e-02
5.617479e+01 1.265185e-07 7.063546e-01 -1.550436e-02
5.667546e+01 1.227101e-07 7.088505e-01 -1.539308e-02
5.717613e+01 1.190441e-07 7.113147e-01 -1.528337e-02
5.767679e+01 1.155141e-07 7.137478e-01 -1.517519e-02
5.817746e+01 1.121142e-07 7.161503e-01 -1.506851e-02
5.867813e+01 1.088386e-07 7.185229e-01 -1.496330e-02
5.917880e+01 1.056820e-07 7.208661e-01 -1.485954e-02
5.967947e+01 1.026390e-07 7.231803e-01 -1.475718e-02
6.018013e+01 9.970499e-08 7.254663e-01 -1.465621e-02
6.068080e+01 9.687515e-08 7.277243e-01 -1.455659e-02
6.118147e+01 9.414512e-08 7.299550e-01 -1.445830e-02
6.168214e+01 9.151069e-08 7.321589e-01 -1.436131e-02
6.218280e+01 8.896787e-08 7.343363e-01 -1.426559e-02
6.268347e+01 8.651286e-08 7.364879e-01 -1.417113e-02
6.318414e+01 8.414205e-08 7.386139e-01 -1.407789e-02
6.368481e+01 8.185198e-08 7.407150e-01 -1.398586e-02
6.418548e+01 7.963938e-08 7.427914e-01 -1.389501e-02
6.468614e+01 7.750112e-08 7.448437e-01 -1.380531e-02
6.518681e+01 7.543422e-08 7.468722e-01 -1.371675e-02
6.568748e+01 7.343583e-08 7.488773e-01 -1.362931e-02
6.618815e+01 7.150326e-08 7.508595e-01 -1.354295e-02
6.668881e+01 6.963390e-08 7.528191e-01 -1.345767e-02
6.718948e+01 6.782530e-08 7.547566e-01 -1.337345e-02
6.769015e+01 6.607510e-08 7.566722e-01 -1.329026e-02
6.819082e+01 6.438104e-08 7.585663e-01 -1.320808e-02
6.869149e+01 6.274098e-08 7.604394e-01 -1.312690e-02
6.919215e+01 6.115287e-08 7.622917e-01 -1.304670e-02
6.969282e+01 5.961473e-08 7.641236e-01 -1.296745e-02
7.019349e+01 5.812470e-08 7.659354e-01 -1.288916e-02
7.069416e+01 5.668097e-08 7.677274e-01 -1.281179e-02
7.119482e+01 5.528183e-08 7.695000e-01 -1.273533e-02
7.169549e+01 5.392564e-08 7.712534e-01 -1.265976e-02
7.219616e+01 5.261081e-08 7.729881e-01 -1.258508e-02
7.269683e+01 5.133586e-08 7.747042e-01 -1.251126e-02
7.319750e+01 5.009932e-08 7.764020e-01 -1.243829e-02
7.369816e+01 4.889982e-08 7.780819e-01 -1.236615e-02
7.419883e+01 4.773604e-08 7.797442e-01 -1.229484e-02
7.469950e+01 4.660671e-08 7.813890e-01 -1.222433e-02
7.520017e+01 4.551060e-08 7.830168e-01 -1.215461e-02
7.570083e+01 4.444656e-08 7.846276e-01 -1.208567e-02
7.620150e+01 4.341345e-08 7.862219e-01 -1.201750e-02
7.670217e+01 4.241022e-08 7.877998e-01 -1.195009e-02
7.720284e+01 4.143582e-08 7.893616e-01 -1.188341e-02
7.770351e+01 4.048926e-08 7.909076e-01 -1.181747e-02
7.820417e+01 3.956960e-08 7.924379e-01 -1.175224e-02
7.870484e+01 3.867593e-08 7.939529e-01 -1.168772e-02
7.920551e+01 3.780736e-08 7.954527e-01 -1.162389e-02
7.970618e+01 3.696306e-08 7.969375e-01 -1.156075e-02
8.020684e+01 3.614221e-08 7.984077e-01 -1.149828e-02
8.070751e+01 3.534404e-08 7.998633e-01 -1.143647e-02
8.120818e+01 3.456780e-08 8.013047e-01 -1.137532e-02
8.170885e+01 3.381277e-08 8.027320e-01 -1.131480e-02
8.220952e+01 3.307825e-08 8.041454e-01 -1.125492e-02
8.271018e+01 3.236359e-08 8.055451e-01 -1.119565e-02
8.321085e+01 3.166814e-08 8.069314e-01 -1.113700e-02
8.371152e+01 3.099128e-08 8.083043e-01 -1.107895e-02
8.421219e+01 3.033242e-08 8.096642e-01 -1.102150e-02
8.471285e+01 2.969098e-08 8.110112e-01 -1.096463e-02
8.521352e+01 2.906643e-08 8.123454e-01 -1.090833e-02
8.571419e+01 2.845822e-08 8.136671e-01 -1.085260e-02
8.621486e+01 2.786585e-08 8.149764e-01 -1.079743e-02
8.671553e+01 2.728882e-08 8.162735e-01 -1.074281e-02
8.721619e+01 2.672666e-08 8.175585e-01 -1.068873e-02
8.771686e+01 2.617892e-08 8.188317e-01 -1.063518e-02
8.821753e+01 2.564514e-08 8.200932e-01 -1.058216e-02
8.871820e+01 2.512490e-08 8.213431e-01 -1.052966e-02
8.921886e+01 2.461780e-08 8.225817e-01 -1.047767e-02
8.971953e+01 2.412344e-08 8.238090e-01 -1.042618e-02
9.022020e+01 2.364143e-08 8.250252e-01 -1.037519e-02
9.072087e+01 2.317141e-08 8.262305e-01 -1.032468e-02
9.122154e+01 2.271301e-08 8.274249e-01 -1.027466e-02
9.172220e+01 2.226591e-08 8.286088e-01 -1.022512e-02
9.222287e+01 2.182976e-08 8.297821e-01 -1.017604e-02
9.272354e+01 2.140424e-08 8.309451e-01 -1.012742e-02
9.322421e+01 2.098904e-08 8.320978e-01 -1.007926e-02
9.372487e+01 2.058387e-08 8.332405e-01 -1.003154e-02
9.422554e+01 2.018844e-08 8.343731e-01 -9.984273e-03
9.472621e+01 1.980246e-08 8.354959e-01 -9.937439e-03
9.522688e+01 1.942567e-08 8.366091e-01 -9.891035e-03
9.572755e+01 1.905780e-08 8.377126e-01 -9.845055e-03
9.622821e+01 1.869860e-08 8.388067e-01 -9.799495e-03
9.672888e+01 1.834783e-08 8.398914e-01 -9.754347e-03
9.722955e+01 1.800526e-08 8.409669e-01 -9.709607e-03
9.773022e+01 1.767064e-08 8.420333e-01 -9.665269e-03
9.823088e+01 1.734377e-08 8.430907e-01 -9.621327e-03
9.873155e+01 1.702442e-08 8.441392e-01 -9.577777e-03
9.923222e+01 1.671239e-08 8.451789e-01 -9.534613e-03
9.973289e+01 1.640749e-08 8.462100e-01 -9.491829e-03
1.002336e+02 1.610950e-08 8.472326e-01 -9.449422e-03
1.007342e+02 1.581826e-08 8.482466e-01 -9.407386e-03
1.012349e+02 1.553357e-08 8.492524e-01 -9.365716e-03
1.017356e+02 1.525526e-08 8.502499e-01 -9.324408e-03
1.022362e+02 1.498316e-08 8.512392e-01 -9.283456e-03
1.027369e+02 1.471710e-08 8.522205e-01 -9.242856e-03
1.032376e+02 1.445693e-08 8.531939e-01 -9.202604e-03
1.037382e+02 1.420248e-08 8.541594e-01 -9.162696e-03
1.042389e+02 1.395361e-08 8.551172e-01 -9.123126e-03
1.047396e+02 1.371016e-08 8.560673e-01 -9.083891e-03
1.052402e+02 1.347201e-08 8.570098e-01 -9.044986e-03
1.057409e+02 1.323901e-08 8.579448e-01 -9.006407e-03
1.062416e+02 1.301102e-08 8.588725e-01 -8.968150e-03
1.067422e+02 1.278793e-08 8.597928e-01 -8.930212e-03
1.072429e+02 1.256959e-08 8.607060e-01 -8.892587e-03
1.077436e+02 1.235590e-08 8.616119e-01 -8.855273e-03
1.082442e+02 1.214673e-08 8.625109e-01 -8.818265e-03
1.087449e+02 1.194198e-08 8.634028e-01 -8.781560e-03
1.092456e+02 1.174152e-08 8.642879e-01 -8.745154e-03
1.097462e+02 1.154525e-08 8.651662e-01 -8.709043e-03
1.102469e+02 1.135307e-08 8.660377e-01 -8.673224e-03
1.107476e+02 1.116487e-08 8.669025e-01 -8.637694e-03
1.112482e+02 1.098055e-08 8.677608e-01 -8.602448e-03
1.117489e+02 1.080003e-08 8.686126e-01 -8.567483e-03
1.122496e+02 1.062320e-08 8.694579e-01 -8.532797e-03
1.127503e+02 1.044998e-08 8.702969e-01 -8.498385e-03
1.132509e+02 1.028027e-08 8.711296e-01 -8.464245e-03
1.137516e+02 1.011400e-08 8.719561e-01 -8.430373e-03
1.142523e+02 9.951080e-09 8.727764e-01 -8.396766e-03
1.147529e+02 9.791426e-09 8.735906e-01 -8.363422e-03
1.152536e+02 9.634963e-09 8.743988e-01 -8.330336e-03
1.157543e+02 9.481614e-09 8.752011e-01 -8.297506e-03
1.162549e+02 9.331304e-09 8.759975e-01 -8.264929e-03
1.167556e+02 9.183963e-09 8.767880e-01 -8.232603e-03
1.172563e+02 9.039519e-09 8.775729e-01 -8.200523e-03
1.177569e+02 8.897905e-09 8.783520e-01 -8.168688e-03
1.182576e+02 8.759055e-09 8.791255e-01 -8.137095e-03
1.187583e+02 8.622903e-09 8.798934e-01 -8.105741e-03
1.192589e+02 8.489388e-09 8.806558e-01 -8.074623e-03
1.197596e+02 8.358448e-09 8.814127e-01 -8.043738e-03
1.202603e+02 8.230023e-09 8.821643e-01 -8.013084e-03
1.207609e+02 8.104057e-09 8.829105e-01 -7.982659e-03
1.212616e+02 7.980492e-09 8.836514e-01 -7.952460e-03
1.217623e+02 7.859275e-09 8.843871e-01 -7.922484e-03
1.222629e+02 7.740351e-09 8.851176e-01 -7.892728e-03
1.227636e+02 7.623668e-09 8.858431e-01 -7.863191e-03
1.232643e+02 7.509177e-09 8.865634e-01 -7.833870e-03
1.237649e+02 7.396828e-09 8.872788e-01 -7.804763e-03
1.242656e+02 7.286573e-09 8.879892e-01 -7.775867e-03
1.247663e+02 7.178365e-09 8.886946e-01 -7.747181e-03
1.252669e+02 7.072159e-09 8.893953e-01 -7.718701e-03
1.257676e+02 6.967911e-09 8.900911e-01 -7.690425e-03
1.262683e+02 6.865578e-09 8.907821e-01 -7.662352e-03
1.267689e+02 6.765116e-09 8.914685e-01 -7.634479e-03
1.272696e+02 6.666487e-09 8.921502e-01 -7.606804e-03
1.277703e+02 6.569648e-09 8.928272e-01 -7.579326e-03
1.282710e+02 6.474562e-09 8.934997e-01 -7.552041e-03
1.287716e+02 6.381191e-09 8.941677e-01 -7.524948e-03
1.292723e+02 6.289498e-09 8.948312e-01 -7.498044e-03
1.297730e+02 6.199446e-09 8.954903e-01 -7.471329e-03
1.302736e+02 6.111001e-09 8.961450e-01 -7.444799e-03
1.307743e+02 6.024128e-09 8.967954e-01 -7.418454e-03
1.312750e+02 5.938793e-09 8.974414e-01 -7.392290e-03
1.317756e+02 5.854965e-09 8.980832e-01 -7.366307e-03
1.322763e+02 5.772611e-09 8.987208e-01 -7.340502e-03
1.327770e+02 5.691700e-09 8.993541e-01 -7.314874e-03
1.332776e+02 5.612203e-09 8.999834e-01 -7.289420e-03
1.337783e+02 5.534089e-09 9.006086e-01 -7.264139e-03
1.342790e+02 5.457330e-09 9.012297e-01 -7.239029e-03
1.347796e+02 5.381897e-09 9.018468e-01 -7.214089e-03
1.352803e+02 5.307764e-09 9.024599e-01 -7.189316e-03
1.357810e+02 5.234903e-09 9.030691e-01 -7.164710e-03
1.362816e+02 5.163289e-09 9.036743e-01 -7.140267e-03
1.367823e+02 5.092895e-09 9.042758e-01 -7.115988e-03
1.372830e+02 5.023697e-09 9.048734e-01 -7.091870e-03
1.377836e+02 4.955671e-09 9.054672e-01 -7.067911e-03
1.382843e+02 4.888793e-09 9.060572e-01 -7.044110e-03
1.387850e+02 4.823039e-09 9.066435e-01 -7.020465e-03
1.392856e+02 4.758387e-09 9.072262e-01 -6.996976e-03
1.397863e+02 4.694816e-09 9.078052e-01 -6.973639e-03
1.402870e+02 4.632303e-09 9.083805e-01 -6.950455e-03
1.407876e+02 4.570827e-09 9.089523e-01 -6.927420e-03
1.412883e+02 4.510368e-09 9.095206e-01 -6.904535e-03
1.417890e+02 4.450906e-09 9.100853e-01 -6.881797e-03
1.422896e+02 4.392420e-09 9.106465e-01 -6.859206e-03
1.427903e+02 4.334892e-09 9.112043e-01 -6.836758e-03
1.432910e+02 4.278304e-09 9.117587e-01 -6.814455e-03
1.437917e+02 4.222636e-09 9.123097e-01 -6.792293e-03
1.442923e+02 4.167870e-09 9.128573e-01 -6.770271e-03
1.447930e+02 4.113990e-09 9.134016e-01 -6.748389e-03
1.452937e+02 4.060978e-09 9.139426e-01 -6.726645e-03
1.457943e+02 4.008817e-09 9.144804e-01 -6.705037e-03
1.462950e+02 3.957492e-09 9.150149e-01 -6.683564e-03
1.467957e+02 3.906985e-09 9.155462e-01 -6.662226e-03
1.472963e+02 3.857282e-09 9.160743e-01 -6.641020e-03
1.477970e+02 3.808367e-09 9.165993e-01 -6.619946e-03
1.482977e+02 3.760225e-09 9.171211e-01 -6.599003e-03
1.487983e+02 3.712841e-09 9.176398e-01 -6.578188e-03
1.492990e+02 3.666202e-09 9.181555e-01 -6.557502e-03
1.497997e+02 3.620293e-09 9.186682e-01 -6.536942e-03
1.503003e+02 3.575100e-09 9.191778e-01 -6.516508e-03
1.508010e+02 3.530611e-09 9.196844e-01 -6.496198e-03
1.513017e+02 3.486811e-09 9.201881e-01 -6.476011e-03
1.518023e+02 3.443689e-09 9.206888e-01 -6.455947e-03
1.523030e+02 3.401232e-09 9.211866e-01 -6.436004e-03
1.528037e+02 3.359427e-09 9.216816e-01 -6.416181e-03
1.533043e+02 3.318263e-09 9.221737e-01 -6.396477e-03
1.538050e+02 3.277727e-09 9.226629e-01 -6.376890e-03
1.543057e+02 3.237809e-09 9.231494e-01 -6.357421e-03
1.548063e+02 3.198496e-09 9.236330e-01 -6.338067e-03
1.553070e+02 3.159779e-09 9.241139e-01 -6.318828e-03
1.558077e+02 3.121646e-09 9.245920e-01 -6.299703e-03
1.563083e+02 3.084086e-09 9.250675e-01 -6.280690e-03
1.568090e+02 3.047090e-09 9.255402e-01 -6.261789e-03
1.573097e+02 3.010647e-09 9.260103e-01 -6.242999e-03
1.578104e+02 2.974747e-09 9.264777e-01 -6.224319e-03
1.583110e+02 2.939381e-09 9.269425e-01 -6.205747e-03
1.588117e+02 2.904539e-09 9.274047e-01 -6.187284e-03
1.593124e+02 2.870212e-09 9.278643e-01 -6.168927e-03
1.598130e+02 2.836391e-09 9.283213e-01 -6.150676e-03
1.603137e+02 2.803066e-09 9.287758e-01 -6.132531e-03
1.608144e+02 2.770230e-09 9.292278e-01 -6.114489e-03
1.613150e+02 2.737873e-09 9.296773e-01 -6.096551e-03
1.618157e+02 2.705987e-09 9.301244e-01 -6.078715e-03
1.623164e+02 2.674565e-09 9.305689e-01 -6.060981e-03
1.628170e+02 2.643597e-09 9.310110e-01 -6.043348e-03
1.633177e+02 2.613076e-09 9.314508e-01 -6.025814e-03
1.638184e+02 2.582994e-09 9.318881e-01 -6.008379e-03
1.643190e+02 2.553344e-09 9.323230e-01 -5.991043e-03
1.648197e+02 2.524119e-09 9.327556e-01 -5.973803e-03
1.653204e+02 2.495310e-09 9.331858e-01 -5.956660e-03
1.658210e+02 2.466911e-09 9.336138e-01 -5.939613e-03
1.663217e+02 2.438916e-09 9.340394e-01 -5.922661e-03
1.668224e+02 2.411316e-09 9.344627e-01 -5.905803e-03
1.673230e+02 2.384106e-09 9.348838e-01 -5.889038e-03
1.678237e+02 2.357279e-09 9.353026e-01 -5.872366e-03
1.683244e+02 2.330828e-09 9.357192e-01 -5.855785e-03
1.688250e+02 2.304747e-09 9.361336e-01 -5.839296e-03
1.693257e+02 2.279029e-09 9.365458e-01 -5.822896e-03
1.698264e+02 2.253670e-09 9.369558e-01 -5.806587e-03
1.703270e+02 2.228663e-09 9.373637e-01 -5.790366e-03
1.708277e+02 2.204001e-09 9.377694e-01 -5.774233e-03
1.713284e+02 2.179680e-09 9.381730e-01 -5.758188e-03
1.718290e+02 2.155693e-09 9.385745e-01 -5.742229e-03
1.723297e+02 2.132036e-09 9.389739e-01 -5.726356e-03
1.728304e+02 2.108702e-09 9.393713e-01 -5.710568e-03
1.733311e+02 2.085686e-09 9.397665e-01 -5.694865e-03
1.738317e+02 2.062984e-09 9.401597e-01 -5.679246e-03
1.743324e+02 2.040590e-09 9.405509e-01 -5.663710e-03
1.748331e+02 2.018499e-09 9.409401e-01 -5.648257e-03
1.753337e+02 1.996706e-09 9.413273e-01 -5.632886e-03
1.758344e+02 1.975207e-09 9.417125e-01 -5.617596e-03
1.763351e+02 1.953996e-09 9.420958e-01 -5.602386e-03
1.768357e+02 1.933069e-09 9.424770e-01 -5.587257e-03
1.773364e+02 1.912422e-09 9.428564e-01 -5.572207e-03
1.778371e+02 1.892049e-09 9.432338e-01 -5.557235e-03
1.783377e+02 1.871948e-09 9.436094e-01 -5.542342e-03
1.788384e+02 1.852112e-09 9.439830e-01 -5.527526e-03
1.793391e+02 1.832539e-09 9.443547e-01 -5.512787e-03
1.798397e+02 1.813223e-09 9.447246e-01 -5.498125e-03
1.803404e+02 1.794162e-09 9.450927e-01 -5.483538e-03
1.808411e+02 1.775350e-09 9.454589e-01 -5.469026e-03
1.813417e+02 1.756784e-09 9.458233e-01 -5.454589e-03
1.818424e+02 1.738461e-09 9.461858e-01 -5.440226e-03
1.823431e+02 1.720375e-09 9.465466e-01 -5.425936e-03
1.828437e+02 1.702525e-09 9.469056e-01 -5.411719e-03
1.833444e+02 1.684905e-09 9.472628e-01 -5.397575e-03
1.838451e+02 1.667512e-09 9.476183e-01 -5.383502e-03
1.843457e+02 1.650344e-09 9.479720e-01 -5.369500e-03
1.848464e+02 1.633396e-09 9.483240e-01 -5.355569e-03
1.853471e+02 1.616665e-09 9.486743e-01 -5.341708e-03
1.858477e+02 1.600148e-09 9.490229e-01 -5.327917e-03
1.863484e+02 1.583841e-09 9.493698e-01 -5.314195e-03
1.868491e+02 1.567741e-09 9.497150e-01 -5.300541e-03
1.873497e+02 1.551845e-09 9.500585e-01 -5.286956e-03
1.878504e+02 1.536151e-09 9.504004e-01 -5.273438e-03
1.883511e+02 1.520654e-09 9.507406e-01 -5.259987e-03
1.888518e+02 1.505353e-09 9.510792e-01 -5.246602e-03
1.893524e+02 1.490243e-09 9.514162e-01 -5.233284e-03
1.898531e+02 1.475322e-09 9.517515e-01 -5.220031e-03
1.903538e+02 1.460588e-09 9.520853e-01 -5.206843e-03
1.908544e+02 1.446037e-09 9.524175e-01 -5.193720e-03
1.913551e+02 1.431668e-09 9.527481e-01 -5.180661e-03
1.918558e+02 1.417476e-09 9.530771e-01 -5.167666e-03
1.923564e+02 1.403459e-09 9.534046e-01 -5.154734e-03
1.928571e+02 1.389616e-09 9.537306e-01 -5.141864e-03
1.933578e+02 1.375942e-09 9.540550e-01 -5.129057e-03
1.938584e+02 1.362437e-09 9.543779e-01 -5.116312e-03
1.943591e+02 1.349097e-09 9.546993e-01 -5.103628e-03
1.948598e+02 1.335920e-09 9.550192e-01 -5.091005e-03
1.953604e+02 1.322903e-09 9.553376e-01 -5.078442e-03
1.958611e+02 1.310044e-09 9.556545e-01 -5.065940e-03
1.963618e+02 1.297342e-09 9.559700e-01 -5.053497e-03
1.968624e+02 1.284793e-09 9.562840e-01 -5.041114e-03
1.973631e+02 1.272395e-09 9.565965e-01 -5.028789e-03
1.978638e+02 1.260146e-09 9.569076e-01 -5.016523e-03
1.983644e+02 1.248045e-09 9.572173e-01 -5.004314e-03
1.988651e+02 1.236089e-09 9.575256e-01 -4.992163e-03
1.993658e+02 1.224275e-09 9.578324e-01 -4.980070e-03
1.998664e+02 1.212602e-09 9.581379e-01 -4.968033e-03
2.003671e+02 1.201068e-09 9.584419e-01 -4.956052e-03
2.008678e+02 1.189671e-09 9.587446e-01 -4.944127e-03
2.013684e+02 1.178409e-09 9.590459e-01 -4.932258e-03
2.018691e+02 1.167279e-09 9.593459e-01 -4.920444e-03
2.023698e+02 1.156281e-09 9.596445e-01 -4.908685e-03
2.028705e+02 1.145412e-09 9.599418e-01 -4.896980e-03
2.033711e+02 1.134671e-09 9.602377e-01 -4.885329e-03
2.038718e+02 1.124055e-09 9.605323e-01 -4.873732e-03
2.043725e+02 1.113563e-09 9.608256e-01 -4.862189e-03
2.048731e+02 1.103193e-09 9.611176e-01 -4.850698e-03
2.053738e+02 1.092944e-09 9.614082e-01 -4.839259e-03
2.058745e+02 1.082813e-09 9.616976e-01 -4.827873e-03
2.063751e+02 1.072799e-09 9.619857e-01 -4.816539e-03
2.068758e+02 1.062901e-09 9.622726e-01 -4.805256e-03
2.073765e+02 1.053117e-09 9.625581e-01 -4.794025e-03
2.078771e+02 1.043446e-09 9.628425e-01 -4.782844e-03
2.083778e+02 1.033885e-09 9.631255e-01 -4.771713e-03
2.088785e+02 1.024433e-09 9.634073e-01 -4.760633e-03
2.093791e+02 1.015089e-09 9.636879e-01 -4.749602e-03
2.098798e+02 1.005851e-09 9.639673e-01 -4.738621e-03
2.103805e+02 9.967186e-10 9.642455e-01 -4.727689e-03
2.108811e+02 9.876892e-10 9.645224e-01 -4.716806e-03
2.113818e+02 9.787619e-10 9.647982e-01 -4.705971e-03
2.118825e+02 9.699353e-10 9.650727e-01 -4.695185e-03
2.123831e+02 9.612079e-10 9.653461e-01 -4.684446e-03
2.128838e+02 9.525785e-10 9.656183e-01 -4.673755e-03
2.133845e+02 9.440457e-10 9.658893e-01 -4.663111e-03
2.138851e+02 9.356083e-10 9.661592e-01 -4.652513e-03
2.143858e+02 9.272649e-10 9.664279e-01 -4.641963e-03
2.148865e+02 9.190144e-10 9.666955e-01 -4.631458e-03
2.153871e+02 9.108554e-10 9.669619e-01 -4.621000e-03
2.158878e+02 9.027867e-10 9.672272e-01 -4.610587e-03
2.163885e+02 8.948073e-10 9.674914e-01 -4.600219e-03
2.168891e+02 8.869158e-10 9.677544e-01 -4.589897e-03
2.173898e+02 8.791111e-10 9.680163e-01 -4.579619e-03
2.178905e+02 8.713921e-10 9.682772e-01 -4.569386e-03
2.183912e+02 8.637576e-10 9.685369e-01 -4.559197e-03
2.188918e+02 8.562066e-10 9.687956e-01 -4.549051e-03
2.193925e+02 8.487379e-10 9.690531e-01 -4.538950e-03
2.198932e+02 8.413505e-10 9.693096e-01 -4.528892e-03
2.203938e+02 8.340433e-10 9.695650e-01 -4.518877e-03
2.208945e+02 8.268153e-10 9.698194e-01 -4.508904e-03
2.213952e+02 8.196654e-10 9.700727e-01 -4.498974e-03
2.218958e+02 8.125926e-10 9.703249e-01 -4.489087e-03
2.223965e+02 8.055960e-10 9.705762e-01 -4.479241e-03
2.228972e+02 7.986745e-10 9.708263e-01 -4.469437e-03
2.233978e+02 7.918272e-10 9.710755e-01 -4.459674e-03
2.238985e+02 7.850531e-10 9.713236e-01 -4.449953e-03
2.243992e+02 7.783514e-10 9.715707e-01 -4.440272e-03
2.248998e+02 7.717210e-10 9.718168e-01 -4.430633e-03
2.254005e+02 7.651610e-10 9.720619e-01 -4.421033e-03
2.259012e+02 7.586706e-10 9.723059e-01 -4.411474e-03
2.264018e+02 7.522489e-10 9.725490e-01 -4.401955e-03
2.269025e+02 7.458951e-10 9.727911e-01 -4.392475e-03
2.274032e+02 7.396081e-10 9.730322e-01 -4.383035e-03
2.279038e+02 7.333873e-10 9.732724e-01 -4.373633e-03
2.284045e+02 7.272317e-10 9.735116e-01 -4.364271e-03
2.289052e+02 7.211406e-10 9.737498e-01 -4.354947e-03
2.294058e+02 7.151132e-10 9.739870e-01 -4.345662e-03
2.299065e+02 7.091486e-10 9.742233e-01 -4.336415e-03
2.304072e+02 7.032460e-10 9.744587e-01 -4.327206e-03
2.309078e+02 6.974048e-10 9.746931e-01 -4.318035e-03
2.314085e+02 6.916241e-10 9.749266e-01 -4.308901e-03
2.319092e+02 6.859031e-10 9.751592e-01 -4.299805e-03
2.324098e+02 6.802412e-10 9.753908e-01 -4.290745e-03
2.329105e+02 6.746376e-10 9.756215e-01 -4.281722e-03
2.334112e+02 6.690916e-10 9.758513e-01 -4.272736e-03
2.339119e+02 6.636025e-10 9.760802e-01 -4.263787e-03
2.344125e+02 6.581695e-10 9.763082e-01 -4.254873e-03
2.349132e+02 6.527921e-10 9.765353e-01 -4.245995e-03
2.354139e+02 6.474695e-10 9.767615e-01 -4.237153e-03
2.359145e+02 6.422010e-10 9.769868e-01 -4.228347e-03
2.364152e+02 6.369859e-10 9.772112e-01 -4.219576e-03
2.369159e+02 6.318238e-10 9.774348e-01 -4.210840e-03
2.374165e+02 6.267138e-10 9.776575e-01 -4.202138e-03
2.379172e+02 6.216554e-10 9.778793e-01 -4.193472e-03
2.384179e+02 6.166479e-10 9.781003e-01 -4.184840e-03
2.389185e+02 6.116907e-10 9.783204e-01 -4.176242e-03
2.394192e+02 6.067833e-10 9.785396e-01 -4.167678e-03
2.399199e+02 6.019249e-10 9.787580e-01 -4.159148e-03
2.404205e+02 5.971152e-10 9.789756e-01 -4.150651e-03
2.409212e+02 5.923533e-10 9.791923e-01 -4.142188e-03
2.414219e+02 5.876389e-10 9.794082e-01 -4.133759e-03
2.419225e+02 5.829712e-10 9.796233e-01 -4.125362e-03
2.424232e+02 5.783498e-10 9.798376e-01 -4.116998e-03
2.429239e+02 5.737741e-10 9.800510e-01 -4.108667e-03
2.434245e+02 5.692436e-10 9.802636e-01 -4.100368e-03
2.439252e+02 5.647577e-10 9.804755e-01 -4.092102e-03
2.444259e+02 5.603160e-10 9.806865e-01 -4.083867e-03
2.449265e+02 5.559178e-10 9.808967e-01 -4.075665e-03
2.454272e+02 5.515627e-10 9.811061e-01 -4.067494e-03
2.459279e+02 5.472501e-10 9.813147e-01 -4.059355e-03
2.464285e+02 5.429797e-10 9.815226e-01 -4.051247e-03
2.469292e+02 5.387508e-10 9.817297e-01 -4.043171e-03
2.474299e+02 5.345630e-10 9.819359e-01 -4.035125e-03
2.479306e+02 5.304158e-10 9.821415e-01 -4.027110e-03
2.484312e+02 5.263087e-10 9.823462e-01 -4.019126e-03
2.489319e+02 5.222414e-10 9.825502e-01 -4.011172e-03
2.494326e+02 5.182132e-10 9.827534e-01 -4.003249e-03
2.499332e+02 5.142238e-10 9.829559e-01 -3.995355e-03
2.504339e+02 5.102728e-10 9.831576e-01 -3.987492e-03
2.509346e+02 5.063596e-10 9.833586e-01 -3.979658e-03
2.514352e+02 5.024839e-10 9.835588e-01 -3.971854e-03
2.519359e+02 4.986451e-10 9.837583e-01 -3.964079e-03
2.524366e+02 4.948430e-10 9.839571e-01 -3.956334e-03
2.529372e+02 4.910771e-10 9.841551e-01 -3.948618e-03
2.534379e+02 4.873469e-10 9.843524e-01 -3.940931e-03
2.539386e+02 4.836520e-10 9.845490e-01 -3.933272e-03
2.544392e+02 4.799921e-10 9.847449e-01 -3.925642e-03
2.549399e+02 4.763668e-10 9.849400e-01 -3.918041e-03
2.554406e+02 4.727756e-10 9.851345e-01 -3.910468e-03
2.559412e+02 4.692183e-10 9.853282e-01 -3.902923e-03
2.564419e+02 4.656943e-10 9.855212e-01 -3.895406e-03
2.569426e+02 4.622033e-10 9.857136e-01 -3.887917e-03
2.574432e+02 4.587450e-10 9.859052e-01 -3.880455e-03
2.579439e+02 4.553190e-10 9.860961e-01 -3.873021e-03
2.584446e+02 4.519249e-10 9.862864e-01 -3.865615e-03
2.589452e+02 4.485624e-10 9.864760e-01 -3.858235e-03
2.594459e+02 4.452311e-10 9.866649e-01 -3.850883e-03
2.599466e+02 4.419306e-10 9.868531e-01 -3.843558e-03
2.604472e+02 4.386607e-10 9.870406e-01 -3.836259e-03
2.609479e+02 4.354210e-10 9.872275e-01 -3.828987e-03
2.614486e+02 4.322111e-10 9.874137e-01 -3.821742e-03
2.619492e+02 4.290308e-10 9.875993e-01 -3.814522e-03
2.624499e+02 4.258797e-10 9.877842e-01 -3.807329e-03
2.629506e+02 4.227574e-10 9.879684e-01 -3.800162e-03
2.634513e+02 4.196637e-10 9.881520e-01 -3.793021e-03
2.639519e+02 4.165983e-10 9.883349e-01 -3.785906e-03
2.644526e+02 4.135608e-10 9.885172e-01 -3.778817e-03
2.649533e+02 4.105509e-10 9.886988e-01 -3.771753e-03
2.654539e+02 4.075684e-10 9.888799e-01 -3.764714e-03
2.659546e+02 4.046129e-10 9.890602e-01 -3.757700e-03
2.664553e+02 4.016842e-10 9.892400e-01 -3.750712e-03
2.669559e+02 3.987819e-10 9.894191e-01 -3.743748e-03
2.674566e+02 3.959057e-10 9.895976e-01 -3.736810e-03
2.679573e+02 3.930555e-10 9.897755e-01 -3.729896e-03
2.684579e+02 3.902309e-10 9.899527e-01 -3.723006e-03
2.689586e+02 3.874315e-10 9.901293e-01 -3.716141e-03
2.694593e+02 3.846573e-10 9.903054e-01 -3.709301e-03
2.699599e+02 3.819078e-10 9.904808e-01 -3.702484e-03
2.704606e+02 3.791829e-10 9.906556e-01 -3.695691e-03
2.709613e+02 3.764822e-10 9.908298e-01 -3.688923e-03
2.714619e+02 3.738056e-10 9.910034e-01 -3.682178e-03
2.719626e+02 3.711526e-10 9.911764e-01 -3.675457e-03
2.724633e+02 3.685232e-10 9.913488e-01 -3.668759e-03
2.729639e+02 3.659170e-10 9.915207e-01 -3.662085e-03
2.734646e+02 3.633339e-10 9.916919e-01 -3.655434e-03
2.739653e+02 3.607734e-10 9.918626e-01 -3.648806e-03
2.744659e+02 3.582355e-10 9.920326e-01 -3.642202e-03
2.749666e+02 3.557199e-10 9.922021e-01 -3.635620e-03
2.754673e+02 3.532263e-10 9.923711e-01 -3.629061e-03
2.759679e+02 3.507546e-10 9.925394e-01 -3.622525e-03
2.764686e+02 3.483044e-10 9.927072e-01 -3.616011e-03
2.769693e+02 3.458755e-10 9.928744e-01 -3.609520e-03
2.774699e+02 3.434679e-10 9.930411e-01 -3.603051e-03
2.779706e+02 3.410811e-10 9.932072e-01 -3.596604e-03
2.784713e+02 3.387150e-10 9.933727e-01 -3.590179e-03
2.789720e+02 3.363694e-10 9.935377e-01 -3.583777e-03
2.794726e+02 3.340441e-10 9.937021e-01 -3.577396e-03
2.799733e+02 3.317388e-10 9.938660e-01 -3.571037e-03
2.804740e+02 3.294534e-10 9.940293e-01 -3.564700e-03
2.809746e+02 3.271877e-10 9.941921e-01 -3.558384e-03
2.814753e+02 3.249413e-10 9.943543e-01 -3.552090e-03
2.819760e+02 3.227143e-10 9.945160e-01 -3.545817e-03
2.824766e+02 3.205063e-10 9.946772e-01 -3.539565e-03
2.829773e+02 3.183171e-10 9.948378e-01 -3.533334e-03
2.834780e+02 3.161466e-10 9.949979e-01 -3.527125e-03
2.839786e+02 3.139946e-10 9.951575e-01 -3.520936e-03
2.844793e+02 3.118608e-10 9.953166e-01 -3.514768e-03
2.849800e+02 3.097451e-10 9.954751e-01 -3.508621e-03
2.854806e+02 3.076474e-10 9.956331e-01 -3.502494e-03
2.859813e+02 3.055674e-10 9.957906e-01 -3.496388e-03
2.864820e+02 3.035049e-10 9.959476e-01 -3.490302e-03
2.869826e+02 3.014598e-10 9.961040e-01 -3.484237e-03
2.874833e+02 2.994319e-10 9.962600e-01 -3.478191e-03
2.879840e+02 2.974211e-10 9.964154e-01 -3.472166e-03
2.884846e+02 2.954270e-10 9.965704e-01 -3.466161e-03
2.889853e+02 2.934497e-10 9.967248e-01 -3.460175e-03
2.894860e+02 2.914889e-10 9.968788e-01 -3.454210e-03
2.899866e+02 2.895444e-10 9.970322e-01 -3.448264e-03
2.904873e+02 2.876162e-10 9.971851e-01 -3.442337e-03
2.909880e+02 2.857039e-10 9.973376e-01 -3.436431e-03
2.914886e+02 2.838075e-10 9.974895e-01 -3.430543e-03
2.919893e+02 2.819268e-10 9.976410e-01 -3.424675e-03
2.924900e+02 2.800617e-10 9.977920e-01 -3.418826e-03
2.929907e+02 2.782120e-10 9.979425e-01 -3.412996e-03
2.934913e+02 2.763775e-10 9.980925e-01 -3.407185e-03
2.939920e+02 2.745582e-10 9.982421e-01 -3.401393e-03
2.944927e+02 2.727537e-10 9.983911e-01 -3.395620e-03
2.949933e+02 2.709641e-10 9.985397e-01 -3.389866e-03
2.954940e+02 2.691891e-10 9.986878e-01 -3.384130e-03
2.959947e+02 2.674287e-10 9.988355e-01 -3.378413e-03
2.964953e+02 2.656826e-10 9.989827e-01 -3.372714e-03
2.969960e+02 2.639507e-10 9.991294e-01 -3.367034e-03
2.974967e+02 2.622329e-10 9.992756e-01 -3.361372e-03
2.979973e+02 2.605291e-10 9.994214e-01 -3.355728e-03
2.984980e+02 2.588391e-10 9.995667e-01 -3.350103e-03
2.989987e+02 2.571628e-10 9.997116e-01 -3.344495e-03
2.994993e+02 2.555000e-10 9.998560e-01 -3.338905e-03
3.000000e+02 2.538506e-10 1.000000e+00 -3.333333e-03
