! /n/nyx3/garavito/projects/XMC-Atlas/scripts/test_halo_108/modelname_halo_2242.txt
! R    D    M    P
1000
1.000000e-01 5.774137e-05 1.047858e-17 -3.338717e-02
6.004004e-01 5.125350e-05 5.990566e-05 -3.337204e-02
1.100801e+00 4.565179e-05 2.919252e-04 -3.328270e-02
1.601201e+00 4.079489e-05 7.947025e-04 -3.315045e-02
2.101602e+00 3.656706e-05 1.631345e-03 -3.298337e-02
2.602002e+00 3.287301e-05 2.838905e-03 -3.278762e-02
3.102402e+00 2.963387e-05 4.435442e-03 -3.256826e-02
3.602803e+00 2.678404e-05 6.425301e-03 -3.232955e-02
4.103203e+00 2.426870e-05 8.803054e-03 -3.207505e-02
4.603604e+00 2.204183e-05 1.155645e-02 -3.180782e-02
5.104004e+00 2.006462e-05 1.466860e-02 -3.153043e-02
5.604404e+00 1.830422e-05 1.811965e-02 -3.124507e-02
6.104805e+00 1.673271e-05 2.188795e-02 -3.095362e-02
6.605205e+00 1.532630e-05 2.595100e-02 -3.065767e-02
7.105606e+00 1.406460e-05 3.028604e-02 -3.035857e-02
7.606006e+00 1.293009e-05 3.487059e-02 -3.005748e-02
8.106406e+00 1.190771e-05 3.968273e-02 -2.975539e-02
8.606807e+00 1.098441e-05 4.470134e-02 -2.945314e-02
9.107207e+00 1.014889e-05 4.990626e-02 -2.915143e-02
9.607608e+00 9.391319e-06 5.527841e-02 -2.885088e-02
1.010801e+01 8.703135e-06 6.079975e-02 -2.855201e-02
1.060841e+01 8.076849e-06 6.645339e-02 -2.825523e-02
1.110881e+01 7.505898e-06 7.222354e-02 -2.796092e-02
1.160921e+01 6.984518e-06 7.809547e-02 -2.766938e-02
1.210961e+01 6.507632e-06 8.405553e-02 -2.738087e-02
1.261001e+01 6.070761e-06 9.009103e-02 -2.709559e-02
1.311041e+01 5.669943e-06 9.619026e-02 -2.681372e-02
1.361081e+01 5.301665e-06 1.023424e-01 -2.653538e-02
1.411121e+01 4.962808e-06 1.085375e-01 -2.626070e-02
1.461161e+01 4.650597e-06 1.147664e-01 -2.598974e-02
1.511201e+01 4.362555e-06 1.210206e-01 -2.572259e-02
1.561241e+01 4.096473e-06 1.272924e-01 -2.545927e-02
1.611281e+01 3.850371e-06 1.335748e-01 -2.519981e-02
1.661321e+01 3.622476e-06 1.398613e-01 -2.494424e-02
1.711361e+01 3.411194e-06 1.461459e-01 -2.469254e-02
1.761401e+01 3.215095e-06 1.524233e-01 -2.444472e-02
1.811441e+01 3.032886e-06 1.586885e-01 -2.420076e-02
1.861481e+01 2.863405e-06 1.649371e-01 -2.396062e-02
1.911522e+01 2.705598e-06 1.711649e-01 -2.372428e-02
1.961562e+01 2.558514e-06 1.773684e-01 -2.349170e-02
2.011602e+01 2.421291e-06 1.835442e-01 -2.326285e-02
2.061642e+01 2.293145e-06 1.896892e-01 -2.303766e-02
2.111682e+01 2.173366e-06 1.958008e-01 -2.281611e-02
2.161722e+01 2.061306e-06 2.018764e-01 -2.259813e-02
2.211762e+01 1.956377e-06 2.079141e-01 -2.238368e-02
2.261802e+01 1.858040e-06 2.139116e-01 -2.217270e-02
2.311842e+01 1.765804e-06 2.198675e-01 -2.196513e-02
2.361882e+01 1.679222e-06 2.257800e-01 -2.176091e-02
2.411922e+01 1.597882e-06 2.316478e-01 -2.156000e-02
2.461962e+01 1.521408e-06 2.374698e-01 -2.136233e-02
2.512002e+01 1.449455e-06 2.432449e-01 -2.116784e-02
2.562042e+01 1.381705e-06 2.489721e-01 -2.097647e-02
2.612082e+01 1.317868e-06 2.546508e-01 -2.078818e-02
2.662122e+01 1.257676e-06 2.602803e-01 -2.060289e-02
2.712162e+01 1.200881e-06 2.658600e-01 -2.042056e-02
2.762202e+01 1.147256e-06 2.713895e-01 -2.024112e-02
2.812242e+01 1.096591e-06 2.768683e-01 -2.006452e-02
2.862282e+01 1.048693e-06 2.822964e-01 -1.989071e-02
2.912322e+01 1.003381e-06 2.876734e-01 -1.971963e-02
2.962362e+01 9.604908e-07 2.929993e-01 -1.955122e-02
3.012402e+01 9.198677e-07 2.982739e-01 -1.938544e-02
3.062442e+01 8.813697e-07 3.034973e-01 -1.922222e-02
3.112482e+01 8.448648e-07 3.086696e-01 -1.906153e-02
3.162523e+01 8.102305e-07 3.137908e-01 -1.890330e-02
3.212563e+01 7.773529e-07 3.188611e-01 -1.874750e-02
3.262603e+01 7.461261e-07 3.238806e-01 -1.859406e-02
3.312643e+01 7.164517e-07 3.288496e-01 -1.844295e-02
3.362683e+01 6.882379e-07 3.337684e-01 -1.829411e-02
3.412723e+01 6.613994e-07 3.386372e-01 -1.814751e-02
3.462763e+01 6.358565e-07 3.434563e-01 -1.800309e-02
3.512803e+01 6.115349e-07 3.482261e-01 -1.786081e-02
3.562843e+01 5.883651e-07 3.529470e-01 -1.772064e-02
3.612883e+01 5.662822e-07 3.576192e-01 -1.758252e-02
3.662923e+01 5.452258e-07 3.622432e-01 -1.744641e-02
3.712963e+01 5.251390e-07 3.668194e-01 -1.731228e-02
3.763003e+01 5.059688e-07 3.713483e-01 -1.718009e-02
3.813043e+01 4.876654e-07 3.758302e-01 -1.704980e-02
3.863083e+01 4.701823e-07 3.802656e-01 -1.692137e-02
3.913123e+01 4.534756e-07 3.846549e-01 -1.679476e-02
3.963163e+01 4.375044e-07 3.889987e-01 -1.666994e-02
4.013203e+01 4.222302e-07 3.932974e-01 -1.654688e-02
4.063243e+01 4.076168e-07 3.975514e-01 -1.642553e-02
4.113283e+01 3.936302e-07 4.017612e-01 -1.630587e-02
4.163323e+01 3.802384e-07 4.059274e-01 -1.618786e-02
4.213363e+01 3.674112e-07 4.100503e-01 -1.607147e-02
4.263403e+01 3.551204e-07 4.141305e-01 -1.595667e-02
4.313443e+01 3.433393e-07 4.181685e-01 -1.584343e-02
4.363483e+01 3.320428e-07 4.221647e-01 -1.573172e-02
4.413524e+01 3.212070e-07 4.261197e-01 -1.562151e-02
4.463564e+01 3.108096e-07 4.300338e-01 -1.551278e-02
4.513604e+01 3.008296e-07 4.339077e-01 -1.540548e-02
4.563644e+01 2.912469e-07 4.377418e-01 -1.529960e-02
4.613684e+01 2.820428e-07 4.415365e-01 -1.519512e-02
4.663724e+01 2.731994e-07 4.452924e-01 -1.509199e-02
4.713764e+01 2.646999e-07 4.490099e-01 -1.499021e-02
4.763804e+01 2.565284e-07 4.526895e-01 -1.488974e-02
4.813844e+01 2.486698e-07 4.563316e-01 -1.479056e-02
4.863884e+01 2.411099e-07 4.599368e-01 -1.469264e-02
4.913924e+01 2.338350e-07 4.635055e-01 -1.459597e-02
4.963964e+01 2.268325e-07 4.670381e-01 -1.450052e-02
5.014004e+01 2.200901e-07 4.705351e-01 -1.440627e-02
5.064044e+01 2.135964e-07 4.739970e-01 -1.431320e-02
5.114084e+01 2.073405e-07 4.774242e-01 -1.422128e-02
5.164124e+01 2.013119e-07 4.808171e-01 -1.413050e-02
5.214164e+01 1.955008e-07 4.841762e-01 -1.404083e-02
5.264204e+01 1.898980e-07 4.875019e-01 -1.395226e-02
5.314244e+01 1.844944e-07 4.907947e-01 -1.386476e-02
5.364284e+01 1.792816e-07 4.940549e-01 -1.377832e-02
5.414324e+01 1.742516e-07 4.972830e-01 -1.369292e-02
5.464364e+01 1.693969e-07 5.004794e-01 -1.360854e-02
5.514404e+01 1.647100e-07 5.036444e-01 -1.352516e-02
5.564444e+01 1.601841e-07 5.067786e-01 -1.344277e-02
5.614484e+01 1.558126e-07 5.098823e-01 -1.336135e-02
5.664525e+01 1.515892e-07 5.129558e-01 -1.328088e-02
5.714565e+01 1.475079e-07 5.159997e-01 -1.320135e-02
5.764605e+01 1.435631e-07 5.190142e-01 -1.312274e-02
5.814645e+01 1.397492e-07 5.219997e-01 -1.304503e-02
5.864685e+01 1.360612e-07 5.249566e-01 -1.296822e-02
5.914725e+01 1.324940e-07 5.278853e-01 -1.289227e-02
5.964765e+01 1.290430e-07 5.307862e-01 -1.281719e-02
6.014805e+01 1.257036e-07 5.336595e-01 -1.274296e-02
6.064845e+01 1.224716e-07 5.365057e-01 -1.266956e-02
6.114885e+01 1.193427e-07 5.393251e-01 -1.259698e-02
6.164925e+01 1.163131e-07 5.421181e-01 -1.252520e-02
6.214965e+01 1.133791e-07 5.448849e-01 -1.245422e-02
6.265005e+01 1.105370e-07 5.476259e-01 -1.238401e-02
6.315045e+01 1.077834e-07 5.503415e-01 -1.231458e-02
6.365085e+01 1.051150e-07 5.530319e-01 -1.224590e-02
6.415125e+01 1.025286e-07 5.556975e-01 -1.217796e-02
6.465165e+01 1.000214e-07 5.583386e-01 -1.211075e-02
6.515205e+01 9.759027e-08 5.609555e-01 -1.204427e-02
6.565245e+01 9.523259e-08 5.635486e-01 -1.197849e-02
6.615285e+01 9.294568e-08 5.661180e-01 -1.191341e-02
6.665325e+01 9.072701e-08 5.686642e-01 -1.184902e-02
6.715365e+01 8.857414e-08 5.711873e-01 -1.178530e-02
6.765405e+01 8.648476e-08 5.736878e-01 -1.172225e-02
6.815445e+01 8.445662e-08 5.761658e-01 -1.165986e-02
6.865485e+01 8.248759e-08 5.786217e-01 -1.159811e-02
6.915526e+01 8.057560e-08 5.810557e-01 -1.153700e-02
6.965566e+01 7.871870e-08 5.834681e-01 -1.147651e-02
7.015606e+01 7.691498e-08 5.858592e-01 -1.141664e-02
7.065646e+01 7.516262e-08 5.882293e-01 -1.135738e-02
7.115686e+01 7.345989e-08 5.905785e-01 -1.129872e-02
7.165726e+01 7.180510e-08 5.929072e-01 -1.124064e-02
7.215766e+01 7.019665e-08 5.952156e-01 -1.118315e-02
7.265806e+01 6.863299e-08 5.975039e-01 -1.112623e-02
7.315846e+01 6.711262e-08 5.997725e-01 -1.106987e-02
7.365886e+01 6.563412e-08 6.020215e-01 -1.101407e-02
7.415926e+01 6.419611e-08 6.042512e-01 -1.095882e-02
7.465966e+01 6.279726e-08 6.064617e-01 -1.090411e-02
7.516006e+01 6.143631e-08 6.086535e-01 -1.084993e-02
7.566046e+01 6.011204e-08 6.108266e-01 -1.079628e-02
7.616086e+01 5.882325e-08 6.129813e-01 -1.074314e-02
7.666126e+01 5.756881e-08 6.151178e-01 -1.069051e-02
7.716166e+01 5.634764e-08 6.172364e-01 -1.063839e-02
7.766206e+01 5.515868e-08 6.193372e-01 -1.058676e-02
7.816246e+01 5.400091e-08 6.214204e-01 -1.053561e-02
7.866286e+01 5.287336e-08 6.234864e-01 -1.048496e-02
7.916326e+01 5.177509e-08 6.255352e-01 -1.043477e-02
7.966366e+01 5.070518e-08 6.275671e-01 -1.038506e-02
8.016406e+01 4.966277e-08 6.295823e-01 -1.033580e-02
8.066446e+01 4.864701e-08 6.315809e-01 -1.028700e-02
8.116486e+01 4.765708e-08 6.335632e-01 -1.023866e-02
8.166527e+01 4.669221e-08 6.355294e-01 -1.019075e-02
8.216567e+01 4.575164e-08 6.374796e-01 -1.014328e-02
8.266607e+01 4.483463e-08 6.394141e-01 -1.009625e-02
8.316647e+01 4.394048e-08 6.413330e-01 -1.004964e-02
8.366687e+01 4.306851e-08 6.432364e-01 -1.000345e-02
8.416727e+01 4.221806e-08 6.451247e-01 -9.957674e-03
8.466767e+01 4.138850e-08 6.469979e-01 -9.912307e-03
8.516807e+01 4.057922e-08 6.488562e-01 -9.867345e-03
8.566847e+01 3.978962e-08 6.506998e-01 -9.822780e-03
8.616887e+01 3.901913e-08 6.525288e-01 -9.778609e-03
8.666927e+01 3.826720e-08 6.543435e-01 -9.734826e-03
8.716967e+01 3.753330e-08 6.561439e-01 -9.691426e-03
8.767007e+01 3.681691e-08 6.579303e-01 -9.648403e-03
8.817047e+01 3.611752e-08 6.597029e-01 -9.605754e-03
8.867087e+01 3.543467e-08 6.614616e-01 -9.563474e-03
8.917127e+01 3.476788e-08 6.632068e-01 -9.521556e-03
8.967167e+01 3.411670e-08 6.649385e-01 -9.479998e-03
9.017207e+01 3.348069e-08 6.666570e-01 -9.438795e-03
9.067247e+01 3.285944e-08 6.683623e-01 -9.397941e-03
9.117287e+01 3.225253e-08 6.700546e-01 -9.357433e-03
9.167327e+01 3.165956e-08 6.717341e-01 -9.317267e-03
9.217367e+01 3.108016e-08 6.734009e-01 -9.277437e-03
9.267407e+01 3.051396e-08 6.750551e-01 -9.237940e-03
9.317447e+01 2.996059e-08 6.766968e-01 -9.198772e-03
9.367487e+01 2.941970e-08 6.783263e-01 -9.159929e-03
9.417528e+01 2.889097e-08 6.799436e-01 -9.121406e-03
9.467568e+01 2.837406e-08 6.815489e-01 -9.083201e-03
9.517608e+01 2.786867e-08 6.831422e-01 -9.045308e-03
9.567648e+01 2.737447e-08 6.847238e-01 -9.007724e-03
9.617688e+01 2.689118e-08 6.862938e-01 -8.970446e-03
9.667728e+01 2.641851e-08 6.878522e-01 -8.933469e-03
9.717768e+01 2.595618e-08 6.893992e-01 -8.896791e-03
9.767808e+01 2.550392e-08 6.909350e-01 -8.860407e-03
9.817848e+01 2.506146e-08 6.924595e-01 -8.824314e-03
9.867888e+01 2.462856e-08 6.939731e-01 -8.788508e-03
9.917928e+01 2.420497e-08 6.954757e-01 -8.752987e-03
9.967968e+01 2.379044e-08 6.969675e-01 -8.717747e-03
1.001801e+02 2.338475e-08 6.984486e-01 -8.682784e-03
1.006805e+02 2.298767e-08 6.999191e-01 -8.648096e-03
1.011809e+02 2.259899e-08 7.013792e-01 -8.613679e-03
1.016813e+02 2.221848e-08 7.028288e-01 -8.579529e-03
1.021817e+02 2.184595e-08 7.042683e-01 -8.545645e-03
1.026821e+02 2.148119e-08 7.056975e-01 -8.512022e-03
1.031825e+02 2.112402e-08 7.071167e-01 -8.478659e-03
1.036829e+02 2.077424e-08 7.085260e-01 -8.445551e-03
1.041833e+02 2.043166e-08 7.099254e-01 -8.412696e-03
1.046837e+02 2.009612e-08 7.113151e-01 -8.380092e-03
1.051841e+02 1.976744e-08 7.126951e-01 -8.347734e-03
1.056845e+02 1.944545e-08 7.140656e-01 -8.315621e-03
1.061849e+02 1.913000e-08 7.154267e-01 -8.283750e-03
1.066853e+02 1.882091e-08 7.167784e-01 -8.252118e-03
1.071857e+02 1.851804e-08 7.181208e-01 -8.220723e-03
1.076861e+02 1.822124e-08 7.194540e-01 -8.189561e-03
1.081865e+02 1.793036e-08 7.207782e-01 -8.158630e-03
1.086869e+02 1.764526e-08 7.220934e-01 -8.127928e-03
1.091873e+02 1.736580e-08 7.233997e-01 -8.097452e-03
1.096877e+02 1.709186e-08 7.246972e-01 -8.067200e-03
1.101881e+02 1.682330e-08 7.259859e-01 -8.037169e-03
1.106885e+02 1.655999e-08 7.272661e-01 -8.007357e-03
1.111889e+02 1.630181e-08 7.285376e-01 -7.977761e-03
1.116893e+02 1.604864e-08 7.298007e-01 -7.948380e-03
1.121897e+02 1.580037e-08 7.310555e-01 -7.919210e-03
1.126901e+02 1.555689e-08 7.323019e-01 -7.890250e-03
1.131905e+02 1.531807e-08 7.335401e-01 -7.861497e-03
1.136909e+02 1.508382e-08 7.347701e-01 -7.832950e-03
1.141913e+02 1.485403e-08 7.359921e-01 -7.804605e-03
1.146917e+02 1.462860e-08 7.372061e-01 -7.776461e-03
1.151921e+02 1.440743e-08 7.384122e-01 -7.748516e-03
1.156925e+02 1.419042e-08 7.396105e-01 -7.720767e-03
1.161929e+02 1.397749e-08 7.408010e-01 -7.693213e-03
1.166933e+02 1.376853e-08 7.419838e-01 -7.665851e-03
1.171937e+02 1.356346e-08 7.431590e-01 -7.638680e-03
1.176941e+02 1.336220e-08 7.443266e-01 -7.611698e-03
1.181945e+02 1.316466e-08 7.454868e-01 -7.584902e-03
1.186949e+02 1.297075e-08 7.466396e-01 -7.558290e-03
1.191953e+02 1.278040e-08 7.477850e-01 -7.531862e-03
1.196957e+02 1.259353e-08 7.489232e-01 -7.505615e-03
1.201961e+02 1.241006e-08 7.500542e-01 -7.479546e-03
1.206965e+02 1.222992e-08 7.511781e-01 -7.453655e-03
1.211969e+02 1.205304e-08 7.522949e-01 -7.427939e-03
1.216973e+02 1.187935e-08 7.534047e-01 -7.402397e-03
1.221977e+02 1.170877e-08 7.545075e-01 -7.377027e-03
1.226981e+02 1.154124e-08 7.556035e-01 -7.351827e-03
1.231985e+02 1.137670e-08 7.566927e-01 -7.326796e-03
1.236989e+02 1.121508e-08 7.577752e-01 -7.301932e-03
1.241993e+02 1.105632e-08 7.588510e-01 -7.277233e-03
1.246997e+02 1.090036e-08 7.599201e-01 -7.252697e-03
1.252001e+02 1.074714e-08 7.609827e-01 -7.228324e-03
1.257005e+02 1.059660e-08 7.620388e-01 -7.204110e-03
1.262009e+02 1.044869e-08 7.630884e-01 -7.180056e-03
1.267013e+02 1.030335e-08 7.641317e-01 -7.156159e-03
1.272017e+02 1.016053e-08 7.651686e-01 -7.132417e-03
1.277021e+02 1.002017e-08 7.661993e-01 -7.108830e-03
1.282025e+02 9.882234e-09 7.672237e-01 -7.085395e-03
1.287029e+02 9.746660e-09 7.682420e-01 -7.062112e-03
1.292033e+02 9.613402e-09 7.692542e-01 -7.038979e-03
1.297037e+02 9.482415e-09 7.702603e-01 -7.015994e-03
1.302041e+02 9.353650e-09 7.712605e-01 -6.993155e-03
1.307045e+02 9.227064e-09 7.722547e-01 -6.970463e-03
1.312049e+02 9.102612e-09 7.732429e-01 -6.947914e-03
1.317053e+02 8.980252e-09 7.742254e-01 -6.925509e-03
1.322057e+02 8.859940e-09 7.752021e-01 -6.903245e-03
1.327061e+02 8.741637e-09 7.761730e-01 -6.881121e-03
1.332065e+02 8.625301e-09 7.771382e-01 -6.859135e-03
1.337069e+02 8.510895e-09 7.780978e-01 -6.837288e-03
1.342073e+02 8.398379e-09 7.790518e-01 -6.815576e-03
1.347077e+02 8.287716e-09 7.800002e-01 -6.794000e-03
1.352081e+02 8.178870e-09 7.809432e-01 -6.772557e-03
1.357085e+02 8.071805e-09 7.818807e-01 -6.751247e-03
1.362089e+02 7.966486e-09 7.828128e-01 -6.730068e-03
1.367093e+02 7.862879e-09 7.837395e-01 -6.709019e-03
1.372097e+02 7.760951e-09 7.846609e-01 -6.688099e-03
1.377101e+02 7.660670e-09 7.855771e-01 -6.667307e-03
1.382105e+02 7.562003e-09 7.864880e-01 -6.646641e-03
1.387109e+02 7.464919e-09 7.873938e-01 -6.626100e-03
1.392113e+02 7.369388e-09 7.882944e-01 -6.605684e-03
1.397117e+02 7.275381e-09 7.891899e-01 -6.585391e-03
1.402121e+02 7.182868e-09 7.900804e-01 -6.565220e-03
1.407125e+02 7.091820e-09 7.909659e-01 -6.545170e-03
1.412129e+02 7.002211e-09 7.918464e-01 -6.525240e-03
1.417133e+02 6.914013e-09 7.927220e-01 -6.505429e-03
1.422137e+02 6.827199e-09 7.935927e-01 -6.485735e-03
1.427141e+02 6.741743e-09 7.944585e-01 -6.466158e-03
1.432145e+02 6.657620e-09 7.953196e-01 -6.446697e-03
1.437149e+02 6.574805e-09 7.961759e-01 -6.427350e-03
1.442153e+02 6.493274e-09 7.970274e-01 -6.408117e-03
1.447157e+02 6.413002e-09 7.978743e-01 -6.388997e-03
1.452161e+02 6.333968e-09 7.987165e-01 -6.369988e-03
1.457165e+02 6.256147e-09 7.995541e-01 -6.351090e-03
1.462169e+02 6.179517e-09 8.003872e-01 -6.332302e-03
1.467173e+02 6.104058e-09 8.012157e-01 -6.313623e-03
1.472177e+02 6.029746e-09 8.020397e-01 -6.295051e-03
1.477181e+02 5.956562e-09 8.028592e-01 -6.276587e-03
1.482185e+02 5.884485e-09 8.036743e-01 -6.258228e-03
1.487189e+02 5.813495e-09 8.044851e-01 -6.239974e-03
1.492193e+02 5.743572e-09 8.052914e-01 -6.221825e-03
1.497197e+02 5.674697e-09 8.060935e-01 -6.203779e-03
1.502201e+02 5.606852e-09 8.068912e-01 -6.185835e-03
1.507205e+02 5.540017e-09 8.076847e-01 -6.167993e-03
1.512209e+02 5.474175e-09 8.084740e-01 -6.150252e-03
1.517213e+02 5.409309e-09 8.092591e-01 -6.132610e-03
1.522217e+02 5.345401e-09 8.100400e-01 -6.115067e-03
1.527221e+02 5.282433e-09 8.108168e-01 -6.097623e-03
1.532225e+02 5.220390e-09 8.115895e-01 -6.080276e-03
1.537229e+02 5.159255e-09 8.123582e-01 -6.063026e-03
1.542233e+02 5.099013e-09 8.131228e-01 -6.045871e-03
1.547237e+02 5.039647e-09 8.138835e-01 -6.028811e-03
1.552241e+02 4.981143e-09 8.146401e-01 -6.011846e-03
1.557245e+02 4.923485e-09 8.153929e-01 -5.994974e-03
1.562249e+02 4.866659e-09 8.161417e-01 -5.978194e-03
1.567253e+02 4.810651e-09 8.168867e-01 -5.961507e-03
1.572257e+02 4.755446e-09 8.176278e-01 -5.944911e-03
1.577261e+02 4.701030e-09 8.183651e-01 -5.928405e-03
1.582265e+02 4.647391e-09 8.190986e-01 -5.911988e-03
1.587269e+02 4.594514e-09 8.198284e-01 -5.895661e-03
1.592273e+02 4.542388e-09 8.205544e-01 -5.879422e-03
1.597277e+02 4.490998e-09 8.212768e-01 -5.863270e-03
1.602281e+02 4.440334e-09 8.219955e-01 -5.847205e-03
1.607285e+02 4.390381e-09 8.227105e-01 -5.831226e-03
1.612289e+02 4.341129e-09 8.234219e-01 -5.815333e-03
1.617293e+02 4.292566e-09 8.241297e-01 -5.799524e-03
1.622297e+02 4.244680e-09 8.248339e-01 -5.783799e-03
1.627301e+02 4.197460e-09 8.255347e-01 -5.768158e-03
1.632305e+02 4.150895e-09 8.262319e-01 -5.752600e-03
1.637309e+02 4.104974e-09 8.269256e-01 -5.737123e-03
1.642313e+02 4.059686e-09 8.276159e-01 -5.721728e-03
1.647317e+02 4.015020e-09 8.283027e-01 -5.706414e-03
1.652321e+02 3.970968e-09 8.289861e-01 -5.691180e-03
1.657325e+02 3.927518e-09 8.296662e-01 -5.676026e-03
1.662329e+02 3.884660e-09 8.303429e-01 -5.660950e-03
1.667333e+02 3.842386e-09 8.310162e-01 -5.645953e-03
1.672337e+02 3.800685e-09 8.316863e-01 -5.631033e-03
1.677341e+02 3.759548e-09 8.323530e-01 -5.616191e-03
1.682345e+02 3.718966e-09 8.330165e-01 -5.601425e-03
1.687349e+02 3.678931e-09 8.336768e-01 -5.586735e-03
1.692353e+02 3.639432e-09 8.343339e-01 -5.572120e-03
1.697357e+02 3.600463e-09 8.349877e-01 -5.557580e-03
1.702361e+02 3.562013e-09 8.356384e-01 -5.543114e-03
1.707365e+02 3.524076e-09 8.362860e-01 -5.528722e-03
1.712369e+02 3.486642e-09 8.369304e-01 -5.514403e-03
1.717373e+02 3.449704e-09 8.375718e-01 -5.500156e-03
1.722377e+02 3.413254e-09 8.382100e-01 -5.485982e-03
1.727381e+02 3.377283e-09 8.388452e-01 -5.471878e-03
1.732385e+02 3.341786e-09 8.394774e-01 -5.457846e-03
1.737389e+02 3.306754e-09 8.401066e-01 -5.443884e-03
1.742393e+02 3.272179e-09 8.407327e-01 -5.429992e-03
1.747397e+02 3.238055e-09 8.413559e-01 -5.416169e-03
1.752401e+02 3.204375e-09 8.419762e-01 -5.402415e-03
1.757405e+02 3.171132e-09 8.425935e-01 -5.388729e-03
1.762409e+02 3.138318e-09 8.432079e-01 -5.375111e-03
1.767413e+02 3.105928e-09 8.438194e-01 -5.361560e-03
1.772417e+02 3.073955e-09 8.444281e-01 -5.348076e-03
1.777421e+02 3.042392e-09 8.450339e-01 -5.334658e-03
1.782425e+02 3.011233e-09 8.456369e-01 -5.321306e-03
1.787429e+02 2.980472e-09 8.462371e-01 -5.308020e-03
1.792433e+02 2.950103e-09 8.468345e-01 -5.294798e-03
1.797437e+02 2.920120e-09 8.474291e-01 -5.281640e-03
1.802441e+02 2.890516e-09 8.480210e-01 -5.268547e-03
1.807445e+02 2.861287e-09 8.486101e-01 -5.255517e-03
1.812449e+02 2.832427e-09 8.491966e-01 -5.242549e-03
1.817453e+02 2.803929e-09 8.497803e-01 -5.229645e-03
1.822457e+02 2.775789e-09 8.503614e-01 -5.216802e-03
1.827461e+02 2.748001e-09 8.509398e-01 -5.204021e-03
1.832465e+02 2.720559e-09 8.515156e-01 -5.191301e-03
1.837469e+02 2.693460e-09 8.520887e-01 -5.178642e-03
1.842473e+02 2.666697e-09 8.526593e-01 -5.166044e-03
1.847477e+02 2.640265e-09 8.532272e-01 -5.153505e-03
1.852481e+02 2.614161e-09 8.537926e-01 -5.141025e-03
1.857485e+02 2.588378e-09 8.543555e-01 -5.128605e-03
1.862489e+02 2.562912e-09 8.549158e-01 -5.116243e-03
1.867493e+02 2.537759e-09 8.554736e-01 -5.103940e-03
1.872497e+02 2.512913e-09 8.560289e-01 -5.091694e-03
1.877502e+02 2.488371e-09 8.565817e-01 -5.079506e-03
1.882506e+02 2.464128e-09 8.571320e-01 -5.067374e-03
1.887510e+02 2.440179e-09 8.576799e-01 -5.055300e-03
1.892514e+02 2.416520e-09 8.582254e-01 -5.043281e-03
1.897518e+02 2.393148e-09 8.587684e-01 -5.031318e-03
1.902522e+02 2.370057e-09 8.593091e-01 -5.019411e-03
1.907526e+02 2.347244e-09 8.598473e-01 -5.007559e-03
1.912530e+02 2.324705e-09 8.603832e-01 -4.995761e-03
1.917534e+02 2.302436e-09 8.609167e-01 -4.984018e-03
1.922538e+02 2.280433e-09 8.614479e-01 -4.972328e-03
1.927542e+02 2.258692e-09 8.619768e-01 -4.960692e-03
1.932546e+02 2.237209e-09 8.625033e-01 -4.949109e-03
1.937550e+02 2.215982e-09 8.630276e-01 -4.937579e-03
1.942554e+02 2.195005e-09 8.635496e-01 -4.926102e-03
1.947558e+02 2.174276e-09 8.640693e-01 -4.914676e-03
1.952562e+02 2.153792e-09 8.645868e-01 -4.903303e-03
1.957566e+02 2.133548e-09 8.651020e-01 -4.891980e-03
1.962570e+02 2.113541e-09 8.656150e-01 -4.880709e-03
1.967574e+02 2.093768e-09 8.661258e-01 -4.869489e-03
1.972578e+02 2.074226e-09 8.666344e-01 -4.858318e-03
1.977582e+02 2.054911e-09 8.671408e-01 -4.847198e-03
1.982586e+02 2.035821e-09 8.676451e-01 -4.836128e-03
1.987590e+02 2.016952e-09 8.681472e-01 -4.825106e-03
1.992594e+02 1.998301e-09 8.686472e-01 -4.814134e-03
1.997598e+02 1.979865e-09 8.691451e-01 -4.803211e-03
2.002602e+02 1.961641e-09 8.696408e-01 -4.792336e-03
2.007606e+02 1.943626e-09 8.701345e-01 -4.781509e-03
2.012610e+02 1.925818e-09 8.706260e-01 -4.770730e-03
2.017614e+02 1.908213e-09 8.711155e-01 -4.759998e-03
2.022618e+02 1.890809e-09 8.716030e-01 -4.749313e-03
2.027622e+02 1.873603e-09 8.720883e-01 -4.738675e-03
2.032626e+02 1.856592e-09 8.725717e-01 -4.728084e-03
2.037630e+02 1.839774e-09 8.730530e-01 -4.717538e-03
2.042634e+02 1.823145e-09 8.735324e-01 -4.707039e-03
2.047638e+02 1.806704e-09 8.740097e-01 -4.696585e-03
2.052642e+02 1.790448e-09 8.744851e-01 -4.686177e-03
2.057646e+02 1.774375e-09 8.749585e-01 -4.675813e-03
2.062650e+02 1.758481e-09 8.754299e-01 -4.665495e-03
2.067654e+02 1.742765e-09 8.758994e-01 -4.655220e-03
2.072658e+02 1.727225e-09 8.763669e-01 -4.644990e-03
2.077662e+02 1.711857e-09 8.768325e-01 -4.634804e-03
2.082666e+02 1.696659e-09 8.772963e-01 -4.624661e-03
2.087670e+02 1.681630e-09 8.777581e-01 -4.614562e-03
2.092674e+02 1.666767e-09 8.782180e-01 -4.604505e-03
2.097678e+02 1.652068e-09 8.786761e-01 -4.594492e-03
2.102682e+02 1.637530e-09 8.791323e-01 -4.584521e-03
2.107686e+02 1.623152e-09 8.795866e-01 -4.574592e-03
2.112690e+02 1.608932e-09 8.800391e-01 -4.564705e-03
2.117694e+02 1.594866e-09 8.804898e-01 -4.554859e-03
2.122698e+02 1.580955e-09 8.809386e-01 -4.545055e-03
2.127702e+02 1.567194e-09 8.813857e-01 -4.535292e-03
2.132706e+02 1.553583e-09 8.818309e-01 -4.525570e-03
2.137710e+02 1.540120e-09 8.822744e-01 -4.515889e-03
2.142714e+02 1.526801e-09 8.827161e-01 -4.506248e-03
2.147718e+02 1.513627e-09 8.831560e-01 -4.496648e-03
2.152722e+02 1.500594e-09 8.835941e-01 -4.487087e-03
2.157726e+02 1.487702e-09 8.840306e-01 -4.477565e-03
2.162730e+02 1.474947e-09 8.844652e-01 -4.468084e-03
2.167734e+02 1.462329e-09 8.848982e-01 -4.458641e-03
2.172738e+02 1.449846e-09 8.853294e-01 -4.449237e-03
2.177742e+02 1.437495e-09 8.857590e-01 -4.439872e-03
2.182746e+02 1.425276e-09 8.861868e-01 -4.430545e-03
2.187750e+02 1.413186e-09 8.866130e-01 -4.421257e-03
2.192754e+02 1.401224e-09 8.870375e-01 -4.412006e-03
2.197758e+02 1.389389e-09 8.874603e-01 -4.402793e-03
2.202762e+02 1.377678e-09 8.878815e-01 -4.393618e-03
2.207766e+02 1.366090e-09 8.883010e-01 -4.384480e-03
2.212770e+02 1.354624e-09 8.887189e-01 -4.375379e-03
2.217774e+02 1.343278e-09 8.891352e-01 -4.366315e-03
2.222778e+02 1.332050e-09 8.895498e-01 -4.357287e-03
2.227782e+02 1.320940e-09 8.899629e-01 -4.348296e-03
2.232786e+02 1.309945e-09 8.903743e-01 -4.339341e-03
2.237790e+02 1.299064e-09 8.907842e-01 -4.330421e-03
2.242794e+02 1.288296e-09 8.911925e-01 -4.321538e-03
2.247798e+02 1.277640e-09 8.915992e-01 -4.312690e-03
2.252802e+02 1.267093e-09 8.920043e-01 -4.303877e-03
2.257806e+02 1.256655e-09 8.924079e-01 -4.295100e-03
2.262810e+02 1.246324e-09 8.928100e-01 -4.286357e-03
2.267814e+02 1.236099e-09 8.932105e-01 -4.277649e-03
2.272818e+02 1.225979e-09 8.936095e-01 -4.268976e-03
2.277822e+02 1.215962e-09 8.940070e-01 -4.260336e-03
2.282826e+02 1.206047e-09 8.944030e-01 -4.251731e-03
2.287830e+02 1.196233e-09 8.947974e-01 -4.243160e-03
2.292834e+02 1.186519e-09 8.951904e-01 -4.234622e-03
2.297838e+02 1.176903e-09 8.955819e-01 -4.226118e-03
2.302842e+02 1.167384e-09 8.959719e-01 -4.217647e-03
2.307846e+02 1.157962e-09 8.963605e-01 -4.209209e-03
2.312850e+02 1.148634e-09 8.967476e-01 -4.200804e-03
2.317854e+02 1.139400e-09 8.971332e-01 -4.192431e-03
2.322858e+02 1.130258e-09 8.975174e-01 -4.184092e-03
2.327862e+02 1.121208e-09 8.979002e-01 -4.175784e-03
2.332866e+02 1.112249e-09 8.982816e-01 -4.167509e-03
2.337870e+02 1.103379e-09 8.986615e-01 -4.159265e-03
2.342874e+02 1.094597e-09 8.990400e-01 -4.151053e-03
2.347878e+02 1.085902e-09 8.994171e-01 -4.142873e-03
2.352882e+02 1.077293e-09 8.997928e-01 -4.134724e-03
2.357886e+02 1.068770e-09 9.001672e-01 -4.126607e-03
2.362890e+02 1.060330e-09 9.005401e-01 -4.118520e-03
2.367894e+02 1.051974e-09 9.009117e-01 -4.110464e-03
2.372898e+02 1.043700e-09 9.012819e-01 -4.102439e-03
2.377902e+02 1.035507e-09 9.016508e-01 -4.094445e-03
2.382906e+02 1.027395e-09 9.020183e-01 -4.086481e-03
2.387910e+02 1.019361e-09 9.023845e-01 -4.078546e-03
2.392914e+02 1.011406e-09 9.027493e-01 -4.070642e-03
2.397918e+02 1.003529e-09 9.031128e-01 -4.062768e-03
2.402922e+02 9.957278e-10 9.034750e-01 -4.054923e-03
2.407926e+02 9.880024e-10 9.038359e-01 -4.047108e-03
2.412930e+02 9.803519e-10 9.041955e-01 -4.039322e-03
2.417934e+02 9.727752e-10 9.045537e-01 -4.031566e-03
2.422938e+02 9.652716e-10 9.049107e-01 -4.023838e-03
2.427942e+02 9.578402e-10 9.052664e-01 -4.016139e-03
2.432946e+02 9.504802e-10 9.056208e-01 -4.008469e-03
2.437950e+02 9.431908e-10 9.059740e-01 -4.000827e-03
2.442954e+02 9.359711e-10 9.063259e-01 -3.993214e-03
2.447958e+02 9.288203e-10 9.066765e-01 -3.985629e-03
2.452962e+02 9.217377e-10 9.070259e-01 -3.978071e-03
2.457966e+02 9.147225e-10 9.073740e-01 -3.970542e-03
2.462970e+02 9.077739e-10 9.077209e-01 -3.963041e-03
2.467974e+02 9.008912e-10 9.080666e-01 -3.955567e-03
2.472978e+02 8.940735e-10 9.084110e-01 -3.948120e-03
2.477982e+02 8.873202e-10 9.087542e-01 -3.940701e-03
2.482986e+02 8.806306e-10 9.090962e-01 -3.933308e-03
2.487990e+02 8.740039e-10 9.094370e-01 -3.925943e-03
2.492994e+02 8.674394e-10 9.097766e-01 -3.918605e-03
2.497998e+02 8.609364e-10 9.101151e-01 -3.911293e-03
2.503002e+02 8.544943e-10 9.104523e-01 -3.904008e-03
2.508006e+02 8.481123e-10 9.107883e-01 -3.896749e-03
2.513010e+02 8.417898e-10 9.111232e-01 -3.889517e-03
2.518014e+02 8.355260e-10 9.114569e-01 -3.882310e-03
2.523018e+02 8.293204e-10 9.117894e-01 -3.875130e-03
2.528022e+02 8.231724e-10 9.121208e-01 -3.867975e-03
2.533026e+02 8.170812e-10 9.124511e-01 -3.860846e-03
2.538030e+02 8.110462e-10 9.127802e-01 -3.853742e-03
2.543034e+02 8.050669e-10 9.131081e-01 -3.846664e-03
2.548038e+02 7.991425e-10 9.134349e-01 -3.839612e-03
2.553042e+02 7.932726e-10 9.137606e-01 -3.832584e-03
2.558046e+02 7.874564e-10 9.140852e-01 -3.825581e-03
2.563050e+02 7.816934e-10 9.144087e-01 -3.818604e-03
2.568054e+02 7.759831e-10 9.147310e-01 -3.811651e-03
2.573058e+02 7.703248e-10 9.150523e-01 -3.804722e-03
2.578062e+02 7.647180e-10 9.153724e-01 -3.797818e-03
2.583066e+02 7.591621e-10 9.156915e-01 -3.790939e-03
2.588070e+02 7.536566e-10 9.160095e-01 -3.784083e-03
2.593074e+02 7.482009e-10 9.163264e-01 -3.777252e-03
2.598078e+02 7.427945e-10 9.166422e-01 -3.770445e-03
2.603082e+02 7.374368e-10 9.169569e-01 -3.763661e-03
2.608086e+02 7.321274e-10 9.172706e-01 -3.756901e-03
2.613090e+02 7.268656e-10 9.175833e-01 -3.750165e-03
2.618094e+02 7.216510e-10 9.178948e-01 -3.743453e-03
2.623098e+02 7.164831e-10 9.182054e-01 -3.736763e-03
2.628102e+02 7.113614e-10 9.185148e-01 -3.730097e-03
2.633106e+02 7.062854e-10 9.188233e-01 -3.723454e-03
2.638110e+02 7.012545e-10 9.191307e-01 -3.716834e-03
2.643114e+02 6.962684e-10 9.194371e-01 -3.710237e-03
2.648118e+02 6.913265e-10 9.197424e-01 -3.703662e-03
2.653122e+02 6.864284e-10 9.200468e-01 -3.697111e-03
2.658126e+02 6.815736e-10 9.203501e-01 -3.690581e-03
2.663130e+02 6.767616e-10 9.206524e-01 -3.684074e-03
2.668134e+02 6.719920e-10 9.209537e-01 -3.677590e-03
2.673138e+02 6.672644e-10 9.212541e-01 -3.671127e-03
2.678142e+02 6.625783e-10 9.215534e-01 -3.664687e-03
2.683146e+02 6.579332e-10 9.218517e-01 -3.658268e-03
2.688150e+02 6.533287e-10 9.221491e-01 -3.651872e-03
2.693154e+02 6.487645e-10 9.224455e-01 -3.645497e-03
2.698158e+02 6.442401e-10 9.227409e-01 -3.639144e-03
2.703162e+02 6.397550e-10 9.230353e-01 -3.632812e-03
2.708166e+02 6.353089e-10 9.233288e-01 -3.626501e-03
2.713170e+02 6.309014e-10 9.236213e-01 -3.620212e-03
2.718174e+02 6.265320e-10 9.239129e-01 -3.613944e-03
2.723178e+02 6.222003e-10 9.242035e-01 -3.607697e-03
2.728182e+02 6.179061e-10 9.244932e-01 -3.601472e-03
2.733186e+02 6.136488e-10 9.247819e-01 -3.595266e-03
2.738190e+02 6.094281e-10 9.250697e-01 -3.589082e-03
2.743194e+02 6.052437e-10 9.253566e-01 -3.582918e-03
2.748198e+02 6.010951e-10 9.256425e-01 -3.576775e-03
2.753202e+02 5.969820e-10 9.259275e-01 -3.570653e-03
2.758206e+02 5.929040e-10 9.262116e-01 -3.564550e-03
2.763210e+02 5.888607e-10 9.264948e-01 -3.558468e-03
2.768214e+02 5.848519e-10 9.267771e-01 -3.552406e-03
2.773218e+02 5.808771e-10 9.270584e-01 -3.546364e-03
2.778222e+02 5.769361e-10 9.273389e-01 -3.540342e-03
2.783226e+02 5.730284e-10 9.276185e-01 -3.534340e-03
2.788230e+02 5.691537e-10 9.278972e-01 -3.528358e-03
2.793234e+02 5.653118e-10 9.281750e-01 -3.522395e-03
2.798238e+02 5.615021e-10 9.284519e-01 -3.516452e-03
2.803242e+02 5.577246e-10 9.287279e-01 -3.510528e-03
2.808246e+02 5.539787e-10 9.290031e-01 -3.504624e-03
2.813250e+02 5.502643e-10 9.292773e-01 -3.498739e-03
2.818254e+02 5.465809e-10 9.295508e-01 -3.492873e-03
2.823258e+02 5.429283e-10 9.298233e-01 -3.487026e-03
2.828262e+02 5.393061e-10 9.300950e-01 -3.481198e-03
2.833266e+02 5.357141e-10 9.303659e-01 -3.475389e-03
2.838270e+02 5.321520e-10 9.306359e-01 -3.469599e-03
2.843274e+02 5.286194e-10 9.309050e-01 -3.463827e-03
2.848278e+02 5.251161e-10 9.311733e-01 -3.458074e-03
2.853282e+02 5.216417e-10 9.314408e-01 -3.452340e-03
2.858286e+02 5.181961e-10 9.317074e-01 -3.446624e-03
2.863290e+02 5.147788e-10 9.319732e-01 -3.440927e-03
2.868294e+02 5.113897e-10 9.322382e-01 -3.435247e-03
2.873298e+02 5.080284e-10 9.325023e-01 -3.429586e-03
2.878302e+02 5.046947e-10 9.327657e-01 -3.423943e-03
2.883306e+02 5.013883e-10 9.330282e-01 -3.418318e-03
2.888310e+02 4.981089e-10 9.332899e-01 -3.412711e-03
2.893314e+02 4.948563e-10 9.335508e-01 -3.407122e-03
2.898318e+02 4.916302e-10 9.338109e-01 -3.401550e-03
2.903322e+02 4.884303e-10 9.340702e-01 -3.395996e-03
2.908326e+02 4.852565e-10 9.343287e-01 -3.390460e-03
2.913330e+02 4.821083e-10 9.345864e-01 -3.384941e-03
2.918334e+02 4.789857e-10 9.348433e-01 -3.379440e-03
2.923338e+02 4.758883e-10 9.350994e-01 -3.373956e-03
2.928342e+02 4.728159e-10 9.353547e-01 -3.368489e-03
2.933346e+02 4.697682e-10 9.356093e-01 -3.363039e-03
2.938350e+02 4.667451e-10 9.358631e-01 -3.357607e-03
2.943354e+02 4.637462e-10 9.361161e-01 -3.352191e-03
2.948358e+02 4.607714e-10 9.363684e-01 -3.346793e-03
2.953362e+02 4.578204e-10 9.366199e-01 -3.341411e-03
2.958366e+02 4.548930e-10 9.368706e-01 -3.336046e-03
2.963370e+02 4.519890e-10 9.371206e-01 -3.330698e-03
2.968374e+02 4.491081e-10 9.373698e-01 -3.325366e-03
2.973378e+02 4.462501e-10 9.376182e-01 -3.320051e-03
2.978382e+02 4.434148e-10 9.378660e-01 -3.314752e-03
2.983386e+02 4.406020e-10 9.381129e-01 -3.309470e-03
2.988390e+02 4.378114e-10 9.383592e-01 -3.304204e-03
2.993394e+02 4.350429e-10 9.386046e-01 -3.298954e-03
2.998398e+02 4.322963e-10 9.388494e-01 -3.293720e-03
3.003402e+02 4.295713e-10 9.390934e-01 -3.288503e-03
3.008406e+02 4.268677e-10 9.393367e-01 -3.283301e-03
3.013410e+02 4.241854e-10 9.395793e-01 -3.278115e-03
3.018414e+02 4.215241e-10 9.398212e-01 -3.272946e-03
3.023418e+02 4.188837e-10 9.400623e-01 -3.267792e-03
3.028422e+02 4.162639e-10 9.403027e-01 -3.262653e-03
3.033426e+02 4.136645e-10 9.405424e-01 -3.257531e-03
3.038430e+02 4.110854e-10 9.407814e-01 -3.252424e-03
3.043434e+02 4.085264e-10 9.410197e-01 -3.247332e-03
3.048438e+02 4.059872e-10 9.412573e-01 -3.242256e-03
3.053442e+02 4.034678e-10 9.414942e-01 -3.237195e-03
3.058446e+02 4.009678e-10 9.417304e-01 -3.232150e-03
3.063450e+02 3.984872e-10 9.419659e-01 -3.227120e-03
3.068454e+02 3.960258e-10 9.422007e-01 -3.222105e-03
3.073458e+02 3.935833e-10 9.424349e-01 -3.217105e-03
3.078462e+02 3.911596e-10 9.426683e-01 -3.212120e-03
3.083466e+02 3.887546e-10 9.429011e-01 -3.207150e-03
3.088470e+02 3.863680e-10 9.431332e-01 -3.202195e-03
3.093474e+02 3.839997e-10 9.433646e-01 -3.197254e-03
3.098478e+02 3.816495e-10 9.435953e-01 -3.192329e-03
3.103482e+02 3.793173e-10 9.438254e-01 -3.187418e-03
3.108486e+02 3.770028e-10 9.440548e-01 -3.182522e-03
3.113490e+02 3.747060e-10 9.442835e-01 -3.177640e-03
3.118494e+02 3.724266e-10 9.445116e-01 -3.172773e-03
3.123498e+02 3.701646e-10 9.447390e-01 -3.167920e-03
3.128503e+02 3.679197e-10 9.449658e-01 -3.163082e-03
3.133507e+02 3.656918e-10 9.451919e-01 -3.158257e-03
3.138511e+02 3.634807e-10 9.454174e-01 -3.153448e-03
3.143515e+02 3.612863e-10 9.456422e-01 -3.148652e-03
3.148519e+02 3.591085e-10 9.458664e-01 -3.143870e-03
3.153523e+02 3.569470e-10 9.460899e-01 -3.139103e-03
3.158527e+02 3.548018e-10 9.463128e-01 -3.134349e-03
3.163531e+02 3.526726e-10 9.465351e-01 -3.129609e-03
3.168535e+02 3.505594e-10 9.467567e-01 -3.124884e-03
3.173539e+02 3.484620e-10 9.469777e-01 -3.120172e-03
3.178543e+02 3.463803e-10 9.471981e-01 -3.115473e-03
3.183547e+02 3.443141e-10 9.474178e-01 -3.110789e-03
3.188551e+02 3.422633e-10 9.476369e-01 -3.106118e-03
3.193555e+02 3.402277e-10 9.478554e-01 -3.101460e-03
3.198559e+02 3.382073e-10 9.480733e-01 -3.096817e-03
3.203563e+02 3.362018e-10 9.482906e-01 -3.092186e-03
3.208567e+02 3.342111e-10 9.485073e-01 -3.087569e-03
3.213571e+02 3.322352e-10 9.487233e-01 -3.082965e-03
3.218575e+02 3.302739e-10 9.489388e-01 -3.078375e-03
3.223579e+02 3.283270e-10 9.491536e-01 -3.073798e-03
3.228583e+02 3.263944e-10 9.493678e-01 -3.069234e-03
3.233587e+02 3.244760e-10 9.495815e-01 -3.064683e-03
3.238591e+02 3.225717e-10 9.497945e-01 -3.060145e-03
3.243595e+02 3.206814e-10 9.500070e-01 -3.055620e-03
3.248599e+02 3.188048e-10 9.502188e-01 -3.051108e-03
3.253603e+02 3.169420e-10 9.504301e-01 -3.046609e-03
3.258607e+02 3.150928e-10 9.506408e-01 -3.042122e-03
3.263611e+02 3.132570e-10 9.508509e-01 -3.037649e-03
3.268615e+02 3.114346e-10 9.510604e-01 -3.033188e-03
3.273619e+02 3.096254e-10 9.512694e-01 -3.028740e-03
3.278623e+02 3.078293e-10 9.514777e-01 -3.024304e-03
3.283627e+02 3.060463e-10 9.516855e-01 -3.019881e-03
3.288631e+02 3.042761e-10 9.518927e-01 -3.015471e-03
3.293635e+02 3.025187e-10 9.520994e-01 -3.011073e-03
3.298639e+02 3.007740e-10 9.523054e-01 -3.006687e-03
3.303643e+02 2.990418e-10 9.525110e-01 -3.002314e-03
3.308647e+02 2.973221e-10 9.527159e-01 -2.997952e-03
3.313651e+02 2.956148e-10 9.529203e-01 -2.993604e-03
3.318655e+02 2.939197e-10 9.531241e-01 -2.989267e-03
3.323659e+02 2.922367e-10 9.533274e-01 -2.984943e-03
3.328663e+02 2.905657e-10 9.535301e-01 -2.980630e-03
3.333667e+02 2.889067e-10 9.537323e-01 -2.976330e-03
3.338671e+02 2.872594e-10 9.539339e-01 -2.972041e-03
3.343675e+02 2.856239e-10 9.541350e-01 -2.967765e-03
3.348679e+02 2.840001e-10 9.543355e-01 -2.963500e-03
3.353683e+02 2.823877e-10 9.545355e-01 -2.959248e-03
3.358687e+02 2.807868e-10 9.547350e-01 -2.955007e-03
3.363691e+02 2.791972e-10 9.549339e-01 -2.950777e-03
3.368695e+02 2.776189e-10 9.551323e-01 -2.946560e-03
3.373699e+02 2.760516e-10 9.553301e-01 -2.942354e-03
3.378703e+02 2.744955e-10 9.555274e-01 -2.938160e-03
3.383707e+02 2.729502e-10 9.557242e-01 -2.933977e-03
3.388711e+02 2.714159e-10 9.559204e-01 -2.929806e-03
3.393715e+02 2.698923e-10 9.561162e-01 -2.925646e-03
3.398719e+02 2.683794e-10 9.563114e-01 -2.921497e-03
3.403723e+02 2.668770e-10 9.565061e-01 -2.917360e-03
3.408727e+02 2.653852e-10 9.567002e-01 -2.913235e-03
3.413731e+02 2.639037e-10 9.568939e-01 -2.909120e-03
3.418735e+02 2.624326e-10 9.570870e-01 -2.905017e-03
3.423739e+02 2.609718e-10 9.572796e-01 -2.900925e-03
3.428743e+02 2.595210e-10 9.574717e-01 -2.896844e-03
3.433747e+02 2.580804e-10 9.576633e-01 -2.892774e-03
3.438751e+02 2.566497e-10 9.578544e-01 -2.888715e-03
3.443755e+02 2.552289e-10 9.580450e-01 -2.884667e-03
3.448759e+02 2.538180e-10 9.582351e-01 -2.880630e-03
3.453763e+02 2.524168e-10 9.584247e-01 -2.876604e-03
3.458767e+02 2.510252e-10 9.586138e-01 -2.872589e-03
3.463771e+02 2.496432e-10 9.588024e-01 -2.868585e-03
3.468775e+02 2.482707e-10 9.589904e-01 -2.864591e-03
3.473779e+02 2.469077e-10 9.591781e-01 -2.860608e-03
3.478783e+02 2.455539e-10 9.593652e-01 -2.856636e-03
3.483787e+02 2.442095e-10 9.595518e-01 -2.852674e-03
3.488791e+02 2.428742e-10 9.597379e-01 -2.848723e-03
3.493795e+02 2.415480e-10 9.599236e-01 -2.844783e-03
3.498799e+02 2.402309e-10 9.601087e-01 -2.840853e-03
3.503803e+02 2.389228e-10 9.602934e-01 -2.836934e-03
3.508807e+02 2.376235e-10 9.604776e-01 -2.833025e-03
3.513811e+02 2.363331e-10 9.606613e-01 -2.829126e-03
3.518815e+02 2.350514e-10 9.608446e-01 -2.825238e-03
3.523819e+02 2.337783e-10 9.610274e-01 -2.821360e-03
3.528823e+02 2.325139e-10 9.612097e-01 -2.817492e-03
3.533827e+02 2.312581e-10 9.613915e-01 -2.813635e-03
3.538831e+02 2.300107e-10 9.615729e-01 -2.809788e-03
3.543835e+02 2.287716e-10 9.617538e-01 -2.805950e-03
3.548839e+02 2.275410e-10 9.619342e-01 -2.802123e-03
3.553843e+02 2.263186e-10 9.621142e-01 -2.798306e-03
3.558847e+02 2.251043e-10 9.622937e-01 -2.794499e-03
3.563851e+02 2.238983e-10 9.624727e-01 -2.790702e-03
3.568855e+02 2.227002e-10 9.626513e-01 -2.786915e-03
3.573859e+02 2.215102e-10 9.628295e-01 -2.783138e-03
3.578863e+02 2.203282e-10 9.630072e-01 -2.779371e-03
3.583867e+02 2.191540e-10 9.631844e-01 -2.775614e-03
3.588871e+02 2.179876e-10 9.633612e-01 -2.771866e-03
3.593875e+02 2.168289e-10 9.635375e-01 -2.768128e-03
3.598879e+02 2.156780e-10 9.637134e-01 -2.764400e-03
3.603883e+02 2.145347e-10 9.638888e-01 -2.760681e-03
3.608887e+02 2.133989e-10 9.640638e-01 -2.756973e-03
3.613891e+02 2.122706e-10 9.642383e-01 -2.753273e-03
3.618895e+02 2.111498e-10 9.644125e-01 -2.749584e-03
3.623899e+02 2.100364e-10 9.645861e-01 -2.745904e-03
3.628903e+02 2.089303e-10 9.647594e-01 -2.742233e-03
3.633907e+02 2.078315e-10 9.649322e-01 -2.738572e-03
3.638911e+02 2.067399e-10 9.651045e-01 -2.734920e-03
3.643915e+02 2.056555e-10 9.652764e-01 -2.731277e-03
3.648919e+02 2.045781e-10 9.654479e-01 -2.727644e-03
3.653923e+02 2.035078e-10 9.656190e-01 -2.724020e-03
3.658927e+02 2.024445e-10 9.657897e-01 -2.720406e-03
3.663931e+02 2.013881e-10 9.659599e-01 -2.716801e-03
3.668935e+02 2.003386e-10 9.661297e-01 -2.713205e-03
3.673939e+02 1.992960e-10 9.662990e-01 -2.709618e-03
3.678943e+02 1.982601e-10 9.664680e-01 -2.706040e-03
3.683947e+02 1.972309e-10 9.666365e-01 -2.702471e-03
3.688951e+02 1.962084e-10 9.668046e-01 -2.698912e-03
3.693955e+02 1.951925e-10 9.669723e-01 -2.695361e-03
3.698959e+02 1.941832e-10 9.671396e-01 -2.691820e-03
3.703963e+02 1.931804e-10 9.673064e-01 -2.688287e-03
3.708967e+02 1.921841e-10 9.674729e-01 -2.684763e-03
3.713971e+02 1.911942e-10 9.676389e-01 -2.681248e-03
3.718975e+02 1.902106e-10 9.678046e-01 -2.677742e-03
3.723979e+02 1.892334e-10 9.679698e-01 -2.674245e-03
3.728983e+02 1.882624e-10 9.681346e-01 -2.670757e-03
3.733987e+02 1.872976e-10 9.682990e-01 -2.667277e-03
3.738991e+02 1.863391e-10 9.684630e-01 -2.663807e-03
3.743995e+02 1.853866e-10 9.686266e-01 -2.660344e-03
3.748999e+02 1.844402e-10 9.687899e-01 -2.656891e-03
3.754003e+02 1.834999e-10 9.689527e-01 -2.653446e-03
3.759007e+02 1.825655e-10 9.691151e-01 -2.650010e-03
3.764011e+02 1.816371e-10 9.692771e-01 -2.646582e-03
3.769015e+02 1.807146e-10 9.694387e-01 -2.643163e-03
3.774019e+02 1.797979e-10 9.695999e-01 -2.639752e-03
3.779023e+02 1.788870e-10 9.697608e-01 -2.636350e-03
3.784027e+02 1.779819e-10 9.699212e-01 -2.632956e-03
3.789031e+02 1.770825e-10 9.700813e-01 -2.629571e-03
3.794035e+02 1.761888e-10 9.702410e-01 -2.626194e-03
3.799039e+02 1.753007e-10 9.704003e-01 -2.622825e-03
3.804043e+02 1.744182e-10 9.705592e-01 -2.619465e-03
3.809047e+02 1.735413e-10 9.707177e-01 -2.616113e-03
3.814051e+02 1.726698e-10 9.708758e-01 -2.612769e-03
3.819055e+02 1.718038e-10 9.710336e-01 -2.609433e-03
3.824059e+02 1.709433e-10 9.711910e-01 -2.606106e-03
3.829063e+02 1.700881e-10 9.713480e-01 -2.602787e-03
3.834067e+02 1.692382e-10 9.715046e-01 -2.599475e-03
3.839071e+02 1.683937e-10 9.716608e-01 -2.596172e-03
3.844075e+02 1.675544e-10 9.718167e-01 -2.592877e-03
3.849079e+02 1.667204e-10 9.719722e-01 -2.589591e-03
3.854083e+02 1.658915e-10 9.721274e-01 -2.586312e-03
3.859087e+02 1.650678e-10 9.722821e-01 -2.583041e-03
3.864091e+02 1.642491e-10 9.724365e-01 -2.579778e-03
3.869095e+02 1.634356e-10 9.725906e-01 -2.576523e-03
3.874099e+02 1.626271e-10 9.727442e-01 -2.573276e-03
3.879103e+02 1.618235e-10 9.728975e-01 -2.570036e-03
3.884107e+02 1.610250e-10 9.730505e-01 -2.566805e-03
3.889111e+02 1.602313e-10 9.732030e-01 -2.563581e-03
3.894115e+02 1.594425e-10 9.733553e-01 -2.560365e-03
3.899119e+02 1.586586e-10 9.735071e-01 -2.557157e-03
3.904123e+02 1.578795e-10 9.736586e-01 -2.553957e-03
3.909127e+02 1.571052e-10 9.738098e-01 -2.550764e-03
3.914131e+02 1.563356e-10 9.739606e-01 -2.547579e-03
3.919135e+02 1.555707e-10 9.741110e-01 -2.544402e-03
3.924139e+02 1.548105e-10 9.742611e-01 -2.541232e-03
3.929143e+02 1.540549e-10 9.744108e-01 -2.538070e-03
3.934147e+02 1.533039e-10 9.745602e-01 -2.534915e-03
3.939151e+02 1.525575e-10 9.747092e-01 -2.531768e-03
3.944155e+02 1.518157e-10 9.748579e-01 -2.528629e-03
3.949159e+02 1.510783e-10 9.750062e-01 -2.525497e-03
3.954163e+02 1.503454e-10 9.751542e-01 -2.522372e-03
3.959167e+02 1.496170e-10 9.753019e-01 -2.519255e-03
3.964171e+02 1.488929e-10 9.754492e-01 -2.516145e-03
3.969175e+02 1.481733e-10 9.755961e-01 -2.513043e-03
3.974179e+02 1.474579e-10 9.757427e-01 -2.509947e-03
3.979183e+02 1.467469e-10 9.758890e-01 -2.506860e-03
3.984187e+02 1.460402e-10 9.760350e-01 -2.503779e-03
3.989191e+02 1.453377e-10 9.761806e-01 -2.500706e-03
3.994195e+02 1.446394e-10 9.763258e-01 -2.497640e-03
3.999199e+02 1.439454e-10 9.764708e-01 -2.494581e-03
4.004203e+02 1.432555e-10 9.766154e-01 -2.491530e-03
4.009207e+02 1.425697e-10 9.767597e-01 -2.488485e-03
4.014211e+02 1.418880e-10 9.769036e-01 -2.485448e-03
4.019215e+02 1.412103e-10 9.770472e-01 -2.482418e-03
4.024219e+02 1.405368e-10 9.771905e-01 -2.479395e-03
4.029223e+02 1.398672e-10 9.773334e-01 -2.476379e-03
4.034227e+02 1.392016e-10 9.774760e-01 -2.473370e-03
4.039231e+02 1.385400e-10 9.776183e-01 -2.470368e-03
4.044235e+02 1.378823e-10 9.777603e-01 -2.467373e-03
4.049239e+02 1.372285e-10 9.779020e-01 -2.464385e-03
4.054243e+02 1.365785e-10 9.780433e-01 -2.461404e-03
4.059247e+02 1.359324e-10 9.781843e-01 -2.458430e-03
4.064251e+02 1.352901e-10 9.783250e-01 -2.455463e-03
4.069255e+02 1.346517e-10 9.784653e-01 -2.452503e-03
4.074259e+02 1.340169e-10 9.786054e-01 -2.449549e-03
4.079263e+02 1.333859e-10 9.787451e-01 -2.446603e-03
4.084267e+02 1.327587e-10 9.788845e-01 -2.443663e-03
4.089271e+02 1.321351e-10 9.790236e-01 -2.440730e-03
4.094275e+02 1.315151e-10 9.791624e-01 -2.437804e-03
4.099279e+02 1.308988e-10 9.793009e-01 -2.434884e-03
4.104283e+02 1.302861e-10 9.794391e-01 -2.431971e-03
4.109287e+02 1.296770e-10 9.795769e-01 -2.429065e-03
4.114291e+02 1.290714e-10 9.797145e-01 -2.426165e-03
4.119295e+02 1.284694e-10 9.798517e-01 -2.423273e-03
4.124299e+02 1.278708e-10 9.799886e-01 -2.420386e-03
4.129303e+02 1.272758e-10 9.801252e-01 -2.417507e-03
4.134307e+02 1.266842e-10 9.802616e-01 -2.414634e-03
4.139311e+02 1.260960e-10 9.803976e-01 -2.411767e-03
4.144315e+02 1.255113e-10 9.805333e-01 -2.408907e-03
4.149319e+02 1.249299e-10 9.806687e-01 -2.406053e-03
4.154323e+02 1.243519e-10 9.808038e-01 -2.403206e-03
4.159327e+02 1.237773e-10 9.809386e-01 -2.400366e-03
4.164331e+02 1.232059e-10 9.810731e-01 -2.397532e-03
4.169335e+02 1.226379e-10 9.812073e-01 -2.394704e-03
4.174339e+02 1.220731e-10 9.813412e-01 -2.391883e-03
4.179343e+02 1.215115e-10 9.814748e-01 -2.389068e-03
4.184347e+02 1.209532e-10 9.816081e-01 -2.386259e-03
4.189351e+02 1.203981e-10 9.817411e-01 -2.383457e-03
4.194355e+02 1.198462e-10 9.818739e-01 -2.380661e-03
4.199359e+02 1.192974e-10 9.820063e-01 -2.377871e-03
4.204363e+02 1.187518e-10 9.821385e-01 -2.375088e-03
4.209367e+02 1.182093e-10 9.822703e-01 -2.372311e-03
4.214371e+02 1.176698e-10 9.824019e-01 -2.369540e-03
4.219375e+02 1.171335e-10 9.825331e-01 -2.366775e-03
4.224379e+02 1.166002e-10 9.826641e-01 -2.364016e-03
4.229383e+02 1.160699e-10 9.827948e-01 -2.361264e-03
4.234387e+02 1.155427e-10 9.829252e-01 -2.358518e-03
4.239391e+02 1.150184e-10 9.830554e-01 -2.355778e-03
4.244395e+02 1.144971e-10 9.831852e-01 -2.353043e-03
4.249399e+02 1.139788e-10 9.833148e-01 -2.350316e-03
4.254403e+02 1.134634e-10 9.834441e-01 -2.347594e-03
4.259407e+02 1.129509e-10 9.835731e-01 -2.344878e-03
4.264411e+02 1.124413e-10 9.837018e-01 -2.342168e-03
4.269415e+02 1.119345e-10 9.838302e-01 -2.339464e-03
4.274419e+02 1.114306e-10 9.839584e-01 -2.336766e-03
4.279423e+02 1.109296e-10 9.840863e-01 -2.334074e-03
4.284427e+02 1.104313e-10 9.842139e-01 -2.331388e-03
4.289431e+02 1.099359e-10 9.843412e-01 -2.328708e-03
4.294435e+02 1.094432e-10 9.844683e-01 -2.326034e-03
4.299439e+02 1.089533e-10 9.845950e-01 -2.323366e-03
4.304443e+02 1.084661e-10 9.847216e-01 -2.320703e-03
4.309447e+02 1.079817e-10 9.848478e-01 -2.318047e-03
4.314451e+02 1.074999e-10 9.849738e-01 -2.315396e-03
4.319455e+02 1.070208e-10 9.850995e-01 -2.312751e-03
4.324459e+02 1.065444e-10 9.852249e-01 -2.310112e-03
4.329463e+02 1.060706e-10 9.853500e-01 -2.307479e-03
4.334467e+02 1.055995e-10 9.854749e-01 -2.304851e-03
4.339471e+02 1.051310e-10 9.855996e-01 -2.302229e-03
4.344475e+02 1.046651e-10 9.857239e-01 -2.299613e-03
4.349479e+02 1.042017e-10 9.858480e-01 -2.297002e-03
4.354483e+02 1.037410e-10 9.859718e-01 -2.294398e-03
4.359487e+02 1.032827e-10 9.860954e-01 -2.291798e-03
4.364491e+02 1.028270e-10 9.862187e-01 -2.289205e-03
4.369495e+02 1.023738e-10 9.863417e-01 -2.286617e-03
4.374499e+02 1.019231e-10 9.864645e-01 -2.284035e-03
4.379504e+02 1.014749e-10 9.865870e-01 -2.281458e-03
4.384508e+02 1.010291e-10 9.867093e-01 -2.278887e-03
4.389512e+02 1.005858e-10 9.868313e-01 -2.276321e-03
4.394516e+02 1.001449e-10 9.869530e-01 -2.273761e-03
4.399520e+02 9.970641e-11 9.870745e-01 -2.271206e-03
4.404524e+02 9.927033e-11 9.871957e-01 -2.268657e-03
4.409528e+02 9.883662e-11 9.873167e-01 -2.266113e-03
4.414532e+02 9.840529e-11 9.874374e-01 -2.263575e-03
4.419536e+02 9.797630e-11 9.875579e-01 -2.261043e-03
4.424540e+02 9.754965e-11 9.876781e-01 -2.258515e-03
4.429544e+02 9.712532e-11 9.877981e-01 -2.255993e-03
4.434548e+02 9.670330e-11 9.879178e-01 -2.253477e-03
4.439552e+02 9.628356e-11 9.880372e-01 -2.250966e-03
4.444556e+02 9.586610e-11 9.881564e-01 -2.248460e-03
4.449560e+02 9.545090e-11 9.882754e-01 -2.245959e-03
4.454564e+02 9.503795e-11 9.883941e-01 -2.243464e-03
4.459568e+02 9.462722e-11 9.885126e-01 -2.240974e-03
4.464572e+02 9.421871e-11 9.886308e-01 -2.238490e-03
4.469576e+02 9.381241e-11 9.887487e-01 -2.236010e-03
4.474580e+02 9.340829e-11 9.888665e-01 -2.233536e-03
4.479584e+02 9.300634e-11 9.889840e-01 -2.231067e-03
4.484588e+02 9.260656e-11 9.891012e-01 -2.228604e-03
4.489592e+02 9.220892e-11 9.892182e-01 -2.226145e-03
4.494596e+02 9.181341e-11 9.893349e-01 -2.223692e-03
4.499600e+02 9.142002e-11 9.894514e-01 -2.221244e-03
4.504604e+02 9.102874e-11 9.895677e-01 -2.218801e-03
4.509608e+02 9.063955e-11 9.896837e-01 -2.216363e-03
4.514612e+02 9.025243e-11 9.897995e-01 -2.213931e-03
4.519616e+02 8.986738e-11 9.899151e-01 -2.211503e-03
4.524620e+02 8.948438e-11 9.900304e-01 -2.209081e-03
4.529624e+02 8.910342e-11 9.901455e-01 -2.206663e-03
4.534628e+02 8.872448e-11 9.902603e-01 -2.204251e-03
4.539632e+02 8.834756e-11 9.903749e-01 -2.201844e-03
4.544636e+02 8.797263e-11 9.904893e-01 -2.199441e-03
4.549640e+02 8.759970e-11 9.906034e-01 -2.197044e-03
4.554644e+02 8.722873e-11 9.907173e-01 -2.194652e-03
4.559648e+02 8.685973e-11 9.908310e-01 -2.192265e-03
4.564652e+02 8.649268e-11 9.909445e-01 -2.189882e-03
4.569656e+02 8.612756e-11 9.910577e-01 -2.187505e-03
4.574660e+02 8.576437e-11 9.911706e-01 -2.185132e-03
4.579664e+02 8.540309e-11 9.912834e-01 -2.182765e-03
4.584668e+02 8.504371e-11 9.913959e-01 -2.180402e-03
4.589672e+02 8.468622e-11 9.915082e-01 -2.178044e-03
4.594676e+02 8.433061e-11 9.916203e-01 -2.175692e-03
4.599680e+02 8.397686e-11 9.917321e-01 -2.173344e-03
4.604684e+02 8.362496e-11 9.918437e-01 -2.171000e-03
4.609688e+02 8.327491e-11 9.919551e-01 -2.168662e-03
4.614692e+02 8.292668e-11 9.920663e-01 -2.166328e-03
4.619696e+02 8.258027e-11 9.921772e-01 -2.164000e-03
4.624700e+02 8.223567e-11 9.922879e-01 -2.161676e-03
4.629704e+02 8.189287e-11 9.923984e-01 -2.159356e-03
4.634708e+02 8.155185e-11 9.925087e-01 -2.157042e-03
4.639712e+02 8.121260e-11 9.926187e-01 -2.154732e-03
4.644716e+02 8.087512e-11 9.927285e-01 -2.152427e-03
4.649720e+02 8.053939e-11 9.928381e-01 -2.150127e-03
4.654724e+02 8.020539e-11 9.929475e-01 -2.147831e-03
4.659728e+02 7.987313e-11 9.930567e-01 -2.145540e-03
4.664732e+02 7.954258e-11 9.931656e-01 -2.143254e-03
4.669736e+02 7.921375e-11 9.932744e-01 -2.140972e-03
4.674740e+02 7.888661e-11 9.933829e-01 -2.138695e-03
4.679744e+02 7.856116e-11 9.934912e-01 -2.136423e-03
4.684748e+02 7.823738e-11 9.935992e-01 -2.134155e-03
4.689752e+02 7.791527e-11 9.937071e-01 -2.131892e-03
4.694756e+02 7.759482e-11 9.938148e-01 -2.129634e-03
4.699760e+02 7.727601e-11 9.939222e-01 -2.127380e-03
4.704764e+02 7.695884e-11 9.940294e-01 -2.125130e-03
4.709768e+02 7.664329e-11 9.941364e-01 -2.122885e-03
4.714772e+02 7.632936e-11 9.942432e-01 -2.120645e-03
4.719776e+02 7.601704e-11 9.943498e-01 -2.118409e-03
4.724780e+02 7.570631e-11 9.944562e-01 -2.116177e-03
4.729784e+02 7.539717e-11 9.945624e-01 -2.113951e-03
4.734788e+02 7.508960e-11 9.946683e-01 -2.111728e-03
4.739792e+02 7.478360e-11 9.947741e-01 -2.109510e-03
4.744796e+02 7.447916e-11 9.948796e-01 -2.107297e-03
4.749800e+02 7.417626e-11 9.949850e-01 -2.105087e-03
4.754804e+02 7.387490e-11 9.950901e-01 -2.102883e-03
4.759808e+02 7.357508e-11 9.951950e-01 -2.100682e-03
4.764812e+02 7.327677e-11 9.952997e-01 -2.098487e-03
4.769816e+02 7.297997e-11 9.954042e-01 -2.096295e-03
4.774820e+02 7.268467e-11 9.955085e-01 -2.094108e-03
4.779824e+02 7.239087e-11 9.956126e-01 -2.091925e-03
4.784828e+02 7.209855e-11 9.957165e-01 -2.089747e-03
4.789832e+02 7.180770e-11 9.958202e-01 -2.087572e-03
4.794836e+02 7.151832e-11 9.959237e-01 -2.085403e-03
4.799840e+02 7.123039e-11 9.960270e-01 -2.083237e-03
4.804844e+02 7.094391e-11 9.961301e-01 -2.081076e-03
4.809848e+02 7.065887e-11 9.962330e-01 -2.078919e-03
4.814852e+02 7.037526e-11 9.963357e-01 -2.076766e-03
4.819856e+02 7.009307e-11 9.964382e-01 -2.074618e-03
4.824860e+02 6.981230e-11 9.965405e-01 -2.072473e-03
4.829864e+02 6.953292e-11 9.966426e-01 -2.070333e-03
4.834868e+02 6.925495e-11 9.967445e-01 -2.068198e-03
4.839872e+02 6.897836e-11 9.968462e-01 -2.066066e-03
4.844876e+02 6.870315e-11 9.969477e-01 -2.063939e-03
4.849880e+02 6.842932e-11 9.970490e-01 -2.061815e-03
4.854884e+02 6.815684e-11 9.971501e-01 -2.059696e-03
4.859888e+02 6.788572e-11 9.972510e-01 -2.057581e-03
4.864892e+02 6.761595e-11 9.973518e-01 -2.055471e-03
4.869896e+02 6.734752e-11 9.974523e-01 -2.053364e-03
4.874900e+02 6.708042e-11 9.975526e-01 -2.051261e-03
4.879904e+02 6.681464e-11 9.976528e-01 -2.049163e-03
4.884908e+02 6.655017e-11 9.977527e-01 -2.047069e-03
4.889912e+02 6.628701e-11 9.978525e-01 -2.044978e-03
4.894916e+02 6.602516e-11 9.979521e-01 -2.042892e-03
4.899920e+02 6.576459e-11 9.980515e-01 -2.040810e-03
4.904924e+02 6.550531e-11 9.981506e-01 -2.038732e-03
4.909928e+02 6.524730e-11 9.982496e-01 -2.036658e-03
4.914932e+02 6.499056e-11 9.983485e-01 -2.034588e-03
4.919936e+02 6.473509e-11 9.984471e-01 -2.032522e-03
4.924940e+02 6.448087e-11 9.985455e-01 -2.030459e-03
4.929944e+02 6.422789e-11 9.986438e-01 -2.028401e-03
4.934948e+02 6.397616e-11 9.987419e-01 -2.026347e-03
4.939952e+02 6.372566e-11 9.988397e-01 -2.024297e-03
4.944956e+02 6.347638e-11 9.989374e-01 -2.022251e-03
4.949960e+02 6.322832e-11 9.990349e-01 -2.020209e-03
4.954964e+02 6.298147e-11 9.991323e-01 -2.018170e-03
4.959968e+02 6.273582e-11 9.992294e-01 -2.016136e-03
4.964972e+02 6.249137e-11 9.993264e-01 -2.014105e-03
4.969976e+02 6.224811e-11 9.994231e-01 -2.012079e-03
4.974980e+02 6.200603e-11 9.995197e-01 -2.010056e-03
4.979984e+02 6.176513e-11 9.996162e-01 -2.008037e-03
4.984988e+02 6.152540e-11 9.997124e-01 -2.006022e-03
4.989992e+02 6.128683e-11 9.998084e-01 -2.004011e-03
4.994996e+02 6.104941e-11 9.999043e-01 -2.002004e-03
5.000000e+02 6.081314e-11 1.000000e+00 -2.000000e-03
