! /n/nyx3/garavito/projects/XMC-Atlas/scripts/test_halo_108/modelname_halo_0348.txt
! R    D    M    P
1000
1.000000e-01 1.119623e-04 1.923343e-17 -4.084200e-02
6.004004e-01 9.621062e-05 1.125644e-04 -4.081266e-02
1.100801e+00 8.315044e-05 5.384044e-04 -4.064488e-02
1.601201e+00 7.224546e-05 1.437572e-03 -4.040209e-02
2.101602e+00 6.308059e-05 2.895923e-03 -4.010171e-02
2.602002e+00 5.533146e-05 4.949738e-03 -3.975655e-02
3.102402e+00 4.874239e-05 7.602604e-03 -3.937671e-02
3.602803e+00 4.311019e-05 1.083701e-02 -3.897032e-02
4.103203e+00 3.827217e-05 1.462232e-02 -3.854393e-02
4.603604e+00 3.409713e-05 1.892028e-02 -3.810291e-02
5.104004e+00 3.047855e-05 2.368869e-02 -3.765158e-02
5.604404e+00 2.732943e-05 2.888399e-02 -3.719351e-02
6.104805e+00 2.457829e-05 3.446289e-02 -3.673159e-02
6.605205e+00 2.216606e-05 4.038349e-02 -3.626818e-02
7.105606e+00 2.004369e-05 4.660592e-02 -3.580520e-02
7.606006e+00 1.817024e-05 5.309275e-02 -3.534422e-02
8.106406e+00 1.651137e-05 5.980919e-02 -3.488651e-02
8.606807e+00 1.503817e-05 6.672311e-02 -3.443308e-02
9.107207e+00 1.372617e-05 7.380506e-02 -3.398476e-02
9.607608e+00 1.255461e-05 8.102812e-02 -3.354221e-02
1.010801e+01 1.150578e-05 8.836783e-02 -3.310592e-02
1.060841e+01 1.056453e-05 9.580202e-02 -3.267629e-02
1.110881e+01 9.717844e-06 1.033106e-01 -3.225362e-02
1.160921e+01 8.954529e-06 1.108756e-01 -3.183813e-02
1.210961e+01 8.264900e-06 1.184806e-01 -3.142997e-02
1.261001e+01 7.640561e-06 1.261111e-01 -3.102922e-02
1.311041e+01 7.074219e-06 1.337541e-01 -3.063595e-02
1.361081e+01 6.559511e-06 1.413978e-01 -3.025014e-02
1.411121e+01 6.090880e-06 1.490318e-01 -2.987180e-02
1.461161e+01 5.663452e-06 1.566468e-01 -2.950085e-02
1.511201e+01 5.272947e-06 1.642346e-01 -2.913725e-02
1.561241e+01 4.915595e-06 1.717879e-01 -2.878089e-02
1.611281e+01 4.588070e-06 1.793002e-01 -2.843168e-02
1.661321e+01 4.287427e-06 1.867659e-01 -2.808950e-02
1.711361e+01 4.011057e-06 1.941799e-01 -2.775423e-02
1.761401e+01 3.756642e-06 2.015379e-01 -2.742576e-02
1.811441e+01 3.522118e-06 2.088361e-01 -2.710393e-02
1.861481e+01 3.305644e-06 2.160712e-01 -2.678863e-02
1.911522e+01 3.105577e-06 2.232404e-01 -2.647970e-02
1.961562e+01 2.920444e-06 2.303412e-01 -2.617701e-02
2.011602e+01 2.748925e-06 2.373717e-01 -2.588042e-02
2.061642e+01 2.589835e-06 2.443300e-01 -2.558979e-02
2.111682e+01 2.442107e-06 2.512148e-01 -2.530498e-02
2.161722e+01 2.304778e-06 2.580250e-01 -2.502584e-02
2.211762e+01 2.176983e-06 2.647597e-01 -2.475225e-02
2.261802e+01 2.057936e-06 2.714181e-01 -2.448407e-02
2.311842e+01 1.946927e-06 2.779998e-01 -2.422116e-02
2.361882e+01 1.843314e-06 2.845045e-01 -2.396339e-02
2.411922e+01 1.746512e-06 2.909320e-01 -2.371064e-02
2.461962e+01 1.655990e-06 2.972823e-01 -2.346278e-02
2.512002e+01 1.571264e-06 3.035555e-01 -2.321968e-02
2.562042e+01 1.491895e-06 3.097519e-01 -2.298124e-02
2.612082e+01 1.417481e-06 3.158717e-01 -2.274733e-02
2.662122e+01 1.347655e-06 3.219153e-01 -2.251783e-02
2.712162e+01 1.282081e-06 3.278833e-01 -2.229264e-02
2.762202e+01 1.220451e-06 3.337761e-01 -2.207165e-02
2.812242e+01 1.162485e-06 3.395944e-01 -2.185475e-02
2.862282e+01 1.107923e-06 3.453389e-01 -2.164184e-02
2.912322e+01 1.056529e-06 3.510102e-01 -2.143282e-02
2.962362e+01 1.008084e-06 3.566091e-01 -2.122760e-02
3.012402e+01 9.623860e-07 3.621364e-01 -2.102607e-02
3.062442e+01 9.192514e-07 3.675929e-01 -2.082815e-02
3.112482e+01 8.785089e-07 3.729793e-01 -2.063375e-02
3.162523e+01 8.400010e-07 3.782966e-01 -2.044278e-02
3.212563e+01 8.035820e-07 3.835456e-01 -2.025516e-02
3.262603e+01 7.691174e-07 3.887272e-01 -2.007080e-02
3.312643e+01 7.364824e-07 3.938423e-01 -1.988963e-02
3.362683e+01 7.055617e-07 3.988917e-01 -1.971156e-02
3.412723e+01 6.762482e-07 4.038765e-01 -1.953654e-02
3.462763e+01 6.484427e-07 4.087974e-01 -1.936447e-02
3.512803e+01 6.220529e-07 4.136555e-01 -1.919529e-02
3.562843e+01 5.969931e-07 4.184516e-01 -1.902894e-02
3.612883e+01 5.731837e-07 4.231865e-01 -1.886534e-02
3.662923e+01 5.505504e-07 4.278614e-01 -1.870443e-02
3.712963e+01 5.290242e-07 4.324769e-01 -1.854615e-02
3.763003e+01 5.085406e-07 4.370340e-01 -1.839044e-02
3.813043e+01 4.890397e-07 4.415336e-01 -1.823724e-02
3.863083e+01 4.704653e-07 4.459767e-01 -1.808648e-02
3.913123e+01 4.527651e-07 4.503639e-01 -1.793812e-02
3.963163e+01 4.358901e-07 4.546963e-01 -1.779210e-02
4.013203e+01 4.197946e-07 4.589747e-01 -1.764837e-02
4.063243e+01 4.044356e-07 4.631998e-01 -1.750687e-02
4.113283e+01 3.897732e-07 4.673726e-01 -1.736756e-02
4.163323e+01 3.757698e-07 4.714939e-01 -1.723039e-02
4.213363e+01 3.623900e-07 4.755645e-01 -1.709530e-02
4.263403e+01 3.496008e-07 4.795851e-01 -1.696226e-02
4.313443e+01 3.373712e-07 4.835566e-01 -1.683122e-02
4.363483e+01 3.256721e-07 4.874798e-01 -1.670213e-02
4.413524e+01 3.144760e-07 4.913554e-01 -1.657496e-02
4.463564e+01 3.037573e-07 4.951842e-01 -1.644966e-02
4.513604e+01 2.934916e-07 4.989669e-01 -1.632620e-02
4.563644e+01 2.836562e-07 5.027042e-01 -1.620453e-02
4.613684e+01 2.742296e-07 5.063969e-01 -1.608461e-02
4.663724e+01 2.651916e-07 5.100458e-01 -1.596642e-02
4.713764e+01 2.565231e-07 5.136514e-01 -1.584991e-02
4.763804e+01 2.482061e-07 5.172145e-01 -1.573505e-02
4.813844e+01 2.402237e-07 5.207357e-01 -1.562180e-02
4.863884e+01 2.325597e-07 5.242158e-01 -1.551013e-02
4.913924e+01 2.251991e-07 5.276553e-01 -1.540002e-02
4.963964e+01 2.181276e-07 5.310549e-01 -1.529142e-02
5.014004e+01 2.113316e-07 5.344152e-01 -1.518431e-02
5.064044e+01 2.047984e-07 5.377370e-01 -1.507866e-02
5.114084e+01 1.985158e-07 5.410206e-01 -1.497444e-02
5.164124e+01 1.924724e-07 5.442669e-01 -1.487162e-02
5.214164e+01 1.866574e-07 5.474763e-01 -1.477018e-02
5.264204e+01 1.810604e-07 5.506494e-01 -1.467008e-02
5.314244e+01 1.756718e-07 5.537868e-01 -1.457130e-02
5.364284e+01 1.704822e-07 5.568891e-01 -1.447382e-02
5.414324e+01 1.654829e-07 5.599567e-01 -1.437760e-02
5.464364e+01 1.606656e-07 5.629903e-01 -1.428264e-02
5.514404e+01 1.560225e-07 5.659903e-01 -1.418889e-02
5.564444e+01 1.515459e-07 5.689574e-01 -1.409635e-02
5.614484e+01 1.472288e-07 5.718919e-01 -1.400498e-02
5.664525e+01 1.430644e-07 5.747944e-01 -1.391477e-02
5.714565e+01 1.390463e-07 5.776653e-01 -1.382569e-02
5.764605e+01 1.351683e-07 5.805052e-01 -1.373773e-02
5.814645e+01 1.314246e-07 5.833145e-01 -1.365085e-02
5.864685e+01 1.278097e-07 5.860937e-01 -1.356505e-02
5.914725e+01 1.243183e-07 5.888433e-01 -1.348031e-02
5.964765e+01 1.209453e-07 5.915636e-01 -1.339659e-02
6.014805e+01 1.176861e-07 5.942552e-01 -1.331389e-02
6.064845e+01 1.145359e-07 5.969184e-01 -1.323219e-02
6.114885e+01 1.114904e-07 5.995537e-01 -1.315147e-02
6.164925e+01 1.085455e-07 6.021615e-01 -1.307171e-02
6.214965e+01 1.056973e-07 6.047423e-01 -1.299290e-02
6.265005e+01 1.029419e-07 6.072963e-01 -1.291502e-02
6.315045e+01 1.002757e-07 6.098240e-01 -1.283804e-02
6.365085e+01 9.769539e-08 6.123257e-01 -1.276197e-02
6.415125e+01 9.519752e-08 6.148020e-01 -1.268678e-02
6.465165e+01 9.277900e-08 6.172530e-01 -1.261245e-02
6.515205e+01 9.043683e-08 6.196793e-01 -1.253898e-02
6.565245e+01 8.816813e-08 6.220811e-01 -1.246634e-02
6.615285e+01 8.597015e-08 6.244589e-01 -1.239453e-02
6.665325e+01 8.384026e-08 6.268128e-01 -1.232353e-02
6.715365e+01 8.177595e-08 6.291434e-01 -1.225332e-02
6.765405e+01 7.977480e-08 6.314509e-01 -1.218390e-02
6.815445e+01 7.783451e-08 6.337357e-01 -1.211525e-02
6.865485e+01 7.595287e-08 6.359980e-01 -1.204735e-02
6.915526e+01 7.412777e-08 6.382382e-01 -1.198020e-02
6.965566e+01 7.235718e-08 6.404567e-01 -1.191379e-02
7.015606e+01 7.063915e-08 6.426536e-01 -1.184809e-02
7.065646e+01 6.897183e-08 6.448293e-01 -1.178310e-02
7.115686e+01 6.735343e-08 6.469842e-01 -1.171882e-02
7.165726e+01 6.578223e-08 6.491184e-01 -1.165522e-02
7.215766e+01 6.425660e-08 6.512323e-01 -1.159230e-02
7.265806e+01 6.277495e-08 6.533262e-01 -1.153004e-02
7.315846e+01 6.133578e-08 6.554003e-01 -1.146844e-02
7.365886e+01 5.993762e-08 6.574549e-01 -1.140748e-02
7.415926e+01 5.857909e-08 6.594903e-01 -1.134716e-02
7.465966e+01 5.725884e-08 6.615067e-01 -1.128746e-02
7.516006e+01 5.597559e-08 6.635044e-01 -1.122838e-02
7.566046e+01 5.472810e-08 6.654836e-01 -1.116991e-02
7.616086e+01 5.351517e-08 6.674446e-01 -1.111204e-02
7.666126e+01 5.233567e-08 6.693876e-01 -1.105475e-02
7.716166e+01 5.118850e-08 6.713129e-01 -1.099804e-02
7.766206e+01 5.007260e-08 6.732207e-01 -1.094190e-02
7.816246e+01 4.898694e-08 6.751112e-01 -1.088633e-02
7.866286e+01 4.793056e-08 6.769847e-01 -1.083131e-02
7.916326e+01 4.690251e-08 6.788413e-01 -1.077683e-02
7.966366e+01 4.590188e-08 6.806814e-01 -1.072289e-02
8.016406e+01 4.492780e-08 6.825050e-01 -1.066949e-02
8.066446e+01 4.397943e-08 6.843125e-01 -1.061660e-02
8.116486e+01 4.305596e-08 6.861040e-01 -1.056423e-02
8.166527e+01 4.215661e-08 6.878798e-01 -1.051236e-02
8.216567e+01 4.128062e-08 6.896400e-01 -1.046100e-02
8.266607e+01 4.042727e-08 6.913849e-01 -1.041013e-02
8.316647e+01 3.959586e-08 6.931146e-01 -1.035974e-02
8.366687e+01 3.878572e-08 6.948293e-01 -1.030984e-02
8.416727e+01 3.799620e-08 6.965292e-01 -1.026040e-02
8.466767e+01 3.722668e-08 6.982146e-01 -1.021143e-02
8.516807e+01 3.647654e-08 6.998855e-01 -1.016292e-02
8.566847e+01 3.574520e-08 7.015422e-01 -1.011486e-02
8.616887e+01 3.503211e-08 7.031849e-01 -1.006725e-02
8.666927e+01 3.433671e-08 7.048136e-01 -1.002008e-02
8.716967e+01 3.365848e-08 7.064287e-01 -9.973345e-03
8.767007e+01 3.299693e-08 7.080302e-01 -9.927036e-03
8.817047e+01 3.235155e-08 7.096184e-01 -9.881150e-03
8.867087e+01 3.172187e-08 7.111933e-01 -9.835680e-03
8.917127e+01 3.110745e-08 7.127552e-01 -9.790622e-03
8.967167e+01 3.050783e-08 7.143042e-01 -9.745969e-03
9.017207e+01 2.992259e-08 7.158404e-01 -9.701716e-03
9.067247e+01 2.935132e-08 7.173641e-01 -9.657857e-03
9.117287e+01 2.879362e-08 7.188753e-01 -9.614389e-03
9.167327e+01 2.824911e-08 7.203743e-01 -9.571305e-03
9.217367e+01 2.771742e-08 7.218611e-01 -9.528600e-03
9.267407e+01 2.719817e-08 7.233360e-01 -9.486270e-03
9.317447e+01 2.669103e-08 7.247989e-01 -9.444309e-03
9.367487e+01 2.619566e-08 7.262502e-01 -9.402713e-03
9.417528e+01 2.571173e-08 7.276899e-01 -9.361477e-03
9.467568e+01 2.523892e-08 7.291182e-01 -9.320597e-03
9.517608e+01 2.477693e-08 7.305351e-01 -9.280067e-03
9.567648e+01 2.432547e-08 7.319409e-01 -9.239884e-03
9.617688e+01 2.388425e-08 7.333357e-01 -9.200042e-03
9.667728e+01 2.345299e-08 7.347195e-01 -9.160539e-03
9.717768e+01 2.303141e-08 7.360925e-01 -9.121369e-03
9.767808e+01 2.261927e-08 7.374549e-01 -9.082528e-03
9.817848e+01 2.221631e-08 7.388067e-01 -9.044012e-03
9.867888e+01 2.182229e-08 7.401481e-01 -9.005817e-03
9.917928e+01 2.143696e-08 7.414792e-01 -8.967940e-03
9.967968e+01 2.106010e-08 7.428001e-01 -8.930375e-03
1.001801e+02 2.069149e-08 7.441109e-01 -8.893120e-03
1.006805e+02 2.033091e-08 7.454118e-01 -8.856170e-03
1.011809e+02 1.997815e-08 7.467028e-01 -8.819523e-03
1.016813e+02 1.963301e-08 7.479841e-01 -8.783173e-03
1.021817e+02 1.929530e-08 7.492557e-01 -8.747118e-03
1.026821e+02 1.896481e-08 7.505178e-01 -8.711354e-03
1.031825e+02 1.864137e-08 7.517705e-01 -8.675877e-03
1.036829e+02 1.832480e-08 7.530139e-01 -8.640685e-03
1.041833e+02 1.801492e-08 7.542480e-01 -8.605773e-03
1.046837e+02 1.771156e-08 7.554731e-01 -8.571138e-03
1.051841e+02 1.741457e-08 7.566891e-01 -8.536778e-03
1.056845e+02 1.712377e-08 7.578962e-01 -8.502688e-03
1.061849e+02 1.683902e-08 7.590945e-01 -8.468867e-03
1.066853e+02 1.656017e-08 7.602841e-01 -8.435309e-03
1.071857e+02 1.628706e-08 7.614650e-01 -8.402013e-03
1.076861e+02 1.601956e-08 7.626374e-01 -8.368976e-03
1.081865e+02 1.575753e-08 7.638014e-01 -8.336194e-03
1.086869e+02 1.550084e-08 7.649569e-01 -8.303664e-03
1.091873e+02 1.524936e-08 7.661043e-01 -8.271384e-03
1.096877e+02 1.500295e-08 7.672434e-01 -8.239351e-03
1.101881e+02 1.476151e-08 7.683744e-01 -8.207562e-03
1.106885e+02 1.452490e-08 7.694975e-01 -8.176014e-03
1.111889e+02 1.429301e-08 7.706125e-01 -8.144705e-03
1.116893e+02 1.406573e-08 7.717198e-01 -8.113631e-03
1.121897e+02 1.384296e-08 7.728193e-01 -8.082790e-03
1.126901e+02 1.362457e-08 7.739111e-01 -8.052180e-03
1.131905e+02 1.341048e-08 7.749953e-01 -8.021798e-03
1.136909e+02 1.320058e-08 7.760720e-01 -7.991641e-03
1.141913e+02 1.299476e-08 7.771412e-01 -7.961708e-03
1.146917e+02 1.279295e-08 7.782030e-01 -7.931994e-03
1.151921e+02 1.259503e-08 7.792576e-01 -7.902499e-03
1.156925e+02 1.240094e-08 7.803049e-01 -7.873220e-03
1.161929e+02 1.221056e-08 7.813451e-01 -7.844153e-03
1.166933e+02 1.202383e-08 7.823782e-01 -7.815298e-03
1.171937e+02 1.184065e-08 7.834043e-01 -7.786652e-03
1.176941e+02 1.166094e-08 7.844235e-01 -7.758212e-03
1.181945e+02 1.148464e-08 7.854358e-01 -7.729976e-03
1.186949e+02 1.131165e-08 7.864413e-01 -7.701943e-03
1.191953e+02 1.114191e-08 7.874400e-01 -7.674109e-03
1.196957e+02 1.097534e-08 7.884321e-01 -7.646473e-03
1.201961e+02 1.081187e-08 7.894176e-01 -7.619033e-03
1.206965e+02 1.065144e-08 7.903966e-01 -7.591787e-03
1.211969e+02 1.049397e-08 7.913691e-01 -7.564732e-03
1.216973e+02 1.033940e-08 7.923352e-01 -7.537867e-03
1.221977e+02 1.018767e-08 7.932950e-01 -7.511189e-03
1.226981e+02 1.003870e-08 7.942484e-01 -7.484697e-03
1.231985e+02 9.892457e-09 7.951957e-01 -7.458389e-03
1.236989e+02 9.748863e-09 7.961368e-01 -7.432263e-03
1.241993e+02 9.607866e-09 7.970718e-01 -7.406317e-03
1.246997e+02 9.469408e-09 7.980007e-01 -7.380548e-03
1.252001e+02 9.333436e-09 7.989237e-01 -7.354956e-03
1.257005e+02 9.199897e-09 7.998407e-01 -7.329539e-03
1.262009e+02 9.068737e-09 8.007519e-01 -7.304294e-03
1.267013e+02 8.939906e-09 8.016572e-01 -7.279221e-03
1.272017e+02 8.813356e-09 8.025568e-01 -7.254316e-03
1.277021e+02 8.689037e-09 8.034507e-01 -7.229579e-03
1.282025e+02 8.566903e-09 8.043389e-01 -7.205008e-03
1.287029e+02 8.446907e-09 8.052215e-01 -7.180602e-03
1.292033e+02 8.329005e-09 8.060986e-01 -7.156357e-03
1.297037e+02 8.213153e-09 8.069702e-01 -7.132274e-03
1.302041e+02 8.099309e-09 8.078363e-01 -7.108350e-03
1.307045e+02 7.987431e-09 8.086970e-01 -7.084584e-03
1.312049e+02 7.877478e-09 8.095524e-01 -7.060974e-03
1.317053e+02 7.769410e-09 8.104025e-01 -7.037519e-03
1.322057e+02 7.663190e-09 8.112474e-01 -7.014217e-03
1.327061e+02 7.558779e-09 8.120870e-01 -6.991067e-03
1.332065e+02 7.456140e-09 8.129215e-01 -6.968067e-03
1.337069e+02 7.355238e-09 8.137509e-01 -6.945216e-03
1.342073e+02 7.256037e-09 8.145753e-01 -6.922512e-03
1.347077e+02 7.158503e-09 8.153946e-01 -6.899954e-03
1.352081e+02 7.062603e-09 8.162090e-01 -6.877541e-03
1.357085e+02 6.968303e-09 8.170184e-01 -6.855270e-03
1.362089e+02 6.875572e-09 8.178230e-01 -6.833142e-03
1.367093e+02 6.784379e-09 8.186227e-01 -6.811154e-03
1.372097e+02 6.694692e-09 8.194176e-01 -6.789305e-03
1.377101e+02 6.606483e-09 8.202078e-01 -6.767594e-03
1.382105e+02 6.519722e-09 8.209933e-01 -6.746019e-03
1.387109e+02 6.434381e-09 8.217741e-01 -6.724580e-03
1.392113e+02 6.350432e-09 8.225503e-01 -6.703274e-03
1.397117e+02 6.267847e-09 8.233219e-01 -6.682102e-03
1.402121e+02 6.186601e-09 8.240890e-01 -6.661060e-03
1.407125e+02 6.106667e-09 8.248516e-01 -6.640149e-03
1.412129e+02 6.028020e-09 8.256097e-01 -6.619367e-03
1.417133e+02 5.950635e-09 8.263633e-01 -6.598713e-03
1.422137e+02 5.874489e-09 8.271126e-01 -6.578186e-03
1.427141e+02 5.799556e-09 8.278576e-01 -6.557784e-03
1.432145e+02 5.725814e-09 8.285982e-01 -6.537507e-03
1.437149e+02 5.653241e-09 8.293345e-01 -6.517352e-03
1.442153e+02 5.581814e-09 8.300667e-01 -6.497320e-03
1.447157e+02 5.511512e-09 8.307946e-01 -6.477409e-03
1.452161e+02 5.442313e-09 8.315183e-01 -6.457618e-03
1.457165e+02 5.374197e-09 8.322379e-01 -6.437946e-03
1.462169e+02 5.307143e-09 8.329535e-01 -6.418391e-03
1.467173e+02 5.241132e-09 8.336649e-01 -6.398954e-03
1.472177e+02 5.176145e-09 8.343724e-01 -6.379632e-03
1.477181e+02 5.112161e-09 8.350758e-01 -6.360424e-03
1.482185e+02 5.049163e-09 8.357753e-01 -6.341331e-03
1.487189e+02 4.987133e-09 8.364708e-01 -6.322349e-03
1.492193e+02 4.926052e-09 8.371625e-01 -6.303480e-03
1.497197e+02 4.865904e-09 8.378503e-01 -6.284721e-03
1.502201e+02 4.806671e-09 8.385343e-01 -6.266072e-03
1.507205e+02 4.748336e-09 8.392145e-01 -6.247532e-03
1.512209e+02 4.690884e-09 8.398909e-01 -6.229100e-03
1.517213e+02 4.634299e-09 8.405635e-01 -6.210774e-03
1.522217e+02 4.578564e-09 8.412325e-01 -6.192555e-03
1.527221e+02 4.523664e-09 8.418978e-01 -6.174440e-03
1.532225e+02 4.469585e-09 8.425595e-01 -6.156430e-03
1.537229e+02 4.416312e-09 8.432175e-01 -6.138523e-03
1.542233e+02 4.363830e-09 8.438720e-01 -6.120718e-03
1.547237e+02 4.312126e-09 8.445229e-01 -6.103015e-03
1.552241e+02 4.261185e-09 8.451703e-01 -6.085412e-03
1.557245e+02 4.210994e-09 8.458141e-01 -6.067909e-03
1.562249e+02 4.161540e-09 8.464545e-01 -6.050505e-03
1.567253e+02 4.112810e-09 8.470915e-01 -6.033199e-03
1.572257e+02 4.064791e-09 8.477251e-01 -6.015990e-03
1.577261e+02 4.017471e-09 8.483552e-01 -5.998878e-03
1.582265e+02 3.970838e-09 8.489820e-01 -5.981861e-03
1.587269e+02 3.924879e-09 8.496055e-01 -5.964939e-03
1.592273e+02 3.879584e-09 8.502256e-01 -5.948112e-03
1.597277e+02 3.834940e-09 8.508425e-01 -5.931377e-03
1.602281e+02 3.790936e-09 8.514561e-01 -5.914735e-03
1.607285e+02 3.747562e-09 8.520665e-01 -5.898185e-03
1.612289e+02 3.704806e-09 8.526737e-01 -5.881726e-03
1.617293e+02 3.662659e-09 8.532777e-01 -5.865357e-03
1.622297e+02 3.621109e-09 8.538786e-01 -5.849077e-03
1.627301e+02 3.580146e-09 8.544763e-01 -5.832886e-03
1.632305e+02 3.539762e-09 8.550709e-01 -5.816784e-03
1.637309e+02 3.499945e-09 8.556624e-01 -5.800768e-03
1.642313e+02 3.460686e-09 8.562509e-01 -5.784839e-03
1.647317e+02 3.421977e-09 8.568364e-01 -5.768997e-03
1.652321e+02 3.383807e-09 8.574188e-01 -5.753239e-03
1.657325e+02 3.346168e-09 8.579982e-01 -5.737566e-03
1.662329e+02 3.309051e-09 8.585747e-01 -5.721977e-03
1.667333e+02 3.272447e-09 8.591482e-01 -5.706471e-03
1.672337e+02 3.236348e-09 8.597188e-01 -5.691047e-03
1.677341e+02 3.200745e-09 8.602865e-01 -5.675705e-03
1.682345e+02 3.165631e-09 8.608514e-01 -5.660445e-03
1.687349e+02 3.130997e-09 8.614134e-01 -5.645265e-03
1.692353e+02 3.096835e-09 8.619725e-01 -5.630165e-03
1.697357e+02 3.063138e-09 8.625288e-01 -5.615144e-03
1.702361e+02 3.029898e-09 8.630824e-01 -5.600203e-03
1.707365e+02 2.997108e-09 8.636332e-01 -5.585339e-03
1.712369e+02 2.964760e-09 8.641812e-01 -5.570552e-03
1.717373e+02 2.932847e-09 8.647265e-01 -5.555843e-03
1.722377e+02 2.901363e-09 8.652691e-01 -5.541210e-03
1.727381e+02 2.870300e-09 8.658090e-01 -5.526652e-03
1.732385e+02 2.839652e-09 8.663462e-01 -5.512170e-03
1.737389e+02 2.809411e-09 8.668808e-01 -5.497762e-03
1.742393e+02 2.779573e-09 8.674127e-01 -5.483428e-03
1.747397e+02 2.750129e-09 8.679420e-01 -5.469167e-03
1.752401e+02 2.721074e-09 8.684688e-01 -5.454979e-03
1.757405e+02 2.692402e-09 8.689930e-01 -5.440864e-03
1.762409e+02 2.664107e-09 8.695146e-01 -5.426820e-03
1.767413e+02 2.636182e-09 8.700337e-01 -5.412847e-03
1.772417e+02 2.608622e-09 8.705502e-01 -5.398945e-03
1.777421e+02 2.581422e-09 8.710643e-01 -5.385113e-03
1.782425e+02 2.554575e-09 8.715759e-01 -5.371351e-03
1.787429e+02 2.528076e-09 8.720850e-01 -5.357658e-03
1.792433e+02 2.501920e-09 8.725917e-01 -5.344033e-03
1.797437e+02 2.476101e-09 8.730959e-01 -5.330476e-03
1.802441e+02 2.450615e-09 8.735978e-01 -5.316987e-03
1.807445e+02 2.425456e-09 8.740972e-01 -5.303564e-03
1.812449e+02 2.400619e-09 8.745943e-01 -5.290208e-03
1.817453e+02 2.376098e-09 8.750890e-01 -5.276919e-03
1.822457e+02 2.351891e-09 8.755814e-01 -5.263694e-03
1.827461e+02 2.327990e-09 8.760714e-01 -5.250535e-03
1.832465e+02 2.304393e-09 8.765592e-01 -5.237441e-03
1.837469e+02 2.281094e-09 8.770446e-01 -5.224410e-03
1.842473e+02 2.258088e-09 8.775278e-01 -5.211443e-03
1.847477e+02 2.235372e-09 8.780087e-01 -5.198539e-03
1.852481e+02 2.212941e-09 8.784873e-01 -5.185698e-03
1.857485e+02 2.190790e-09 8.789637e-01 -5.172919e-03
1.862489e+02 2.168916e-09 8.794379e-01 -5.160202e-03
1.867493e+02 2.147315e-09 8.799099e-01 -5.147547e-03
1.872497e+02 2.125981e-09 8.803798e-01 -5.134952e-03
1.877502e+02 2.104912e-09 8.808474e-01 -5.122417e-03
1.882506e+02 2.084103e-09 8.813129e-01 -5.109943e-03
1.887510e+02 2.063551e-09 8.817763e-01 -5.097528e-03
1.892514e+02 2.043251e-09 8.822375e-01 -5.085173e-03
1.897518e+02 2.023201e-09 8.826967e-01 -5.072876e-03
1.902522e+02 2.003396e-09 8.831537e-01 -5.060638e-03
1.907526e+02 1.983832e-09 8.836086e-01 -5.048457e-03
1.912530e+02 1.964507e-09 8.840615e-01 -5.036334e-03
1.917534e+02 1.945417e-09 8.845124e-01 -5.024268e-03
1.922538e+02 1.926558e-09 8.849611e-01 -5.012259e-03
1.927542e+02 1.907927e-09 8.854079e-01 -5.000306e-03
1.932546e+02 1.889520e-09 8.858527e-01 -4.988409e-03
1.937550e+02 1.871335e-09 8.862954e-01 -4.976568e-03
1.942554e+02 1.853369e-09 8.867362e-01 -4.964781e-03
1.947558e+02 1.835617e-09 8.871750e-01 -4.953050e-03
1.952562e+02 1.818078e-09 8.876118e-01 -4.941372e-03
1.957566e+02 1.800747e-09 8.880467e-01 -4.929749e-03
1.962570e+02 1.783623e-09 8.884797e-01 -4.918180e-03
1.967574e+02 1.766701e-09 8.889107e-01 -4.906663e-03
1.972578e+02 1.749980e-09 8.893399e-01 -4.895200e-03
1.977582e+02 1.733456e-09 8.897671e-01 -4.883789e-03
1.982586e+02 1.717127e-09 8.901924e-01 -4.872430e-03
1.987590e+02 1.700989e-09 8.906159e-01 -4.861123e-03
1.992594e+02 1.685041e-09 8.910376e-01 -4.849868e-03
1.997598e+02 1.669279e-09 8.914573e-01 -4.838663e-03
2.002602e+02 1.653701e-09 8.918753e-01 -4.827509e-03
2.007606e+02 1.638305e-09 8.922914e-01 -4.816406e-03
2.012610e+02 1.623087e-09 8.927057e-01 -4.805353e-03
2.017614e+02 1.608045e-09 8.931183e-01 -4.794350e-03
2.022618e+02 1.593178e-09 8.935290e-01 -4.783396e-03
2.027622e+02 1.578481e-09 8.939380e-01 -4.772491e-03
2.032626e+02 1.563954e-09 8.943452e-01 -4.761634e-03
2.037630e+02 1.549594e-09 8.947506e-01 -4.750826e-03
2.042634e+02 1.535398e-09 8.951543e-01 -4.740067e-03
2.047638e+02 1.521364e-09 8.955563e-01 -4.729355e-03
2.052642e+02 1.507490e-09 8.959565e-01 -4.718690e-03
2.057646e+02 1.493774e-09 8.963551e-01 -4.708073e-03
2.062650e+02 1.480214e-09 8.967519e-01 -4.697502e-03
2.067654e+02 1.466807e-09 8.971471e-01 -4.686978e-03
2.072658e+02 1.453551e-09 8.975406e-01 -4.676500e-03
2.077662e+02 1.440446e-09 8.979324e-01 -4.666068e-03
2.082666e+02 1.427487e-09 8.983226e-01 -4.655682e-03
2.087670e+02 1.414674e-09 8.987111e-01 -4.645341e-03
2.092674e+02 1.402004e-09 8.990980e-01 -4.635045e-03
2.097678e+02 1.389476e-09 8.994833e-01 -4.624794e-03
2.102682e+02 1.377087e-09 8.998670e-01 -4.614587e-03
2.107686e+02 1.364836e-09 9.002490e-01 -4.604424e-03
2.112690e+02 1.352722e-09 9.006295e-01 -4.594306e-03
2.117694e+02 1.340741e-09 9.010084e-01 -4.584230e-03
2.122698e+02 1.328892e-09 9.013857e-01 -4.574198e-03
2.127702e+02 1.317175e-09 9.017614e-01 -4.564209e-03
2.132706e+02 1.305586e-09 9.021356e-01 -4.554263e-03
2.137710e+02 1.294124e-09 9.025083e-01 -4.544359e-03
2.142714e+02 1.282788e-09 9.028794e-01 -4.534498e-03
2.147718e+02 1.271575e-09 9.032490e-01 -4.524678e-03
2.152722e+02 1.260485e-09 9.036170e-01 -4.514900e-03
2.157726e+02 1.249516e-09 9.039836e-01 -4.505164e-03
2.162730e+02 1.238665e-09 9.043487e-01 -4.495468e-03
2.167734e+02 1.227932e-09 9.047122e-01 -4.485814e-03
2.172738e+02 1.217316e-09 9.050743e-01 -4.476200e-03
2.177742e+02 1.206813e-09 9.054350e-01 -4.466626e-03
2.182746e+02 1.196424e-09 9.057941e-01 -4.457093e-03
2.187750e+02 1.186146e-09 9.061519e-01 -4.447599e-03
2.192754e+02 1.175978e-09 9.065081e-01 -4.438145e-03
2.197758e+02 1.165919e-09 9.068630e-01 -4.428730e-03
2.202762e+02 1.155968e-09 9.072164e-01 -4.419355e-03
2.207766e+02 1.146122e-09 9.075684e-01 -4.410018e-03
2.212770e+02 1.136381e-09 9.079190e-01 -4.400720e-03
2.217774e+02 1.126743e-09 9.082682e-01 -4.391460e-03
2.222778e+02 1.117208e-09 9.086160e-01 -4.382239e-03
2.227782e+02 1.107772e-09 9.089624e-01 -4.373055e-03
2.232786e+02 1.098437e-09 9.093074e-01 -4.363909e-03
2.237790e+02 1.089199e-09 9.096511e-01 -4.354801e-03
2.242794e+02 1.080058e-09 9.099934e-01 -4.345730e-03
2.247798e+02 1.071013e-09 9.103343e-01 -4.336695e-03
2.252802e+02 1.062063e-09 9.106739e-01 -4.327698e-03
2.257806e+02 1.053206e-09 9.110122e-01 -4.318737e-03
2.262810e+02 1.044441e-09 9.113492e-01 -4.309813e-03
2.267814e+02 1.035767e-09 9.116848e-01 -4.300924e-03
2.272818e+02 1.027182e-09 9.120191e-01 -4.292071e-03
2.277822e+02 1.018687e-09 9.123521e-01 -4.283255e-03
2.282826e+02 1.010279e-09 9.126838e-01 -4.274473e-03
2.287830e+02 1.001958e-09 9.130142e-01 -4.265727e-03
2.292834e+02 9.937221e-10 9.133434e-01 -4.257016e-03
2.297838e+02 9.855708e-10 9.136712e-01 -4.248339e-03
2.302842e+02 9.775029e-10 9.139978e-01 -4.239698e-03
2.307846e+02 9.695175e-10 9.143232e-01 -4.231090e-03
2.312850e+02 9.616133e-10 9.146473e-01 -4.222517e-03
2.317854e+02 9.537896e-10 9.149701e-01 -4.213978e-03
2.322858e+02 9.460453e-10 9.152917e-01 -4.205473e-03
2.327862e+02 9.383795e-10 9.156121e-01 -4.197001e-03
2.332866e+02 9.307911e-10 9.159312e-01 -4.188562e-03
2.337870e+02 9.232793e-10 9.162492e-01 -4.180157e-03
2.342874e+02 9.158431e-10 9.165659e-01 -4.171785e-03
2.347878e+02 9.084816e-10 9.168814e-01 -4.163446e-03
2.352882e+02 9.011940e-10 9.171957e-01 -4.155139e-03
2.357886e+02 8.939792e-10 9.175088e-01 -4.146865e-03
2.362890e+02 8.868366e-10 9.178208e-01 -4.138623e-03
2.367894e+02 8.797651e-10 9.181316e-01 -4.130413e-03
2.372898e+02 8.727640e-10 9.184412e-01 -4.122235e-03
2.377902e+02 8.658324e-10 9.187496e-01 -4.114088e-03
2.382906e+02 8.589694e-10 9.190569e-01 -4.105973e-03
2.387910e+02 8.521743e-10 9.193630e-01 -4.097890e-03
2.392914e+02 8.454463e-10 9.196680e-01 -4.089837e-03
2.397918e+02 8.387846e-10 9.199718e-01 -4.081815e-03
2.402922e+02 8.321884e-10 9.202746e-01 -4.073825e-03
2.407926e+02 8.256568e-10 9.205762e-01 -4.065864e-03
2.412930e+02 8.191892e-10 9.208766e-01 -4.057935e-03
2.417934e+02 8.127849e-10 9.211760e-01 -4.050035e-03
2.422938e+02 8.064430e-10 9.214742e-01 -4.042166e-03
2.427942e+02 8.001628e-10 9.217714e-01 -4.034326e-03
2.432946e+02 7.939436e-10 9.220675e-01 -4.026516e-03
2.437950e+02 7.877848e-10 9.223624e-01 -4.018736e-03
2.442954e+02 7.816856e-10 9.226563e-01 -4.010985e-03
2.447958e+02 7.756452e-10 9.229492e-01 -4.003264e-03
2.452962e+02 7.696631e-10 9.232409e-01 -3.995571e-03
2.457966e+02 7.637386e-10 9.235316e-01 -3.987908e-03
2.462970e+02 7.578710e-10 9.238212e-01 -3.980273e-03
2.467974e+02 7.520596e-10 9.241098e-01 -3.972666e-03
2.472978e+02 7.463038e-10 9.243973e-01 -3.965088e-03
2.477982e+02 7.406030e-10 9.246838e-01 -3.957539e-03
2.482986e+02 7.349565e-10 9.249692e-01 -3.950017e-03
2.487990e+02 7.293637e-10 9.252536e-01 -3.942524e-03
2.492994e+02 7.238240e-10 9.255370e-01 -3.935058e-03
2.497998e+02 7.183368e-10 9.258194e-01 -3.927620e-03
2.503002e+02 7.129015e-10 9.261008e-01 -3.920209e-03
2.508006e+02 7.075176e-10 9.263811e-01 -3.912826e-03
2.513010e+02 7.021843e-10 9.266605e-01 -3.905470e-03
2.518014e+02 6.969012e-10 9.269388e-01 -3.898141e-03
2.523018e+02 6.916677e-10 9.272162e-01 -3.890838e-03
2.528022e+02 6.864833e-10 9.274925e-01 -3.883563e-03
2.533026e+02 6.813473e-10 9.277679e-01 -3.876314e-03
2.538030e+02 6.762593e-10 9.280423e-01 -3.869091e-03
2.543034e+02 6.712187e-10 9.283158e-01 -3.861895e-03
2.548038e+02 6.662249e-10 9.285883e-01 -3.854725e-03
2.553042e+02 6.612775e-10 9.288598e-01 -3.847581e-03
2.558046e+02 6.563760e-10 9.291303e-01 -3.840463e-03
2.563050e+02 6.515198e-10 9.293999e-01 -3.833371e-03
2.568054e+02 6.467084e-10 9.296686e-01 -3.826304e-03
2.573058e+02 6.419414e-10 9.299363e-01 -3.819263e-03
2.578062e+02 6.372182e-10 9.302031e-01 -3.812247e-03
2.583066e+02 6.325383e-10 9.304690e-01 -3.805256e-03
2.588070e+02 6.279014e-10 9.307339e-01 -3.798290e-03
2.593074e+02 6.233068e-10 9.309979e-01 -3.791349e-03
2.598078e+02 6.187542e-10 9.312610e-01 -3.784433e-03
2.603082e+02 6.142431e-10 9.315232e-01 -3.777542e-03
2.608086e+02 6.097730e-10 9.317844e-01 -3.770675e-03
2.613090e+02 6.053436e-10 9.320448e-01 -3.763832e-03
2.618094e+02 6.009542e-10 9.323043e-01 -3.757014e-03
2.623098e+02 5.966046e-10 9.325629e-01 -3.750220e-03
2.628102e+02 5.922943e-10 9.328206e-01 -3.743450e-03
2.633106e+02 5.880228e-10 9.330774e-01 -3.736703e-03
2.638110e+02 5.837898e-10 9.333333e-01 -3.729981e-03
2.643114e+02 5.795948e-10 9.335883e-01 -3.723282e-03
2.648118e+02 5.754374e-10 9.338425e-01 -3.716606e-03
2.653122e+02 5.713172e-10 9.340958e-01 -3.709954e-03
2.658126e+02 5.672338e-10 9.343483e-01 -3.703326e-03
2.663130e+02 5.631868e-10 9.345999e-01 -3.696720e-03
2.668134e+02 5.591759e-10 9.348506e-01 -3.690137e-03
2.673138e+02 5.552006e-10 9.351005e-01 -3.683577e-03
2.678142e+02 5.512606e-10 9.353496e-01 -3.677040e-03
2.683146e+02 5.473555e-10 9.355978e-01 -3.670526e-03
2.688150e+02 5.434848e-10 9.358452e-01 -3.664034e-03
2.693154e+02 5.396484e-10 9.360917e-01 -3.657565e-03
2.698158e+02 5.358457e-10 9.363374e-01 -3.651118e-03
2.703162e+02 5.320765e-10 9.365823e-01 -3.644693e-03
2.708166e+02 5.283403e-10 9.368264e-01 -3.638290e-03
2.713170e+02 5.246369e-10 9.370696e-01 -3.631909e-03
2.718174e+02 5.209659e-10 9.373121e-01 -3.625550e-03
2.723178e+02 5.173270e-10 9.375537e-01 -3.619213e-03
2.728182e+02 5.137197e-10 9.377946e-01 -3.612897e-03
2.733186e+02 5.101439e-10 9.380346e-01 -3.606603e-03
2.738190e+02 5.065991e-10 9.382738e-01 -3.600330e-03
2.743194e+02 5.030850e-10 9.385123e-01 -3.594079e-03
2.748198e+02 4.996014e-10 9.387500e-01 -3.587848e-03
2.753202e+02 4.961478e-10 9.389868e-01 -3.581639e-03
2.758206e+02 4.927241e-10 9.392229e-01 -3.575451e-03
2.763210e+02 4.893298e-10 9.394583e-01 -3.569284e-03
2.768214e+02 4.859647e-10 9.396928e-01 -3.563137e-03
2.773218e+02 4.826285e-10 9.399266e-01 -3.557011e-03
2.778222e+02 4.793209e-10 9.401596e-01 -3.550906e-03
2.783226e+02 4.760415e-10 9.403919e-01 -3.544821e-03
2.788230e+02 4.727902e-10 9.406234e-01 -3.538756e-03
2.793234e+02 4.695666e-10 9.408542e-01 -3.532712e-03
2.798238e+02 4.663704e-10 9.410842e-01 -3.526687e-03
2.803242e+02 4.632013e-10 9.413134e-01 -3.520683e-03
2.808246e+02 4.600591e-10 9.415419e-01 -3.514699e-03
2.813250e+02 4.569435e-10 9.417697e-01 -3.508735e-03
2.818254e+02 4.538543e-10 9.419968e-01 -3.502790e-03
2.823258e+02 4.507911e-10 9.422231e-01 -3.496865e-03
2.828262e+02 4.477537e-10 9.424486e-01 -3.490960e-03
2.833266e+02 4.447419e-10 9.426735e-01 -3.485074e-03
2.838270e+02 4.417553e-10 9.428976e-01 -3.479207e-03
2.843274e+02 4.387938e-10 9.431211e-01 -3.473360e-03
2.848278e+02 4.358570e-10 9.433438e-01 -3.467531e-03
2.853282e+02 4.329448e-10 9.435658e-01 -3.461722e-03
2.858286e+02 4.300568e-10 9.437870e-01 -3.455932e-03
2.863290e+02 4.271929e-10 9.440076e-01 -3.450161e-03
2.868294e+02 4.243528e-10 9.442275e-01 -3.444408e-03
2.873298e+02 4.215362e-10 9.444467e-01 -3.438675e-03
2.878302e+02 4.187430e-10 9.446652e-01 -3.432959e-03
2.883306e+02 4.159729e-10 9.448830e-01 -3.427263e-03
2.888310e+02 4.132257e-10 9.451001e-01 -3.421585e-03
2.893314e+02 4.105011e-10 9.453165e-01 -3.415925e-03
2.898318e+02 4.077989e-10 9.455323e-01 -3.410283e-03
2.903322e+02 4.051189e-10 9.457474e-01 -3.404660e-03
2.908326e+02 4.024609e-10 9.459618e-01 -3.399054e-03
2.913330e+02 3.998246e-10 9.461755e-01 -3.393467e-03
2.918334e+02 3.972100e-10 9.463885e-01 -3.387897e-03
2.923338e+02 3.946166e-10 9.466009e-01 -3.382346e-03
2.928342e+02 3.920444e-10 9.468127e-01 -3.376812e-03
2.933346e+02 3.894931e-10 9.470237e-01 -3.371296e-03
2.938350e+02 3.869625e-10 9.472342e-01 -3.365797e-03
2.943354e+02 3.844524e-10 9.474439e-01 -3.360316e-03
2.948358e+02 3.819627e-10 9.476530e-01 -3.354852e-03
2.953362e+02 3.794931e-10 9.478615e-01 -3.349405e-03
2.958366e+02 3.770434e-10 9.480693e-01 -3.343976e-03
2.963370e+02 3.746134e-10 9.482765e-01 -3.338564e-03
2.968374e+02 3.722030e-10 9.484831e-01 -3.333169e-03
2.973378e+02 3.698120e-10 9.486890e-01 -3.327791e-03
2.978382e+02 3.674401e-10 9.488942e-01 -3.322430e-03
2.983386e+02 3.650872e-10 9.490989e-01 -3.317085e-03
2.988390e+02 3.627531e-10 9.493029e-01 -3.311758e-03
2.993394e+02 3.604376e-10 9.495063e-01 -3.306447e-03
2.998398e+02 3.581406e-10 9.497091e-01 -3.301153e-03
3.003402e+02 3.558619e-10 9.499113e-01 -3.295875e-03
3.008406e+02 3.536012e-10 9.501128e-01 -3.290613e-03
3.013410e+02 3.513585e-10 9.503137e-01 -3.285369e-03
3.018414e+02 3.491335e-10 9.505141e-01 -3.280140e-03
3.023418e+02 3.469261e-10 9.507138e-01 -3.274927e-03
3.028422e+02 3.447361e-10 9.509129e-01 -3.269731e-03
3.033426e+02 3.425634e-10 9.511114e-01 -3.264551e-03
3.038430e+02 3.404078e-10 9.513093e-01 -3.259386e-03
3.043434e+02 3.382691e-10 9.515066e-01 -3.254238e-03
3.048438e+02 3.361471e-10 9.517034e-01 -3.249105e-03
3.053442e+02 3.340418e-10 9.518995e-01 -3.243989e-03
3.058446e+02 3.319529e-10 9.520951e-01 -3.238888e-03
3.063450e+02 3.298804e-10 9.522900e-01 -3.233802e-03
3.068454e+02 3.278240e-10 9.524844e-01 -3.228732e-03
3.073458e+02 3.257835e-10 9.526782e-01 -3.223678e-03
3.078462e+02 3.237590e-10 9.528714e-01 -3.218639e-03
3.083466e+02 3.217501e-10 9.530641e-01 -3.213615e-03
3.088470e+02 3.197568e-10 9.532562e-01 -3.208607e-03
3.093474e+02 3.177789e-10 9.534477e-01 -3.203613e-03
3.098478e+02 3.158163e-10 9.536386e-01 -3.198635e-03
3.103482e+02 3.138688e-10 9.538290e-01 -3.193672e-03
3.108486e+02 3.119363e-10 9.540188e-01 -3.188724e-03
3.113490e+02 3.100187e-10 9.542081e-01 -3.183791e-03
3.118494e+02 3.081157e-10 9.543968e-01 -3.178873e-03
3.123498e+02 3.062274e-10 9.545849e-01 -3.173969e-03
3.128503e+02 3.043535e-10 9.547725e-01 -3.169081e-03
3.133507e+02 3.024938e-10 9.549595e-01 -3.164207e-03
3.138511e+02 3.006484e-10 9.551460e-01 -3.159347e-03
3.143515e+02 2.988171e-10 9.553320e-01 -3.154502e-03
3.148519e+02 2.969996e-10 9.555174e-01 -3.149672e-03
3.153523e+02 2.951960e-10 9.557023e-01 -3.144856e-03
3.158527e+02 2.934060e-10 9.558866e-01 -3.140054e-03
3.163531e+02 2.916296e-10 9.560704e-01 -3.135266e-03
3.168535e+02 2.898665e-10 9.562537e-01 -3.130493e-03
3.173539e+02 2.881168e-10 9.564364e-01 -3.125734e-03
3.178543e+02 2.863803e-10 9.566186e-01 -3.120989e-03
3.183547e+02 2.846569e-10 9.568003e-01 -3.116258e-03
3.188551e+02 2.829464e-10 9.569814e-01 -3.111541e-03
3.193555e+02 2.812487e-10 9.571621e-01 -3.106837e-03
3.198559e+02 2.795637e-10 9.573422e-01 -3.102148e-03
3.203563e+02 2.778913e-10 9.575218e-01 -3.097472e-03
3.208567e+02 2.762314e-10 9.577008e-01 -3.092810e-03
3.213571e+02 2.745839e-10 9.578794e-01 -3.088162e-03
3.218575e+02 2.729487e-10 9.580575e-01 -3.083528e-03
3.223579e+02 2.713256e-10 9.582350e-01 -3.078906e-03
3.228583e+02 2.697146e-10 9.584121e-01 -3.074299e-03
3.233587e+02 2.681155e-10 9.585886e-01 -3.069705e-03
3.238591e+02 2.665282e-10 9.587646e-01 -3.065124e-03
3.243595e+02 2.649527e-10 9.589402e-01 -3.060556e-03
3.248599e+02 2.633888e-10 9.591152e-01 -3.056002e-03
3.253603e+02 2.618364e-10 9.592897e-01 -3.051461e-03
3.258607e+02 2.602954e-10 9.594638e-01 -3.046932e-03
3.263611e+02 2.587657e-10 9.596374e-01 -3.042418e-03
3.268615e+02 2.572473e-10 9.598104e-01 -3.037916e-03
3.273619e+02 2.557400e-10 9.599830e-01 -3.033427e-03
3.278623e+02 2.542437e-10 9.601551e-01 -3.028950e-03
3.283627e+02 2.527584e-10 9.603267e-01 -3.024487e-03
3.288631e+02 2.512838e-10 9.604978e-01 -3.020037e-03
3.293635e+02 2.498200e-10 9.606685e-01 -3.015599e-03
3.298639e+02 2.483669e-10 9.608387e-01 -3.011174e-03
3.303643e+02 2.469243e-10 9.610084e-01 -3.006761e-03
3.308647e+02 2.454922e-10 9.611776e-01 -3.002362e-03
3.313651e+02 2.440704e-10 9.613464e-01 -2.997974e-03
3.318655e+02 2.426589e-10 9.615146e-01 -2.993599e-03
3.323659e+02 2.412576e-10 9.616825e-01 -2.989237e-03
3.328663e+02 2.398664e-10 9.618498e-01 -2.984887e-03
3.333667e+02 2.384852e-10 9.620167e-01 -2.980549e-03
3.338671e+02 2.371140e-10 9.621831e-01 -2.976223e-03
3.343675e+02 2.357525e-10 9.623491e-01 -2.971910e-03
3.348679e+02 2.344009e-10 9.625146e-01 -2.967609e-03
3.353683e+02 2.330589e-10 9.626797e-01 -2.963320e-03
3.358687e+02 2.317265e-10 9.628443e-01 -2.959043e-03
3.363691e+02 2.304036e-10 9.630084e-01 -2.954778e-03
3.368695e+02 2.290901e-10 9.631721e-01 -2.950524e-03
3.373699e+02 2.277860e-10 9.633354e-01 -2.946283e-03
3.378703e+02 2.264912e-10 9.634982e-01 -2.942054e-03
3.383707e+02 2.252055e-10 9.636606e-01 -2.937836e-03
3.388711e+02 2.239290e-10 9.638225e-01 -2.933630e-03
3.393715e+02 2.226614e-10 9.639840e-01 -2.929436e-03
3.398719e+02 2.214029e-10 9.641450e-01 -2.925254e-03
3.403723e+02 2.201532e-10 9.643056e-01 -2.921083e-03
3.408727e+02 2.189123e-10 9.644658e-01 -2.916924e-03
3.413731e+02 2.176802e-10 9.646255e-01 -2.912776e-03
3.418735e+02 2.164567e-10 9.647848e-01 -2.908640e-03
3.423739e+02 2.152418e-10 9.649437e-01 -2.904515e-03
3.428743e+02 2.140354e-10 9.651021e-01 -2.900401e-03
3.433747e+02 2.128374e-10 9.652601e-01 -2.896299e-03
3.438751e+02 2.116478e-10 9.654177e-01 -2.892208e-03
3.443755e+02 2.104666e-10 9.655749e-01 -2.888128e-03
3.448759e+02 2.092935e-10 9.657316e-01 -2.884059e-03
3.453763e+02 2.081286e-10 9.658880e-01 -2.880002e-03
3.458767e+02 2.069718e-10 9.660439e-01 -2.875956e-03
3.463771e+02 2.058230e-10 9.661994e-01 -2.871920e-03
3.468775e+02 2.046822e-10 9.663544e-01 -2.867896e-03
3.473779e+02 2.035493e-10 9.665091e-01 -2.863883e-03
3.478783e+02 2.024242e-10 9.666633e-01 -2.859880e-03
3.483787e+02 2.013069e-10 9.668172e-01 -2.855888e-03
3.488791e+02 2.001972e-10 9.669706e-01 -2.851908e-03
3.493795e+02 1.990952e-10 9.671236e-01 -2.847938e-03
3.498799e+02 1.980008e-10 9.672763e-01 -2.843978e-03
3.503803e+02 1.969139e-10 9.674285e-01 -2.840030e-03
3.508807e+02 1.958344e-10 9.675803e-01 -2.836092e-03
3.513811e+02 1.947623e-10 9.677317e-01 -2.832164e-03
3.518815e+02 1.936976e-10 9.678827e-01 -2.828248e-03
3.523819e+02 1.926401e-10 9.680333e-01 -2.824341e-03
3.528823e+02 1.915898e-10 9.681835e-01 -2.820445e-03
3.533827e+02 1.905467e-10 9.683334e-01 -2.816560e-03
3.538831e+02 1.895106e-10 9.684828e-01 -2.812685e-03
3.543835e+02 1.884816e-10 9.686319e-01 -2.808820e-03
3.548839e+02 1.874596e-10 9.687805e-01 -2.804966e-03
3.553843e+02 1.864445e-10 9.689288e-01 -2.801122e-03
3.558847e+02 1.854362e-10 9.690767e-01 -2.797288e-03
3.563851e+02 1.844348e-10 9.692241e-01 -2.793465e-03
3.568855e+02 1.834401e-10 9.693713e-01 -2.789651e-03
3.573859e+02 1.824521e-10 9.695180e-01 -2.785848e-03
3.578863e+02 1.814707e-10 9.696643e-01 -2.782054e-03
3.583867e+02 1.804960e-10 9.698103e-01 -2.778271e-03
3.588871e+02 1.795277e-10 9.699559e-01 -2.774498e-03
3.593875e+02 1.785660e-10 9.701011e-01 -2.770734e-03
3.598879e+02 1.776107e-10 9.702460e-01 -2.766981e-03
3.603883e+02 1.766617e-10 9.703904e-01 -2.763237e-03
3.608887e+02 1.757191e-10 9.705345e-01 -2.759503e-03
3.613891e+02 1.747828e-10 9.706782e-01 -2.755779e-03
3.618895e+02 1.738527e-10 9.708216e-01 -2.752065e-03
3.623899e+02 1.729288e-10 9.709646e-01 -2.748360e-03
3.628903e+02 1.720110e-10 9.711072e-01 -2.744665e-03
3.633907e+02 1.710993e-10 9.712495e-01 -2.740980e-03
3.638911e+02 1.701936e-10 9.713914e-01 -2.737305e-03
3.643915e+02 1.692939e-10 9.715329e-01 -2.733638e-03
3.648919e+02 1.684001e-10 9.716741e-01 -2.729982e-03
3.653923e+02 1.675123e-10 9.718149e-01 -2.726335e-03
3.658927e+02 1.666302e-10 9.719553e-01 -2.722697e-03
3.663931e+02 1.657540e-10 9.720954e-01 -2.719069e-03
3.668935e+02 1.648835e-10 9.722352e-01 -2.715450e-03
3.673939e+02 1.640188e-10 9.723746e-01 -2.711841e-03
3.678943e+02 1.631597e-10 9.725136e-01 -2.708240e-03
3.683947e+02 1.623062e-10 9.726523e-01 -2.704649e-03
3.688951e+02 1.614583e-10 9.727906e-01 -2.701068e-03
3.693955e+02 1.606159e-10 9.729286e-01 -2.697495e-03
3.698959e+02 1.597790e-10 9.730663e-01 -2.693932e-03
3.703963e+02 1.589475e-10 9.732036e-01 -2.690378e-03
3.708967e+02 1.581215e-10 9.733405e-01 -2.686832e-03
3.713971e+02 1.573008e-10 9.734771e-01 -2.683296e-03
3.718975e+02 1.564854e-10 9.736134e-01 -2.679769e-03
3.723979e+02 1.556753e-10 9.737493e-01 -2.676251e-03
3.728983e+02 1.548705e-10 9.738849e-01 -2.672742e-03
3.733987e+02 1.540708e-10 9.740202e-01 -2.669242e-03
3.738991e+02 1.532763e-10 9.741551e-01 -2.665751e-03
3.743995e+02 1.524869e-10 9.742897e-01 -2.662268e-03
3.748999e+02 1.517026e-10 9.744239e-01 -2.658795e-03
3.754003e+02 1.509233e-10 9.745578e-01 -2.655330e-03
3.759007e+02 1.501490e-10 9.746914e-01 -2.651874e-03
3.764011e+02 1.493797e-10 9.748246e-01 -2.648426e-03
3.769015e+02 1.486152e-10 9.749576e-01 -2.644987e-03
3.774019e+02 1.478557e-10 9.750901e-01 -2.641557e-03
3.779023e+02 1.471010e-10 9.752224e-01 -2.638136e-03
3.784027e+02 1.463512e-10 9.753543e-01 -2.634723e-03
3.789031e+02 1.456061e-10 9.754860e-01 -2.631319e-03
3.794035e+02 1.448657e-10 9.756172e-01 -2.627923e-03
3.799039e+02 1.441301e-10 9.757482e-01 -2.624536e-03
3.804043e+02 1.433991e-10 9.758789e-01 -2.621157e-03
3.809047e+02 1.426727e-10 9.760092e-01 -2.617787e-03
3.814051e+02 1.419509e-10 9.761392e-01 -2.614425e-03
3.819055e+02 1.412337e-10 9.762689e-01 -2.611071e-03
3.824059e+02 1.405210e-10 9.763983e-01 -2.607726e-03
3.829063e+02 1.398128e-10 9.765273e-01 -2.604389e-03
3.834067e+02 1.391090e-10 9.766561e-01 -2.601060e-03
3.839071e+02 1.384097e-10 9.767845e-01 -2.597739e-03
3.844075e+02 1.377148e-10 9.769126e-01 -2.594427e-03
3.849079e+02 1.370242e-10 9.770404e-01 -2.591123e-03
3.854083e+02 1.363379e-10 9.771679e-01 -2.587827e-03
3.859087e+02 1.356560e-10 9.772951e-01 -2.584539e-03
3.864091e+02 1.349783e-10 9.774220e-01 -2.581260e-03
3.869095e+02 1.343048e-10 9.775486e-01 -2.577988e-03
3.874099e+02 1.336355e-10 9.776749e-01 -2.574724e-03
3.879103e+02 1.329704e-10 9.778008e-01 -2.571469e-03
3.884107e+02 1.323094e-10 9.779265e-01 -2.568221e-03
3.889111e+02 1.316525e-10 9.780519e-01 -2.564981e-03
3.894115e+02 1.309997e-10 9.781769e-01 -2.561749e-03
3.899119e+02 1.303509e-10 9.783017e-01 -2.558525e-03
3.904123e+02 1.297062e-10 9.784262e-01 -2.555309e-03
3.909127e+02 1.290654e-10 9.785503e-01 -2.552101e-03
3.914131e+02 1.284286e-10 9.786742e-01 -2.548901e-03
3.919135e+02 1.277957e-10 9.787978e-01 -2.545708e-03
3.924139e+02 1.271666e-10 9.789211e-01 -2.542523e-03
3.929143e+02 1.265415e-10 9.790441e-01 -2.539346e-03
3.934147e+02 1.259202e-10 9.791668e-01 -2.536176e-03
3.939151e+02 1.253027e-10 9.792892e-01 -2.533014e-03
3.944155e+02 1.246890e-10 9.794113e-01 -2.529860e-03
3.949159e+02 1.240790e-10 9.795331e-01 -2.526713e-03
3.954163e+02 1.234728e-10 9.796547e-01 -2.523574e-03
3.959167e+02 1.228702e-10 9.797759e-01 -2.520443e-03
3.964171e+02 1.222713e-10 9.798969e-01 -2.517319e-03
3.969175e+02 1.216761e-10 9.800176e-01 -2.514202e-03
3.974179e+02 1.210845e-10 9.801380e-01 -2.511093e-03
3.979183e+02 1.204965e-10 9.802581e-01 -2.507991e-03
3.984187e+02 1.199120e-10 9.803779e-01 -2.504897e-03
3.989191e+02 1.193311e-10 9.804975e-01 -2.501810e-03
3.994195e+02 1.187537e-10 9.806167e-01 -2.498731e-03
3.999199e+02 1.181798e-10 9.807357e-01 -2.495659e-03
4.004203e+02 1.176094e-10 9.808544e-01 -2.492594e-03
4.009207e+02 1.170423e-10 9.809729e-01 -2.489536e-03
4.014211e+02 1.164788e-10 9.810910e-01 -2.486486e-03
4.019215e+02 1.159185e-10 9.812089e-01 -2.483443e-03
4.024219e+02 1.153617e-10 9.813265e-01 -2.480407e-03
4.029223e+02 1.148082e-10 9.814439e-01 -2.477378e-03
4.034227e+02 1.142580e-10 9.815610e-01 -2.474357e-03
4.039231e+02 1.137111e-10 9.816778e-01 -2.471342e-03
4.044235e+02 1.131675e-10 9.817943e-01 -2.468335e-03
4.049239e+02 1.126271e-10 9.819105e-01 -2.465335e-03
4.054243e+02 1.120899e-10 9.820265e-01 -2.462342e-03
4.059247e+02 1.115560e-10 9.821422e-01 -2.459356e-03
4.064251e+02 1.110252e-10 9.822577e-01 -2.456376e-03
4.069255e+02 1.104975e-10 9.823729e-01 -2.453404e-03
4.074259e+02 1.099730e-10 9.824878e-01 -2.450439e-03
4.079263e+02 1.094516e-10 9.826025e-01 -2.447481e-03
4.084267e+02 1.089333e-10 9.827169e-01 -2.444529e-03
4.089271e+02 1.084181e-10 9.828310e-01 -2.441585e-03
4.094275e+02 1.079059e-10 9.829449e-01 -2.438647e-03
4.099279e+02 1.073967e-10 9.830585e-01 -2.435716e-03
4.104283e+02 1.068905e-10 9.831718e-01 -2.432792e-03
4.109287e+02 1.063873e-10 9.832849e-01 -2.429875e-03
4.114291e+02 1.058870e-10 9.833978e-01 -2.426965e-03
4.119295e+02 1.053897e-10 9.835104e-01 -2.424061e-03
4.124299e+02 1.048953e-10 9.836227e-01 -2.421164e-03
4.129303e+02 1.044038e-10 9.837348e-01 -2.418274e-03
4.134307e+02 1.039152e-10 9.838466e-01 -2.415390e-03
4.139311e+02 1.034295e-10 9.839581e-01 -2.412513e-03
4.144315e+02 1.029465e-10 9.840694e-01 -2.409643e-03
4.149319e+02 1.024664e-10 9.841805e-01 -2.406779e-03
4.154323e+02 1.019891e-10 9.842913e-01 -2.403922e-03
4.159327e+02 1.015145e-10 9.844019e-01 -2.401071e-03
4.164331e+02 1.010428e-10 9.845122e-01 -2.398227e-03
4.169335e+02 1.005737e-10 9.846222e-01 -2.395389e-03
4.174339e+02 1.001074e-10 9.847321e-01 -2.392558e-03
4.179343e+02 9.964374e-11 9.848416e-01 -2.389734e-03
4.184347e+02 9.918279e-11 9.849509e-01 -2.386915e-03
4.189351e+02 9.872451e-11 9.850600e-01 -2.384104e-03
4.194355e+02 9.826886e-11 9.851689e-01 -2.381298e-03
4.199359e+02 9.781584e-11 9.852774e-01 -2.378499e-03
4.204363e+02 9.736543e-11 9.853858e-01 -2.375707e-03
4.209367e+02 9.691761e-11 9.854939e-01 -2.372920e-03
4.214371e+02 9.647236e-11 9.856018e-01 -2.370140e-03
4.219375e+02 9.602967e-11 9.857094e-01 -2.367367e-03
4.224379e+02 9.558951e-11 9.858168e-01 -2.364599e-03
4.229383e+02 9.515187e-11 9.859239e-01 -2.361838e-03
4.234387e+02 9.471673e-11 9.860308e-01 -2.359083e-03
4.239391e+02 9.428407e-11 9.861375e-01 -2.356334e-03
4.244395e+02 9.385389e-11 9.862439e-01 -2.353592e-03
4.249399e+02 9.342615e-11 9.863501e-01 -2.350855e-03
4.254403e+02 9.300085e-11 9.864561e-01 -2.348125e-03
4.259407e+02 9.257797e-11 9.865618e-01 -2.345401e-03
4.264411e+02 9.215748e-11 9.866673e-01 -2.342683e-03
4.269415e+02 9.173938e-11 9.867726e-01 -2.339971e-03
4.274419e+02 9.132365e-11 9.868777e-01 -2.337265e-03
4.279423e+02 9.091028e-11 9.869825e-01 -2.334565e-03
4.284427e+02 9.049923e-11 9.870870e-01 -2.331871e-03
4.289431e+02 9.009051e-11 9.871914e-01 -2.329183e-03
4.294435e+02 8.968410e-11 9.872955e-01 -2.326501e-03
4.299439e+02 8.927997e-11 9.873994e-01 -2.323826e-03
4.304443e+02 8.887812e-11 9.875031e-01 -2.321156e-03
4.309447e+02 8.847852e-11 9.876065e-01 -2.318492e-03
4.314451e+02 8.808117e-11 9.877097e-01 -2.315833e-03
4.319455e+02 8.768605e-11 9.878127e-01 -2.313181e-03
4.324459e+02 8.729313e-11 9.879155e-01 -2.310535e-03
4.329463e+02 8.690242e-11 9.880180e-01 -2.307894e-03
4.334467e+02 8.651389e-11 9.881203e-01 -2.305260e-03
4.339471e+02 8.612753e-11 9.882224e-01 -2.302631e-03
4.344475e+02 8.574333e-11 9.883243e-01 -2.300007e-03
4.349479e+02 8.536126e-11 9.884260e-01 -2.297390e-03
4.354483e+02 8.498132e-11 9.885274e-01 -2.294779e-03
4.359487e+02 8.460350e-11 9.886286e-01 -2.292173e-03
4.364491e+02 8.422777e-11 9.887296e-01 -2.289572e-03
4.369495e+02 8.385412e-11 9.888304e-01 -2.286978e-03
4.374499e+02 8.348254e-11 9.889310e-01 -2.284389e-03
4.379504e+02 8.311302e-11 9.890313e-01 -2.281806e-03
4.384508e+02 8.274554e-11 9.891314e-01 -2.279228e-03
4.389512e+02 8.238009e-11 9.892314e-01 -2.276657e-03
4.394516e+02 8.201666e-11 9.893311e-01 -2.274090e-03
4.399520e+02 8.165522e-11 9.894306e-01 -2.271529e-03
4.404524e+02 8.129578e-11 9.895298e-01 -2.268974e-03
4.409528e+02 8.093831e-11 9.896289e-01 -2.266425e-03
4.414532e+02 8.058280e-11 9.897278e-01 -2.263881e-03
4.419536e+02 8.022925e-11 9.898264e-01 -2.261342e-03
4.424540e+02 7.987763e-11 9.899248e-01 -2.258809e-03
4.429544e+02 7.952793e-11 9.900231e-01 -2.256281e-03
4.434548e+02 7.918015e-11 9.901211e-01 -2.253759e-03
4.439552e+02 7.883427e-11 9.902189e-01 -2.251242e-03
4.444556e+02 7.849027e-11 9.903165e-01 -2.248731e-03
4.449560e+02 7.814814e-11 9.904139e-01 -2.246225e-03
4.454564e+02 7.780788e-11 9.905111e-01 -2.243724e-03
4.459568e+02 7.746947e-11 9.906081e-01 -2.241229e-03
4.464572e+02 7.713290e-11 9.907048e-01 -2.238739e-03
4.469576e+02 7.679815e-11 9.908014e-01 -2.236255e-03
4.474580e+02 7.646522e-11 9.908978e-01 -2.233776e-03
4.479584e+02 7.613409e-11 9.909940e-01 -2.231302e-03
4.484588e+02 7.580474e-11 9.910899e-01 -2.228833e-03
4.489592e+02 7.547718e-11 9.911857e-01 -2.226370e-03
4.494596e+02 7.515139e-11 9.912813e-01 -2.223912e-03
4.499600e+02 7.482735e-11 9.913766e-01 -2.221459e-03
4.504604e+02 7.450506e-11 9.914718e-01 -2.219011e-03
4.509608e+02 7.418449e-11 9.915668e-01 -2.216569e-03
4.514612e+02 7.386566e-11 9.916615e-01 -2.214132e-03
4.519616e+02 7.354853e-11 9.917561e-01 -2.211700e-03
4.524620e+02 7.323310e-11 9.918505e-01 -2.209273e-03
4.529624e+02 7.291936e-11 9.919446e-01 -2.206851e-03
4.534628e+02 7.260730e-11 9.920386e-01 -2.204434e-03
4.539632e+02 7.229691e-11 9.921324e-01 -2.202023e-03
4.544636e+02 7.198818e-11 9.922260e-01 -2.199616e-03
4.549640e+02 7.168109e-11 9.923194e-01 -2.197215e-03
4.554644e+02 7.137563e-11 9.924126e-01 -2.194818e-03
4.559648e+02 7.107181e-11 9.925056e-01 -2.192427e-03
4.564652e+02 7.076959e-11 9.925984e-01 -2.190041e-03
4.569656e+02 7.046898e-11 9.926911e-01 -2.187659e-03
4.574660e+02 7.016997e-11 9.927835e-01 -2.185283e-03
4.579664e+02 6.987254e-11 9.928758e-01 -2.182912e-03
4.584668e+02 6.957669e-11 9.929678e-01 -2.180545e-03
4.589672e+02 6.928239e-11 9.930597e-01 -2.178184e-03
4.594676e+02 6.898966e-11 9.931514e-01 -2.175827e-03
4.599680e+02 6.869847e-11 9.932428e-01 -2.173475e-03
4.604684e+02 6.840881e-11 9.933341e-01 -2.171129e-03
4.609688e+02 6.812068e-11 9.934253e-01 -2.168787e-03
4.614692e+02 6.783406e-11 9.935162e-01 -2.166450e-03
4.619696e+02 6.754895e-11 9.936069e-01 -2.164118e-03
4.624700e+02 6.726533e-11 9.936975e-01 -2.161790e-03
4.629704e+02 6.698320e-11 9.937879e-01 -2.159468e-03
4.634708e+02 6.670255e-11 9.938781e-01 -2.157150e-03
4.639712e+02 6.642337e-11 9.939681e-01 -2.154837e-03
4.644716e+02 6.614565e-11 9.940579e-01 -2.152529e-03
4.649720e+02 6.586938e-11 9.941475e-01 -2.150226e-03
4.654724e+02 6.559454e-11 9.942370e-01 -2.147927e-03
4.659728e+02 6.532114e-11 9.943263e-01 -2.145633e-03
4.664732e+02 6.504917e-11 9.944154e-01 -2.143344e-03
4.669736e+02 6.477860e-11 9.945043e-01 -2.141060e-03
4.674740e+02 6.450945e-11 9.945930e-01 -2.138780e-03
4.679744e+02 6.424168e-11 9.946816e-01 -2.136505e-03
4.684748e+02 6.397531e-11 9.947700e-01 -2.134234e-03
4.689752e+02 6.371032e-11 9.948582e-01 -2.131968e-03
4.694756e+02 6.344669e-11 9.949462e-01 -2.129707e-03
4.699760e+02 6.318443e-11 9.950340e-01 -2.127451e-03
4.704764e+02 6.292352e-11 9.951217e-01 -2.125199e-03
4.709768e+02 6.266396e-11 9.952092e-01 -2.122951e-03
4.714772e+02 6.240574e-11 9.952965e-01 -2.120709e-03
4.719776e+02 6.214884e-11 9.953837e-01 -2.118470e-03
4.724780e+02 6.189326e-11 9.954706e-01 -2.116237e-03
4.729784e+02 6.163900e-11 9.955574e-01 -2.114007e-03
4.734788e+02 6.138604e-11 9.956440e-01 -2.111783e-03
4.739792e+02 6.113438e-11 9.957305e-01 -2.109563e-03
4.744796e+02 6.088400e-11 9.958168e-01 -2.107347e-03
4.749800e+02 6.063491e-11 9.959029e-01 -2.105136e-03
4.754804e+02 6.038709e-11 9.959888e-01 -2.102929e-03
4.759808e+02 6.014053e-11 9.960746e-01 -2.100727e-03
4.764812e+02 5.989523e-11 9.961602e-01 -2.098529e-03
4.769816e+02 5.965118e-11 9.962456e-01 -2.096336e-03
4.774820e+02 5.940837e-11 9.963308e-01 -2.094147e-03
4.779824e+02 5.916680e-11 9.964159e-01 -2.091962e-03
4.784828e+02 5.892645e-11 9.965009e-01 -2.089782e-03
4.789832e+02 5.868732e-11 9.965856e-01 -2.087606e-03
4.794836e+02 5.844941e-11 9.966702e-01 -2.085435e-03
4.799840e+02 5.821269e-11 9.967546e-01 -2.083267e-03
4.804844e+02 5.797718e-11 9.968389e-01 -2.081105e-03
4.809848e+02 5.774285e-11 9.969229e-01 -2.078946e-03
4.814852e+02 5.750971e-11 9.970069e-01 -2.076792e-03
4.819856e+02 5.727774e-11 9.970906e-01 -2.074642e-03
4.824860e+02 5.704695e-11 9.971742e-01 -2.072496e-03
4.829864e+02 5.681731e-11 9.972576e-01 -2.070355e-03
4.834868e+02 5.658882e-11 9.973409e-01 -2.068218e-03
4.839872e+02 5.636149e-11 9.974240e-01 -2.066085e-03
4.844876e+02 5.613529e-11 9.975069e-01 -2.063957e-03
4.849880e+02 5.591023e-11 9.975897e-01 -2.061832e-03
4.854884e+02 5.568630e-11 9.976723e-01 -2.059712e-03
4.859888e+02 5.546348e-11 9.977548e-01 -2.057596e-03
4.864892e+02 5.524178e-11 9.978371e-01 -2.055484e-03
4.869896e+02 5.502119e-11 9.979192e-01 -2.053376e-03
4.874900e+02 5.480169e-11 9.980012e-01 -2.051273e-03
4.879904e+02 5.458329e-11 9.980830e-01 -2.049173e-03
4.884908e+02 5.436598e-11 9.981646e-01 -2.047078e-03
4.889912e+02 5.414974e-11 9.982461e-01 -2.044987e-03
4.894916e+02 5.393458e-11 9.983275e-01 -2.042900e-03
4.899920e+02 5.372049e-11 9.984087e-01 -2.040817e-03
4.904924e+02 5.350746e-11 9.984897e-01 -2.038738e-03
4.909928e+02 5.329548e-11 9.985706e-01 -2.036664e-03
4.914932e+02 5.308456e-11 9.986513e-01 -2.034593e-03
4.919936e+02 5.287467e-11 9.987318e-01 -2.032526e-03
4.924940e+02 5.266582e-11 9.988122e-01 -2.030464e-03
4.929944e+02 5.245800e-11 9.988925e-01 -2.028405e-03
4.934948e+02 5.225121e-11 9.989726e-01 -2.026350e-03
4.939952e+02 5.204543e-11 9.990525e-01 -2.024300e-03
4.944956e+02 5.184067e-11 9.991323e-01 -2.022253e-03
4.949960e+02 5.163691e-11 9.992119e-01 -2.020210e-03
4.954964e+02 5.143415e-11 9.992914e-01 -2.018172e-03
4.959968e+02 5.123239e-11 9.993708e-01 -2.016137e-03
4.964972e+02 5.103161e-11 9.994499e-01 -2.014106e-03
4.969976e+02 5.083182e-11 9.995290e-01 -2.012079e-03
4.974980e+02 5.063300e-11 9.996079e-01 -2.010056e-03
4.979984e+02 5.043516e-11 9.996866e-01 -2.008037e-03
4.984988e+02 5.023828e-11 9.997652e-01 -2.006022e-03
4.989992e+02 5.004236e-11 9.998436e-01 -2.004011e-03
4.994996e+02 4.984739e-11 9.999219e-01 -2.002004e-03
5.000000e+02 4.965337e-11 1.000000e+00 -2.000000e-03
