! /n/nyx3/garavito/projects/XMC-Atlas/scripts/test_halo_108/modelname_halo_0100.txt
! R    D    M    P
1000
1.000000e-01 8.594688e-05 1.137059e-17 -3.764091e-02
6.004004e-01 7.486728e-05 8.755611e-05 -3.761838e-02
1.100801e+00 6.552470e-05 4.220533e-04 -3.748785e-02
1.601201e+00 5.760110e-05 1.136020e-03 -3.729715e-02
2.101602e+00 5.084460e-05 2.306405e-03 -3.705918e-02
2.602002e+00 4.505412e-05 3.971531e-03 -3.678351e-02
3.102402e+00 4.006801e-05 6.143121e-03 -3.647787e-02
3.602803e+00 3.575539e-05 8.814866e-03 -3.614857e-02
4.103203e+00 3.200964e-05 1.196852e-02 -3.580079e-02
4.603604e+00 2.874339e-05 1.557822e-02 -3.543885e-02
5.104004e+00 2.588462e-05 1.961363e-02 -3.506630e-02
5.604404e+00 2.337365e-05 2.404200e-02 -3.468610e-02
6.104805e+00 2.116078e-05 2.882980e-02 -3.430071e-02
6.605205e+00 1.920442e-05 3.394369e-02 -3.391217e-02
7.105606e+00 1.746961e-05 3.935124e-02 -3.352218e-02
7.606006e+00 1.592685e-05 4.502140e-02 -3.313215e-02
8.106406e+00 1.455112e-05 5.092477e-02 -3.274326e-02
8.606807e+00 1.332113e-05 5.703377e-02 -3.235646e-02
9.107207e+00 1.221869e-05 6.332270e-02 -3.197255e-02
9.607608e+00 1.122824e-05 6.976770e-02 -3.159219e-02
1.010801e+01 1.033635e-05 7.634681e-02 -3.121590e-02
1.060841e+01 9.531479e-06 8.303980e-02 -3.084412e-02
1.110881e+01 8.803602e-06 8.982816e-02 -3.047720e-02
1.160921e+01 8.144035e-06 9.669494e-02 -3.011540e-02
1.210961e+01 7.545212e-06 1.036247e-01 -2.975894e-02
1.261001e+01 7.000532e-06 1.106034e-01 -2.940796e-02
1.311041e+01 6.504215e-06 1.176184e-01 -2.906259e-02
1.361081e+01 6.051188e-06 1.246579e-01 -2.872290e-02
1.411121e+01 5.636993e-06 1.317117e-01 -2.838894e-02
1.461161e+01 5.257695e-06 1.387702e-01 -2.806072e-02
1.511201e+01 4.909821e-06 1.458249e-01 -2.773824e-02
1.561241e+01 4.590292e-06 1.528681e-01 -2.742148e-02
1.611281e+01 4.296378e-06 1.598930e-01 -2.711040e-02
1.661321e+01 4.025650e-06 1.668934e-01 -2.680495e-02
1.711361e+01 3.775945e-06 1.738638e-01 -2.650506e-02
1.761401e+01 3.545331e-06 1.807992e-01 -2.621067e-02
1.811441e+01 3.332080e-06 1.876952e-01 -2.592169e-02
1.861481e+01 3.134646e-06 1.945479e-01 -2.563805e-02
1.911522e+01 2.951639e-06 2.013540e-01 -2.535965e-02
1.961562e+01 2.781812e-06 2.081102e-01 -2.508641e-02
2.011602e+01 2.624040e-06 2.148141e-01 -2.481823e-02
2.061642e+01 2.477309e-06 2.214632e-01 -2.455500e-02
2.111682e+01 2.340704e-06 2.280555e-01 -2.429665e-02
2.161722e+01 2.213397e-06 2.345892e-01 -2.404305e-02
2.211762e+01 2.094639e-06 2.410630e-01 -2.379413e-02
2.261802e+01 1.983748e-06 2.474754e-01 -2.354978e-02
2.311842e+01 1.880107e-06 2.538255e-01 -2.330989e-02
2.361882e+01 1.783153e-06 2.601124e-01 -2.307438e-02
2.411922e+01 1.692376e-06 2.663353e-01 -2.284315e-02
2.461962e+01 1.607308e-06 2.724938e-01 -2.261610e-02
2.512002e+01 1.527524e-06 2.785875e-01 -2.239314e-02
2.562042e+01 1.452634e-06 2.846160e-01 -2.217418e-02
2.612082e+01 1.382282e-06 2.905793e-01 -2.195912e-02
2.662122e+01 1.316142e-06 2.964772e-01 -2.174788e-02
2.712162e+01 1.253914e-06 3.023098e-01 -2.154037e-02
2.762202e+01 1.195324e-06 3.080773e-01 -2.133650e-02
2.812242e+01 1.140119e-06 3.137797e-01 -2.113620e-02
2.862282e+01 1.088067e-06 3.194174e-01 -2.093937e-02
2.912322e+01 1.038955e-06 3.249907e-01 -2.074594e-02
2.962362e+01 9.925848e-07 3.305000e-01 -2.055584e-02
3.012402e+01 9.487750e-07 3.359457e-01 -2.036897e-02
3.062442e+01 9.073576e-07 3.413282e-01 -2.018528e-02
3.112482e+01 8.681775e-07 3.466481e-01 -2.000469e-02
3.162523e+01 8.310910e-07 3.519059e-01 -1.982712e-02
3.212563e+01 7.959653e-07 3.571022e-01 -1.965251e-02
3.262603e+01 7.626771e-07 3.622375e-01 -1.948079e-02
3.312643e+01 7.311123e-07 3.673125e-01 -1.931189e-02
3.362683e+01 7.011647e-07 3.723278e-01 -1.914575e-02
3.412723e+01 6.727360e-07 3.772841e-01 -1.898231e-02
3.462763e+01 6.457345e-07 3.821819e-01 -1.882151e-02
3.512803e+01 6.200751e-07 3.870221e-01 -1.866329e-02
3.562843e+01 5.956785e-07 3.918053e-01 -1.850759e-02
3.612883e+01 5.724707e-07 3.965321e-01 -1.835435e-02
3.662923e+01 5.503829e-07 4.012032e-01 -1.820352e-02
3.712963e+01 5.293508e-07 4.058195e-01 -1.805505e-02
3.763003e+01 5.093144e-07 4.103815e-01 -1.790889e-02
3.813043e+01 4.902177e-07 4.148899e-01 -1.776498e-02
3.863083e+01 4.720081e-07 4.193456e-01 -1.762327e-02
3.913123e+01 4.546367e-07 4.237491e-01 -1.748373e-02
3.963163e+01 4.380577e-07 4.281012e-01 -1.734629e-02
4.013203e+01 4.222279e-07 4.324026e-01 -1.721092e-02
4.063243e+01 4.071071e-07 4.366539e-01 -1.707757e-02
4.113283e+01 3.926575e-07 4.408559e-01 -1.694621e-02
4.163323e+01 3.788437e-07 4.450093e-01 -1.681677e-02
4.213363e+01 3.656323e-07 4.491147e-01 -1.668924e-02
4.263403e+01 3.529922e-07 4.531728e-01 -1.656356e-02
4.313443e+01 3.408938e-07 4.571843e-01 -1.643970e-02
4.363483e+01 3.293096e-07 4.611499e-01 -1.631762e-02
4.413524e+01 3.182135e-07 4.650702e-01 -1.619729e-02
4.463564e+01 3.075811e-07 4.689458e-01 -1.607866e-02
4.513604e+01 2.973893e-07 4.727774e-01 -1.596171e-02
4.563644e+01 2.876164e-07 4.765656e-01 -1.584639e-02
4.613684e+01 2.782417e-07 4.803112e-01 -1.573268e-02
4.663724e+01 2.692462e-07 4.840146e-01 -1.562055e-02
4.713764e+01 2.606113e-07 4.876765e-01 -1.550996e-02
4.763804e+01 2.523201e-07 4.912975e-01 -1.540088e-02
4.813844e+01 2.443560e-07 4.948782e-01 -1.529328e-02
4.863884e+01 2.367039e-07 4.984191e-01 -1.518713e-02
4.913924e+01 2.293491e-07 5.019210e-01 -1.508241e-02
4.963964e+01 2.222778e-07 5.053843e-01 -1.497909e-02
5.014004e+01 2.154771e-07 5.088095e-01 -1.487713e-02
5.064044e+01 2.089346e-07 5.121974e-01 -1.477652e-02
5.114084e+01 2.026387e-07 5.155483e-01 -1.467723e-02
5.164124e+01 1.965782e-07 5.188629e-01 -1.457923e-02
5.214164e+01 1.907427e-07 5.221416e-01 -1.448250e-02
5.264204e+01 1.851222e-07 5.253851e-01 -1.438701e-02
5.314244e+01 1.797072e-07 5.285937e-01 -1.429275e-02
5.364284e+01 1.744889e-07 5.317680e-01 -1.419968e-02
5.414324e+01 1.694587e-07 5.349086e-01 -1.410779e-02
5.464364e+01 1.646085e-07 5.380158e-01 -1.401705e-02
5.514404e+01 1.599307e-07 5.410902e-01 -1.392745e-02
5.564444e+01 1.554179e-07 5.441323e-01 -1.383896e-02
5.614484e+01 1.510633e-07 5.471425e-01 -1.375157e-02
5.664525e+01 1.468601e-07 5.501213e-01 -1.366524e-02
5.714565e+01 1.428022e-07 5.530691e-01 -1.357997e-02
5.764605e+01 1.388835e-07 5.559864e-01 -1.349574e-02
5.814645e+01 1.350983e-07 5.588736e-01 -1.341252e-02
5.864685e+01 1.314413e-07 5.617311e-01 -1.333030e-02
5.914725e+01 1.279072e-07 5.645594e-01 -1.324906e-02
5.964765e+01 1.244911e-07 5.673589e-01 -1.316878e-02
6.014805e+01 1.211883e-07 5.701300e-01 -1.308946e-02
6.064845e+01 1.179944e-07 5.728730e-01 -1.301106e-02
6.114885e+01 1.149051e-07 5.755885e-01 -1.293358e-02
6.164925e+01 1.119162e-07 5.782767e-01 -1.285699e-02
6.214965e+01 1.090239e-07 5.809381e-01 -1.278129e-02
6.265005e+01 1.062245e-07 5.835730e-01 -1.270646e-02
6.315045e+01 1.035143e-07 5.861818e-01 -1.263249e-02
6.365085e+01 1.008901e-07 5.887649e-01 -1.255935e-02
6.415125e+01 9.834853e-08 5.913226e-01 -1.248704e-02
6.465165e+01 9.588651e-08 5.938553e-01 -1.241555e-02
6.515205e+01 9.350108e-08 5.963633e-01 -1.234485e-02
6.565245e+01 9.118938e-08 5.988469e-01 -1.227493e-02
6.615285e+01 8.894871e-08 6.013066e-01 -1.220579e-02
6.665325e+01 8.677645e-08 6.037426e-01 -1.213741e-02
6.715365e+01 8.467012e-08 6.061552e-01 -1.206978e-02
6.765405e+01 8.262733e-08 6.085448e-01 -1.200289e-02
6.815445e+01 8.064579e-08 6.109117e-01 -1.193672e-02
6.865485e+01 7.872331e-08 6.132561e-01 -1.187126e-02
6.915526e+01 7.685780e-08 6.155784e-01 -1.180650e-02
6.965566e+01 7.504722e-08 6.178789e-01 -1.174243e-02
7.015606e+01 7.328967e-08 6.201579e-01 -1.167905e-02
7.065646e+01 7.158328e-08 6.224157e-01 -1.161633e-02
7.115686e+01 6.992627e-08 6.246525e-01 -1.155427e-02
7.165726e+01 6.831694e-08 6.268686e-01 -1.149286e-02
7.215766e+01 6.675366e-08 6.290643e-01 -1.143208e-02
7.265806e+01 6.523485e-08 6.312399e-01 -1.137194e-02
7.315846e+01 6.375899e-08 6.333956e-01 -1.131241e-02
7.365886e+01 6.232465e-08 6.355317e-01 -1.125349e-02
7.415926e+01 6.093043e-08 6.376485e-01 -1.119518e-02
7.465966e+01 5.957498e-08 6.397461e-01 -1.113745e-02
7.516006e+01 5.825702e-08 6.418249e-01 -1.108031e-02
7.566046e+01 5.697532e-08 6.438851e-01 -1.102374e-02
7.616086e+01 5.572868e-08 6.459269e-01 -1.096774e-02
7.666126e+01 5.451596e-08 6.479506e-01 -1.091229e-02
7.716166e+01 5.333605e-08 6.499564e-01 -1.085739e-02
7.766206e+01 5.218790e-08 6.519445e-01 -1.080303e-02
7.816246e+01 5.107048e-08 6.539151e-01 -1.074921e-02
7.866286e+01 4.998282e-08 6.558685e-01 -1.069591e-02
7.916326e+01 4.892396e-08 6.578049e-01 -1.064313e-02
7.966366e+01 4.789300e-08 6.597245e-01 -1.059086e-02
8.016406e+01 4.688906e-08 6.616276e-01 -1.053909e-02
8.066446e+01 4.591130e-08 6.635142e-01 -1.048782e-02
8.116486e+01 4.495889e-08 6.653847e-01 -1.043703e-02
8.166527e+01 4.403106e-08 6.672391e-01 -1.038673e-02
8.216567e+01 4.312704e-08 6.690779e-01 -1.033690e-02
8.266607e+01 4.224611e-08 6.709010e-01 -1.028754e-02
8.316647e+01 4.138756e-08 6.727087e-01 -1.023864e-02
8.366687e+01 4.055071e-08 6.745013e-01 -1.019020e-02
8.416727e+01 3.973492e-08 6.762788e-01 -1.014221e-02
8.466767e+01 3.893954e-08 6.780415e-01 -1.009466e-02
8.516807e+01 3.816396e-08 6.797895e-01 -1.004754e-02
8.566847e+01 3.740760e-08 6.815230e-01 -1.000086e-02
8.616887e+01 3.666989e-08 6.832423e-01 -9.954606e-03
8.666927e+01 3.595028e-08 6.849474e-01 -9.908768e-03
8.716967e+01 3.524824e-08 6.866385e-01 -9.863345e-03
8.767007e+01 3.456326e-08 6.883159e-01 -9.818329e-03
8.817047e+01 3.389483e-08 6.899796e-01 -9.773717e-03
8.867087e+01 3.324249e-08 6.916298e-01 -9.729501e-03
8.917127e+01 3.260577e-08 6.932668e-01 -9.685678e-03
8.967167e+01 3.198422e-08 6.948906e-01 -9.642243e-03
9.017207e+01 3.137742e-08 6.965013e-01 -9.599189e-03
9.067247e+01 3.078494e-08 6.980993e-01 -9.556512e-03
9.117287e+01 3.020638e-08 6.996845e-01 -9.514207e-03
9.167327e+01 2.964136e-08 7.012571e-01 -9.472270e-03
9.217367e+01 2.908948e-08 7.028174e-01 -9.430695e-03
9.267407e+01 2.855039e-08 7.043654e-01 -9.389478e-03
9.317447e+01 2.802373e-08 7.059013e-01 -9.348615e-03
9.367487e+01 2.750916e-08 7.074252e-01 -9.308100e-03
9.417528e+01 2.700635e-08 7.089372e-01 -9.267930e-03
9.467568e+01 2.651498e-08 7.104375e-01 -9.228100e-03
9.517608e+01 2.603473e-08 7.119263e-01 -9.188606e-03
9.567648e+01 2.556531e-08 7.134036e-01 -9.149443e-03
9.617688e+01 2.510643e-08 7.148695e-01 -9.110608e-03
9.667728e+01 2.465779e-08 7.163243e-01 -9.072096e-03
9.717768e+01 2.421913e-08 7.177680e-01 -9.033904e-03
9.767808e+01 2.379019e-08 7.192008e-01 -8.996027e-03
9.817848e+01 2.337070e-08 7.206227e-01 -8.958462e-03
9.867888e+01 2.296042e-08 7.220339e-01 -8.921205e-03
9.917928e+01 2.255910e-08 7.234346e-01 -8.884251e-03
9.967968e+01 2.216651e-08 7.248247e-01 -8.847599e-03
1.001801e+02 2.178243e-08 7.262045e-01 -8.811242e-03
1.006805e+02 2.140663e-08 7.275741e-01 -8.775180e-03
1.011809e+02 2.103891e-08 7.289336e-01 -8.739406e-03
1.016813e+02 2.067904e-08 7.302830e-01 -8.703919e-03
1.021817e+02 2.032684e-08 7.316225e-01 -8.668715e-03
1.026821e+02 1.998211e-08 7.329522e-01 -8.633790e-03
1.031825e+02 1.964465e-08 7.342722e-01 -8.599142e-03
1.036829e+02 1.931429e-08 7.355826e-01 -8.564766e-03
1.041833e+02 1.899084e-08 7.368835e-01 -8.530660e-03
1.046837e+02 1.867414e-08 7.381750e-01 -8.496821e-03
1.051841e+02 1.836401e-08 7.394572e-01 -8.463245e-03
1.056845e+02 1.806030e-08 7.407303e-01 -8.429930e-03
1.061849e+02 1.776284e-08 7.419942e-01 -8.396872e-03
1.066853e+02 1.747148e-08 7.432491e-01 -8.364069e-03
1.071857e+02 1.718606e-08 7.444951e-01 -8.331517e-03
1.076861e+02 1.690646e-08 7.457323e-01 -8.299213e-03
1.081865e+02 1.663252e-08 7.469608e-01 -8.267156e-03
1.086869e+02 1.636410e-08 7.481807e-01 -8.235342e-03
1.091873e+02 1.610108e-08 7.493920e-01 -8.203768e-03
1.096877e+02 1.584332e-08 7.505948e-01 -8.172432e-03
1.101881e+02 1.559070e-08 7.517893e-01 -8.141331e-03
1.106885e+02 1.534310e-08 7.529755e-01 -8.110462e-03
1.111889e+02 1.510039e-08 7.541535e-01 -8.079823e-03
1.116893e+02 1.486246e-08 7.553234e-01 -8.049411e-03
1.121897e+02 1.462920e-08 7.564852e-01 -8.019224e-03
1.126901e+02 1.440050e-08 7.576391e-01 -7.989259e-03
1.131905e+02 1.417625e-08 7.587851e-01 -7.959514e-03
1.136909e+02 1.395635e-08 7.599234e-01 -7.929987e-03
1.141913e+02 1.374070e-08 7.610539e-01 -7.900674e-03
1.146917e+02 1.352920e-08 7.621768e-01 -7.871574e-03
1.151921e+02 1.332175e-08 7.632921e-01 -7.842685e-03
1.156925e+02 1.311826e-08 7.644000e-01 -7.814004e-03
1.161929e+02 1.291865e-08 7.655004e-01 -7.785529e-03
1.166933e+02 1.272281e-08 7.665935e-01 -7.757257e-03
1.171937e+02 1.253068e-08 7.676793e-01 -7.729187e-03
1.176941e+02 1.234216e-08 7.687579e-01 -7.701317e-03
1.181945e+02 1.215717e-08 7.698294e-01 -7.673644e-03
1.186949e+02 1.197563e-08 7.708939e-01 -7.646166e-03
1.191953e+02 1.179747e-08 7.719513e-01 -7.618881e-03
1.196957e+02 1.162261e-08 7.730019e-01 -7.591787e-03
1.201961e+02 1.145098e-08 7.740456e-01 -7.564883e-03
1.206965e+02 1.128251e-08 7.750825e-01 -7.538166e-03
1.211969e+02 1.111712e-08 7.761127e-01 -7.511634e-03
1.216973e+02 1.095475e-08 7.771362e-01 -7.485285e-03
1.221977e+02 1.079534e-08 7.781531e-01 -7.459118e-03
1.226981e+02 1.063881e-08 7.791635e-01 -7.433131e-03
1.231985e+02 1.048512e-08 7.801675e-01 -7.407321e-03
1.236989e+02 1.033418e-08 7.811650e-01 -7.381687e-03
1.241993e+02 1.018596e-08 7.821562e-01 -7.356227e-03
1.246997e+02 1.004038e-08 7.831411e-01 -7.330940e-03
1.252001e+02 9.897398e-09 7.841197e-01 -7.305824e-03
1.257005e+02 9.756949e-09 7.850922e-01 -7.280876e-03
1.262009e+02 9.618983e-09 7.860586e-01 -7.256096e-03
1.267013e+02 9.483447e-09 7.870190e-01 -7.231481e-03
1.272017e+02 9.350290e-09 7.879733e-01 -7.207030e-03
1.277021e+02 9.219462e-09 7.889217e-01 -7.182742e-03
1.282025e+02 9.090915e-09 7.898642e-01 -7.158614e-03
1.287029e+02 8.964601e-09 7.908008e-01 -7.134645e-03
1.292033e+02 8.840473e-09 7.917317e-01 -7.110834e-03
1.297037e+02 8.718486e-09 7.926569e-01 -7.087179e-03
1.302041e+02 8.598596e-09 7.935763e-01 -7.063679e-03
1.307045e+02 8.480760e-09 7.944902e-01 -7.040331e-03
1.312049e+02 8.364936e-09 7.953985e-01 -7.017135e-03
1.317053e+02 8.251082e-09 7.963012e-01 -6.994089e-03
1.322057e+02 8.139159e-09 7.971985e-01 -6.971192e-03
1.327061e+02 8.029128e-09 7.980904e-01 -6.948441e-03
1.332065e+02 7.920950e-09 7.989768e-01 -6.925837e-03
1.337069e+02 7.814588e-09 7.998580e-01 -6.903377e-03
1.342073e+02 7.710005e-09 8.007339e-01 -6.881059e-03
1.347077e+02 7.607166e-09 8.016045e-01 -6.858884e-03
1.352081e+02 7.506037e-09 8.024700e-01 -6.836849e-03
1.357085e+02 7.406582e-09 8.033303e-01 -6.814952e-03
1.362089e+02 7.308769e-09 8.041855e-01 -6.793194e-03
1.367093e+02 7.212566e-09 8.050356e-01 -6.771572e-03
1.372097e+02 7.117940e-09 8.058808e-01 -6.750084e-03
1.377101e+02 7.024861e-09 8.067210e-01 -6.728731e-03
1.382105e+02 6.933299e-09 8.075562e-01 -6.707510e-03
1.387109e+02 6.843224e-09 8.083866e-01 -6.686421e-03
1.392113e+02 6.754607e-09 8.092122e-01 -6.665462e-03
1.397117e+02 6.667420e-09 8.100329e-01 -6.644632e-03
1.402121e+02 6.581636e-09 8.108489e-01 -6.623929e-03
1.407125e+02 6.497226e-09 8.116602e-01 -6.603354e-03
1.412129e+02 6.414166e-09 8.124669e-01 -6.582903e-03
1.417133e+02 6.332429e-09 8.132688e-01 -6.562577e-03
1.422137e+02 6.251989e-09 8.140662e-01 -6.542374e-03
1.427141e+02 6.172824e-09 8.148591e-01 -6.522293e-03
1.432145e+02 6.094907e-09 8.156474e-01 -6.502334e-03
1.437149e+02 6.018216e-09 8.164313e-01 -6.482494e-03
1.442153e+02 5.942727e-09 8.172107e-01 -6.462773e-03
1.447157e+02 5.868418e-09 8.179857e-01 -6.443169e-03
1.452161e+02 5.795268e-09 8.187564e-01 -6.423682e-03
1.457165e+02 5.723253e-09 8.195227e-01 -6.404311e-03
1.462169e+02 5.652354e-09 8.202847e-01 -6.385055e-03
1.467173e+02 5.582549e-09 8.210425e-01 -6.365912e-03
1.472177e+02 5.513819e-09 8.217960e-01 -6.346882e-03
1.477181e+02 5.446143e-09 8.225454e-01 -6.327964e-03
1.482185e+02 5.379503e-09 8.232906e-01 -6.309156e-03
1.487189e+02 5.313878e-09 8.240317e-01 -6.290458e-03
1.492193e+02 5.249252e-09 8.247687e-01 -6.271868e-03
1.497197e+02 5.185605e-09 8.255017e-01 -6.253387e-03
1.502201e+02 5.122919e-09 8.262306e-01 -6.235012e-03
1.507205e+02 5.061178e-09 8.269556e-01 -6.216743e-03
1.512209e+02 5.000365e-09 8.276766e-01 -6.198580e-03
1.517213e+02 4.940462e-09 8.283937e-01 -6.180520e-03
1.522217e+02 4.881454e-09 8.291069e-01 -6.162564e-03
1.527221e+02 4.823324e-09 8.298162e-01 -6.144710e-03
1.532225e+02 4.766057e-09 8.305217e-01 -6.126957e-03
1.537229e+02 4.709637e-09 8.312235e-01 -6.109305e-03
1.542233e+02 4.654050e-09 8.319214e-01 -6.091753e-03
1.547237e+02 4.599280e-09 8.326156e-01 -6.074300e-03
1.552241e+02 4.545314e-09 8.333062e-01 -6.056945e-03
1.557245e+02 4.492137e-09 8.339930e-01 -6.039687e-03
1.562249e+02 4.439736e-09 8.346762e-01 -6.022526e-03
1.567253e+02 4.388096e-09 8.353557e-01 -6.005460e-03
1.572257e+02 4.337205e-09 8.360317e-01 -5.988489e-03
1.577261e+02 4.287050e-09 8.367042e-01 -5.971612e-03
1.582265e+02 4.237618e-09 8.373730e-01 -5.954829e-03
1.587269e+02 4.188896e-09 8.380384e-01 -5.938138e-03
1.592273e+02 4.140872e-09 8.387003e-01 -5.921539e-03
1.597277e+02 4.093535e-09 8.393588e-01 -5.905031e-03
1.602281e+02 4.046872e-09 8.400138e-01 -5.888613e-03
1.607285e+02 4.000873e-09 8.406654e-01 -5.872285e-03
1.612289e+02 3.955525e-09 8.413137e-01 -5.856045e-03
1.617293e+02 3.910818e-09 8.419586e-01 -5.839894e-03
1.622297e+02 3.866740e-09 8.426002e-01 -5.823830e-03
1.627301e+02 3.823282e-09 8.432384e-01 -5.807852e-03
1.632305e+02 3.780433e-09 8.438735e-01 -5.791961e-03
1.637309e+02 3.738182e-09 8.445052e-01 -5.776155e-03
1.642313e+02 3.696520e-09 8.451338e-01 -5.760433e-03
1.647317e+02 3.655437e-09 8.457592e-01 -5.744796e-03
1.652321e+02 3.614923e-09 8.463813e-01 -5.729241e-03
1.657325e+02 3.574969e-09 8.470004e-01 -5.713769e-03
1.662329e+02 3.535566e-09 8.476163e-01 -5.698380e-03
1.667333e+02 3.496703e-09 8.482291e-01 -5.683071e-03
1.672337e+02 3.458374e-09 8.488388e-01 -5.667843e-03
1.677341e+02 3.420568e-09 8.494455e-01 -5.652695e-03
1.682345e+02 3.383277e-09 8.500492e-01 -5.637627e-03
1.687349e+02 3.346493e-09 8.506498e-01 -5.622637e-03
1.692353e+02 3.310208e-09 8.512475e-01 -5.607725e-03
1.697357e+02 3.274413e-09 8.518421e-01 -5.592891e-03
1.702361e+02 3.239101e-09 8.524339e-01 -5.578134e-03
1.707365e+02 3.204263e-09 8.530227e-01 -5.563453e-03
1.712369e+02 3.169893e-09 8.536086e-01 -5.548848e-03
1.717373e+02 3.135982e-09 8.541917e-01 -5.534318e-03
1.722377e+02 3.102524e-09 8.547718e-01 -5.519863e-03
1.727381e+02 3.069510e-09 8.553492e-01 -5.505481e-03
1.732385e+02 3.036935e-09 8.559237e-01 -5.491174e-03
1.737389e+02 3.004790e-09 8.564955e-01 -5.476939e-03
1.742393e+02 2.973070e-09 8.570644e-01 -5.462776e-03
1.747397e+02 2.941767e-09 8.576306e-01 -5.448685e-03
1.752401e+02 2.910876e-09 8.581941e-01 -5.434666e-03
1.757405e+02 2.880388e-09 8.587549e-01 -5.420717e-03
1.762409e+02 2.850299e-09 8.593129e-01 -5.406838e-03
1.767413e+02 2.820602e-09 8.598683e-01 -5.393029e-03
1.772417e+02 2.791290e-09 8.604210e-01 -5.379289e-03
1.777421e+02 2.762358e-09 8.609711e-01 -5.365618e-03
1.782425e+02 2.733800e-09 8.615186e-01 -5.352014e-03
1.787429e+02 2.705610e-09 8.620634e-01 -5.338479e-03
1.792433e+02 2.677783e-09 8.626057e-01 -5.325010e-03
1.797437e+02 2.650313e-09 8.631454e-01 -5.311608e-03
1.802441e+02 2.623194e-09 8.636826e-01 -5.298272e-03
1.807445e+02 2.596420e-09 8.642172e-01 -5.285002e-03
1.812449e+02 2.569988e-09 8.647493e-01 -5.271797e-03
1.817453e+02 2.543891e-09 8.652790e-01 -5.258656e-03
1.822457e+02 2.518125e-09 8.658061e-01 -5.245580e-03
1.827461e+02 2.492684e-09 8.663308e-01 -5.232567e-03
1.832465e+02 2.467563e-09 8.668531e-01 -5.219618e-03
1.837469e+02 2.442758e-09 8.673729e-01 -5.206731e-03
1.842473e+02 2.418264e-09 8.678903e-01 -5.193907e-03
1.847477e+02 2.394077e-09 8.684053e-01 -5.181145e-03
1.852481e+02 2.370191e-09 8.689180e-01 -5.168444e-03
1.857485e+02 2.346602e-09 8.694283e-01 -5.155804e-03
1.862489e+02 2.323306e-09 8.699362e-01 -5.143224e-03
1.867493e+02 2.300298e-09 8.704418e-01 -5.130705e-03
1.872497e+02 2.277574e-09 8.709452e-01 -5.118246e-03
1.877502e+02 2.255131e-09 8.714462e-01 -5.105845e-03
1.882506e+02 2.232963e-09 8.719449e-01 -5.093504e-03
1.887510e+02 2.211066e-09 8.724414e-01 -5.081221e-03
1.892514e+02 2.189438e-09 8.729356e-01 -5.068996e-03
1.897518e+02 2.168073e-09 8.734276e-01 -5.056828e-03
1.902522e+02 2.146969e-09 8.739174e-01 -5.044718e-03
1.907526e+02 2.126120e-09 8.744049e-01 -5.032665e-03
1.912530e+02 2.105524e-09 8.748903e-01 -5.020668e-03
1.917534e+02 2.085177e-09 8.753735e-01 -5.008727e-03
1.922538e+02 2.065075e-09 8.758546e-01 -4.996842e-03
1.927542e+02 2.045215e-09 8.763335e-01 -4.985011e-03
1.932546e+02 2.025593e-09 8.768102e-01 -4.973236e-03
1.937550e+02 2.006205e-09 8.772849e-01 -4.961515e-03
1.942554e+02 1.987049e-09 8.777574e-01 -4.949849e-03
1.947558e+02 1.968121e-09 8.782279e-01 -4.938235e-03
1.952562e+02 1.949418e-09 8.786963e-01 -4.926676e-03
1.957566e+02 1.930937e-09 8.791626e-01 -4.915169e-03
1.962570e+02 1.912674e-09 8.796269e-01 -4.903715e-03
1.967574e+02 1.894627e-09 8.800891e-01 -4.892313e-03
1.972578e+02 1.876792e-09 8.805493e-01 -4.880963e-03
1.977582e+02 1.859166e-09 8.810075e-01 -4.869665e-03
1.982586e+02 1.841747e-09 8.814638e-01 -4.858418e-03
1.987590e+02 1.824531e-09 8.819180e-01 -4.847221e-03
1.992594e+02 1.807516e-09 8.823703e-01 -4.836076e-03
1.997598e+02 1.790699e-09 8.828206e-01 -4.824980e-03
2.002602e+02 1.774077e-09 8.832689e-01 -4.813934e-03
2.007606e+02 1.757647e-09 8.837154e-01 -4.802938e-03
2.012610e+02 1.741408e-09 8.841599e-01 -4.791991e-03
2.017614e+02 1.725355e-09 8.846025e-01 -4.781092e-03
2.022618e+02 1.709487e-09 8.850432e-01 -4.770242e-03
2.027622e+02 1.693801e-09 8.854820e-01 -4.759441e-03
2.032626e+02 1.678294e-09 8.859190e-01 -4.748687e-03
2.037630e+02 1.662965e-09 8.863541e-01 -4.737981e-03
2.042634e+02 1.647810e-09 8.867873e-01 -4.727322e-03
2.047638e+02 1.632827e-09 8.872187e-01 -4.716710e-03
2.052642e+02 1.618014e-09 8.876483e-01 -4.706144e-03
2.057646e+02 1.603369e-09 8.880761e-01 -4.695625e-03
2.062650e+02 1.588889e-09 8.885021e-01 -4.685152e-03
2.067654e+02 1.574573e-09 8.889263e-01 -4.674725e-03
2.072658e+02 1.560417e-09 8.893487e-01 -4.664343e-03
2.077662e+02 1.546420e-09 8.897693e-01 -4.654006e-03
2.082666e+02 1.532579e-09 8.901882e-01 -4.643714e-03
2.087670e+02 1.518893e-09 8.906053e-01 -4.633466e-03
2.092674e+02 1.505360e-09 8.910208e-01 -4.623263e-03
2.097678e+02 1.491976e-09 8.914344e-01 -4.613104e-03
2.102682e+02 1.478742e-09 8.918464e-01 -4.602988e-03
2.107686e+02 1.465653e-09 8.922567e-01 -4.592916e-03
2.112690e+02 1.452709e-09 8.926653e-01 -4.582886e-03
2.117694e+02 1.439908e-09 8.930722e-01 -4.572900e-03
2.122698e+02 1.427248e-09 8.934774e-01 -4.562956e-03
2.127702e+02 1.414726e-09 8.938809e-01 -4.553055e-03
2.132706e+02 1.402341e-09 8.942829e-01 -4.543195e-03
2.137710e+02 1.390092e-09 8.946831e-01 -4.533378e-03
2.142714e+02 1.377976e-09 8.950818e-01 -4.523601e-03
2.147718e+02 1.365991e-09 8.954788e-01 -4.513866e-03
2.152722e+02 1.354137e-09 8.958742e-01 -4.504172e-03
2.157726e+02 1.342411e-09 8.962680e-01 -4.494519e-03
2.162730e+02 1.330812e-09 8.966602e-01 -4.484906e-03
2.167734e+02 1.319338e-09 8.970509e-01 -4.475334e-03
2.172738e+02 1.307987e-09 8.974399e-01 -4.465801e-03
2.177742e+02 1.296758e-09 8.978274e-01 -4.456308e-03
2.182746e+02 1.285649e-09 8.982134e-01 -4.446854e-03
2.187750e+02 1.274659e-09 8.985978e-01 -4.437440e-03
2.192754e+02 1.263786e-09 8.989807e-01 -4.428065e-03
2.197758e+02 1.253029e-09 8.993620e-01 -4.418728e-03
2.202762e+02 1.242386e-09 8.997418e-01 -4.409430e-03
2.207766e+02 1.231855e-09 9.001201e-01 -4.400170e-03
2.212770e+02 1.221436e-09 9.004970e-01 -4.390948e-03
2.217774e+02 1.211127e-09 9.008723e-01 -4.381764e-03
2.222778e+02 1.200927e-09 9.012461e-01 -4.372617e-03
2.227782e+02 1.190834e-09 9.016185e-01 -4.363508e-03
2.232786e+02 1.180846e-09 9.019894e-01 -4.354436e-03
2.237790e+02 1.170963e-09 9.023589e-01 -4.345401e-03
2.242794e+02 1.161183e-09 9.027269e-01 -4.336402e-03
2.247798e+02 1.151506e-09 9.030935e-01 -4.327440e-03
2.252802e+02 1.141928e-09 9.034586e-01 -4.318514e-03
2.257806e+02 1.132450e-09 9.038223e-01 -4.309624e-03
2.262810e+02 1.123071e-09 9.041846e-01 -4.300769e-03
2.267814e+02 1.113788e-09 9.045455e-01 -4.291951e-03
2.272818e+02 1.104600e-09 9.049050e-01 -4.283167e-03
2.277822e+02 1.095508e-09 9.052632e-01 -4.274419e-03
2.282826e+02 1.086509e-09 9.056199e-01 -4.265706e-03
2.287830e+02 1.077602e-09 9.059753e-01 -4.257027e-03
2.292834e+02 1.068786e-09 9.063293e-01 -4.248383e-03
2.297838e+02 1.060060e-09 9.066819e-01 -4.239773e-03
2.302842e+02 1.051423e-09 9.070332e-01 -4.231197e-03
2.307846e+02 1.042873e-09 9.073831e-01 -4.222655e-03
2.312850e+02 1.034411e-09 9.077317e-01 -4.214147e-03
2.317854e+02 1.026034e-09 9.080790e-01 -4.205672e-03
2.322858e+02 1.017741e-09 9.084250e-01 -4.197231e-03
2.327862e+02 1.009533e-09 9.087697e-01 -4.188823e-03
2.332866e+02 1.001407e-09 9.091130e-01 -4.180447e-03
2.337870e+02 9.933621e-10 9.094551e-01 -4.172105e-03
2.342874e+02 9.853982e-10 9.097958e-01 -4.163794e-03
2.347878e+02 9.775140e-10 9.101353e-01 -4.155516e-03
2.352882e+02 9.697085e-10 9.104735e-01 -4.147271e-03
2.357886e+02 9.619807e-10 9.108105e-01 -4.139057e-03
2.362890e+02 9.543298e-10 9.111461e-01 -4.130875e-03
2.367894e+02 9.467548e-10 9.114806e-01 -4.122725e-03
2.372898e+02 9.392548e-10 9.118138e-01 -4.114606e-03
2.377902e+02 9.318289e-10 9.121457e-01 -4.106518e-03
2.382906e+02 9.244762e-10 9.124764e-01 -4.098461e-03
2.387910e+02 9.171960e-10 9.128059e-01 -4.090435e-03
2.392914e+02 9.099872e-10 9.131342e-01 -4.082440e-03
2.397918e+02 9.028492e-10 9.134612e-01 -4.074475e-03
2.402922e+02 8.957810e-10 9.137870e-01 -4.066541e-03
2.407926e+02 8.887818e-10 9.141117e-01 -4.058637e-03
2.412930e+02 8.818509e-10 9.144351e-01 -4.050763e-03
2.417934e+02 8.749874e-10 9.147574e-01 -4.042918e-03
2.422938e+02 8.681905e-10 9.150785e-01 -4.035103e-03
2.427942e+02 8.614595e-10 9.153984e-01 -4.027318e-03
2.432946e+02 8.547936e-10 9.157172e-01 -4.019562e-03
2.437950e+02 8.481921e-10 9.160347e-01 -4.011836e-03
2.442954e+02 8.416542e-10 9.163512e-01 -4.004138e-03
2.447958e+02 8.351791e-10 9.166665e-01 -3.996469e-03
2.452962e+02 8.287662e-10 9.169806e-01 -3.988829e-03
2.457966e+02 8.224148e-10 9.172936e-01 -3.981217e-03
2.462970e+02 8.161240e-10 9.176055e-01 -3.973633e-03
2.467974e+02 8.098933e-10 9.179163e-01 -3.966078e-03
2.472978e+02 8.037220e-10 9.182259e-01 -3.958551e-03
2.477982e+02 7.976093e-10 9.185344e-01 -3.951052e-03
2.482986e+02 7.915546e-10 9.188418e-01 -3.943580e-03
2.487990e+02 7.855573e-10 9.191482e-01 -3.936136e-03
2.492994e+02 7.796167e-10 9.194534e-01 -3.928719e-03
2.497998e+02 7.737321e-10 9.197575e-01 -3.921330e-03
2.503002e+02 7.679029e-10 9.200606e-01 -3.913968e-03
2.508006e+02 7.621286e-10 9.203626e-01 -3.906633e-03
2.513010e+02 7.564084e-10 9.206635e-01 -3.899324e-03
2.518014e+02 7.507417e-10 9.209634e-01 -3.892042e-03
2.523018e+02 7.451281e-10 9.212621e-01 -3.884787e-03
2.528022e+02 7.395668e-10 9.215599e-01 -3.877558e-03
2.533026e+02 7.340573e-10 9.218566e-01 -3.870356e-03
2.538030e+02 7.285990e-10 9.221522e-01 -3.863179e-03
2.543034e+02 7.231913e-10 9.224468e-01 -3.856028e-03
2.548038e+02 7.178338e-10 9.227404e-01 -3.848904e-03
2.553042e+02 7.125257e-10 9.230330e-01 -3.841805e-03
2.558046e+02 7.072666e-10 9.233245e-01 -3.834731e-03
2.563050e+02 7.020560e-10 9.236150e-01 -3.827683e-03
2.568054e+02 6.968933e-10 9.239045e-01 -3.820660e-03
2.573058e+02 6.917779e-10 9.241930e-01 -3.813662e-03
2.578062e+02 6.867094e-10 9.244805e-01 -3.806690e-03
2.583066e+02 6.816872e-10 9.247670e-01 -3.799742e-03
2.588070e+02 6.767108e-10 9.250525e-01 -3.792818e-03
2.593074e+02 6.717798e-10 9.253371e-01 -3.785920e-03
2.598078e+02 6.668936e-10 9.256206e-01 -3.779046e-03
2.603082e+02 6.620517e-10 9.259032e-01 -3.772196e-03
2.608086e+02 6.572537e-10 9.261848e-01 -3.765370e-03
2.613090e+02 6.524991e-10 9.264655e-01 -3.758569e-03
2.618094e+02 6.477875e-10 9.267452e-01 -3.751791e-03
2.623098e+02 6.431182e-10 9.270239e-01 -3.745038e-03
2.628102e+02 6.384910e-10 9.273017e-01 -3.738308e-03
2.633106e+02 6.339053e-10 9.275785e-01 -3.731601e-03
2.638110e+02 6.293607e-10 9.278544e-01 -3.724918e-03
2.643114e+02 6.248568e-10 9.281294e-01 -3.718258e-03
2.648118e+02 6.203930e-10 9.284034e-01 -3.711622e-03
2.653122e+02 6.159691e-10 9.286765e-01 -3.705009e-03
2.658126e+02 6.115845e-10 9.289487e-01 -3.698418e-03
2.663130e+02 6.072389e-10 9.292200e-01 -3.691851e-03
2.668134e+02 6.029318e-10 9.294903e-01 -3.685306e-03
2.673138e+02 5.986628e-10 9.297598e-01 -3.678784e-03
2.678142e+02 5.944316e-10 9.300283e-01 -3.672284e-03
2.683146e+02 5.902376e-10 9.302960e-01 -3.665806e-03
2.688150e+02 5.860806e-10 9.305628e-01 -3.659351e-03
2.693154e+02 5.819601e-10 9.308286e-01 -3.652918e-03
2.698158e+02 5.778758e-10 9.310936e-01 -3.646507e-03
2.703162e+02 5.738272e-10 9.313577e-01 -3.640118e-03
2.708166e+02 5.698140e-10 9.316209e-01 -3.633751e-03
2.713170e+02 5.658359e-10 9.318833e-01 -3.627406e-03
2.718174e+02 5.618924e-10 9.321448e-01 -3.621082e-03
2.723178e+02 5.579832e-10 9.324054e-01 -3.614779e-03
2.728182e+02 5.541079e-10 9.326652e-01 -3.608498e-03
2.733186e+02 5.502662e-10 9.329241e-01 -3.602238e-03
2.738190e+02 5.464578e-10 9.331822e-01 -3.596000e-03
2.743194e+02 5.426822e-10 9.334394e-01 -3.589782e-03
2.748198e+02 5.389393e-10 9.336958e-01 -3.583586e-03
2.753202e+02 5.352285e-10 9.339513e-01 -3.577410e-03
2.758206e+02 5.315496e-10 9.342060e-01 -3.571255e-03
2.763210e+02 5.279022e-10 9.344599e-01 -3.565120e-03
2.768214e+02 5.242861e-10 9.347129e-01 -3.559006e-03
2.773218e+02 5.207009e-10 9.349651e-01 -3.552913e-03
2.778222e+02 5.171463e-10 9.352166e-01 -3.546839e-03
2.783226e+02 5.136220e-10 9.354671e-01 -3.540786e-03
2.788230e+02 5.101276e-10 9.357169e-01 -3.534753e-03
2.793234e+02 5.066629e-10 9.359659e-01 -3.528740e-03
2.798238e+02 5.032276e-10 9.362141e-01 -3.522747e-03
2.803242e+02 4.998214e-10 9.364615e-01 -3.516774e-03
2.808246e+02 4.964439e-10 9.367081e-01 -3.510821e-03
2.813250e+02 4.930949e-10 9.369538e-01 -3.504887e-03
2.818254e+02 4.897741e-10 9.371989e-01 -3.498973e-03
2.823258e+02 4.864812e-10 9.374431e-01 -3.493078e-03
2.828262e+02 4.832159e-10 9.376865e-01 -3.487202e-03
2.833266e+02 4.799780e-10 9.379292e-01 -3.481346e-03
2.838270e+02 4.767671e-10 9.381711e-01 -3.475509e-03
2.843274e+02 4.735831e-10 9.384122e-01 -3.469691e-03
2.848278e+02 4.704256e-10 9.386526e-01 -3.463891e-03
2.853282e+02 4.672944e-10 9.388922e-01 -3.458111e-03
2.858286e+02 4.641891e-10 9.391310e-01 -3.452350e-03
2.863290e+02 4.611097e-10 9.393691e-01 -3.446607e-03
2.868294e+02 4.580557e-10 9.396065e-01 -3.440883e-03
2.873298e+02 4.550270e-10 9.398431e-01 -3.435177e-03
2.878302e+02 4.520232e-10 9.400789e-01 -3.429489e-03
2.883306e+02 4.490442e-10 9.403140e-01 -3.423820e-03
2.888310e+02 4.460897e-10 9.405484e-01 -3.418170e-03
2.893314e+02 4.431595e-10 9.407821e-01 -3.412537e-03
2.898318e+02 4.402533e-10 9.410150e-01 -3.406922e-03
2.903322e+02 4.373708e-10 9.412472e-01 -3.401326e-03
2.908326e+02 4.345120e-10 9.414786e-01 -3.395747e-03
2.913330e+02 4.316764e-10 9.417094e-01 -3.390186e-03
2.918334e+02 4.288639e-10 9.419394e-01 -3.384643e-03
2.923338e+02 4.260743e-10 9.421688e-01 -3.379117e-03
2.928342e+02 4.233074e-10 9.423974e-01 -3.373609e-03
2.933346e+02 4.205629e-10 9.426253e-01 -3.368119e-03
2.938350e+02 4.178406e-10 9.428525e-01 -3.362645e-03
2.943354e+02 4.151402e-10 9.430790e-01 -3.357189e-03
2.948358e+02 4.124617e-10 9.433048e-01 -3.351751e-03
2.953362e+02 4.098047e-10 9.435299e-01 -3.346329e-03
2.958366e+02 4.071691e-10 9.437543e-01 -3.340925e-03
2.963370e+02 4.045546e-10 9.439781e-01 -3.335537e-03
2.968374e+02 4.019611e-10 9.442011e-01 -3.330166e-03
2.973378e+02 3.993883e-10 9.444235e-01 -3.324813e-03
2.978382e+02 3.968361e-10 9.446452e-01 -3.319476e-03
2.983386e+02 3.943043e-10 9.448662e-01 -3.314155e-03
2.988390e+02 3.917926e-10 9.450866e-01 -3.308851e-03
2.993394e+02 3.893008e-10 9.453063e-01 -3.303564e-03
2.998398e+02 3.868289e-10 9.455253e-01 -3.298293e-03
3.003402e+02 3.843765e-10 9.457436e-01 -3.293038e-03
3.008406e+02 3.819436e-10 9.459613e-01 -3.287800e-03
3.013410e+02 3.795298e-10 9.461784e-01 -3.282578e-03
3.018414e+02 3.771351e-10 9.463948e-01 -3.277372e-03
3.023418e+02 3.747593e-10 9.466105e-01 -3.272182e-03
3.028422e+02 3.724021e-10 9.468256e-01 -3.267008e-03
3.033426e+02 3.700635e-10 9.470400e-01 -3.261850e-03
3.038430e+02 3.677431e-10 9.472539e-01 -3.256708e-03
3.043434e+02 3.654410e-10 9.474670e-01 -3.251581e-03
3.048438e+02 3.631568e-10 9.476796e-01 -3.246470e-03
3.053442e+02 3.608904e-10 9.478915e-01 -3.241375e-03
3.058446e+02 3.586417e-10 9.481027e-01 -3.236296e-03
3.063450e+02 3.564105e-10 9.483134e-01 -3.231231e-03
3.068454e+02 3.541966e-10 9.485234e-01 -3.226183e-03
3.073458e+02 3.519998e-10 9.487328e-01 -3.221149e-03
3.078462e+02 3.498201e-10 9.489416e-01 -3.216131e-03
3.083466e+02 3.476572e-10 9.491497e-01 -3.211128e-03
3.088470e+02 3.455110e-10 9.493573e-01 -3.206140e-03
3.093474e+02 3.433814e-10 9.495642e-01 -3.201167e-03
3.098478e+02 3.412681e-10 9.497705e-01 -3.196209e-03
3.103482e+02 3.391711e-10 9.499763e-01 -3.191266e-03
3.108486e+02 3.370901e-10 9.501814e-01 -3.186338e-03
3.113490e+02 3.350251e-10 9.503859e-01 -3.181425e-03
3.118494e+02 3.329758e-10 9.505898e-01 -3.176526e-03
3.123498e+02 3.309422e-10 9.507931e-01 -3.171642e-03
3.128503e+02 3.289242e-10 9.509959e-01 -3.166773e-03
3.133507e+02 3.269214e-10 9.511980e-01 -3.161918e-03
3.138511e+02 3.249339e-10 9.513996e-01 -3.157078e-03
3.143515e+02 3.229615e-10 9.516006e-01 -3.152252e-03
3.148519e+02 3.210040e-10 9.518009e-01 -3.147440e-03
3.153523e+02 3.190613e-10 9.520008e-01 -3.142643e-03
3.158527e+02 3.171333e-10 9.522000e-01 -3.137860e-03
3.163531e+02 3.152199e-10 9.523987e-01 -3.133090e-03
3.168535e+02 3.133208e-10 9.525967e-01 -3.128335e-03
3.173539e+02 3.114360e-10 9.527943e-01 -3.123594e-03
3.178543e+02 3.095654e-10 9.529912e-01 -3.118867e-03
3.183547e+02 3.077088e-10 9.531876e-01 -3.114154e-03
3.188551e+02 3.058661e-10 9.533834e-01 -3.109455e-03
3.193555e+02 3.040372e-10 9.535787e-01 -3.104769e-03
3.198559e+02 3.022219e-10 9.537734e-01 -3.100097e-03
3.203563e+02 3.004202e-10 9.539676e-01 -3.095439e-03
3.208567e+02 2.986318e-10 9.541612e-01 -3.090795e-03
3.213571e+02 2.968568e-10 9.543542e-01 -3.086164e-03
3.218575e+02 2.950949e-10 9.545467e-01 -3.081546e-03
3.223579e+02 2.933461e-10 9.547387e-01 -3.076942e-03
3.228583e+02 2.916102e-10 9.549301e-01 -3.072351e-03
3.233587e+02 2.898871e-10 9.551209e-01 -3.067773e-03
3.238591e+02 2.881767e-10 9.553113e-01 -3.063209e-03
3.243595e+02 2.864789e-10 9.555011e-01 -3.058658e-03
3.248599e+02 2.847937e-10 9.556903e-01 -3.054120e-03
3.253603e+02 2.831207e-10 9.558791e-01 -3.049595e-03
3.258607e+02 2.814601e-10 9.560673e-01 -3.045083e-03
3.263611e+02 2.798116e-10 9.562549e-01 -3.040584e-03
3.268615e+02 2.781752e-10 9.564421e-01 -3.036098e-03
3.273619e+02 2.765507e-10 9.566287e-01 -3.031624e-03
3.278623e+02 2.749380e-10 9.568148e-01 -3.027164e-03
3.283627e+02 2.733371e-10 9.570004e-01 -3.022716e-03
3.288631e+02 2.717479e-10 9.571855e-01 -3.018281e-03
3.293635e+02 2.701701e-10 9.573700e-01 -3.013858e-03
3.298639e+02 2.686038e-10 9.575541e-01 -3.009448e-03
3.303643e+02 2.670488e-10 9.577376e-01 -3.005051e-03
3.308647e+02 2.655051e-10 9.579206e-01 -3.000666e-03
3.313651e+02 2.639725e-10 9.581031e-01 -2.996294e-03
3.318655e+02 2.624509e-10 9.582851e-01 -2.991933e-03
3.323659e+02 2.609403e-10 9.584666e-01 -2.987586e-03
3.328663e+02 2.594406e-10 9.586477e-01 -2.983250e-03
3.333667e+02 2.579516e-10 9.588282e-01 -2.978927e-03
3.338671e+02 2.564733e-10 9.590082e-01 -2.974615e-03
3.343675e+02 2.550055e-10 9.591877e-01 -2.970316e-03
3.348679e+02 2.535482e-10 9.593667e-01 -2.966029e-03
3.353683e+02 2.521014e-10 9.595453e-01 -2.961754e-03
3.358687e+02 2.506648e-10 9.597233e-01 -2.957491e-03
3.363691e+02 2.492384e-10 9.599009e-01 -2.953240e-03
3.368695e+02 2.478222e-10 9.600780e-01 -2.949000e-03
3.373699e+02 2.464160e-10 9.602546e-01 -2.944773e-03
3.378703e+02 2.450198e-10 9.604307e-01 -2.940557e-03
3.383707e+02 2.436335e-10 9.606064e-01 -2.936352e-03
3.388711e+02 2.422570e-10 9.607815e-01 -2.932160e-03
3.393715e+02 2.408901e-10 9.609562e-01 -2.927979e-03
3.398719e+02 2.395329e-10 9.611305e-01 -2.923810e-03
3.403723e+02 2.381852e-10 9.613042e-01 -2.919652e-03
3.408727e+02 2.368470e-10 9.614775e-01 -2.915505e-03
3.413731e+02 2.355182e-10 9.616503e-01 -2.911370e-03
3.418735e+02 2.341987e-10 9.618227e-01 -2.907247e-03
3.423739e+02 2.328884e-10 9.619946e-01 -2.903134e-03
3.428743e+02 2.315873e-10 9.621660e-01 -2.899033e-03
3.433747e+02 2.302952e-10 9.623370e-01 -2.894944e-03
3.438751e+02 2.290122e-10 9.625075e-01 -2.890865e-03
3.443755e+02 2.277380e-10 9.626776e-01 -2.886798e-03
3.448759e+02 2.264727e-10 9.628472e-01 -2.882741e-03
3.453763e+02 2.252162e-10 9.630163e-01 -2.878696e-03
3.458767e+02 2.239684e-10 9.631850e-01 -2.874661e-03
3.463771e+02 2.227292e-10 9.633533e-01 -2.870638e-03
3.468775e+02 2.214986e-10 9.635211e-01 -2.866625e-03
3.473779e+02 2.202765e-10 9.636885e-01 -2.862624e-03
3.478783e+02 2.190628e-10 9.638554e-01 -2.858633e-03
3.483787e+02 2.178574e-10 9.640219e-01 -2.854653e-03
3.488791e+02 2.166603e-10 9.641879e-01 -2.850684e-03
3.493795e+02 2.154714e-10 9.643535e-01 -2.846725e-03
3.498799e+02 2.142907e-10 9.645187e-01 -2.842777e-03
3.503803e+02 2.131180e-10 9.646835e-01 -2.838840e-03
3.508807e+02 2.119534e-10 9.648478e-01 -2.834913e-03
3.513811e+02 2.107967e-10 9.650116e-01 -2.830997e-03
3.518815e+02 2.096479e-10 9.651751e-01 -2.827091e-03
3.523819e+02 2.085069e-10 9.653381e-01 -2.823195e-03
3.528823e+02 2.073736e-10 9.655007e-01 -2.819310e-03
3.533827e+02 2.062480e-10 9.656629e-01 -2.815436e-03
3.538831e+02 2.051301e-10 9.658246e-01 -2.811571e-03
3.543835e+02 2.040197e-10 9.659860e-01 -2.807717e-03
3.548839e+02 2.029168e-10 9.661469e-01 -2.803873e-03
3.553843e+02 2.018214e-10 9.663074e-01 -2.800040e-03
3.558847e+02 2.007334e-10 9.664674e-01 -2.796216e-03
3.563851e+02 1.996526e-10 9.666271e-01 -2.792403e-03
3.568855e+02 1.985792e-10 9.667863e-01 -2.788600e-03
3.573859e+02 1.975129e-10 9.669452e-01 -2.784806e-03
3.578863e+02 1.964538e-10 9.671036e-01 -2.781023e-03
3.583867e+02 1.954018e-10 9.672616e-01 -2.777250e-03
3.588871e+02 1.943568e-10 9.674193e-01 -2.773486e-03
3.593875e+02 1.933188e-10 9.675765e-01 -2.769733e-03
3.598879e+02 1.922877e-10 9.677333e-01 -2.765989e-03
3.603883e+02 1.912635e-10 9.678897e-01 -2.762255e-03
3.608887e+02 1.902461e-10 9.680457e-01 -2.758531e-03
3.613891e+02 1.892354e-10 9.682013e-01 -2.754816e-03
3.618895e+02 1.882314e-10 9.683565e-01 -2.751111e-03
3.623899e+02 1.872341e-10 9.685113e-01 -2.747416e-03
3.628903e+02 1.862434e-10 9.686658e-01 -2.743731e-03
3.633907e+02 1.852593e-10 9.688198e-01 -2.740055e-03
3.638911e+02 1.842816e-10 9.689734e-01 -2.736388e-03
3.643915e+02 1.833104e-10 9.691267e-01 -2.732731e-03
3.648919e+02 1.823455e-10 9.692795e-01 -2.729083e-03
3.653923e+02 1.813870e-10 9.694320e-01 -2.725445e-03
3.658927e+02 1.804348e-10 9.695841e-01 -2.721817e-03
3.663931e+02 1.794888e-10 9.697358e-01 -2.718197e-03
3.668935e+02 1.785490e-10 9.698871e-01 -2.714587e-03
3.673939e+02 1.776154e-10 9.700381e-01 -2.710986e-03
3.678943e+02 1.766878e-10 9.701886e-01 -2.707395e-03
3.683947e+02 1.757664e-10 9.703388e-01 -2.703812e-03
3.688951e+02 1.748509e-10 9.704886e-01 -2.700239e-03
3.693955e+02 1.739413e-10 9.706381e-01 -2.696675e-03
3.698959e+02 1.730377e-10 9.707871e-01 -2.693120e-03
3.703963e+02 1.721399e-10 9.709358e-01 -2.689574e-03
3.708967e+02 1.712479e-10 9.710842e-01 -2.686037e-03
3.713971e+02 1.703617e-10 9.712321e-01 -2.682509e-03
3.718975e+02 1.694813e-10 9.713797e-01 -2.678990e-03
3.723979e+02 1.686065e-10 9.715269e-01 -2.675480e-03
3.728983e+02 1.677373e-10 9.716738e-01 -2.671979e-03
3.733987e+02 1.668738e-10 9.718202e-01 -2.668487e-03
3.738991e+02 1.660158e-10 9.719664e-01 -2.665004e-03
3.743995e+02 1.651633e-10 9.721121e-01 -2.661529e-03
3.748999e+02 1.643162e-10 9.722575e-01 -2.658063e-03
3.754003e+02 1.634746e-10 9.724026e-01 -2.654606e-03
3.759007e+02 1.626384e-10 9.725473e-01 -2.651157e-03
3.764011e+02 1.618075e-10 9.726916e-01 -2.647718e-03
3.769015e+02 1.609819e-10 9.728356e-01 -2.644286e-03
3.774019e+02 1.601616e-10 9.729792e-01 -2.640864e-03
3.779023e+02 1.593465e-10 9.731225e-01 -2.637450e-03
3.784027e+02 1.585365e-10 9.732654e-01 -2.634044e-03
3.789031e+02 1.577317e-10 9.734080e-01 -2.630647e-03
3.794035e+02 1.569320e-10 9.735502e-01 -2.627259e-03
3.799039e+02 1.561374e-10 9.736921e-01 -2.623878e-03
3.804043e+02 1.553478e-10 9.738336e-01 -2.620507e-03
3.809047e+02 1.545632e-10 9.739748e-01 -2.617143e-03
3.814051e+02 1.537835e-10 9.741156e-01 -2.613788e-03
3.819055e+02 1.530087e-10 9.742561e-01 -2.610442e-03
3.824059e+02 1.522388e-10 9.743963e-01 -2.607103e-03
3.829063e+02 1.514738e-10 9.745361e-01 -2.603773e-03
3.834067e+02 1.507135e-10 9.746756e-01 -2.600451e-03
3.839071e+02 1.499580e-10 9.748148e-01 -2.597137e-03
3.844075e+02 1.492073e-10 9.749536e-01 -2.593832e-03
3.849079e+02 1.484612e-10 9.750920e-01 -2.590534e-03
3.854083e+02 1.477198e-10 9.752302e-01 -2.587245e-03
3.859087e+02 1.469830e-10 9.753680e-01 -2.583964e-03
3.864091e+02 1.462508e-10 9.755055e-01 -2.580690e-03
3.869095e+02 1.455231e-10 9.756426e-01 -2.577425e-03
3.874099e+02 1.448000e-10 9.757795e-01 -2.574168e-03
3.879103e+02 1.440814e-10 9.759159e-01 -2.570918e-03
3.884107e+02 1.433672e-10 9.760521e-01 -2.567677e-03
3.889111e+02 1.426574e-10 9.761880e-01 -2.564443e-03
3.894115e+02 1.419520e-10 9.763235e-01 -2.561218e-03
3.899119e+02 1.412510e-10 9.764587e-01 -2.558000e-03
3.904123e+02 1.405543e-10 9.765936e-01 -2.554790e-03
3.909127e+02 1.398619e-10 9.767281e-01 -2.551587e-03
3.914131e+02 1.391737e-10 9.768623e-01 -2.548393e-03
3.919135e+02 1.384898e-10 9.769963e-01 -2.545206e-03
3.924139e+02 1.378100e-10 9.771299e-01 -2.542027e-03
3.929143e+02 1.371345e-10 9.772632e-01 -2.538856e-03
3.934147e+02 1.364630e-10 9.773961e-01 -2.535692e-03
3.939151e+02 1.357957e-10 9.775288e-01 -2.532536e-03
3.944155e+02 1.351324e-10 9.776611e-01 -2.529387e-03
3.949159e+02 1.344732e-10 9.777932e-01 -2.526246e-03
3.954163e+02 1.338180e-10 9.779249e-01 -2.523112e-03
3.959167e+02 1.331668e-10 9.780563e-01 -2.519986e-03
3.964171e+02 1.325196e-10 9.781874e-01 -2.516868e-03
3.969175e+02 1.318762e-10 9.783182e-01 -2.513757e-03
3.974179e+02 1.312368e-10 9.784487e-01 -2.510653e-03
3.979183e+02 1.306012e-10 9.785789e-01 -2.507557e-03
3.984187e+02 1.299695e-10 9.787088e-01 -2.504468e-03
3.989191e+02 1.293416e-10 9.788384e-01 -2.501386e-03
3.994195e+02 1.287175e-10 9.789676e-01 -2.498312e-03
3.999199e+02 1.280972e-10 9.790966e-01 -2.495245e-03
4.004203e+02 1.274805e-10 9.792253e-01 -2.492185e-03
4.009207e+02 1.268676e-10 9.793537e-01 -2.489133e-03
4.014211e+02 1.262584e-10 9.794818e-01 -2.486087e-03
4.019215e+02 1.256528e-10 9.796095e-01 -2.483049e-03
4.024219e+02 1.250508e-10 9.797370e-01 -2.480018e-03
4.029223e+02 1.244525e-10 9.798642e-01 -2.476994e-03
4.034227e+02 1.238577e-10 9.799911e-01 -2.473978e-03
4.039231e+02 1.232665e-10 9.801177e-01 -2.470968e-03
4.044235e+02 1.226788e-10 9.802441e-01 -2.467966e-03
4.049239e+02 1.220946e-10 9.803701e-01 -2.464970e-03
4.054243e+02 1.215138e-10 9.804958e-01 -2.461982e-03
4.059247e+02 1.209365e-10 9.806213e-01 -2.459000e-03
4.064251e+02 1.203627e-10 9.807464e-01 -2.456026e-03
4.069255e+02 1.197922e-10 9.808713e-01 -2.453058e-03
4.074259e+02 1.192251e-10 9.809959e-01 -2.450097e-03
4.079263e+02 1.186614e-10 9.811202e-01 -2.447144e-03
4.084267e+02 1.181010e-10 9.812442e-01 -2.444197e-03
4.089271e+02 1.175439e-10 9.813680e-01 -2.441256e-03
4.094275e+02 1.169901e-10 9.814914e-01 -2.438323e-03
4.099279e+02 1.164395e-10 9.816146e-01 -2.435397e-03
4.104283e+02 1.158922e-10 9.817375e-01 -2.432477e-03
4.109287e+02 1.153480e-10 9.818601e-01 -2.429564e-03
4.114291e+02 1.148071e-10 9.819825e-01 -2.426658e-03
4.119295e+02 1.142693e-10 9.821046e-01 -2.423758e-03
4.124299e+02 1.137347e-10 9.822263e-01 -2.420865e-03
4.129303e+02 1.132032e-10 9.823479e-01 -2.417979e-03
4.134307e+02 1.126748e-10 9.824691e-01 -2.415100e-03
4.139311e+02 1.121495e-10 9.825901e-01 -2.412227e-03
4.144315e+02 1.116273e-10 9.827108e-01 -2.409360e-03
4.149319e+02 1.111081e-10 9.828312e-01 -2.406500e-03
4.154323e+02 1.105919e-10 9.829513e-01 -2.403647e-03
4.159327e+02 1.100787e-10 9.830712e-01 -2.400800e-03
4.164331e+02 1.095684e-10 9.831908e-01 -2.397960e-03
4.169335e+02 1.090611e-10 9.833102e-01 -2.395126e-03
4.174339e+02 1.085568e-10 9.834293e-01 -2.392299e-03
4.179343e+02 1.080553e-10 9.835481e-01 -2.389478e-03
4.184347e+02 1.075568e-10 9.836666e-01 -2.386663e-03
4.189351e+02 1.070611e-10 9.837849e-01 -2.383855e-03
4.194355e+02 1.065683e-10 9.839030e-01 -2.381053e-03
4.199359e+02 1.060783e-10 9.840207e-01 -2.378258e-03
4.204363e+02 1.055911e-10 9.841382e-01 -2.375469e-03
4.209367e+02 1.051068e-10 9.842555e-01 -2.372686e-03
4.214371e+02 1.046252e-10 9.843724e-01 -2.369910e-03
4.219375e+02 1.041463e-10 9.844892e-01 -2.367139e-03
4.224379e+02 1.036702e-10 9.846056e-01 -2.364375e-03
4.229383e+02 1.031968e-10 9.847218e-01 -2.361618e-03
4.234387e+02 1.027261e-10 9.848378e-01 -2.358866e-03
4.239391e+02 1.022581e-10 9.849535e-01 -2.356120e-03
4.244395e+02 1.017927e-10 9.850689e-01 -2.353381e-03
4.249399e+02 1.013300e-10 9.851841e-01 -2.350648e-03
4.254403e+02 1.008699e-10 9.852990e-01 -2.347921e-03
4.259407e+02 1.004124e-10 9.854137e-01 -2.345200e-03
4.264411e+02 9.995755e-11 9.855281e-01 -2.342485e-03
4.269415e+02 9.950523e-11 9.856423e-01 -2.339776e-03
4.274419e+02 9.905547e-11 9.857562e-01 -2.337073e-03
4.279423e+02 9.860825e-11 9.858699e-01 -2.334377e-03
4.284427e+02 9.816355e-11 9.859834e-01 -2.331686e-03
4.289431e+02 9.772136e-11 9.860965e-01 -2.329001e-03
4.294435e+02 9.728165e-11 9.862095e-01 -2.326322e-03
4.299439e+02 9.684441e-11 9.863222e-01 -2.323649e-03
4.304443e+02 9.640963e-11 9.864346e-01 -2.320982e-03
4.309447e+02 9.597728e-11 9.865468e-01 -2.318321e-03
4.314451e+02 9.554736e-11 9.866588e-01 -2.315666e-03
4.319455e+02 9.511984e-11 9.867705e-01 -2.313016e-03
4.324459e+02 9.469470e-11 9.868820e-01 -2.310372e-03
4.329463e+02 9.427194e-11 9.869932e-01 -2.307735e-03
4.334467e+02 9.385154e-11 9.871042e-01 -2.305103e-03
4.339471e+02 9.343348e-11 9.872150e-01 -2.302476e-03
4.344475e+02 9.301774e-11 9.873255e-01 -2.299856e-03
4.349479e+02 9.260431e-11 9.874358e-01 -2.297241e-03
4.354483e+02 9.219318e-11 9.875458e-01 -2.294632e-03
4.359487e+02 9.178432e-11 9.876556e-01 -2.292029e-03
4.364491e+02 9.137773e-11 9.877652e-01 -2.289431e-03
4.369495e+02 9.097339e-11 9.878745e-01 -2.286839e-03
4.374499e+02 9.057129e-11 9.879836e-01 -2.284253e-03
4.379504e+02 9.017140e-11 9.880925e-01 -2.281672e-03
4.384508e+02 8.977371e-11 9.882012e-01 -2.279097e-03
4.389512e+02 8.937822e-11 9.883096e-01 -2.276528e-03
4.394516e+02 8.898490e-11 9.884177e-01 -2.273964e-03
4.399520e+02 8.859375e-11 9.885257e-01 -2.271405e-03
4.404524e+02 8.820474e-11 9.886334e-01 -2.268852e-03
4.409528e+02 8.781786e-11 9.887409e-01 -2.266305e-03
4.414532e+02 8.743310e-11 9.888481e-01 -2.263763e-03
4.419536e+02 8.705045e-11 9.889552e-01 -2.261227e-03
4.424540e+02 8.666989e-11 9.890620e-01 -2.258696e-03
4.429544e+02 8.629140e-11 9.891686e-01 -2.256171e-03
4.434548e+02 8.591498e-11 9.892749e-01 -2.253651e-03
4.439552e+02 8.554061e-11 9.893810e-01 -2.251136e-03
4.444556e+02 8.516828e-11 9.894869e-01 -2.248627e-03
4.449560e+02 8.479797e-11 9.895926e-01 -2.246123e-03
4.454564e+02 8.442967e-11 9.896981e-01 -2.243625e-03
4.459568e+02 8.406336e-11 9.898033e-01 -2.241131e-03
4.464572e+02 8.369905e-11 9.899083e-01 -2.238644e-03
4.469576e+02 8.333670e-11 9.900131e-01 -2.236161e-03
4.474580e+02 8.297631e-11 9.901177e-01 -2.233684e-03
4.479584e+02 8.261787e-11 9.902221e-01 -2.231212e-03
4.484588e+02 8.226136e-11 9.903262e-01 -2.228745e-03
4.489592e+02 8.190677e-11 9.904301e-01 -2.226284e-03
4.494596e+02 8.155410e-11 9.905339e-01 -2.223828e-03
4.499600e+02 8.120331e-11 9.906373e-01 -2.221377e-03
4.504604e+02 8.085442e-11 9.907406e-01 -2.218931e-03
4.509608e+02 8.050739e-11 9.908437e-01 -2.216490e-03
4.514612e+02 8.016222e-11 9.909465e-01 -2.214055e-03
4.519616e+02 7.981890e-11 9.910492e-01 -2.211624e-03
4.524620e+02 7.947742e-11 9.911516e-01 -2.209199e-03
4.529624e+02 7.913776e-11 9.912538e-01 -2.206779e-03
4.534628e+02 7.879991e-11 9.913558e-01 -2.204364e-03
4.539632e+02 7.846387e-11 9.914576e-01 -2.201954e-03
4.544636e+02 7.812961e-11 9.915591e-01 -2.199549e-03
4.549640e+02 7.779714e-11 9.916605e-01 -2.197149e-03
4.554644e+02 7.746642e-11 9.917617e-01 -2.194754e-03
4.559648e+02 7.713747e-11 9.918626e-01 -2.192365e-03
4.564652e+02 7.681026e-11 9.919634e-01 -2.189980e-03
4.569656e+02 7.648478e-11 9.920639e-01 -2.187600e-03
4.574660e+02 7.616102e-11 9.921642e-01 -2.185225e-03
4.579664e+02 7.583898e-11 9.922643e-01 -2.182855e-03
4.584668e+02 7.551863e-11 9.923643e-01 -2.180490e-03
4.589672e+02 7.519998e-11 9.924640e-01 -2.178130e-03
4.594676e+02 7.488300e-11 9.925635e-01 -2.175775e-03
4.599680e+02 7.456770e-11 9.926628e-01 -2.173425e-03
4.604684e+02 7.425405e-11 9.927619e-01 -2.171079e-03
4.609688e+02 7.394205e-11 9.928608e-01 -2.168739e-03
4.614692e+02 7.363168e-11 9.929595e-01 -2.166403e-03
4.619696e+02 7.332294e-11 9.930580e-01 -2.164072e-03
4.624700e+02 7.301582e-11 9.931563e-01 -2.161746e-03
4.629704e+02 7.271030e-11 9.932544e-01 -2.159425e-03
4.634708e+02 7.240639e-11 9.933523e-01 -2.157109e-03
4.639712e+02 7.210405e-11 9.934500e-01 -2.154797e-03
4.644716e+02 7.180330e-11 9.935475e-01 -2.152490e-03
4.649720e+02 7.150411e-11 9.936448e-01 -2.150188e-03
4.654724e+02 7.120647e-11 9.937419e-01 -2.147890e-03
4.659728e+02 7.091039e-11 9.938388e-01 -2.145598e-03
4.664732e+02 7.061584e-11 9.939356e-01 -2.143310e-03
4.669736e+02 7.032282e-11 9.940321e-01 -2.141026e-03
4.674740e+02 7.003131e-11 9.941284e-01 -2.138747e-03
4.679744e+02 6.974132e-11 9.942246e-01 -2.136473e-03
4.684748e+02 6.945282e-11 9.943205e-01 -2.134204e-03
4.689752e+02 6.916582e-11 9.944163e-01 -2.131939e-03
4.694756e+02 6.888030e-11 9.945118e-01 -2.129679e-03
4.699760e+02 6.859624e-11 9.946072e-01 -2.127423e-03
4.704764e+02 6.831366e-11 9.947024e-01 -2.125172e-03
4.709768e+02 6.803252e-11 9.947974e-01 -2.122926e-03
4.714772e+02 6.775283e-11 9.948922e-01 -2.120684e-03
4.719776e+02 6.747458e-11 9.949868e-01 -2.118447e-03
4.724780e+02 6.719775e-11 9.950812e-01 -2.116214e-03
4.729784e+02 6.692234e-11 9.951754e-01 -2.113986e-03
4.734788e+02 6.664834e-11 9.952695e-01 -2.111762e-03
4.739792e+02 6.637574e-11 9.953633e-01 -2.109543e-03
4.744796e+02 6.610453e-11 9.954570e-01 -2.107328e-03
4.749800e+02 6.583471e-11 9.955505e-01 -2.105117e-03
4.754804e+02 6.556626e-11 9.956438e-01 -2.102911e-03
4.759808e+02 6.529918e-11 9.957369e-01 -2.100710e-03
4.764812e+02 6.503346e-11 9.958299e-01 -2.098513e-03
4.769816e+02 6.476909e-11 9.959226e-01 -2.096320e-03
4.774820e+02 6.450606e-11 9.960152e-01 -2.094132e-03
4.779824e+02 6.424436e-11 9.961076e-01 -2.091948e-03
4.784828e+02 6.398399e-11 9.961998e-01 -2.089768e-03
4.789832e+02 6.372494e-11 9.962918e-01 -2.087593e-03
4.794836e+02 6.346720e-11 9.963837e-01 -2.085422e-03
4.799840e+02 6.321076e-11 9.964753e-01 -2.083256e-03
4.804844e+02 6.295561e-11 9.965668e-01 -2.081094e-03
4.809848e+02 6.270175e-11 9.966581e-01 -2.078936e-03
4.814852e+02 6.244917e-11 9.967492e-01 -2.076782e-03
4.819856e+02 6.219786e-11 9.968402e-01 -2.074633e-03
4.824860e+02 6.194781e-11 9.969310e-01 -2.072488e-03
4.829864e+02 6.169901e-11 9.970216e-01 -2.070347e-03
4.834868e+02 6.145147e-11 9.971120e-01 -2.068210e-03
4.839872e+02 6.120516e-11 9.972022e-01 -2.066078e-03
4.844876e+02 6.096009e-11 9.972923e-01 -2.063950e-03
4.849880e+02 6.071624e-11 9.973822e-01 -2.061826e-03
4.854884e+02 6.047361e-11 9.974719e-01 -2.059706e-03
4.859888e+02 6.023219e-11 9.975614e-01 -2.057590e-03
4.864892e+02 5.999198e-11 9.976508e-01 -2.055479e-03
4.869896e+02 5.975296e-11 9.977400e-01 -2.053372e-03
4.874900e+02 5.951513e-11 9.978290e-01 -2.051268e-03
4.879904e+02 5.927848e-11 9.979179e-01 -2.049169e-03
4.884908e+02 5.904301e-11 9.980065e-01 -2.047075e-03
4.889912e+02 5.880870e-11 9.980951e-01 -2.044984e-03
4.894916e+02 5.857556e-11 9.981834e-01 -2.042897e-03
4.899920e+02 5.834357e-11 9.982716e-01 -2.040814e-03
4.904924e+02 5.811273e-11 9.983596e-01 -2.038736e-03
4.909928e+02 5.788303e-11 9.984474e-01 -2.036661e-03
4.914932e+02 5.765446e-11 9.985351e-01 -2.034591e-03
4.919936e+02 5.742702e-11 9.986226e-01 -2.032524e-03
4.924940e+02 5.720070e-11 9.987099e-01 -2.030462e-03
4.929944e+02 5.697549e-11 9.987970e-01 -2.028404e-03
4.934948e+02 5.675140e-11 9.988840e-01 -2.026349e-03
4.939952e+02 5.652840e-11 9.989709e-01 -2.024299e-03
4.944956e+02 5.630649e-11 9.990575e-01 -2.022252e-03
4.949960e+02 5.608568e-11 9.991440e-01 -2.020210e-03
4.954964e+02 5.586594e-11 9.992303e-01 -2.018171e-03
4.959968e+02 5.564728e-11 9.993165e-01 -2.016137e-03
4.964972e+02 5.542969e-11 9.994025e-01 -2.014106e-03
4.969976e+02 5.521316e-11 9.994884e-01 -2.012079e-03
4.974980e+02 5.499769e-11 9.995740e-01 -2.010056e-03
4.979984e+02 5.478327e-11 9.996596e-01 -2.008037e-03
4.984988e+02 5.456989e-11 9.997449e-01 -2.006022e-03
4.989992e+02 5.435755e-11 9.998301e-01 -2.004011e-03
4.994996e+02 5.414624e-11 9.999151e-01 -2.002004e-03
5.000000e+02 5.393596e-11 1.000000e+00 -2.000000e-03
