! /n/nyx3/garavito/projects/XMC-Atlas/scripts/test_halo_108/modelname_halo_4797.txt
! R    D    M    P
1000
1.000000e-01 1.004429e-04 3.025111e-17 -3.947625e-02
6.004004e-01 8.679795e-05 1.015340e-04 -3.944993e-02
1.100801e+00 7.540619e-05 4.872009e-04 -3.929857e-02
1.601201e+00 6.583339e-05 1.305175e-03 -3.907869e-02
2.101602e+00 5.774031e-05 2.637680e-03 -3.880570e-02
2.602002e+00 5.085955e-05 4.522144e-03 -3.849095e-02
3.102402e+00 4.497866e-05 6.965919e-03 -3.814352e-02
3.602803e+00 3.992752e-05 9.956538e-03 -3.777072e-02
4.103203e+00 3.556898e-05 1.346887e-02 -3.737854e-02
4.603604e+00 3.179172e-05 1.747012e-02 -3.697186e-02
5.104004e+00 2.850479e-05 2.192325e-02 -3.655469e-02
5.604404e+00 2.563350e-05 2.678940e-02 -3.613034e-02
6.104805e+00 2.311613e-05 3.202949e-02 -3.570150e-02
6.605205e+00 2.090143e-05 3.760529e-02 -3.527041e-02
7.105606e+00 1.894661e-05 4.348008e-02 -3.483890e-02
7.606006e+00 1.721582e-05 4.961916e-02 -3.440848e-02
8.106406e+00 1.567886e-05 5.598999e-02 -3.398036e-02
8.606807e+00 1.431017e-05 6.256236e-02 -3.355556e-02
9.107207e+00 1.308806e-05 6.930834e-02 -3.313489e-02
9.607608e+00 1.199404e-05 7.620231e-02 -3.271900e-02
1.010801e+01 1.101230e-05 8.322081e-02 -3.230841e-02
1.060841e+01 1.012924e-05 9.034246e-02 -3.190354e-02
1.110881e+01 9.333183e-06 9.754780e-02 -3.150471e-02
1.160921e+01 8.614005e-06 1.048192e-01 -3.111216e-02
1.210961e+01 7.962951e-06 1.121407e-01 -3.072607e-02
1.261001e+01 7.372403e-06 1.194980e-01 -3.034656e-02
1.311041e+01 6.835723e-06 1.268780e-01 -2.997370e-02
1.361081e+01 6.347109e-06 1.342691e-01 -2.960755e-02
1.411121e+01 5.901476e-06 1.416608e-01 -2.924809e-02
1.461161e+01 5.494357e-06 1.490437e-01 -2.889533e-02
1.511201e+01 5.121817e-06 1.564095e-01 -2.854921e-02
1.561241e+01 4.780385e-06 1.637506e-01 -2.820967e-02
1.611281e+01 4.466990e-06 1.710605e-01 -2.787666e-02
1.661321e+01 4.178909e-06 1.783331e-01 -2.755007e-02
1.711361e+01 3.913723e-06 1.855634e-01 -2.722981e-02
1.761401e+01 3.669279e-06 1.927465e-01 -2.691579e-02
1.811441e+01 3.443658e-06 1.998786e-01 -2.660788e-02
1.861481e+01 3.235144e-06 2.069559e-01 -2.630599e-02
1.911522e+01 3.042200e-06 2.139755e-01 -2.600999e-02
1.961562e+01 2.863452e-06 2.209345e-01 -2.571977e-02
2.011602e+01 2.697661e-06 2.278308e-01 -2.543519e-02
2.061642e+01 2.543715e-06 2.346623e-01 -2.515615e-02
2.111682e+01 2.400612e-06 2.414273e-01 -2.488252e-02
2.161722e+01 2.267446e-06 2.481245e-01 -2.461418e-02
2.211762e+01 2.143400e-06 2.547526e-01 -2.435100e-02
2.261802e+01 2.027734e-06 2.613108e-01 -2.409288e-02
2.311842e+01 1.919776e-06 2.677983e-01 -2.383969e-02
2.361882e+01 1.818917e-06 2.742146e-01 -2.359131e-02
2.411922e+01 1.724604e-06 2.805592e-01 -2.334764e-02
2.461962e+01 1.636333e-06 2.868320e-01 -2.310855e-02
2.512002e+01 1.553645e-06 2.930328e-01 -2.287395e-02
2.562042e+01 1.476120e-06 2.991616e-01 -2.264371e-02
2.612082e+01 1.403377e-06 3.052186e-01 -2.241774e-02
2.662122e+01 1.335065e-06 3.112040e-01 -2.219593e-02
2.712162e+01 1.270865e-06 3.171179e-01 -2.197819e-02
2.762202e+01 1.210481e-06 3.229609e-01 -2.176440e-02
2.812242e+01 1.153646e-06 3.287334e-01 -2.155449e-02
2.862282e+01 1.100110e-06 3.344357e-01 -2.134834e-02
2.912322e+01 1.049648e-06 3.400686e-01 -2.114588e-02
2.962362e+01 1.002049e-06 3.456325e-01 -2.094701e-02
3.012402e+01 9.571208e-07 3.511281e-01 -2.075165e-02
3.062442e+01 9.146848e-07 3.565560e-01 -2.055971e-02
3.112482e+01 8.745770e-07 3.619170e-01 -2.037111e-02
3.162523e+01 8.366457e-07 3.672118e-01 -2.018577e-02
3.212563e+01 8.007505e-07 3.724411e-01 -2.000361e-02
3.262603e+01 7.667616e-07 3.776056e-01 -1.982456e-02
3.312643e+01 7.345586e-07 3.827061e-01 -1.964854e-02
3.362683e+01 7.040301e-07 3.877435e-01 -1.947548e-02
3.412723e+01 6.750726e-07 3.927185e-01 -1.930532e-02
3.462763e+01 6.475899e-07 3.976320e-01 -1.913798e-02
3.512803e+01 6.214927e-07 4.024846e-01 -1.897340e-02
3.562843e+01 5.966981e-07 4.072774e-01 -1.881151e-02
3.612883e+01 5.731286e-07 4.120109e-01 -1.865226e-02
3.662923e+01 5.507124e-07 4.166862e-01 -1.849558e-02
3.712963e+01 5.293823e-07 4.213040e-01 -1.834141e-02
3.763003e+01 5.090757e-07 4.258650e-01 -1.818970e-02
3.813043e+01 4.897343e-07 4.303702e-01 -1.804039e-02
3.863083e+01 4.713033e-07 4.348203e-01 -1.789342e-02
3.913123e+01 4.537320e-07 4.392162e-01 -1.774876e-02
3.963163e+01 4.369725e-07 4.435586e-01 -1.760633e-02
4.013203e+01 4.209802e-07 4.478483e-01 -1.746610e-02
4.063243e+01 4.057134e-07 4.520861e-01 -1.732802e-02
4.113283e+01 3.911329e-07 4.562727e-01 -1.719203e-02
4.163323e+01 3.772019e-07 4.604091e-01 -1.705810e-02
4.213363e+01 3.638861e-07 4.644958e-01 -1.692617e-02
4.263403e+01 3.511530e-07 4.685336e-01 -1.679621e-02
4.313443e+01 3.389725e-07 4.725234e-01 -1.666817e-02
4.363483e+01 3.273158e-07 4.764658e-01 -1.654202e-02
4.413524e+01 3.161562e-07 4.803615e-01 -1.641771e-02
4.463564e+01 3.054684e-07 4.842113e-01 -1.629520e-02
4.513604e+01 2.952288e-07 4.880158e-01 -1.617446e-02
4.563644e+01 2.854149e-07 4.917758e-01 -1.605544e-02
4.613684e+01 2.760056e-07 4.954920e-01 -1.593812e-02
4.663724e+01 2.669811e-07 4.991649e-01 -1.582246e-02
4.713764e+01 2.583226e-07 5.027953e-01 -1.570842e-02
4.763804e+01 2.500126e-07 5.063839e-01 -1.559598e-02
4.813844e+01 2.420341e-07 5.099312e-01 -1.548509e-02
4.863884e+01 2.343716e-07 5.134379e-01 -1.537573e-02
4.913924e+01 2.270101e-07 5.169046e-01 -1.526787e-02
4.963964e+01 2.199355e-07 5.203320e-01 -1.516148e-02
5.014004e+01 2.131345e-07 5.237206e-01 -1.505652e-02
5.064044e+01 2.065945e-07 5.270711e-01 -1.495298e-02
5.114084e+01 2.003035e-07 5.303839e-01 -1.485081e-02
5.164124e+01 1.942503e-07 5.336598e-01 -1.475001e-02
5.214164e+01 1.884242e-07 5.368992e-01 -1.465053e-02
5.264204e+01 1.828149e-07 5.401027e-01 -1.455236e-02
5.314244e+01 1.774129e-07 5.432709e-01 -1.445546e-02
5.364284e+01 1.722091e-07 5.464042e-01 -1.435982e-02
5.414324e+01 1.671948e-07 5.495033e-01 -1.426541e-02
5.464364e+01 1.623617e-07 5.525685e-01 -1.417221e-02
5.514404e+01 1.577021e-07 5.556006e-01 -1.408020e-02
5.564444e+01 1.532086e-07 5.585998e-01 -1.398934e-02
5.614484e+01 1.488740e-07 5.615668e-01 -1.389963e-02
5.664525e+01 1.446917e-07 5.645020e-01 -1.381104e-02
5.714565e+01 1.406552e-07 5.674059e-01 -1.372355e-02
5.764605e+01 1.367587e-07 5.702790e-01 -1.363714e-02
5.814645e+01 1.329961e-07 5.731216e-01 -1.355180e-02
5.864685e+01 1.293622e-07 5.759343e-01 -1.346749e-02
5.914725e+01 1.258515e-07 5.787175e-01 -1.338420e-02
5.964765e+01 1.224592e-07 5.814717e-01 -1.330192e-02
6.014805e+01 1.191805e-07 5.841972e-01 -1.322063e-02
6.064845e+01 1.160108e-07 5.868945e-01 -1.314031e-02
6.114885e+01 1.129458e-07 5.895639e-01 -1.306094e-02
6.164925e+01 1.099815e-07 5.922060e-01 -1.298250e-02
6.214965e+01 1.071137e-07 5.948211e-01 -1.290499e-02
6.265005e+01 1.043389e-07 5.974095e-01 -1.282837e-02
6.315045e+01 1.016534e-07 5.999717e-01 -1.275265e-02
6.365085e+01 9.905373e-08 6.025081e-01 -1.267780e-02
6.415125e+01 9.653669e-08 6.050189e-01 -1.260381e-02
6.465165e+01 9.409912e-08 6.075047e-01 -1.253066e-02
6.515205e+01 9.173803e-08 6.099657e-01 -1.245835e-02
6.565245e+01 8.945055e-08 6.124022e-01 -1.238684e-02
6.615285e+01 8.723395e-08 6.148147e-01 -1.231615e-02
6.665325e+01 8.508561e-08 6.172035e-01 -1.224624e-02
6.715365e+01 8.300302e-08 6.195689e-01 -1.217710e-02
6.765405e+01 8.098378e-08 6.219112e-01 -1.210873e-02
6.815445e+01 7.902560e-08 6.242307e-01 -1.204111e-02
6.865485e+01 7.712626e-08 6.265278e-01 -1.197423e-02
6.915526e+01 7.528365e-08 6.288028e-01 -1.190808e-02
6.965566e+01 7.349577e-08 6.310560e-01 -1.184264e-02
7.015606e+01 7.176066e-08 6.332877e-01 -1.177791e-02
7.065646e+01 7.007647e-08 6.354981e-01 -1.171386e-02
7.115686e+01 6.844141e-08 6.376876e-01 -1.165050e-02
7.165726e+01 6.685378e-08 6.398565e-01 -1.158782e-02
7.215766e+01 6.531193e-08 6.420050e-01 -1.152579e-02
7.265806e+01 6.381429e-08 6.441334e-01 -1.146441e-02
7.315846e+01 6.235934e-08 6.462420e-01 -1.140367e-02
7.365886e+01 6.094563e-08 6.483310e-01 -1.134356e-02
7.415926e+01 5.957177e-08 6.504007e-01 -1.128408e-02
7.465966e+01 5.823642e-08 6.524514e-01 -1.122520e-02
7.516006e+01 5.693828e-08 6.544833e-01 -1.116693e-02
7.566046e+01 5.567613e-08 6.564967e-01 -1.110925e-02
7.616086e+01 5.444876e-08 6.584918e-01 -1.105215e-02
7.666126e+01 5.325504e-08 6.604688e-01 -1.099563e-02
7.716166e+01 5.209386e-08 6.624280e-01 -1.093967e-02
7.766206e+01 5.096416e-08 6.643697e-01 -1.088428e-02
7.816246e+01 4.986493e-08 6.662940e-01 -1.082943e-02
7.866286e+01 4.879518e-08 6.682011e-01 -1.077513e-02
7.916326e+01 4.775398e-08 6.700914e-01 -1.072135e-02
7.966366e+01 4.674040e-08 6.719649e-01 -1.066811e-02
8.016406e+01 4.575358e-08 6.738220e-01 -1.061538e-02
8.066446e+01 4.479268e-08 6.756628e-01 -1.056317e-02
8.116486e+01 4.385687e-08 6.774876e-01 -1.051146e-02
8.166527e+01 4.294538e-08 6.792965e-01 -1.046024e-02
8.216567e+01 4.205746e-08 6.810897e-01 -1.040952e-02
8.266607e+01 4.119236e-08 6.828675e-01 -1.035927e-02
8.316647e+01 4.034941e-08 6.846300e-01 -1.030951e-02
8.366687e+01 3.952791e-08 6.863774e-01 -1.026021e-02
8.416727e+01 3.872721e-08 6.881100e-01 -1.021137e-02
8.466767e+01 3.794669e-08 6.898279e-01 -1.016299e-02
8.516807e+01 3.718575e-08 6.915312e-01 -1.011507e-02
8.566847e+01 3.644378e-08 6.932202e-01 -1.006758e-02
8.616887e+01 3.572023e-08 6.948950e-01 -1.002053e-02
8.666927e+01 3.501455e-08 6.965559e-01 -9.973914e-03
8.716967e+01 3.432622e-08 6.982029e-01 -9.927723e-03
8.767007e+01 3.365472e-08 6.998363e-01 -9.881952e-03
8.817047e+01 3.299957e-08 7.014561e-01 -9.836595e-03
8.867087e+01 3.236028e-08 7.030627e-01 -9.791647e-03
8.917127e+01 3.173641e-08 7.046561e-01 -9.747102e-03
8.967167e+01 3.112750e-08 7.062365e-01 -9.702954e-03
9.017207e+01 3.053312e-08 7.078040e-01 -9.659200e-03
9.067247e+01 2.995287e-08 7.093588e-01 -9.615832e-03
9.117287e+01 2.938634e-08 7.109011e-01 -9.572848e-03
9.167327e+01 2.883314e-08 7.124310e-01 -9.530240e-03
9.217367e+01 2.829290e-08 7.139486e-01 -9.488005e-03
9.267407e+01 2.776526e-08 7.154541e-01 -9.446137e-03
9.317447e+01 2.724987e-08 7.169477e-01 -9.404632e-03
9.367487e+01 2.674637e-08 7.184294e-01 -9.363485e-03
9.417528e+01 2.625446e-08 7.198994e-01 -9.322692e-03
9.467568e+01 2.577381e-08 7.213579e-01 -9.282248e-03
9.517608e+01 2.530410e-08 7.228050e-01 -9.242149e-03
9.567648e+01 2.484505e-08 7.242407e-01 -9.202389e-03
9.617688e+01 2.439637e-08 7.256653e-01 -9.162966e-03
9.667728e+01 2.395777e-08 7.270788e-01 -9.123874e-03
9.717768e+01 2.352898e-08 7.284815e-01 -9.085110e-03
9.767808e+01 2.310975e-08 7.298733e-01 -9.046670e-03
9.817848e+01 2.269981e-08 7.312545e-01 -9.008549e-03
9.867888e+01 2.229892e-08 7.326252e-01 -8.970743e-03
9.917928e+01 2.190685e-08 7.339854e-01 -8.933250e-03
9.967968e+01 2.152336e-08 7.353353e-01 -8.896064e-03
1.001801e+02 2.114822e-08 7.366750e-01 -8.859182e-03
1.006805e+02 2.078122e-08 7.380046e-01 -8.822601e-03
1.011809e+02 2.042215e-08 7.393243e-01 -8.786316e-03
1.016813e+02 2.007081e-08 7.406341e-01 -8.750325e-03
1.021817e+02 1.972698e-08 7.419341e-01 -8.714623e-03
1.026821e+02 1.939049e-08 7.432245e-01 -8.679207e-03
1.031825e+02 1.906115e-08 7.445054e-01 -8.644074e-03
1.036829e+02 1.873877e-08 7.457768e-01 -8.609221e-03
1.041833e+02 1.842318e-08 7.470389e-01 -8.574644e-03
1.046837e+02 1.811420e-08 7.482917e-01 -8.540340e-03
1.051841e+02 1.781167e-08 7.495354e-01 -8.506305e-03
1.056845e+02 1.751544e-08 7.507701e-01 -8.472537e-03
1.061849e+02 1.722534e-08 7.519959e-01 -8.439032e-03
1.066853e+02 1.694122e-08 7.532128e-01 -8.405788e-03
1.071857e+02 1.666294e-08 7.544209e-01 -8.372801e-03
1.076861e+02 1.639034e-08 7.556204e-01 -8.340068e-03
1.081865e+02 1.612330e-08 7.568113e-01 -8.307587e-03
1.086869e+02 1.586168e-08 7.579938e-01 -8.275354e-03
1.091873e+02 1.560534e-08 7.591678e-01 -8.243367e-03
1.096877e+02 1.535417e-08 7.603336e-01 -8.211623e-03
1.101881e+02 1.510802e-08 7.614911e-01 -8.180120e-03
1.106885e+02 1.486679e-08 7.626406e-01 -8.148854e-03
1.111889e+02 1.463035e-08 7.637819e-01 -8.117822e-03
1.116893e+02 1.439860e-08 7.649154e-01 -8.087023e-03
1.121897e+02 1.417142e-08 7.660409e-01 -8.056454e-03
1.126901e+02 1.394870e-08 7.671586e-01 -8.026111e-03
1.131905e+02 1.373034e-08 7.682687e-01 -7.995994e-03
1.136909e+02 1.351624e-08 7.693711e-01 -7.966098e-03
1.141913e+02 1.330629e-08 7.704659e-01 -7.936422e-03
1.146917e+02 1.310041e-08 7.715532e-01 -7.906963e-03
1.151921e+02 1.289849e-08 7.726332e-01 -7.877720e-03
1.156925e+02 1.270045e-08 7.737058e-01 -7.848688e-03
1.161929e+02 1.250620e-08 7.747711e-01 -7.819867e-03
1.166933e+02 1.231564e-08 7.758292e-01 -7.791254e-03
1.171937e+02 1.212871e-08 7.768803e-01 -7.762847e-03
1.176941e+02 1.194530e-08 7.779243e-01 -7.734644e-03
1.181945e+02 1.176535e-08 7.789613e-01 -7.706641e-03
1.186949e+02 1.158878e-08 7.799914e-01 -7.678838e-03
1.191953e+02 1.141551e-08 7.810146e-01 -7.651232e-03
1.196957e+02 1.124546e-08 7.820311e-01 -7.623822e-03
1.201961e+02 1.107857e-08 7.830409e-01 -7.596604e-03
1.206965e+02 1.091476e-08 7.840441e-01 -7.569577e-03
1.211969e+02 1.075397e-08 7.850406e-01 -7.542739e-03
1.216973e+02 1.059613e-08 7.860307e-01 -7.516088e-03
1.221977e+02 1.044118e-08 7.870143e-01 -7.489622e-03
1.226981e+02 1.028905e-08 7.879915e-01 -7.463339e-03
1.231985e+02 1.013968e-08 7.889624e-01 -7.437238e-03
1.236989e+02 9.993006e-09 7.899270e-01 -7.411316e-03
1.241993e+02 9.848979e-09 7.908855e-01 -7.385571e-03
1.246997e+02 9.707538e-09 7.918377e-01 -7.360003e-03
1.252001e+02 9.568628e-09 7.927839e-01 -7.334608e-03
1.257005e+02 9.432193e-09 7.937241e-01 -7.309385e-03
1.262009e+02 9.298182e-09 7.946583e-01 -7.284333e-03
1.267013e+02 9.166542e-09 7.955866e-01 -7.259450e-03
1.272017e+02 9.037225e-09 7.965090e-01 -7.234734e-03
1.277021e+02 8.910180e-09 7.974256e-01 -7.210183e-03
1.282025e+02 8.785359e-09 7.983364e-01 -7.185796e-03
1.287029e+02 8.662717e-09 7.992416e-01 -7.161570e-03
1.292033e+02 8.542208e-09 8.001411e-01 -7.137506e-03
1.297037e+02 8.423788e-09 8.010350e-01 -7.113600e-03
1.302041e+02 8.307413e-09 8.019234e-01 -7.089852e-03
1.307045e+02 8.193040e-09 8.028062e-01 -7.066259e-03
1.312049e+02 8.080630e-09 8.036837e-01 -7.042821e-03
1.317053e+02 7.970141e-09 8.045557e-01 -7.019535e-03
1.322057e+02 7.861534e-09 8.054224e-01 -6.996401e-03
1.327061e+02 7.754771e-09 8.062838e-01 -6.973417e-03
1.332065e+02 7.649814e-09 8.071400e-01 -6.950581e-03
1.337069e+02 7.546627e-09 8.079910e-01 -6.927892e-03
1.342073e+02 7.445174e-09 8.088368e-01 -6.905348e-03
1.347077e+02 7.345421e-09 8.096775e-01 -6.882949e-03
1.352081e+02 7.247333e-09 8.105131e-01 -6.860692e-03
1.357085e+02 7.150877e-09 8.113437e-01 -6.838577e-03
1.362089e+02 7.056020e-09 8.121694e-01 -6.816602e-03
1.367093e+02 6.962731e-09 8.129901e-01 -6.794765e-03
1.372097e+02 6.870979e-09 8.138060e-01 -6.773066e-03
1.377101e+02 6.780734e-09 8.146170e-01 -6.751504e-03
1.382105e+02 6.691965e-09 8.154232e-01 -6.730076e-03
1.387109e+02 6.604645e-09 8.162247e-01 -6.708782e-03
1.392113e+02 6.518744e-09 8.170214e-01 -6.687620e-03
1.397117e+02 6.434235e-09 8.178135e-01 -6.666589e-03
1.402121e+02 6.351092e-09 8.186010e-01 -6.645688e-03
1.407125e+02 6.269287e-09 8.193838e-01 -6.624916e-03
1.412129e+02 6.188796e-09 8.201621e-01 -6.604271e-03
1.417133e+02 6.109592e-09 8.209359e-01 -6.583753e-03
1.422137e+02 6.031651e-09 8.217052e-01 -6.563360e-03
1.427141e+02 5.954949e-09 8.224701e-01 -6.543092e-03
1.432145e+02 5.879463e-09 8.232306e-01 -6.522946e-03
1.437149e+02 5.805169e-09 8.239867e-01 -6.502922e-03
1.442153e+02 5.732045e-09 8.247385e-01 -6.483019e-03
1.447157e+02 5.660069e-09 8.254860e-01 -6.463235e-03
1.452161e+02 5.589219e-09 8.262293e-01 -6.443570e-03
1.457165e+02 5.519474e-09 8.269684e-01 -6.424023e-03
1.462169e+02 5.450814e-09 8.277032e-01 -6.404592e-03
1.467173e+02 5.383219e-09 8.284340e-01 -6.385276e-03
1.472177e+02 5.316668e-09 8.291606e-01 -6.366075e-03
1.477181e+02 5.251142e-09 8.298832e-01 -6.346988e-03
1.482185e+02 5.186623e-09 8.306017e-01 -6.328012e-03
1.487189e+02 5.123092e-09 8.313162e-01 -6.309149e-03
1.492193e+02 5.060531e-09 8.320267e-01 -6.290395e-03
1.497197e+02 4.998921e-09 8.327333e-01 -6.271751e-03
1.502201e+02 4.938247e-09 8.334360e-01 -6.253216e-03
1.507205e+02 4.878491e-09 8.341348e-01 -6.234788e-03
1.512209e+02 4.819635e-09 8.348298e-01 -6.216467e-03
1.517213e+02 4.761665e-09 8.355209e-01 -6.198252e-03
1.522217e+02 4.704563e-09 8.362083e-01 -6.180141e-03
1.527221e+02 4.648316e-09 8.368919e-01 -6.162135e-03
1.532225e+02 4.592906e-09 8.375718e-01 -6.144231e-03
1.537229e+02 4.538319e-09 8.382480e-01 -6.126430e-03
1.542233e+02 4.484542e-09 8.389206e-01 -6.108730e-03
1.547237e+02 4.431558e-09 8.395895e-01 -6.091130e-03
1.552241e+02 4.379355e-09 8.402548e-01 -6.073630e-03
1.557245e+02 4.327918e-09 8.409165e-01 -6.056229e-03
1.562249e+02 4.277234e-09 8.415747e-01 -6.038925e-03
1.567253e+02 4.227290e-09 8.422294e-01 -6.021719e-03
1.572257e+02 4.178073e-09 8.428806e-01 -6.004608e-03
1.577261e+02 4.129570e-09 8.435284e-01 -5.987594e-03
1.582265e+02 4.081769e-09 8.441727e-01 -5.970674e-03
1.587269e+02 4.034658e-09 8.448136e-01 -5.953848e-03
1.592273e+02 3.988224e-09 8.454511e-01 -5.937115e-03
1.597277e+02 3.942457e-09 8.460852e-01 -5.920474e-03
1.602281e+02 3.897344e-09 8.467161e-01 -5.903925e-03
1.607285e+02 3.852875e-09 8.473436e-01 -5.887467e-03
1.612289e+02 3.809038e-09 8.479679e-01 -5.871098e-03
1.617293e+02 3.765823e-09 8.485889e-01 -5.854819e-03
1.622297e+02 3.723219e-09 8.492067e-01 -5.838629e-03
1.627301e+02 3.681216e-09 8.498212e-01 -5.822527e-03
1.632305e+02 3.639804e-09 8.504327e-01 -5.806512e-03
1.637309e+02 3.598972e-09 8.510409e-01 -5.790583e-03
1.642313e+02 3.558712e-09 8.516460e-01 -5.774740e-03
1.647317e+02 3.519013e-09 8.522481e-01 -5.758982e-03
1.652321e+02 3.479866e-09 8.528470e-01 -5.743309e-03
1.657325e+02 3.441261e-09 8.534429e-01 -5.727719e-03
1.662329e+02 3.403191e-09 8.540358e-01 -5.712212e-03
1.667333e+02 3.365646e-09 8.546256e-01 -5.696788e-03
1.672337e+02 3.328617e-09 8.552125e-01 -5.681445e-03
1.677341e+02 3.292096e-09 8.557964e-01 -5.666184e-03
1.682345e+02 3.256075e-09 8.563774e-01 -5.651003e-03
1.687349e+02 3.220544e-09 8.569554e-01 -5.635902e-03
1.692353e+02 3.185498e-09 8.575306e-01 -5.620880e-03
1.697357e+02 3.150926e-09 8.581028e-01 -5.605937e-03
1.702361e+02 3.116823e-09 8.586723e-01 -5.591071e-03
1.707365e+02 3.083180e-09 8.592388e-01 -5.576283e-03
1.712369e+02 3.049989e-09 8.598026e-01 -5.561572e-03
1.717373e+02 3.017244e-09 8.603636e-01 -5.546937e-03
1.722377e+02 2.984937e-09 8.609218e-01 -5.532377e-03
1.727381e+02 2.953061e-09 8.614773e-01 -5.517893e-03
1.732385e+02 2.921610e-09 8.620300e-01 -5.503482e-03
1.737389e+02 2.890577e-09 8.625800e-01 -5.489146e-03
1.742393e+02 2.859954e-09 8.631273e-01 -5.474883e-03
1.747397e+02 2.829736e-09 8.636720e-01 -5.460693e-03
1.752401e+02 2.799916e-09 8.642140e-01 -5.446575e-03
1.757405e+02 2.770488e-09 8.647533e-01 -5.432528e-03
1.762409e+02 2.741445e-09 8.652901e-01 -5.418553e-03
1.767413e+02 2.712782e-09 8.658242e-01 -5.404648e-03
1.772417e+02 2.684493e-09 8.663558e-01 -5.390813e-03
1.777421e+02 2.656571e-09 8.668849e-01 -5.377047e-03
1.782425e+02 2.629012e-09 8.674113e-01 -5.363351e-03
1.787429e+02 2.601809e-09 8.679353e-01 -5.349723e-03
1.792433e+02 2.574957e-09 8.684568e-01 -5.336163e-03
1.797437e+02 2.548450e-09 8.689758e-01 -5.322670e-03
1.802441e+02 2.522284e-09 8.694923e-01 -5.309244e-03
1.807445e+02 2.496453e-09 8.700063e-01 -5.295885e-03
1.812449e+02 2.470951e-09 8.705179e-01 -5.282591e-03
1.817453e+02 2.445775e-09 8.710272e-01 -5.269363e-03
1.822457e+02 2.420918e-09 8.715340e-01 -5.256200e-03
1.827461e+02 2.396376e-09 8.720384e-01 -5.243102e-03
1.832465e+02 2.372145e-09 8.725405e-01 -5.230067e-03
1.837469e+02 2.348219e-09 8.730402e-01 -5.217096e-03
1.842473e+02 2.324594e-09 8.735376e-01 -5.204189e-03
1.847477e+02 2.301265e-09 8.740326e-01 -5.191343e-03
1.852481e+02 2.278228e-09 8.745254e-01 -5.178560e-03
1.857485e+02 2.255479e-09 8.750159e-01 -5.165839e-03
1.862489e+02 2.233013e-09 8.755041e-01 -5.153179e-03
1.867493e+02 2.210826e-09 8.759901e-01 -5.140580e-03
1.872497e+02 2.188914e-09 8.764738e-01 -5.128041e-03
1.877502e+02 2.167273e-09 8.769553e-01 -5.115562e-03
1.882506e+02 2.145898e-09 8.774346e-01 -5.103143e-03
1.887510e+02 2.124787e-09 8.779117e-01 -5.090782e-03
1.892514e+02 2.103934e-09 8.783866e-01 -5.078481e-03
1.897518e+02 2.083337e-09 8.788594e-01 -5.066238e-03
1.902522e+02 2.062991e-09 8.793300e-01 -5.054052e-03
1.907526e+02 2.042893e-09 8.797985e-01 -5.041924e-03
1.912530e+02 2.023039e-09 8.802649e-01 -5.029854e-03
1.917534e+02 2.003426e-09 8.807292e-01 -5.017839e-03
1.922538e+02 1.984049e-09 8.811913e-01 -5.005882e-03
1.927542e+02 1.964907e-09 8.816514e-01 -4.993979e-03
1.932546e+02 1.945995e-09 8.821095e-01 -4.982133e-03
1.937550e+02 1.927310e-09 8.825655e-01 -4.970341e-03
1.942554e+02 1.908848e-09 8.830194e-01 -4.958604e-03
1.947558e+02 1.890607e-09 8.834714e-01 -4.946922e-03
1.952562e+02 1.872584e-09 8.839213e-01 -4.935293e-03
1.957566e+02 1.854774e-09 8.843692e-01 -4.923718e-03
1.962570e+02 1.837176e-09 8.848152e-01 -4.912197e-03
1.967574e+02 1.819787e-09 8.852592e-01 -4.900728e-03
1.972578e+02 1.802602e-09 8.857012e-01 -4.889311e-03
1.977582e+02 1.785620e-09 8.861413e-01 -4.877947e-03
1.982586e+02 1.768837e-09 8.865795e-01 -4.866634e-03
1.987590e+02 1.752251e-09 8.870157e-01 -4.855373e-03
1.992594e+02 1.735859e-09 8.874501e-01 -4.844163e-03
1.997598e+02 1.719659e-09 8.878825e-01 -4.833004e-03
2.002602e+02 1.703647e-09 8.883131e-01 -4.821895e-03
2.007606e+02 1.687820e-09 8.887418e-01 -4.810836e-03
2.012610e+02 1.672178e-09 8.891686e-01 -4.799826e-03
2.017614e+02 1.656716e-09 8.895936e-01 -4.788866e-03
2.022618e+02 1.641432e-09 8.900168e-01 -4.777955e-03
2.027622e+02 1.626324e-09 8.904381e-01 -4.767093e-03
2.032626e+02 1.611390e-09 8.908577e-01 -4.756279e-03
2.037630e+02 1.596626e-09 8.912754e-01 -4.745514e-03
2.042634e+02 1.582031e-09 8.916914e-01 -4.734796e-03
2.047638e+02 1.567603e-09 8.921056e-01 -4.724125e-03
2.052642e+02 1.553339e-09 8.925180e-01 -4.713501e-03
2.057646e+02 1.539237e-09 8.929287e-01 -4.702925e-03
2.062650e+02 1.525294e-09 8.933376e-01 -4.692394e-03
2.067654e+02 1.511509e-09 8.937448e-01 -4.681910e-03
2.072658e+02 1.497879e-09 8.941503e-01 -4.671472e-03
2.077662e+02 1.484403e-09 8.945541e-01 -4.661080e-03
2.082666e+02 1.471078e-09 8.949562e-01 -4.650732e-03
2.087670e+02 1.457902e-09 8.953566e-01 -4.640430e-03
2.092674e+02 1.444873e-09 8.957553e-01 -4.630172e-03
2.097678e+02 1.431989e-09 8.961523e-01 -4.619959e-03
2.102682e+02 1.419249e-09 8.965478e-01 -4.609790e-03
2.107686e+02 1.406650e-09 8.969415e-01 -4.599665e-03
2.112690e+02 1.394191e-09 8.973336e-01 -4.589583e-03
2.117694e+02 1.381869e-09 8.977241e-01 -4.579545e-03
2.122698e+02 1.369683e-09 8.981130e-01 -4.569549e-03
2.127702e+02 1.357631e-09 8.985003e-01 -4.559596e-03
2.132706e+02 1.345711e-09 8.988860e-01 -4.549686e-03
2.137710e+02 1.333922e-09 8.992701e-01 -4.539818e-03
2.142714e+02 1.322262e-09 8.996526e-01 -4.529992e-03
2.147718e+02 1.310729e-09 9.000336e-01 -4.520207e-03
2.152722e+02 1.299321e-09 9.004130e-01 -4.510464e-03
2.157726e+02 1.288037e-09 9.007909e-01 -4.500762e-03
2.162730e+02 1.276876e-09 9.011672e-01 -4.491100e-03
2.167734e+02 1.265835e-09 9.015420e-01 -4.481480e-03
2.172738e+02 1.254913e-09 9.019153e-01 -4.471899e-03
2.177742e+02 1.244109e-09 9.022870e-01 -4.462359e-03
2.182746e+02 1.233420e-09 9.026573e-01 -4.452859e-03
2.187750e+02 1.222847e-09 9.030261e-01 -4.443398e-03
2.192754e+02 1.212386e-09 9.033934e-01 -4.433976e-03
2.197758e+02 1.202037e-09 9.037592e-01 -4.424594e-03
2.202762e+02 1.191798e-09 9.041236e-01 -4.415251e-03
2.207766e+02 1.181668e-09 9.044865e-01 -4.405946e-03
2.212770e+02 1.171645e-09 9.048480e-01 -4.396679e-03
2.217774e+02 1.161729e-09 9.052080e-01 -4.387451e-03
2.222778e+02 1.151917e-09 9.055666e-01 -4.378260e-03
2.227782e+02 1.142208e-09 9.059238e-01 -4.369107e-03
2.232786e+02 1.132602e-09 9.062795e-01 -4.359992e-03
2.237790e+02 1.123096e-09 9.066339e-01 -4.350914e-03
2.242794e+02 1.113690e-09 9.069868e-01 -4.341873e-03
2.247798e+02 1.104382e-09 9.073384e-01 -4.332868e-03
2.252802e+02 1.095171e-09 9.076886e-01 -4.323900e-03
2.257806e+02 1.086056e-09 9.080374e-01 -4.314969e-03
2.262810e+02 1.077036e-09 9.083849e-01 -4.306073e-03
2.267814e+02 1.068109e-09 9.087310e-01 -4.297214e-03
2.272818e+02 1.059274e-09 9.090758e-01 -4.288390e-03
2.277822e+02 1.050530e-09 9.094192e-01 -4.279601e-03
2.282826e+02 1.041877e-09 9.097613e-01 -4.270848e-03
2.287830e+02 1.033313e-09 9.101020e-01 -4.262130e-03
2.292834e+02 1.024836e-09 9.104415e-01 -4.253446e-03
2.297838e+02 1.016446e-09 9.107796e-01 -4.244797e-03
2.302842e+02 1.008142e-09 9.111164e-01 -4.236183e-03
2.307846e+02 9.999220e-10 9.114520e-01 -4.227603e-03
2.312850e+02 9.917859e-10 9.117862e-01 -4.219056e-03
2.317854e+02 9.837325e-10 9.121192e-01 -4.210544e-03
2.322858e+02 9.757606e-10 9.124509e-01 -4.202065e-03
2.327862e+02 9.678694e-10 9.127813e-01 -4.193619e-03
2.332866e+02 9.600577e-10 9.131105e-01 -4.185207e-03
2.337870e+02 9.523247e-10 9.134384e-01 -4.176828e-03
2.342874e+02 9.446694e-10 9.137651e-01 -4.168481e-03
2.347878e+02 9.370909e-10 9.140906e-01 -4.160167e-03
2.352882e+02 9.295882e-10 9.144148e-01 -4.151886e-03
2.357886e+02 9.221605e-10 9.147378e-01 -4.143637e-03
2.362890e+02 9.148068e-10 9.150596e-01 -4.135419e-03
2.367894e+02 9.075262e-10 9.153801e-01 -4.127234e-03
2.372898e+02 9.003180e-10 9.156995e-01 -4.119080e-03
2.377902e+02 8.931812e-10 9.160177e-01 -4.110958e-03
2.382906e+02 8.861149e-10 9.163347e-01 -4.102867e-03
2.387910e+02 8.791184e-10 9.166505e-01 -4.094807e-03
2.392914e+02 8.721908e-10 9.169651e-01 -4.086779e-03
2.397918e+02 8.653314e-10 9.172786e-01 -4.078781e-03
2.402922e+02 8.585392e-10 9.175909e-01 -4.070813e-03
2.407926e+02 8.518136e-10 9.179020e-01 -4.062876e-03
2.412930e+02 8.451536e-10 9.182120e-01 -4.054969e-03
2.417934e+02 8.385587e-10 9.185209e-01 -4.047093e-03
2.422938e+02 8.320279e-10 9.188286e-01 -4.039246e-03
2.427942e+02 8.255606e-10 9.191352e-01 -4.031429e-03
2.432946e+02 8.191560e-10 9.194406e-01 -4.023641e-03
2.437950e+02 8.128134e-10 9.197450e-01 -4.015883e-03
2.442954e+02 8.065321e-10 9.200482e-01 -4.008154e-03
2.447958e+02 8.003114e-10 9.203503e-01 -4.000454e-03
2.452962e+02 7.941505e-10 9.206514e-01 -3.992784e-03
2.457966e+02 7.880487e-10 9.209513e-01 -3.985141e-03
2.462970e+02 7.820055e-10 9.212502e-01 -3.977528e-03
2.467974e+02 7.760201e-10 9.215479e-01 -3.969943e-03
2.472978e+02 7.700918e-10 9.218446e-01 -3.962386e-03
2.477982e+02 7.642201e-10 9.221402e-01 -3.954857e-03
2.482986e+02 7.584042e-10 9.224348e-01 -3.947356e-03
2.487990e+02 7.526435e-10 9.227283e-01 -3.939883e-03
2.492994e+02 7.469374e-10 9.230207e-01 -3.932437e-03
2.497998e+02 7.412853e-10 9.233121e-01 -3.925019e-03
2.503002e+02 7.356866e-10 9.236024e-01 -3.917629e-03
2.508006e+02 7.301406e-10 9.238917e-01 -3.910265e-03
2.513010e+02 7.246468e-10 9.241800e-01 -3.902929e-03
2.518014e+02 7.192046e-10 9.244673e-01 -3.895619e-03
2.523018e+02 7.138133e-10 9.247535e-01 -3.888337e-03
2.528022e+02 7.084725e-10 9.250387e-01 -3.881080e-03
2.533026e+02 7.031815e-10 9.253230e-01 -3.873851e-03
2.538030e+02 6.979399e-10 9.256062e-01 -3.866647e-03
2.543034e+02 6.927470e-10 9.258884e-01 -3.859470e-03
2.548038e+02 6.876023e-10 9.261696e-01 -3.852319e-03
2.553042e+02 6.825052e-10 9.264498e-01 -3.845193e-03
2.558046e+02 6.774553e-10 9.267291e-01 -3.838094e-03
2.563050e+02 6.724521e-10 9.270073e-01 -3.831019e-03
2.568054e+02 6.674949e-10 9.272846e-01 -3.823971e-03
2.573058e+02 6.625834e-10 9.275610e-01 -3.816948e-03
2.578062e+02 6.577169e-10 9.278363e-01 -3.809949e-03
2.583066e+02 6.528950e-10 9.281107e-01 -3.802976e-03
2.588070e+02 6.481172e-10 9.283842e-01 -3.796028e-03
2.593074e+02 6.433831e-10 9.286567e-01 -3.789105e-03
2.598078e+02 6.386921e-10 9.289283e-01 -3.782206e-03
2.603082e+02 6.340438e-10 9.291989e-01 -3.775332e-03
2.608086e+02 6.294377e-10 9.294686e-01 -3.768482e-03
2.613090e+02 6.248733e-10 9.297374e-01 -3.761656e-03
2.618094e+02 6.203503e-10 9.300052e-01 -3.754855e-03
2.623098e+02 6.158681e-10 9.302721e-01 -3.748078e-03
2.628102e+02 6.114263e-10 9.305381e-01 -3.741324e-03
2.633106e+02 6.070245e-10 9.308032e-01 -3.734594e-03
2.638110e+02 6.026622e-10 9.310674e-01 -3.727888e-03
2.643114e+02 5.983391e-10 9.313307e-01 -3.721205e-03
2.648118e+02 5.940546e-10 9.315931e-01 -3.714546e-03
2.653122e+02 5.898084e-10 9.318547e-01 -3.707910e-03
2.658126e+02 5.856001e-10 9.321153e-01 -3.701297e-03
2.663130e+02 5.814293e-10 9.323750e-01 -3.694707e-03
2.668134e+02 5.772955e-10 9.326339e-01 -3.688140e-03
2.673138e+02 5.731984e-10 9.328919e-01 -3.681596e-03
2.678142e+02 5.691376e-10 9.331490e-01 -3.675074e-03
2.683146e+02 5.651127e-10 9.334053e-01 -3.668575e-03
2.688150e+02 5.611233e-10 9.336607e-01 -3.662098e-03
2.693154e+02 5.571690e-10 9.339152e-01 -3.655644e-03
2.698158e+02 5.532495e-10 9.341689e-01 -3.649212e-03
2.703162e+02 5.493644e-10 9.344218e-01 -3.642802e-03
2.708166e+02 5.455134e-10 9.346738e-01 -3.636414e-03
2.713170e+02 5.416961e-10 9.349249e-01 -3.630048e-03
2.718174e+02 5.379120e-10 9.351753e-01 -3.623703e-03
2.723178e+02 5.341610e-10 9.354248e-01 -3.617380e-03
2.728182e+02 5.304426e-10 9.356734e-01 -3.611079e-03
2.733186e+02 5.267565e-10 9.359213e-01 -3.604799e-03
2.738190e+02 5.231024e-10 9.361683e-01 -3.598540e-03
2.743194e+02 5.194799e-10 9.364146e-01 -3.592303e-03
2.748198e+02 5.158887e-10 9.366600e-01 -3.586086e-03
2.753202e+02 5.123285e-10 9.369046e-01 -3.579891e-03
2.758206e+02 5.087990e-10 9.371484e-01 -3.573716e-03
2.763210e+02 5.052998e-10 9.373914e-01 -3.567563e-03
2.768214e+02 5.018306e-10 9.376336e-01 -3.561430e-03
2.773218e+02 4.983911e-10 9.378750e-01 -3.555317e-03
2.778222e+02 4.949811e-10 9.381156e-01 -3.549225e-03
2.783226e+02 4.916002e-10 9.383555e-01 -3.543153e-03
2.788230e+02 4.882481e-10 9.385946e-01 -3.537102e-03
2.793234e+02 4.849245e-10 9.388329e-01 -3.531070e-03
2.798238e+02 4.816291e-10 9.390704e-01 -3.525059e-03
2.803242e+02 4.783617e-10 9.393072e-01 -3.519068e-03
2.808246e+02 4.751220e-10 9.395432e-01 -3.513096e-03
2.813250e+02 4.719096e-10 9.397784e-01 -3.507144e-03
2.818254e+02 4.687244e-10 9.400129e-01 -3.501212e-03
2.823258e+02 4.655660e-10 9.402466e-01 -3.495300e-03
2.828262e+02 4.624341e-10 9.404796e-01 -3.489407e-03
2.833266e+02 4.593285e-10 9.407118e-01 -3.483533e-03
2.838270e+02 4.562490e-10 9.409433e-01 -3.477678e-03
2.843274e+02 4.531952e-10 9.411740e-01 -3.471843e-03
2.848278e+02 4.501669e-10 9.414041e-01 -3.466027e-03
2.853282e+02 4.471639e-10 9.416333e-01 -3.460230e-03
2.858286e+02 4.441859e-10 9.418619e-01 -3.454451e-03
2.863290e+02 4.412326e-10 9.420897e-01 -3.448692e-03
2.868294e+02 4.383038e-10 9.423168e-01 -3.442951e-03
2.873298e+02 4.353993e-10 9.425432e-01 -3.437229e-03
2.878302e+02 4.325188e-10 9.427689e-01 -3.431525e-03
2.883306e+02 4.296621e-10 9.429939e-01 -3.425840e-03
2.888310e+02 4.268290e-10 9.432182e-01 -3.420173e-03
2.893314e+02 4.240191e-10 9.434417e-01 -3.414524e-03
2.898318e+02 4.212324e-10 9.436646e-01 -3.408894e-03
2.903322e+02 4.184685e-10 9.438867e-01 -3.403282e-03
2.908326e+02 4.157272e-10 9.441082e-01 -3.397687e-03
2.913330e+02 4.130083e-10 9.443290e-01 -3.392111e-03
2.918334e+02 4.103117e-10 9.445490e-01 -3.386552e-03
2.923338e+02 4.076370e-10 9.447684e-01 -3.381011e-03
2.928342e+02 4.049840e-10 9.449872e-01 -3.375488e-03
2.933346e+02 4.023527e-10 9.452052e-01 -3.369982e-03
2.938350e+02 3.997426e-10 9.454226e-01 -3.364494e-03
2.943354e+02 3.971537e-10 9.456393e-01 -3.359024e-03
2.948358e+02 3.945857e-10 9.458553e-01 -3.353570e-03
2.953362e+02 3.920384e-10 9.460706e-01 -3.348134e-03
2.958366e+02 3.895117e-10 9.462853e-01 -3.342715e-03
2.963370e+02 3.870053e-10 9.464994e-01 -3.337313e-03
2.968374e+02 3.845190e-10 9.467127e-01 -3.331928e-03
2.973378e+02 3.820526e-10 9.469255e-01 -3.326560e-03
2.978382e+02 3.796060e-10 9.471375e-01 -3.321209e-03
2.983386e+02 3.771789e-10 9.473490e-01 -3.315874e-03
2.988390e+02 3.747712e-10 9.475597e-01 -3.310557e-03
2.993394e+02 3.723827e-10 9.477699e-01 -3.305255e-03
2.998398e+02 3.700132e-10 9.479794e-01 -3.299971e-03
3.003402e+02 3.676625e-10 9.481883e-01 -3.294703e-03
3.008406e+02 3.653304e-10 9.483965e-01 -3.289451e-03
3.013410e+02 3.630168e-10 9.486041e-01 -3.284215e-03
3.018414e+02 3.607215e-10 9.488111e-01 -3.278996e-03
3.023418e+02 3.584443e-10 9.490174e-01 -3.273793e-03
3.028422e+02 3.561851e-10 9.492231e-01 -3.268606e-03
3.033426e+02 3.539436e-10 9.494282e-01 -3.263435e-03
3.038430e+02 3.517197e-10 9.496327e-01 -3.258279e-03
3.043434e+02 3.495132e-10 9.498366e-01 -3.253140e-03
3.048438e+02 3.473241e-10 9.500399e-01 -3.248016e-03
3.053442e+02 3.451520e-10 9.502425e-01 -3.242909e-03
3.058446e+02 3.429969e-10 9.504446e-01 -3.237816e-03
3.063450e+02 3.408586e-10 9.506460e-01 -3.232740e-03
3.068454e+02 3.387369e-10 9.508469e-01 -3.227679e-03
3.073458e+02 3.366318e-10 9.510472e-01 -3.222633e-03
3.078462e+02 3.345429e-10 9.512468e-01 -3.217602e-03
3.083466e+02 3.324702e-10 9.514459e-01 -3.212587e-03
3.088470e+02 3.304136e-10 9.516444e-01 -3.207587e-03
3.093474e+02 3.283728e-10 9.518423e-01 -3.202602e-03
3.098478e+02 3.263478e-10 9.520396e-01 -3.197633e-03
3.103482e+02 3.243383e-10 9.522363e-01 -3.192678e-03
3.108486e+02 3.223443e-10 9.524324e-01 -3.187738e-03
3.113490e+02 3.203656e-10 9.526280e-01 -3.182813e-03
3.118494e+02 3.184020e-10 9.528230e-01 -3.177903e-03
3.123498e+02 3.164535e-10 9.530174e-01 -3.173008e-03
3.128503e+02 3.145198e-10 9.532113e-01 -3.168127e-03
3.133507e+02 3.126009e-10 9.534046e-01 -3.163261e-03
3.138511e+02 3.106967e-10 9.535973e-01 -3.158409e-03
3.143515e+02 3.088068e-10 9.537895e-01 -3.153572e-03
3.148519e+02 3.069314e-10 9.539811e-01 -3.148749e-03
3.153523e+02 3.050701e-10 9.541721e-01 -3.143941e-03
3.158527e+02 3.032230e-10 9.543626e-01 -3.139147e-03
3.163531e+02 3.013898e-10 9.545526e-01 -3.134367e-03
3.168535e+02 2.995704e-10 9.547420e-01 -3.129601e-03
3.173539e+02 2.977648e-10 9.549308e-01 -3.124850e-03
3.178543e+02 2.959727e-10 9.551191e-01 -3.120112e-03
3.183547e+02 2.941941e-10 9.553069e-01 -3.115388e-03
3.188551e+02 2.924288e-10 9.554941e-01 -3.110679e-03
3.193555e+02 2.906767e-10 9.556808e-01 -3.105983e-03
3.198559e+02 2.889378e-10 9.558670e-01 -3.101301e-03
3.203563e+02 2.872118e-10 9.560526e-01 -3.096632e-03
3.208567e+02 2.854987e-10 9.562377e-01 -3.091977e-03
3.213571e+02 2.837984e-10 9.564222e-01 -3.087336e-03
3.218575e+02 2.821107e-10 9.566063e-01 -3.082709e-03
3.223579e+02 2.804355e-10 9.567898e-01 -3.078094e-03
3.228583e+02 2.787728e-10 9.569728e-01 -3.073494e-03
3.233587e+02 2.771223e-10 9.571552e-01 -3.068906e-03
3.238591e+02 2.754841e-10 9.573372e-01 -3.064332e-03
3.243595e+02 2.738579e-10 9.575186e-01 -3.059772e-03
3.248599e+02 2.722437e-10 9.576995e-01 -3.055224e-03
3.253603e+02 2.706414e-10 9.578799e-01 -3.050689e-03
3.258607e+02 2.690508e-10 9.580598e-01 -3.046168e-03
3.263611e+02 2.674720e-10 9.582392e-01 -3.041660e-03
3.268615e+02 2.659047e-10 9.584181e-01 -3.037164e-03
3.273619e+02 2.643488e-10 9.585965e-01 -3.032682e-03
3.278623e+02 2.628043e-10 9.587744e-01 -3.028212e-03
3.283627e+02 2.612711e-10 9.589518e-01 -3.023755e-03
3.288631e+02 2.597491e-10 9.591287e-01 -3.019311e-03
3.293635e+02 2.582381e-10 9.593051e-01 -3.014880e-03
3.298639e+02 2.567381e-10 9.594810e-01 -3.010461e-03
3.303643e+02 2.552489e-10 9.596564e-01 -3.006055e-03
3.308647e+02 2.537706e-10 9.598314e-01 -3.001661e-03
3.313651e+02 2.523029e-10 9.600058e-01 -2.997280e-03
3.318655e+02 2.508458e-10 9.601798e-01 -2.992911e-03
3.323659e+02 2.493993e-10 9.603533e-01 -2.988555e-03
3.328663e+02 2.479631e-10 9.605263e-01 -2.984210e-03
3.333667e+02 2.465373e-10 9.606988e-01 -2.979879e-03
3.338671e+02 2.451217e-10 9.608708e-01 -2.975559e-03
3.343675e+02 2.437162e-10 9.610424e-01 -2.971251e-03
3.348679e+02 2.423208e-10 9.612135e-01 -2.966956e-03
3.353683e+02 2.409354e-10 9.613842e-01 -2.962673e-03
3.358687e+02 2.395599e-10 9.615543e-01 -2.958401e-03
3.363691e+02 2.381941e-10 9.617240e-01 -2.954142e-03
3.368695e+02 2.368381e-10 9.618933e-01 -2.949895e-03
3.373699e+02 2.354917e-10 9.620620e-01 -2.945659e-03
3.378703e+02 2.341549e-10 9.622304e-01 -2.941435e-03
3.383707e+02 2.328275e-10 9.623982e-01 -2.937223e-03
3.388711e+02 2.315096e-10 9.625656e-01 -2.933023e-03
3.393715e+02 2.302009e-10 9.627326e-01 -2.928834e-03
3.398719e+02 2.289015e-10 9.628991e-01 -2.924657e-03
3.403723e+02 2.276113e-10 9.630651e-01 -2.920492e-03
3.408727e+02 2.263301e-10 9.632307e-01 -2.916338e-03
3.413731e+02 2.250579e-10 9.633958e-01 -2.912195e-03
3.418735e+02 2.237947e-10 9.635605e-01 -2.908064e-03
3.423739e+02 2.225403e-10 9.637248e-01 -2.903944e-03
3.428743e+02 2.212946e-10 9.638886e-01 -2.899836e-03
3.433747e+02 2.200577e-10 9.640520e-01 -2.895739e-03
3.438751e+02 2.188294e-10 9.642149e-01 -2.891653e-03
3.443755e+02 2.176097e-10 9.643774e-01 -2.887578e-03
3.448759e+02 2.163984e-10 9.645395e-01 -2.883515e-03
3.453763e+02 2.151956e-10 9.647011e-01 -2.879462e-03
3.458767e+02 2.140011e-10 9.648623e-01 -2.875421e-03
3.463771e+02 2.128149e-10 9.650231e-01 -2.871390e-03
3.468775e+02 2.116369e-10 9.651834e-01 -2.867371e-03
3.473779e+02 2.104671e-10 9.653434e-01 -2.863362e-03
3.478783e+02 2.093053e-10 9.655028e-01 -2.859365e-03
3.483787e+02 2.081515e-10 9.656619e-01 -2.855378e-03
3.488791e+02 2.070057e-10 9.658206e-01 -2.851402e-03
3.493795e+02 2.058677e-10 9.659788e-01 -2.847437e-03
3.498799e+02 2.047375e-10 9.661366e-01 -2.843482e-03
3.503803e+02 2.036151e-10 9.662940e-01 -2.839538e-03
3.508807e+02 2.025004e-10 9.664510e-01 -2.835605e-03
3.513811e+02 2.013933e-10 9.666075e-01 -2.831682e-03
3.518815e+02 2.002937e-10 9.667637e-01 -2.827770e-03
3.523819e+02 1.992016e-10 9.669194e-01 -2.823868e-03
3.528823e+02 1.981170e-10 9.670748e-01 -2.819976e-03
3.533827e+02 1.970397e-10 9.672297e-01 -2.816095e-03
3.538831e+02 1.959698e-10 9.673842e-01 -2.812225e-03
3.543835e+02 1.949071e-10 9.675384e-01 -2.808365e-03
3.548839e+02 1.938516e-10 9.676921e-01 -2.804515e-03
3.553843e+02 1.928032e-10 9.678454e-01 -2.800675e-03
3.558847e+02 1.917619e-10 9.679983e-01 -2.796845e-03
3.563851e+02 1.907277e-10 9.681509e-01 -2.793026e-03
3.568855e+02 1.897004e-10 9.683030e-01 -2.789217e-03
3.573859e+02 1.886800e-10 9.684547e-01 -2.785417e-03
3.578863e+02 1.876664e-10 9.686061e-01 -2.781628e-03
3.583867e+02 1.866597e-10 9.687570e-01 -2.777849e-03
3.588871e+02 1.856597e-10 9.689076e-01 -2.774080e-03
3.593875e+02 1.846663e-10 9.690578e-01 -2.770320e-03
3.598879e+02 1.836797e-10 9.692076e-01 -2.766571e-03
3.603883e+02 1.826996e-10 9.693570e-01 -2.762831e-03
3.608887e+02 1.817260e-10 9.695060e-01 -2.759101e-03
3.613891e+02 1.807589e-10 9.696546e-01 -2.755381e-03
3.618895e+02 1.797982e-10 9.698029e-01 -2.751671e-03
3.623899e+02 1.788439e-10 9.699508e-01 -2.747970e-03
3.628903e+02 1.778959e-10 9.700983e-01 -2.744279e-03
3.633907e+02 1.769542e-10 9.702454e-01 -2.740598e-03
3.638911e+02 1.760188e-10 9.703921e-01 -2.736926e-03
3.643915e+02 1.750894e-10 9.705385e-01 -2.733263e-03
3.648919e+02 1.741663e-10 9.706845e-01 -2.729611e-03
3.653923e+02 1.732492e-10 9.708302e-01 -2.725967e-03
3.658927e+02 1.723381e-10 9.709754e-01 -2.722333e-03
3.663931e+02 1.714330e-10 9.711203e-01 -2.718709e-03
3.668935e+02 1.705338e-10 9.712649e-01 -2.715094e-03
3.673939e+02 1.696406e-10 9.714090e-01 -2.711488e-03
3.678943e+02 1.687531e-10 9.715528e-01 -2.707891e-03
3.683947e+02 1.678715e-10 9.716963e-01 -2.704304e-03
3.688951e+02 1.669956e-10 9.718394e-01 -2.700725e-03
3.693955e+02 1.661254e-10 9.719821e-01 -2.697156e-03
3.698959e+02 1.652609e-10 9.721244e-01 -2.693596e-03
3.703963e+02 1.644020e-10 9.722665e-01 -2.690046e-03
3.708967e+02 1.635487e-10 9.724081e-01 -2.686504e-03
3.713971e+02 1.627008e-10 9.725494e-01 -2.682971e-03
3.718975e+02 1.618585e-10 9.726904e-01 -2.679448e-03
3.723979e+02 1.610217e-10 9.728309e-01 -2.675933e-03
3.728983e+02 1.601902e-10 9.729712e-01 -2.672427e-03
3.733987e+02 1.593641e-10 9.731111e-01 -2.668930e-03
3.738991e+02 1.585433e-10 9.732506e-01 -2.665442e-03
3.743995e+02 1.577278e-10 9.733898e-01 -2.661963e-03
3.748999e+02 1.569175e-10 9.735287e-01 -2.658492e-03
3.754003e+02 1.561124e-10 9.736672e-01 -2.655031e-03
3.759007e+02 1.553125e-10 9.738054e-01 -2.651578e-03
3.764011e+02 1.545177e-10 9.739432e-01 -2.648133e-03
3.769015e+02 1.537280e-10 9.740807e-01 -2.644698e-03
3.774019e+02 1.529433e-10 9.742179e-01 -2.641271e-03
3.779023e+02 1.521636e-10 9.743547e-01 -2.637852e-03
3.784027e+02 1.513888e-10 9.744911e-01 -2.634443e-03
3.789031e+02 1.506190e-10 9.746273e-01 -2.631041e-03
3.794035e+02 1.498541e-10 9.747631e-01 -2.627649e-03
3.799039e+02 1.490941e-10 9.748986e-01 -2.624264e-03
3.804043e+02 1.483388e-10 9.750337e-01 -2.620888e-03
3.809047e+02 1.475883e-10 9.751685e-01 -2.617521e-03
3.814051e+02 1.468426e-10 9.753030e-01 -2.614162e-03
3.819055e+02 1.461016e-10 9.754372e-01 -2.610811e-03
3.824059e+02 1.453652e-10 9.755710e-01 -2.607469e-03
3.829063e+02 1.446335e-10 9.757045e-01 -2.604134e-03
3.834067e+02 1.439063e-10 9.758377e-01 -2.600808e-03
3.839071e+02 1.431838e-10 9.759706e-01 -2.597491e-03
3.844075e+02 1.424657e-10 9.761031e-01 -2.594181e-03
3.849079e+02 1.417522e-10 9.762353e-01 -2.590880e-03
3.854083e+02 1.410431e-10 9.763672e-01 -2.587587e-03
3.859087e+02 1.403384e-10 9.764988e-01 -2.584301e-03
3.864091e+02 1.396382e-10 9.766301e-01 -2.581024e-03
3.869095e+02 1.389423e-10 9.767610e-01 -2.577755e-03
3.874099e+02 1.382507e-10 9.768917e-01 -2.574494e-03
3.879103e+02 1.375635e-10 9.770220e-01 -2.571241e-03
3.884107e+02 1.368804e-10 9.771520e-01 -2.567996e-03
3.889111e+02 1.362017e-10 9.772817e-01 -2.564759e-03
3.894115e+02 1.355271e-10 9.774111e-01 -2.561530e-03
3.899119e+02 1.348567e-10 9.775402e-01 -2.558308e-03
3.904123e+02 1.341905e-10 9.776689e-01 -2.555095e-03
3.909127e+02 1.335283e-10 9.777974e-01 -2.551889e-03
3.914131e+02 1.328702e-10 9.779256e-01 -2.548691e-03
3.919135e+02 1.322162e-10 9.780534e-01 -2.545501e-03
3.924139e+02 1.315662e-10 9.781810e-01 -2.542318e-03
3.929143e+02 1.309202e-10 9.783082e-01 -2.539143e-03
3.934147e+02 1.302782e-10 9.784351e-01 -2.535976e-03
3.939151e+02 1.296400e-10 9.785618e-01 -2.532816e-03
3.944155e+02 1.290058e-10 9.786881e-01 -2.529664e-03
3.949159e+02 1.283755e-10 9.788142e-01 -2.526520e-03
3.954163e+02 1.277490e-10 9.789399e-01 -2.523383e-03
3.959167e+02 1.271263e-10 9.790654e-01 -2.520254e-03
3.964171e+02 1.265074e-10 9.791905e-01 -2.517132e-03
3.969175e+02 1.258923e-10 9.793154e-01 -2.514018e-03
3.974179e+02 1.252809e-10 9.794400e-01 -2.510911e-03
3.979183e+02 1.246732e-10 9.795643e-01 -2.507812e-03
3.984187e+02 1.240692e-10 9.796882e-01 -2.504720e-03
3.989191e+02 1.234688e-10 9.798119e-01 -2.501635e-03
3.994195e+02 1.228721e-10 9.799354e-01 -2.498558e-03
3.999199e+02 1.222790e-10 9.800585e-01 -2.495488e-03
4.004203e+02 1.216894e-10 9.801813e-01 -2.492425e-03
4.009207e+02 1.211034e-10 9.803039e-01 -2.489369e-03
4.014211e+02 1.205209e-10 9.804261e-01 -2.486321e-03
4.019215e+02 1.199420e-10 9.805481e-01 -2.483280e-03
4.024219e+02 1.193665e-10 9.806698e-01 -2.480246e-03
4.029223e+02 1.187944e-10 9.807912e-01 -2.477220e-03
4.034227e+02 1.182258e-10 9.809123e-01 -2.474200e-03
4.039231e+02 1.176605e-10 9.810332e-01 -2.471188e-03
4.044235e+02 1.170986e-10 9.811538e-01 -2.468182e-03
4.049239e+02 1.165401e-10 9.812741e-01 -2.465184e-03
4.054243e+02 1.159849e-10 9.813941e-01 -2.462193e-03
4.059247e+02 1.154331e-10 9.815138e-01 -2.459209e-03
4.064251e+02 1.148844e-10 9.816333e-01 -2.456231e-03
4.069255e+02 1.143391e-10 9.817525e-01 -2.453261e-03
4.074259e+02 1.137970e-10 9.818714e-01 -2.450298e-03
4.079263e+02 1.132581e-10 9.819901e-01 -2.447341e-03
4.084267e+02 1.127223e-10 9.821084e-01 -2.444392e-03
4.089271e+02 1.121898e-10 9.822265e-01 -2.441449e-03
4.094275e+02 1.116603e-10 9.823444e-01 -2.438513e-03
4.099279e+02 1.111340e-10 9.824619e-01 -2.435584e-03
4.104283e+02 1.106108e-10 9.825792e-01 -2.432662e-03
4.109287e+02 1.100907e-10 9.826963e-01 -2.429747e-03
4.114291e+02 1.095736e-10 9.828130e-01 -2.426838e-03
4.119295e+02 1.090596e-10 9.829295e-01 -2.423936e-03
4.124299e+02 1.085486e-10 9.830458e-01 -2.421041e-03
4.129303e+02 1.080405e-10 9.831617e-01 -2.418152e-03
4.134307e+02 1.075354e-10 9.832775e-01 -2.415270e-03
4.139311e+02 1.070333e-10 9.833929e-01 -2.412395e-03
4.144315e+02 1.065341e-10 9.835081e-01 -2.409526e-03
4.149319e+02 1.060378e-10 9.836230e-01 -2.406664e-03
4.154323e+02 1.055444e-10 9.837377e-01 -2.403808e-03
4.159327e+02 1.050539e-10 9.838521e-01 -2.400959e-03
4.164331e+02 1.045662e-10 9.839663e-01 -2.398117e-03
4.169335e+02 1.040813e-10 9.840802e-01 -2.395281e-03
4.174339e+02 1.035993e-10 9.841938e-01 -2.392451e-03
4.179343e+02 1.031200e-10 9.843072e-01 -2.389628e-03
4.184347e+02 1.026435e-10 9.844203e-01 -2.386811e-03
4.189351e+02 1.021697e-10 9.845332e-01 -2.384001e-03
4.194355e+02 1.016987e-10 9.846459e-01 -2.381197e-03
4.199359e+02 1.012304e-10 9.847582e-01 -2.378400e-03
4.204363e+02 1.007648e-10 9.848704e-01 -2.375608e-03
4.209367e+02 1.003018e-10 9.849822e-01 -2.372824e-03
4.214371e+02 9.984155e-11 9.850939e-01 -2.370045e-03
4.219375e+02 9.938390e-11 9.852053e-01 -2.367273e-03
4.224379e+02 9.892887e-11 9.853164e-01 -2.364507e-03
4.229383e+02 9.847644e-11 9.854273e-01 -2.361747e-03
4.234387e+02 9.802659e-11 9.855379e-01 -2.358993e-03
4.239391e+02 9.757931e-11 9.856483e-01 -2.356246e-03
4.244395e+02 9.713458e-11 9.857585e-01 -2.353505e-03
4.249399e+02 9.669237e-11 9.858684e-01 -2.350770e-03
4.254403e+02 9.625268e-11 9.859781e-01 -2.348041e-03
4.259407e+02 9.581549e-11 9.860875e-01 -2.345318e-03
4.264411e+02 9.538078e-11 9.861967e-01 -2.342601e-03
4.269415e+02 9.494853e-11 9.863056e-01 -2.339890e-03
4.274419e+02 9.451872e-11 9.864144e-01 -2.337186e-03
4.279423e+02 9.409135e-11 9.865228e-01 -2.334487e-03
4.284427e+02 9.366638e-11 9.866311e-01 -2.331795e-03
4.289431e+02 9.324382e-11 9.867391e-01 -2.329108e-03
4.294435e+02 9.282363e-11 9.868468e-01 -2.326427e-03
4.299439e+02 9.240581e-11 9.869544e-01 -2.323753e-03
4.304443e+02 9.199034e-11 9.870617e-01 -2.321084e-03
4.309447e+02 9.157719e-11 9.871687e-01 -2.318421e-03
4.314451e+02 9.116637e-11 9.872755e-01 -2.315764e-03
4.319455e+02 9.075785e-11 9.873821e-01 -2.313113e-03
4.324459e+02 9.035161e-11 9.874885e-01 -2.310468e-03
4.329463e+02 8.994764e-11 9.875946e-01 -2.307828e-03
4.334467e+02 8.954593e-11 9.877005e-01 -2.305195e-03
4.339471e+02 8.914646e-11 9.878062e-01 -2.302567e-03
4.344475e+02 8.874921e-11 9.879117e-01 -2.299945e-03
4.349479e+02 8.835418e-11 9.880169e-01 -2.297329e-03
4.354483e+02 8.796134e-11 9.881219e-01 -2.294718e-03
4.359487e+02 8.757068e-11 9.882266e-01 -2.292113e-03
4.364491e+02 8.718218e-11 9.883312e-01 -2.289514e-03
4.369495e+02 8.679584e-11 9.884355e-01 -2.286921e-03
4.374499e+02 8.641164e-11 9.885396e-01 -2.284333e-03
4.379504e+02 8.602956e-11 9.886435e-01 -2.281751e-03
4.384508e+02 8.564959e-11 9.887471e-01 -2.279174e-03
4.389512e+02 8.527171e-11 9.888505e-01 -2.276603e-03
4.394516e+02 8.489592e-11 9.889538e-01 -2.274038e-03
4.399520e+02 8.452219e-11 9.890567e-01 -2.271478e-03
4.404524e+02 8.415052e-11 9.891595e-01 -2.268924e-03
4.409528e+02 8.378089e-11 9.892620e-01 -2.266375e-03
4.414532e+02 8.341329e-11 9.893644e-01 -2.263832e-03
4.419536e+02 8.304770e-11 9.894665e-01 -2.261294e-03
4.424540e+02 8.268411e-11 9.895684e-01 -2.258762e-03
4.429544e+02 8.232251e-11 9.896701e-01 -2.256236e-03
4.434548e+02 8.196288e-11 9.897715e-01 -2.253714e-03
4.439552e+02 8.160522e-11 9.898728e-01 -2.251198e-03
4.444556e+02 8.124950e-11 9.899738e-01 -2.248688e-03
4.449560e+02 8.089572e-11 9.900746e-01 -2.246183e-03
4.454564e+02 8.054387e-11 9.901752e-01 -2.243683e-03
4.459568e+02 8.019392e-11 9.902756e-01 -2.241189e-03
4.464572e+02 7.984587e-11 9.903758e-01 -2.238700e-03
4.469576e+02 7.949971e-11 9.904758e-01 -2.236216e-03
4.474580e+02 7.915543e-11 9.905755e-01 -2.233738e-03
4.479584e+02 7.881300e-11 9.906751e-01 -2.231265e-03
4.484588e+02 7.847243e-11 9.907744e-01 -2.228797e-03
4.489592e+02 7.813369e-11 9.908736e-01 -2.226334e-03
4.494596e+02 7.779678e-11 9.909725e-01 -2.223877e-03
4.499600e+02 7.746168e-11 9.910712e-01 -2.221425e-03
4.504604e+02 7.712838e-11 9.911697e-01 -2.218978e-03
4.509608e+02 7.679688e-11 9.912681e-01 -2.216536e-03
4.514612e+02 7.646715e-11 9.913662e-01 -2.214100e-03
4.519616e+02 7.613919e-11 9.914641e-01 -2.211669e-03
4.524620e+02 7.581299e-11 9.915618e-01 -2.209242e-03
4.529624e+02 7.548854e-11 9.916593e-01 -2.206821e-03
4.534628e+02 7.516581e-11 9.917566e-01 -2.204405e-03
4.539632e+02 7.484481e-11 9.918536e-01 -2.201994e-03
4.544636e+02 7.452552e-11 9.919505e-01 -2.199588e-03
4.549640e+02 7.420794e-11 9.920472e-01 -2.197188e-03
4.554644e+02 7.389204e-11 9.921437e-01 -2.194792e-03
4.559648e+02 7.357782e-11 9.922400e-01 -2.192401e-03
4.564652e+02 7.326527e-11 9.923361e-01 -2.190015e-03
4.569656e+02 7.295438e-11 9.924320e-01 -2.187635e-03
4.574660e+02 7.264514e-11 9.925277e-01 -2.185259e-03
4.579664e+02 7.233753e-11 9.926232e-01 -2.182888e-03
4.584668e+02 7.203155e-11 9.927185e-01 -2.180522e-03
4.589672e+02 7.172718e-11 9.928136e-01 -2.178162e-03
4.594676e+02 7.142442e-11 9.929085e-01 -2.175806e-03
4.599680e+02 7.112326e-11 9.930032e-01 -2.173455e-03
4.604684e+02 7.082368e-11 9.930978e-01 -2.171108e-03
4.609688e+02 7.052568e-11 9.931921e-01 -2.168767e-03
4.614692e+02 7.022924e-11 9.932862e-01 -2.166431e-03
4.619696e+02 6.993436e-11 9.933802e-01 -2.164099e-03
4.624700e+02 6.964103e-11 9.934739e-01 -2.161772e-03
4.629704e+02 6.934923e-11 9.935675e-01 -2.159450e-03
4.634708e+02 6.905896e-11 9.936609e-01 -2.157133e-03
4.639712e+02 6.877020e-11 9.937541e-01 -2.154821e-03
4.644716e+02 6.848296e-11 9.938471e-01 -2.152513e-03
4.649720e+02 6.819721e-11 9.939399e-01 -2.150210e-03
4.654724e+02 6.791295e-11 9.940325e-01 -2.147912e-03
4.659728e+02 6.763017e-11 9.941249e-01 -2.145619e-03
4.664732e+02 6.734886e-11 9.942172e-01 -2.143330e-03
4.669736e+02 6.706901e-11 9.943092e-01 -2.141046e-03
4.674740e+02 6.679061e-11 9.944011e-01 -2.138766e-03
4.679744e+02 6.651366e-11 9.944928e-01 -2.136492e-03
4.684748e+02 6.623814e-11 9.945843e-01 -2.134222e-03
4.689752e+02 6.596405e-11 9.946756e-01 -2.131956e-03
4.694756e+02 6.569137e-11 9.947668e-01 -2.129696e-03
4.699760e+02 6.542010e-11 9.948577e-01 -2.127439e-03
4.704764e+02 6.515023e-11 9.949485e-01 -2.125188e-03
4.709768e+02 6.488175e-11 9.950391e-01 -2.122941e-03
4.714772e+02 6.461465e-11 9.951295e-01 -2.120698e-03
4.719776e+02 6.434892e-11 9.952197e-01 -2.118461e-03
4.724780e+02 6.408456e-11 9.953098e-01 -2.116227e-03
4.729784e+02 6.382155e-11 9.953996e-01 -2.113998e-03
4.734788e+02 6.355989e-11 9.954893e-01 -2.111774e-03
4.739792e+02 6.329957e-11 9.955788e-01 -2.109554e-03
4.744796e+02 6.304059e-11 9.956682e-01 -2.107339e-03
4.749800e+02 6.278292e-11 9.957573e-01 -2.105128e-03
4.754804e+02 6.252657e-11 9.958463e-01 -2.102922e-03
4.759808e+02 6.227153e-11 9.959351e-01 -2.100720e-03
4.764812e+02 6.201779e-11 9.960237e-01 -2.098522e-03
4.769816e+02 6.176534e-11 9.961122e-01 -2.096329e-03
4.774820e+02 6.151417e-11 9.962005e-01 -2.094141e-03
4.779824e+02 6.126428e-11 9.962886e-01 -2.091956e-03
4.784828e+02 6.101565e-11 9.963765e-01 -2.089776e-03
4.789832e+02 6.076829e-11 9.964643e-01 -2.087601e-03
4.794836e+02 6.052217e-11 9.965518e-01 -2.085429e-03
4.799840e+02 6.027730e-11 9.966392e-01 -2.083263e-03
4.804844e+02 6.003367e-11 9.967265e-01 -2.081100e-03
4.809848e+02 5.979127e-11 9.968135e-01 -2.078942e-03
4.814852e+02 5.955009e-11 9.969004e-01 -2.076788e-03
4.819856e+02 5.931013e-11 9.969872e-01 -2.074638e-03
4.824860e+02 5.907137e-11 9.970737e-01 -2.072493e-03
4.829864e+02 5.883381e-11 9.971601e-01 -2.070352e-03
4.834868e+02 5.859745e-11 9.972463e-01 -2.068215e-03
4.839872e+02 5.836227e-11 9.973324e-01 -2.066082e-03
4.844876e+02 5.812827e-11 9.974183e-01 -2.063954e-03
4.849880e+02 5.789545e-11 9.975040e-01 -2.061829e-03
4.854884e+02 5.766378e-11 9.975895e-01 -2.059709e-03
4.859888e+02 5.743328e-11 9.976749e-01 -2.057594e-03
4.864892e+02 5.720392e-11 9.977601e-01 -2.055482e-03
4.869896e+02 5.697571e-11 9.978452e-01 -2.053374e-03
4.874900e+02 5.674864e-11 9.979301e-01 -2.051271e-03
4.879904e+02 5.652269e-11 9.980148e-01 -2.049172e-03
4.884908e+02 5.629787e-11 9.980993e-01 -2.047077e-03
4.889912e+02 5.607417e-11 9.981837e-01 -2.044986e-03
4.894916e+02 5.585157e-11 9.982680e-01 -2.042899e-03
4.899920e+02 5.563008e-11 9.983520e-01 -2.040816e-03
4.904924e+02 5.540969e-11 9.984359e-01 -2.038737e-03
4.909928e+02 5.519039e-11 9.985197e-01 -2.036663e-03
4.914932e+02 5.497217e-11 9.986033e-01 -2.034592e-03
4.919936e+02 5.475503e-11 9.986867e-01 -2.032525e-03
4.924940e+02 5.453895e-11 9.987700e-01 -2.030463e-03
4.929944e+02 5.432395e-11 9.988531e-01 -2.028404e-03
4.934948e+02 5.411000e-11 9.989360e-01 -2.026350e-03
4.939952e+02 5.389711e-11 9.990188e-01 -2.024299e-03
4.944956e+02 5.368526e-11 9.991014e-01 -2.022253e-03
4.949960e+02 5.347445e-11 9.991839e-01 -2.020210e-03
4.954964e+02 5.326467e-11 9.992662e-01 -2.018171e-03
4.959968e+02 5.305592e-11 9.993484e-01 -2.016137e-03
4.964972e+02 5.284820e-11 9.994304e-01 -2.014106e-03
4.969976e+02 5.264149e-11 9.995122e-01 -2.012079e-03
4.974980e+02 5.243578e-11 9.995939e-01 -2.010056e-03
4.979984e+02 5.223109e-11 9.996754e-01 -2.008037e-03
4.984988e+02 5.202739e-11 9.997568e-01 -2.006022e-03
4.989992e+02 5.182468e-11 9.998380e-01 -2.004011e-03
4.994996e+02 5.162296e-11 9.999191e-01 -2.002004e-03
5.000000e+02 5.142222e-11 1.000000e+00 -2.000000e-03
