! /n/nyx3/garavito/projects/XMC-Atlas/scripts/test_halo_108/modelname_halo_0223.txt
! R    D    M    P
1000
1.000000e-01 6.343543e-05 2.296465e-17 -3.429575e-02
6.004004e-01 5.605090e-05 6.552203e-05 -3.427912e-02
1.100801e+00 4.971274e-05 3.184508e-04 -3.418142e-02
1.601201e+00 4.424760e-05 8.645322e-04 -3.403724e-02
2.101602e+00 3.951479e-05 1.769941e-03 -3.385564e-02
2.602002e+00 3.539943e-05 3.072215e-03 -3.364346e-02
3.102402e+00 3.180715e-05 4.788299e-03 -3.340631e-02
3.602803e+00 2.866003e-05 6.920487e-03 -3.314885e-02
4.103203e+00 2.589336e-05 9.460802e-03 -3.287500e-02
4.603604e+00 2.345319e-05 1.239424e-02 -3.258806e-02
5.104004e+00 2.129427e-05 1.570115e-02 -3.229083e-02
5.604404e+00 1.937853e-05 1.935901e-02 -3.198565e-02
6.104805e+00 1.767378e-05 2.334368e-02 -3.167452e-02
6.605205e+00 1.615271e-05 2.763036e-02 -3.135913e-02
7.105606e+00 1.479203e-05 3.219424e-02 -3.104092e-02
7.606006e+00 1.357185e-05 3.701100e-02 -3.072110e-02
8.106406e+00 1.247509e-05 4.205709e-02 -3.040069e-02
8.606807e+00 1.148705e-05 4.730999e-02 -3.008056e-02
9.107207e+00 1.059503e-05 5.274833e-02 -2.976146e-02
9.607608e+00 9.788048e-06 5.835196e-02 -2.944399e-02
1.010801e+01 9.056538e-06 6.410197e-02 -2.912868e-02
1.060841e+01 8.392178e-06 6.998071e-02 -2.881597e-02
1.110881e+01 7.787700e-06 7.597177e-02 -2.850621e-02
1.160921e+01 7.236734e-06 8.205992e-02 -2.819970e-02
1.210961e+01 6.733691e-06 8.823107e-02 -2.789670e-02
1.261001e+01 6.273649e-06 9.447224e-02 -2.759739e-02
1.311041e+01 5.852268e-06 1.007714e-01 -2.730195e-02
1.361081e+01 5.465711e-06 1.071177e-01 -2.701049e-02
1.411121e+01 5.110577e-06 1.135008e-01 -2.672311e-02
1.461161e+01 4.783849e-06 1.199116e-01 -2.643989e-02
1.511201e+01 4.482839e-06 1.263417e-01 -2.616087e-02
1.561241e+01 4.205156e-06 1.327832e-01 -2.588608e-02
1.611281e+01 3.948661e-06 1.392291e-01 -2.561554e-02
1.661321e+01 3.711442e-06 1.456730e-01 -2.534925e-02
1.711361e+01 3.491786e-06 1.521090e-01 -2.508719e-02
1.761401e+01 3.288154e-06 1.585319e-01 -2.482934e-02
1.811441e+01 3.099162e-06 1.649367e-01 -2.457568e-02
1.861481e+01 2.923564e-06 1.713192e-01 -2.432617e-02
1.911522e+01 2.760237e-06 1.776754e-01 -2.408077e-02
1.961562e+01 2.608166e-06 1.840017e-01 -2.383942e-02
2.011602e+01 2.466430e-06 1.902950e-01 -2.360207e-02
2.061642e+01 2.334199e-06 1.965523e-01 -2.336868e-02
2.111682e+01 2.210718e-06 2.027711e-01 -2.313917e-02
2.161722e+01 2.095299e-06 2.089491e-01 -2.291350e-02
2.211762e+01 1.987320e-06 2.150842e-01 -2.269159e-02
2.261802e+01 1.886212e-06 2.211747e-01 -2.247339e-02
2.311842e+01 1.791456e-06 2.272190e-01 -2.225882e-02
2.361882e+01 1.702580e-06 2.332156e-01 -2.204783e-02
2.411922e+01 1.619150e-06 2.391633e-01 -2.184035e-02
2.461962e+01 1.540771e-06 2.450611e-01 -2.163631e-02
2.512002e+01 1.467080e-06 2.509080e-01 -2.143565e-02
2.562042e+01 1.397745e-06 2.567033e-01 -2.123830e-02
2.612082e+01 1.332460e-06 2.624464e-01 -2.104420e-02
2.662122e+01 1.270944e-06 2.681368e-01 -2.085328e-02
2.712162e+01 1.212939e-06 2.737739e-01 -2.066548e-02
2.762202e+01 1.158207e-06 2.793575e-01 -2.048074e-02
2.812242e+01 1.106529e-06 2.848874e-01 -2.029899e-02
2.862282e+01 1.057703e-06 2.903634e-01 -2.012018e-02
2.912322e+01 1.011541e-06 2.957854e-01 -1.994424e-02
2.962362e+01 9.678720e-07 3.011534e-01 -1.977111e-02
3.012402e+01 9.265349e-07 3.064674e-01 -1.960075e-02
3.062442e+01 8.873821e-07 3.117276e-01 -1.943308e-02
3.112482e+01 8.502766e-07 3.169340e-01 -1.926805e-02
3.162523e+01 8.150911e-07 3.220870e-01 -1.910562e-02
3.212563e+01 7.817076e-07 3.271867e-01 -1.894572e-02
3.262603e+01 7.500165e-07 3.322334e-01 -1.878830e-02
3.312643e+01 7.199158e-07 3.372274e-01 -1.863332e-02
3.362683e+01 6.913107e-07 3.421690e-01 -1.848071e-02
3.412723e+01 6.641127e-07 3.470587e-01 -1.833044e-02
3.462763e+01 6.382398e-07 3.518967e-01 -1.818245e-02
3.512803e+01 6.136150e-07 3.566836e-01 -1.803670e-02
3.562843e+01 5.901668e-07 3.614197e-01 -1.789314e-02
3.612883e+01 5.678284e-07 3.661054e-01 -1.775172e-02
3.662923e+01 5.465373e-07 3.707413e-01 -1.761240e-02
3.712963e+01 5.262352e-07 3.753278e-01 -1.747515e-02
3.763003e+01 5.068673e-07 3.798654e-01 -1.733991e-02
3.813043e+01 4.883826e-07 3.843546e-01 -1.720664e-02
3.863083e+01 4.707332e-07 3.887959e-01 -1.707532e-02
3.913123e+01 4.538741e-07 3.931897e-01 -1.694588e-02
3.963163e+01 4.377633e-07 3.975367e-01 -1.681831e-02
4.013203e+01 4.223612e-07 4.018373e-01 -1.669256e-02
4.063243e+01 4.076307e-07 4.060921e-01 -1.656859e-02
4.113283e+01 3.935371e-07 4.103015e-01 -1.644637e-02
4.163323e+01 3.800474e-07 4.144661e-01 -1.632587e-02
4.213363e+01 3.671310e-07 4.185864e-01 -1.620704e-02
4.263403e+01 3.547589e-07 4.226630e-01 -1.608987e-02
4.313443e+01 3.429036e-07 4.266963e-01 -1.597431e-02
4.363483e+01 3.315396e-07 4.306870e-01 -1.586033e-02
4.413524e+01 3.206426e-07 4.346355e-01 -1.574791e-02
4.463564e+01 3.101898e-07 4.385423e-01 -1.563701e-02
4.513604e+01 3.001596e-07 4.424080e-01 -1.552760e-02
4.563644e+01 2.905316e-07 4.462331e-01 -1.541966e-02
4.613684e+01 2.812866e-07 4.500181e-01 -1.531315e-02
4.663724e+01 2.724066e-07 4.537635e-01 -1.520806e-02
4.713764e+01 2.638743e-07 4.574698e-01 -1.510435e-02
4.763804e+01 2.556736e-07 4.611375e-01 -1.500199e-02
4.813844e+01 2.477890e-07 4.647672e-01 -1.490097e-02
4.863884e+01 2.402061e-07 4.683592e-01 -1.480126e-02
4.913924e+01 2.329111e-07 4.719142e-01 -1.470282e-02
4.963964e+01 2.258911e-07 4.754325e-01 -1.460565e-02
5.014004e+01 2.191336e-07 4.789146e-01 -1.450971e-02
5.064044e+01 2.126269e-07 4.823611e-01 -1.441499e-02
5.114084e+01 2.063600e-07 4.857725e-01 -1.432145e-02
5.164124e+01 2.003224e-07 4.891490e-01 -1.422909e-02
5.214164e+01 1.945040e-07 4.924913e-01 -1.413788e-02
5.264204e+01 1.888953e-07 4.957998e-01 -1.404779e-02
5.314244e+01 1.834874e-07 4.990748e-01 -1.395881e-02
5.364284e+01 1.782717e-07 5.023170e-01 -1.387092e-02
5.414324e+01 1.732401e-07 5.055266e-01 -1.378410e-02
5.464364e+01 1.683847e-07 5.087041e-01 -1.369832e-02
5.514404e+01 1.636983e-07 5.118500e-01 -1.361358e-02
5.564444e+01 1.591738e-07 5.149647e-01 -1.352986e-02
5.614484e+01 1.548046e-07 5.180485e-01 -1.344712e-02
5.664525e+01 1.505843e-07 5.211020e-01 -1.336537e-02
5.714565e+01 1.465069e-07 5.241254e-01 -1.328458e-02
5.764605e+01 1.425666e-07 5.271192e-01 -1.320474e-02
5.814645e+01 1.387579e-07 5.300838e-01 -1.312582e-02
5.864685e+01 1.350755e-07 5.330195e-01 -1.304782e-02
5.914725e+01 1.315146e-07 5.359268e-01 -1.297072e-02
5.964765e+01 1.280702e-07 5.388060e-01 -1.289450e-02
6.014805e+01 1.247378e-07 5.416575e-01 -1.281915e-02
6.064845e+01 1.215132e-07 5.444816e-01 -1.274465e-02
6.114885e+01 1.183921e-07 5.472787e-01 -1.267100e-02
6.164925e+01 1.153706e-07 5.500492e-01 -1.259816e-02
6.214965e+01 1.124449e-07 5.527934e-01 -1.252615e-02
6.265005e+01 1.096113e-07 5.555117e-01 -1.245493e-02
6.315045e+01 1.068665e-07 5.582043e-01 -1.238450e-02
6.365085e+01 1.042070e-07 5.608717e-01 -1.231484e-02
6.415125e+01 1.016298e-07 5.635141e-01 -1.224594e-02
6.465165e+01 9.913178e-08 5.661319e-01 -1.217779e-02
6.515205e+01 9.671004e-08 5.687254e-01 -1.211038e-02
6.565245e+01 9.436182e-08 5.712949e-01 -1.204370e-02
6.615285e+01 9.208446e-08 5.738407e-01 -1.197773e-02
6.665325e+01 8.987539e-08 5.763631e-01 -1.191246e-02
6.715365e+01 8.773218e-08 5.788624e-01 -1.184789e-02
6.765405e+01 8.565248e-08 5.813389e-01 -1.178399e-02
6.815445e+01 8.363405e-08 5.837930e-01 -1.172077e-02
6.865485e+01 8.167473e-08 5.862248e-01 -1.165821e-02
6.915526e+01 7.977247e-08 5.886347e-01 -1.159629e-02
6.965566e+01 7.792527e-08 5.910229e-01 -1.153502e-02
7.015606e+01 7.613124e-08 5.933898e-01 -1.147438e-02
7.065646e+01 7.438855e-08 5.957356e-01 -1.141436e-02
7.115686e+01 7.269544e-08 5.980605e-01 -1.135495e-02
7.165726e+01 7.105024e-08 6.003648e-01 -1.129614e-02
7.215766e+01 6.945132e-08 6.026488e-01 -1.123793e-02
7.265806e+01 6.789713e-08 6.049128e-01 -1.118030e-02
7.315846e+01 6.638618e-08 6.071569e-01 -1.112325e-02
7.365886e+01 6.491703e-08 6.093814e-01 -1.106676e-02
7.415926e+01 6.348830e-08 6.115866e-01 -1.101084e-02
7.465966e+01 6.209867e-08 6.137727e-01 -1.095547e-02
7.516006e+01 6.074686e-08 6.159400e-01 -1.090064e-02
7.566046e+01 5.943163e-08 6.180886e-01 -1.084634e-02
7.616086e+01 5.815181e-08 6.202188e-01 -1.079257e-02
7.666126e+01 5.690626e-08 6.223308e-01 -1.073933e-02
7.716166e+01 5.569388e-08 6.244249e-01 -1.068659e-02
7.766206e+01 5.451362e-08 6.265012e-01 -1.063436e-02
7.816246e+01 5.336447e-08 6.285600e-01 -1.058263e-02
7.866286e+01 5.224544e-08 6.306015e-01 -1.053139e-02
7.916326e+01 5.115559e-08 6.326259e-01 -1.048064e-02
7.966366e+01 5.009402e-08 6.346334e-01 -1.043036e-02
8.016406e+01 4.905984e-08 6.366242e-01 -1.038055e-02
8.066446e+01 4.805221e-08 6.385985e-01 -1.033121e-02
8.116486e+01 4.707033e-08 6.405565e-01 -1.028233e-02
8.166527e+01 4.611340e-08 6.424984e-01 -1.023390e-02
8.216567e+01 4.518067e-08 6.444244e-01 -1.018591e-02
8.266607e+01 4.427140e-08 6.463346e-01 -1.013836e-02
8.316647e+01 4.338489e-08 6.482293e-01 -1.009125e-02
8.366687e+01 4.252047e-08 6.501086e-01 -1.004457e-02
8.416727e+01 4.167747e-08 6.519728e-01 -9.998304e-03
8.466767e+01 4.085526e-08 6.538219e-01 -9.952457e-03
8.516807e+01 4.005322e-08 6.556562e-01 -9.907022e-03
8.566847e+01 3.927078e-08 6.574758e-01 -9.861992e-03
8.616887e+01 3.850735e-08 6.592809e-01 -9.817362e-03
8.666927e+01 3.776238e-08 6.610717e-01 -9.773128e-03
8.716967e+01 3.703534e-08 6.628484e-01 -9.729282e-03
8.767007e+01 3.632572e-08 6.646110e-01 -9.685822e-03
8.817047e+01 3.563301e-08 6.663598e-01 -9.642741e-03
8.867087e+01 3.495674e-08 6.680949e-01 -9.600035e-03
8.917127e+01 3.429644e-08 6.698165e-01 -9.557699e-03
8.967167e+01 3.365166e-08 6.715247e-01 -9.515728e-03
9.017207e+01 3.302195e-08 6.732197e-01 -9.474118e-03
9.067247e+01 3.240692e-08 6.749016e-01 -9.432863e-03
9.117287e+01 3.180613e-08 6.765705e-01 -9.391960e-03
9.167327e+01 3.121920e-08 6.782267e-01 -9.351404e-03
9.217367e+01 3.064575e-08 6.798702e-01 -9.311191e-03
9.267407e+01 3.008541e-08 6.815012e-01 -9.271315e-03
9.317447e+01 2.953782e-08 6.831199e-01 -9.231775e-03
9.367487e+01 2.900263e-08 6.847263e-01 -9.192564e-03
9.417528e+01 2.847951e-08 6.863206e-01 -9.153679e-03
9.467568e+01 2.796813e-08 6.879030e-01 -9.115116e-03
9.517608e+01 2.746818e-08 6.894735e-01 -9.076871e-03
9.567648e+01 2.697935e-08 6.910323e-01 -9.038939e-03
9.617688e+01 2.650135e-08 6.925796e-01 -9.001319e-03
9.667728e+01 2.603388e-08 6.941153e-01 -8.964004e-03
9.717768e+01 2.557668e-08 6.956398e-01 -8.926993e-03
9.767808e+01 2.512948e-08 6.971530e-01 -8.890281e-03
9.817848e+01 2.469200e-08 6.986552e-01 -8.853864e-03
9.867888e+01 2.426401e-08 7.001464e-01 -8.817739e-03
9.917928e+01 2.384525e-08 7.016267e-01 -8.781903e-03
9.967968e+01 2.343548e-08 7.030963e-01 -8.746352e-03
1.001801e+02 2.303448e-08 7.045552e-01 -8.711082e-03
1.006805e+02 2.264202e-08 7.060037e-01 -8.676092e-03
1.011809e+02 2.225788e-08 7.074417e-01 -8.641376e-03
1.016813e+02 2.188186e-08 7.088695e-01 -8.606932e-03
1.021817e+02 2.151374e-08 7.102871e-01 -8.572758e-03
1.026821e+02 2.115334e-08 7.116945e-01 -8.538849e-03
1.031825e+02 2.080045e-08 7.130921e-01 -8.505202e-03
1.036829e+02 2.045488e-08 7.144797e-01 -8.471816e-03
1.041833e+02 2.011647e-08 7.158576e-01 -8.438685e-03
1.046837e+02 1.978502e-08 7.172258e-01 -8.405809e-03
1.051841e+02 1.946038e-08 7.185844e-01 -8.373184e-03
1.056845e+02 1.914236e-08 7.199336e-01 -8.340806e-03
1.061849e+02 1.883082e-08 7.212734e-01 -8.308674e-03
1.066853e+02 1.852559e-08 7.226039e-01 -8.276784e-03
1.071857e+02 1.822652e-08 7.239252e-01 -8.245134e-03
1.076861e+02 1.793346e-08 7.252374e-01 -8.213721e-03
1.081865e+02 1.764626e-08 7.265407e-01 -8.182542e-03
1.086869e+02 1.736479e-08 7.278350e-01 -8.151596e-03
1.091873e+02 1.708892e-08 7.291205e-01 -8.120878e-03
1.096877e+02 1.681850e-08 7.303973e-01 -8.090387e-03
1.101881e+02 1.655340e-08 7.316654e-01 -8.060121e-03
1.106885e+02 1.629352e-08 7.329249e-01 -8.030076e-03
1.111889e+02 1.603871e-08 7.341760e-01 -8.000251e-03
1.116893e+02 1.578886e-08 7.354187e-01 -7.970642e-03
1.121897e+02 1.554386e-08 7.366531e-01 -7.941249e-03
1.126901e+02 1.530360e-08 7.378792e-01 -7.912068e-03
1.131905e+02 1.506795e-08 7.390972e-01 -7.883096e-03
1.136909e+02 1.483683e-08 7.403072e-01 -7.854333e-03
1.141913e+02 1.461012e-08 7.415091e-01 -7.825775e-03
1.146917e+02 1.438773e-08 7.427032e-01 -7.797421e-03
1.151921e+02 1.416955e-08 7.438894e-01 -7.769268e-03
1.156925e+02 1.395549e-08 7.450678e-01 -7.741314e-03
1.161929e+02 1.374546e-08 7.462386e-01 -7.713557e-03
1.166933e+02 1.353937e-08 7.474017e-01 -7.685995e-03
1.171937e+02 1.333712e-08 7.485573e-01 -7.658626e-03
1.176941e+02 1.313864e-08 7.497055e-01 -7.631448e-03
1.181945e+02 1.294383e-08 7.508462e-01 -7.604459e-03
1.186949e+02 1.275262e-08 7.519796e-01 -7.577657e-03
1.191953e+02 1.256493e-08 7.531058e-01 -7.551040e-03
1.196957e+02 1.238068e-08 7.542248e-01 -7.524606e-03
1.201961e+02 1.219980e-08 7.553366e-01 -7.498354e-03
1.206965e+02 1.202221e-08 7.564414e-01 -7.472281e-03
1.211969e+02 1.184783e-08 7.575392e-01 -7.446385e-03
1.216973e+02 1.167661e-08 7.586301e-01 -7.420666e-03
1.221977e+02 1.150847e-08 7.597141e-01 -7.395120e-03
1.226981e+02 1.134335e-08 7.607914e-01 -7.369747e-03
1.231985e+02 1.118117e-08 7.618619e-01 -7.344544e-03
1.236989e+02 1.102189e-08 7.629257e-01 -7.319510e-03
1.241993e+02 1.086543e-08 7.639829e-01 -7.294644e-03
1.246997e+02 1.071174e-08 7.650336e-01 -7.269943e-03
1.252001e+02 1.056075e-08 7.660778e-01 -7.245405e-03
1.257005e+02 1.041242e-08 7.671155e-01 -7.221030e-03
1.262009e+02 1.026668e-08 7.681469e-01 -7.196816e-03
1.267013e+02 1.012348e-08 7.691720e-01 -7.172761e-03
1.272017e+02 9.982774e-09 7.701908e-01 -7.148863e-03
1.277021e+02 9.844501e-09 7.712034e-01 -7.125122e-03
1.282025e+02 9.708615e-09 7.722099e-01 -7.101534e-03
1.287029e+02 9.575064e-09 7.732103e-01 -7.078100e-03
1.292033e+02 9.443803e-09 7.742046e-01 -7.054818e-03
1.297037e+02 9.314783e-09 7.751930e-01 -7.031685e-03
1.302041e+02 9.187959e-09 7.761754e-01 -7.008701e-03
1.307045e+02 9.063286e-09 7.771519e-01 -6.985864e-03
1.312049e+02 8.940721e-09 7.781227e-01 -6.963173e-03
1.317053e+02 8.820220e-09 7.790876e-01 -6.940626e-03
1.322057e+02 8.701743e-09 7.800469e-01 -6.918223e-03
1.327061e+02 8.585249e-09 7.810004e-01 -6.895961e-03
1.332065e+02 8.470698e-09 7.819484e-01 -6.873839e-03
1.337069e+02 8.358051e-09 7.828908e-01 -6.851856e-03
1.342073e+02 8.247270e-09 7.838276e-01 -6.830012e-03
1.347077e+02 8.138319e-09 7.847590e-01 -6.808303e-03
1.352081e+02 8.031161e-09 7.856849e-01 -6.786730e-03
1.357085e+02 7.925761e-09 7.866054e-01 -6.765291e-03
1.362089e+02 7.822085e-09 7.875207e-01 -6.743984e-03
1.367093e+02 7.720098e-09 7.884306e-01 -6.722809e-03
1.372097e+02 7.619769e-09 7.893353e-01 -6.701764e-03
1.377101e+02 7.521063e-09 7.902347e-01 -6.680848e-03
1.382105e+02 7.423951e-09 7.911291e-01 -6.660060e-03
1.387109e+02 7.328402e-09 7.920183e-01 -6.639399e-03
1.392113e+02 7.234384e-09 7.929024e-01 -6.618863e-03
1.397117e+02 7.141870e-09 7.937815e-01 -6.598451e-03
1.402121e+02 7.050830e-09 7.946556e-01 -6.578163e-03
1.407125e+02 6.961236e-09 7.955248e-01 -6.557998e-03
1.412129e+02 6.873061e-09 7.963891e-01 -6.537953e-03
1.417133e+02 6.786277e-09 7.972485e-01 -6.518028e-03
1.422137e+02 6.700859e-09 7.981031e-01 -6.498222e-03
1.427141e+02 6.616780e-09 7.989529e-01 -6.478534e-03
1.432145e+02 6.534017e-09 7.997980e-01 -6.458963e-03
1.437149e+02 6.452543e-09 8.006384e-01 -6.439508e-03
1.442153e+02 6.372335e-09 8.014741e-01 -6.420167e-03
1.447157e+02 6.293370e-09 8.023052e-01 -6.400941e-03
1.452161e+02 6.215624e-09 8.031317e-01 -6.381827e-03
1.457165e+02 6.139075e-09 8.039537e-01 -6.362824e-03
1.462169e+02 6.063701e-09 8.047711e-01 -6.343933e-03
1.467173e+02 5.989480e-09 8.055841e-01 -6.325152e-03
1.472177e+02 5.916391e-09 8.063926e-01 -6.306479e-03
1.477181e+02 5.844414e-09 8.071967e-01 -6.287914e-03
1.482185e+02 5.773528e-09 8.079965e-01 -6.269457e-03
1.487189e+02 5.703714e-09 8.087919e-01 -6.251105e-03
1.492193e+02 5.634951e-09 8.095830e-01 -6.232859e-03
1.497197e+02 5.567222e-09 8.103699e-01 -6.214717e-03
1.502201e+02 5.500508e-09 8.111525e-01 -6.196678e-03
1.507205e+02 5.434789e-09 8.119309e-01 -6.178742e-03
1.512209e+02 5.370050e-09 8.127052e-01 -6.160907e-03
1.517213e+02 5.306271e-09 8.134753e-01 -6.143174e-03
1.522217e+02 5.243437e-09 8.142414e-01 -6.125540e-03
1.527221e+02 5.181530e-09 8.150034e-01 -6.108005e-03
1.532225e+02 5.120534e-09 8.157613e-01 -6.090569e-03
1.537229e+02 5.060433e-09 8.165153e-01 -6.073230e-03
1.542233e+02 5.001211e-09 8.172653e-01 -6.055988e-03
1.547237e+02 4.942853e-09 8.180113e-01 -6.038842e-03
1.552241e+02 4.885344e-09 8.187534e-01 -6.021790e-03
1.557245e+02 4.828668e-09 8.194917e-01 -6.004833e-03
1.562249e+02 4.772813e-09 8.202261e-01 -5.987970e-03
1.567253e+02 4.717762e-09 8.209567e-01 -5.971199e-03
1.572257e+02 4.663503e-09 8.216835e-01 -5.954520e-03
1.577261e+02 4.610022e-09 8.224065e-01 -5.937932e-03
1.582265e+02 4.557305e-09 8.231258e-01 -5.921435e-03
1.587269e+02 4.505340e-09 8.238414e-01 -5.905027e-03
1.592273e+02 4.454113e-09 8.245534e-01 -5.888709e-03
1.597277e+02 4.403613e-09 8.252617e-01 -5.872479e-03
1.602281e+02 4.353826e-09 8.259664e-01 -5.856336e-03
1.607285e+02 4.304740e-09 8.266674e-01 -5.840280e-03
1.612289e+02 4.256345e-09 8.273650e-01 -5.824310e-03
1.617293e+02 4.208628e-09 8.280589e-01 -5.808426e-03
1.622297e+02 4.161577e-09 8.287494e-01 -5.792627e-03
1.627301e+02 4.115182e-09 8.294364e-01 -5.776911e-03
1.632305e+02 4.069432e-09 8.301199e-01 -5.761280e-03
1.637309e+02 4.024316e-09 8.308000e-01 -5.745730e-03
1.642313e+02 3.979824e-09 8.314767e-01 -5.730264e-03
1.647317e+02 3.935945e-09 8.321500e-01 -5.714878e-03
1.652321e+02 3.892669e-09 8.328200e-01 -5.699573e-03
1.657325e+02 3.849986e-09 8.334866e-01 -5.684349e-03
1.662329e+02 3.807886e-09 8.341500e-01 -5.669204e-03
1.667333e+02 3.766360e-09 8.348100e-01 -5.654138e-03
1.672337e+02 3.725399e-09 8.354668e-01 -5.639151e-03
1.677341e+02 3.684994e-09 8.361203e-01 -5.624241e-03
1.682345e+02 3.645134e-09 8.367707e-01 -5.609408e-03
1.687349e+02 3.605812e-09 8.374178e-01 -5.594652e-03
1.692353e+02 3.567019e-09 8.380618e-01 -5.579972e-03
1.697357e+02 3.528746e-09 8.387027e-01 -5.565367e-03
1.702361e+02 3.490985e-09 8.393404e-01 -5.550837e-03
1.707365e+02 3.453728e-09 8.399750e-01 -5.536381e-03
1.712369e+02 3.416967e-09 8.406066e-01 -5.521999e-03
1.717373e+02 3.380693e-09 8.412351e-01 -5.507690e-03
1.722377e+02 3.344900e-09 8.418606e-01 -5.493454e-03
1.727381e+02 3.309579e-09 8.424831e-01 -5.479289e-03
1.732385e+02 3.274723e-09 8.431026e-01 -5.465196e-03
1.737389e+02 3.240325e-09 8.437191e-01 -5.451174e-03
1.742393e+02 3.206377e-09 8.443327e-01 -5.437222e-03
1.747397e+02 3.172872e-09 8.449433e-01 -5.423340e-03
1.752401e+02 3.139804e-09 8.455511e-01 -5.409527e-03
1.757405e+02 3.107166e-09 8.461560e-01 -5.395784e-03
1.762409e+02 3.074951e-09 8.467580e-01 -5.382108e-03
1.767413e+02 3.043152e-09 8.473572e-01 -5.368500e-03
1.772417e+02 3.011763e-09 8.479535e-01 -5.354960e-03
1.777421e+02 2.980778e-09 8.485471e-01 -5.341486e-03
1.782425e+02 2.950191e-09 8.491379e-01 -5.328079e-03
1.787429e+02 2.919994e-09 8.497259e-01 -5.314737e-03
1.792433e+02 2.890183e-09 8.503111e-01 -5.301461e-03
1.797437e+02 2.860752e-09 8.508937e-01 -5.288250e-03
1.802441e+02 2.831694e-09 8.514735e-01 -5.275103e-03
1.807445e+02 2.803004e-09 8.520507e-01 -5.262020e-03
1.812449e+02 2.774677e-09 8.526251e-01 -5.249000e-03
1.817453e+02 2.746707e-09 8.531970e-01 -5.236043e-03
1.822457e+02 2.719088e-09 8.537662e-01 -5.223149e-03
1.827461e+02 2.691815e-09 8.543328e-01 -5.210317e-03
1.832465e+02 2.664884e-09 8.548968e-01 -5.197547e-03
1.837469e+02 2.638288e-09 8.554582e-01 -5.184838e-03
1.842473e+02 2.612024e-09 8.560170e-01 -5.172189e-03
1.847477e+02 2.586085e-09 8.565734e-01 -5.159601e-03
1.852481e+02 2.560468e-09 8.571271e-01 -5.147073e-03
1.857485e+02 2.535167e-09 8.576784e-01 -5.134604e-03
1.862489e+02 2.510178e-09 8.582272e-01 -5.122194e-03
1.867493e+02 2.485496e-09 8.587735e-01 -5.109843e-03
1.872497e+02 2.461117e-09 8.593174e-01 -5.097550e-03
1.877502e+02 2.437036e-09 8.598588e-01 -5.085315e-03
1.882506e+02 2.413248e-09 8.603978e-01 -5.073138e-03
1.887510e+02 2.389750e-09 8.609343e-01 -5.061017e-03
1.892514e+02 2.366538e-09 8.614685e-01 -5.048953e-03
1.897518e+02 2.343607e-09 8.620003e-01 -5.036945e-03
1.902522e+02 2.320952e-09 8.625298e-01 -5.024993e-03
1.907526e+02 2.298571e-09 8.630569e-01 -5.013096e-03
1.912530e+02 2.276459e-09 8.635816e-01 -5.001255e-03
1.917534e+02 2.254612e-09 8.641041e-01 -4.989468e-03
1.922538e+02 2.233027e-09 8.646242e-01 -4.977735e-03
1.927542e+02 2.211699e-09 8.651421e-01 -4.966056e-03
1.932546e+02 2.190626e-09 8.656577e-01 -4.954431e-03
1.937550e+02 2.169803e-09 8.661710e-01 -4.942859e-03
1.942554e+02 2.149226e-09 8.666821e-01 -4.931340e-03
1.947558e+02 2.128893e-09 8.671910e-01 -4.919873e-03
1.952562e+02 2.108800e-09 8.676977e-01 -4.908458e-03
1.957566e+02 2.088943e-09 8.682021e-01 -4.897095e-03
1.962570e+02 2.069320e-09 8.687044e-01 -4.885784e-03
1.967574e+02 2.049926e-09 8.692045e-01 -4.874523e-03
1.972578e+02 2.030759e-09 8.697025e-01 -4.863313e-03
1.977582e+02 2.011816e-09 8.701983e-01 -4.852154e-03
1.982586e+02 1.993093e-09 8.706920e-01 -4.841044e-03
1.987590e+02 1.974587e-09 8.711836e-01 -4.829985e-03
1.992594e+02 1.956296e-09 8.716730e-01 -4.818974e-03
1.997598e+02 1.938216e-09 8.721604e-01 -4.808013e-03
2.002602e+02 1.920344e-09 8.726457e-01 -4.797100e-03
2.007606e+02 1.902678e-09 8.731290e-01 -4.786236e-03
2.012610e+02 1.885214e-09 8.736102e-01 -4.775419e-03
2.017614e+02 1.867951e-09 8.740894e-01 -4.764651e-03
2.022618e+02 1.850884e-09 8.745665e-01 -4.753930e-03
2.027622e+02 1.834012e-09 8.750417e-01 -4.743256e-03
2.032626e+02 1.817332e-09 8.755148e-01 -4.732629e-03
2.037630e+02 1.800841e-09 8.759860e-01 -4.722048e-03
2.042634e+02 1.784537e-09 8.764551e-01 -4.711513e-03
2.047638e+02 1.768417e-09 8.769224e-01 -4.701025e-03
2.052642e+02 1.752478e-09 8.773876e-01 -4.690582e-03
2.057646e+02 1.736719e-09 8.778510e-01 -4.680184e-03
2.062650e+02 1.721136e-09 8.783124e-01 -4.669831e-03
2.067654e+02 1.705728e-09 8.787719e-01 -4.659523e-03
2.072658e+02 1.690491e-09 8.792295e-01 -4.649259e-03
2.077662e+02 1.675425e-09 8.796852e-01 -4.639040e-03
2.082666e+02 1.660526e-09 8.801391e-01 -4.628864e-03
2.087670e+02 1.645792e-09 8.805911e-01 -4.618732e-03
2.092674e+02 1.631221e-09 8.810412e-01 -4.608643e-03
2.097678e+02 1.616811e-09 8.814895e-01 -4.598597e-03
2.102682e+02 1.602560e-09 8.819359e-01 -4.588594e-03
2.107686e+02 1.588466e-09 8.823806e-01 -4.578634e-03
2.112690e+02 1.574526e-09 8.828234e-01 -4.568715e-03
2.117694e+02 1.560739e-09 8.832644e-01 -4.558839e-03
2.122698e+02 1.547102e-09 8.837037e-01 -4.549004e-03
2.127702e+02 1.533614e-09 8.841411e-01 -4.539211e-03
2.132706e+02 1.520273e-09 8.845768e-01 -4.529458e-03
2.137710e+02 1.507077e-09 8.850108e-01 -4.519747e-03
2.142714e+02 1.494023e-09 8.854430e-01 -4.510076e-03
2.147718e+02 1.481110e-09 8.858735e-01 -4.500446e-03
2.152722e+02 1.468337e-09 8.863022e-01 -4.490856e-03
2.157726e+02 1.455701e-09 8.867292e-01 -4.481305e-03
2.162730e+02 1.443200e-09 8.871546e-01 -4.471795e-03
2.167734e+02 1.430834e-09 8.875782e-01 -4.462323e-03
2.172738e+02 1.418599e-09 8.880002e-01 -4.452891e-03
2.177742e+02 1.406496e-09 8.884204e-01 -4.443498e-03
2.182746e+02 1.394521e-09 8.888391e-01 -4.434143e-03
2.187750e+02 1.382673e-09 8.892560e-01 -4.424827e-03
2.192754e+02 1.370950e-09 8.896714e-01 -4.415549e-03
2.197758e+02 1.359352e-09 8.900850e-01 -4.406309e-03
2.202762e+02 1.347876e-09 8.904971e-01 -4.397106e-03
2.207766e+02 1.336521e-09 8.909076e-01 -4.387941e-03
2.212770e+02 1.325285e-09 8.913164e-01 -4.378813e-03
2.217774e+02 1.314167e-09 8.917237e-01 -4.369723e-03
2.222778e+02 1.303166e-09 8.921293e-01 -4.360669e-03
2.227782e+02 1.292279e-09 8.925334e-01 -4.351652e-03
2.232786e+02 1.281506e-09 8.929359e-01 -4.342671e-03
2.237790e+02 1.270845e-09 8.933369e-01 -4.333726e-03
2.242794e+02 1.260294e-09 8.937363e-01 -4.324817e-03
2.247798e+02 1.249853e-09 8.941342e-01 -4.315944e-03
2.252802e+02 1.239519e-09 8.945305e-01 -4.307106e-03
2.257806e+02 1.229293e-09 8.949253e-01 -4.298304e-03
2.262810e+02 1.219171e-09 8.953186e-01 -4.289537e-03
2.267814e+02 1.209153e-09 8.957104e-01 -4.280804e-03
2.272818e+02 1.199238e-09 8.961007e-01 -4.272107e-03
2.277822e+02 1.189425e-09 8.964895e-01 -4.263443e-03
2.282826e+02 1.179712e-09 8.968768e-01 -4.254814e-03
2.287830e+02 1.170097e-09 8.972627e-01 -4.246219e-03
2.292834e+02 1.160581e-09 8.976471e-01 -4.237658e-03
2.297838e+02 1.151160e-09 8.980300e-01 -4.229130e-03
2.302842e+02 1.141836e-09 8.984115e-01 -4.220636e-03
2.307846e+02 1.132605e-09 8.987916e-01 -4.212175e-03
2.312850e+02 1.123468e-09 8.991702e-01 -4.203748e-03
2.317854e+02 1.114422e-09 8.995474e-01 -4.195353e-03
2.322858e+02 1.105468e-09 8.999232e-01 -4.186990e-03
2.327862e+02 1.096603e-09 9.002975e-01 -4.178661e-03
2.332866e+02 1.087827e-09 9.006705e-01 -4.170363e-03
2.337870e+02 1.079138e-09 9.010421e-01 -4.162098e-03
2.342874e+02 1.070537e-09 9.014123e-01 -4.153864e-03
2.347878e+02 1.062020e-09 9.017811e-01 -4.145663e-03
2.352882e+02 1.053588e-09 9.021486e-01 -4.137492e-03
2.357886e+02 1.045240e-09 9.025147e-01 -4.129354e-03
2.362890e+02 1.036974e-09 9.028794e-01 -4.121246e-03
2.367894e+02 1.028790e-09 9.032428e-01 -4.113169e-03
2.372898e+02 1.020686e-09 9.036049e-01 -4.105124e-03
2.377902e+02 1.012662e-09 9.039656e-01 -4.097108e-03
2.382906e+02 1.004717e-09 9.043250e-01 -4.089124e-03
2.387910e+02 9.968490e-10 9.046831e-01 -4.081169e-03
2.392914e+02 9.890583e-10 9.050399e-01 -4.073245e-03
2.397918e+02 9.813435e-10 9.053953e-01 -4.065351e-03
2.402922e+02 9.737038e-10 9.057495e-01 -4.057487e-03
2.407926e+02 9.661383e-10 9.061024e-01 -4.049652e-03
2.412930e+02 9.586462e-10 9.064540e-01 -4.041846e-03
2.417934e+02 9.512265e-10 9.068044e-01 -4.034070e-03
2.422938e+02 9.438785e-10 9.071534e-01 -4.026324e-03
2.427942e+02 9.366013e-10 9.075013e-01 -4.018606e-03
2.432946e+02 9.293941e-10 9.078478e-01 -4.010916e-03
2.437950e+02 9.222560e-10 9.081931e-01 -4.003256e-03
2.442954e+02 9.151864e-10 9.085372e-01 -3.995624e-03
2.447958e+02 9.081844e-10 9.088800e-01 -3.988020e-03
2.452962e+02 9.012492e-10 9.092216e-01 -3.980445e-03
2.457966e+02 8.943801e-10 9.095620e-01 -3.972897e-03
2.462970e+02 8.875763e-10 9.099012e-01 -3.965378e-03
2.467974e+02 8.808371e-10 9.102392e-01 -3.957886e-03
2.472978e+02 8.741618e-10 9.105760e-01 -3.950421e-03
2.477982e+02 8.675495e-10 9.109115e-01 -3.942984e-03
2.482986e+02 8.609997e-10 9.112459e-01 -3.935575e-03
2.487990e+02 8.545115e-10 9.115791e-01 -3.928192e-03
2.492994e+02 8.480844e-10 9.119111e-01 -3.920836e-03
2.497998e+02 8.417176e-10 9.122420e-01 -3.913508e-03
2.503002e+02 8.354104e-10 9.125717e-01 -3.906205e-03
2.508006e+02 8.291621e-10 9.129002e-01 -3.898930e-03
2.513010e+02 8.229722e-10 9.132276e-01 -3.891680e-03
2.518014e+02 8.168400e-10 9.135539e-01 -3.884457e-03
2.523018e+02 8.107647e-10 9.138790e-01 -3.877260e-03
2.528022e+02 8.047458e-10 9.142030e-01 -3.870089e-03
2.533026e+02 7.987827e-10 9.145258e-01 -3.862944e-03
2.538030e+02 7.928747e-10 9.148475e-01 -3.855825e-03
2.543034e+02 7.870212e-10 9.151681e-01 -3.848731e-03
2.548038e+02 7.812217e-10 9.154876e-01 -3.841662e-03
2.553042e+02 7.754754e-10 9.158060e-01 -3.834618e-03
2.558046e+02 7.697819e-10 9.161233e-01 -3.827600e-03
2.563050e+02 7.641406e-10 9.164395e-01 -3.820607e-03
2.568054e+02 7.585508e-10 9.167546e-01 -3.813638e-03
2.573058e+02 7.530121e-10 9.170687e-01 -3.806695e-03
2.578062e+02 7.475238e-10 9.173816e-01 -3.799776e-03
2.583066e+02 7.420855e-10 9.176935e-01 -3.792881e-03
2.588070e+02 7.366965e-10 9.180043e-01 -3.786011e-03
2.593074e+02 7.313563e-10 9.183141e-01 -3.779165e-03
2.598078e+02 7.260644e-10 9.186228e-01 -3.772342e-03
2.603082e+02 7.208203e-10 9.189304e-01 -3.765544e-03
2.608086e+02 7.156235e-10 9.192371e-01 -3.758770e-03
2.613090e+02 7.104734e-10 9.195426e-01 -3.752020e-03
2.618094e+02 7.053696e-10 9.198472e-01 -3.745293e-03
2.623098e+02 7.003115e-10 9.201507e-01 -3.738589e-03
2.628102e+02 6.952987e-10 9.204532e-01 -3.731909e-03
2.633106e+02 6.903306e-10 9.207547e-01 -3.725252e-03
2.638110e+02 6.854069e-10 9.210551e-01 -3.718618e-03
2.643114e+02 6.805269e-10 9.213546e-01 -3.712007e-03
2.648118e+02 6.756904e-10 9.216530e-01 -3.705419e-03
2.653122e+02 6.708967e-10 9.219505e-01 -3.698853e-03
2.658126e+02 6.661454e-10 9.222470e-01 -3.692311e-03
2.663130e+02 6.614361e-10 9.225424e-01 -3.685790e-03
2.668134e+02 6.567684e-10 9.228369e-01 -3.679292e-03
2.673138e+02 6.521418e-10 9.231305e-01 -3.672817e-03
2.678142e+02 6.475558e-10 9.234230e-01 -3.666363e-03
2.683146e+02 6.430101e-10 9.237146e-01 -3.659932e-03
2.688150e+02 6.385042e-10 9.240052e-01 -3.653522e-03
2.693154e+02 6.340377e-10 9.242949e-01 -3.647135e-03
2.698158e+02 6.296102e-10 9.245836e-01 -3.640768e-03
2.703162e+02 6.252213e-10 9.248713e-01 -3.634424e-03
2.708166e+02 6.208705e-10 9.251581e-01 -3.628101e-03
2.713170e+02 6.165575e-10 9.254440e-01 -3.621800e-03
2.718174e+02 6.122820e-10 9.257289e-01 -3.615519e-03
2.723178e+02 6.080434e-10 9.260129e-01 -3.609260e-03
2.728182e+02 6.038414e-10 9.262960e-01 -3.603022e-03
2.733186e+02 5.996757e-10 9.265782e-01 -3.596805e-03
2.738190e+02 5.955458e-10 9.268594e-01 -3.590609e-03
2.743194e+02 5.914514e-10 9.271397e-01 -3.584433e-03
2.748198e+02 5.873921e-10 9.274191e-01 -3.578278e-03
2.753202e+02 5.833676e-10 9.276977e-01 -3.572144e-03
2.758206e+02 5.793776e-10 9.279753e-01 -3.566030e-03
2.763210e+02 5.754215e-10 9.282520e-01 -3.559936e-03
2.768214e+02 5.714992e-10 9.285278e-01 -3.553863e-03
2.773218e+02 5.676102e-10 9.288028e-01 -3.547809e-03
2.778222e+02 5.637543e-10 9.290768e-01 -3.541776e-03
2.783226e+02 5.599311e-10 9.293500e-01 -3.535763e-03
2.788230e+02 5.561402e-10 9.296223e-01 -3.529769e-03
2.793234e+02 5.523813e-10 9.298938e-01 -3.523795e-03
2.798238e+02 5.486542e-10 9.301643e-01 -3.517841e-03
2.803242e+02 5.449584e-10 9.304341e-01 -3.511906e-03
2.808246e+02 5.412937e-10 9.307029e-01 -3.505991e-03
2.813250e+02 5.376597e-10 9.309709e-01 -3.500095e-03
2.818254e+02 5.340562e-10 9.312381e-01 -3.494219e-03
2.823258e+02 5.304828e-10 9.315044e-01 -3.488361e-03
2.828262e+02 5.269393e-10 9.317699e-01 -3.482523e-03
2.833266e+02 5.234253e-10 9.320345e-01 -3.476703e-03
2.838270e+02 5.199406e-10 9.322983e-01 -3.470903e-03
2.843274e+02 5.164848e-10 9.325613e-01 -3.465121e-03
2.848278e+02 5.130576e-10 9.328234e-01 -3.459358e-03
2.853282e+02 5.096589e-10 9.330847e-01 -3.453613e-03
2.858286e+02 5.062882e-10 9.333452e-01 -3.447888e-03
2.863290e+02 5.029454e-10 9.336049e-01 -3.442180e-03
2.868294e+02 4.996301e-10 9.338638e-01 -3.436491e-03
2.873298e+02 4.963421e-10 9.341219e-01 -3.430820e-03
2.878302e+02 4.930810e-10 9.343792e-01 -3.425167e-03
2.883306e+02 4.898468e-10 9.346356e-01 -3.419532e-03
2.888310e+02 4.866390e-10 9.348913e-01 -3.413916e-03
2.893314e+02 4.834574e-10 9.351462e-01 -3.408317e-03
2.898318e+02 4.803017e-10 9.354003e-01 -3.402736e-03
2.903322e+02 4.771718e-10 9.356536e-01 -3.397172e-03
2.908326e+02 4.740673e-10 9.359062e-01 -3.391627e-03
2.913330e+02 4.709881e-10 9.361579e-01 -3.386099e-03
2.918334e+02 4.679338e-10 9.364089e-01 -3.380588e-03
2.923338e+02 4.649042e-10 9.366591e-01 -3.375095e-03
2.928342e+02 4.618991e-10 9.369086e-01 -3.369619e-03
2.933346e+02 4.589182e-10 9.371573e-01 -3.364160e-03
2.938350e+02 4.559614e-10 9.374052e-01 -3.358719e-03
2.943354e+02 4.530283e-10 9.376524e-01 -3.353294e-03
2.948358e+02 4.501187e-10 9.378988e-01 -3.347887e-03
2.953362e+02 4.472325e-10 9.381444e-01 -3.342496e-03
2.958366e+02 4.443694e-10 9.383894e-01 -3.337122e-03
2.963370e+02 4.415292e-10 9.386336e-01 -3.331765e-03
2.968374e+02 4.387116e-10 9.388770e-01 -3.326425e-03
2.973378e+02 4.359164e-10 9.391197e-01 -3.321101e-03
2.978382e+02 4.331435e-10 9.393617e-01 -3.315794e-03
2.983386e+02 4.303926e-10 9.396029e-01 -3.310504e-03
2.988390e+02 4.276635e-10 9.398435e-01 -3.305229e-03
2.993394e+02 4.249560e-10 9.400833e-01 -3.299971e-03
2.998398e+02 4.222699e-10 9.403223e-01 -3.294729e-03
3.003402e+02 4.196050e-10 9.405607e-01 -3.289503e-03
3.008406e+02 4.169610e-10 9.407984e-01 -3.284294e-03
3.013410e+02 4.143379e-10 9.410353e-01 -3.279100e-03
3.018414e+02 4.117354e-10 9.412716e-01 -3.273922e-03
3.023418e+02 4.091532e-10 9.415071e-01 -3.268761e-03
3.028422e+02 4.065913e-10 9.417419e-01 -3.263614e-03
3.033426e+02 4.040494e-10 9.419761e-01 -3.258484e-03
3.038430e+02 4.015273e-10 9.422095e-01 -3.253369e-03
3.043434e+02 3.990249e-10 9.424423e-01 -3.248270e-03
3.048438e+02 3.965419e-10 9.426743e-01 -3.243186e-03
3.053442e+02 3.940782e-10 9.429057e-01 -3.238118e-03
3.058446e+02 3.916336e-10 9.431364e-01 -3.233065e-03
3.063450e+02 3.892080e-10 9.433664e-01 -3.228027e-03
3.068454e+02 3.868011e-10 9.435958e-01 -3.223005e-03
3.073458e+02 3.844128e-10 9.438245e-01 -3.217997e-03
3.078462e+02 3.820428e-10 9.440525e-01 -3.213005e-03
3.083466e+02 3.796912e-10 9.442798e-01 -3.208028e-03
3.088470e+02 3.773576e-10 9.445065e-01 -3.203065e-03
3.093474e+02 3.750418e-10 9.447325e-01 -3.198118e-03
3.098478e+02 3.727439e-10 9.449578e-01 -3.193185e-03
3.103482e+02 3.704635e-10 9.451825e-01 -3.188267e-03
3.108486e+02 3.682005e-10 9.454066e-01 -3.183364e-03
3.113490e+02 3.659547e-10 9.456300e-01 -3.178475e-03
3.118494e+02 3.637261e-10 9.458527e-01 -3.173601e-03
3.123498e+02 3.615144e-10 9.460749e-01 -3.168741e-03
3.128503e+02 3.593195e-10 9.462963e-01 -3.163896e-03
3.133507e+02 3.571412e-10 9.465172e-01 -3.159065e-03
3.138511e+02 3.549794e-10 9.467373e-01 -3.154249e-03
3.143515e+02 3.528339e-10 9.469569e-01 -3.149446e-03
3.148519e+02 3.507046e-10 9.471758e-01 -3.144658e-03
3.153523e+02 3.485914e-10 9.473941e-01 -3.139884e-03
3.158527e+02 3.464940e-10 9.476118e-01 -3.135124e-03
3.163531e+02 3.444124e-10 9.478289e-01 -3.130378e-03
3.168535e+02 3.423464e-10 9.480453e-01 -3.125645e-03
3.173539e+02 3.402959e-10 9.482611e-01 -3.120927e-03
3.178543e+02 3.382607e-10 9.484763e-01 -3.116222e-03
3.183547e+02 3.362407e-10 9.486909e-01 -3.111531e-03
3.188551e+02 3.342357e-10 9.489049e-01 -3.106854e-03
3.193555e+02 3.322457e-10 9.491183e-01 -3.102191e-03
3.198559e+02 3.302705e-10 9.493311e-01 -3.097541e-03
3.203563e+02 3.283099e-10 9.495432e-01 -3.092904e-03
3.208567e+02 3.263638e-10 9.497548e-01 -3.088281e-03
3.213571e+02 3.244322e-10 9.499658e-01 -3.083671e-03
3.218575e+02 3.225148e-10 9.501762e-01 -3.079075e-03
3.223579e+02 3.206115e-10 9.503860e-01 -3.074491e-03
3.228583e+02 3.187223e-10 9.505952e-01 -3.069922e-03
3.233587e+02 3.168470e-10 9.508038e-01 -3.065365e-03
3.238591e+02 3.149854e-10 9.510118e-01 -3.060821e-03
3.243595e+02 3.131375e-10 9.512193e-01 -3.056290e-03
3.248599e+02 3.113032e-10 9.514262e-01 -3.051772e-03
3.253603e+02 3.094822e-10 9.516325e-01 -3.047268e-03
3.258607e+02 3.076745e-10 9.518382e-01 -3.042776e-03
3.263611e+02 3.058800e-10 9.520433e-01 -3.038296e-03
3.268615e+02 3.040986e-10 9.522479e-01 -3.033830e-03
3.273619e+02 3.023301e-10 9.524519e-01 -3.029376e-03
3.278623e+02 3.005745e-10 9.526554e-01 -3.024935e-03
3.283627e+02 2.988316e-10 9.528583e-01 -3.020507e-03
3.288631e+02 2.971013e-10 9.530606e-01 -3.016091e-03
3.293635e+02 2.953835e-10 9.532624e-01 -3.011687e-03
3.298639e+02 2.936781e-10 9.534636e-01 -3.007296e-03
3.303643e+02 2.919850e-10 9.536643e-01 -3.002918e-03
3.308647e+02 2.903041e-10 9.538644e-01 -2.998551e-03
3.313651e+02 2.886353e-10 9.540640e-01 -2.994197e-03
3.318655e+02 2.869784e-10 9.542630e-01 -2.989855e-03
3.323659e+02 2.853334e-10 9.544615e-01 -2.985526e-03
3.328663e+02 2.837002e-10 9.546594e-01 -2.981208e-03
3.333667e+02 2.820786e-10 9.548568e-01 -2.976903e-03
3.338671e+02 2.804686e-10 9.550536e-01 -2.972609e-03
3.343675e+02 2.788701e-10 9.552500e-01 -2.968328e-03
3.348679e+02 2.772830e-10 9.554458e-01 -2.964058e-03
3.353683e+02 2.757071e-10 9.556410e-01 -2.959801e-03
3.358687e+02 2.741424e-10 9.558357e-01 -2.955555e-03
3.363691e+02 2.725888e-10 9.560299e-01 -2.951321e-03
3.368695e+02 2.710462e-10 9.562236e-01 -2.947098e-03
3.373699e+02 2.695145e-10 9.564168e-01 -2.942888e-03
3.378703e+02 2.679936e-10 9.566094e-01 -2.938689e-03
3.383707e+02 2.664834e-10 9.568015e-01 -2.934501e-03
3.388711e+02 2.649838e-10 9.569931e-01 -2.930325e-03
3.393715e+02 2.634947e-10 9.571842e-01 -2.926161e-03
3.398719e+02 2.620161e-10 9.573748e-01 -2.922008e-03
3.403723e+02 2.605479e-10 9.575649e-01 -2.917866e-03
3.408727e+02 2.590899e-10 9.577544e-01 -2.913736e-03
3.413731e+02 2.576421e-10 9.579435e-01 -2.909617e-03
3.418735e+02 2.562045e-10 9.581320e-01 -2.905509e-03
3.423739e+02 2.547768e-10 9.583201e-01 -2.901412e-03
3.428743e+02 2.533590e-10 9.585076e-01 -2.897327e-03
3.433747e+02 2.519511e-10 9.586947e-01 -2.893253e-03
3.438751e+02 2.505530e-10 9.588812e-01 -2.889190e-03
3.443755e+02 2.491646e-10 9.590673e-01 -2.885137e-03
3.448759e+02 2.477857e-10 9.592529e-01 -2.881096e-03
3.453763e+02 2.464164e-10 9.594379e-01 -2.877066e-03
3.458767e+02 2.450565e-10 9.596225e-01 -2.873046e-03
3.463771e+02 2.437060e-10 9.598066e-01 -2.869038e-03
3.468775e+02 2.423648e-10 9.599902e-01 -2.865040e-03
3.473779e+02 2.410328e-10 9.601734e-01 -2.861053e-03
3.478783e+02 2.397100e-10 9.603560e-01 -2.857077e-03
3.483787e+02 2.383962e-10 9.605382e-01 -2.853111e-03
3.488791e+02 2.370914e-10 9.607199e-01 -2.849156e-03
3.493795e+02 2.357955e-10 9.609012e-01 -2.845212e-03
3.498799e+02 2.345084e-10 9.610819e-01 -2.841278e-03
3.503803e+02 2.332301e-10 9.612622e-01 -2.837354e-03
3.508807e+02 2.319605e-10 9.614420e-01 -2.833441e-03
3.513811e+02 2.306996e-10 9.616214e-01 -2.829539e-03
3.518815e+02 2.294472e-10 9.618002e-01 -2.825647e-03
3.523819e+02 2.282033e-10 9.619787e-01 -2.821765e-03
3.528823e+02 2.269678e-10 9.621566e-01 -2.817894e-03
3.533827e+02 2.257406e-10 9.623341e-01 -2.814032e-03
3.538831e+02 2.245218e-10 9.625111e-01 -2.810181e-03
3.543835e+02 2.233111e-10 9.626877e-01 -2.806340e-03
3.548839e+02 2.221086e-10 9.628639e-01 -2.802510e-03
3.553843e+02 2.209142e-10 9.630395e-01 -2.798689e-03
3.558847e+02 2.197278e-10 9.632148e-01 -2.794878e-03
3.563851e+02 2.185494e-10 9.633895e-01 -2.791078e-03
3.568855e+02 2.173788e-10 9.635638e-01 -2.787287e-03
3.573859e+02 2.162161e-10 9.637377e-01 -2.783506e-03
3.578863e+02 2.150611e-10 9.639112e-01 -2.779736e-03
3.583867e+02 2.139139e-10 9.640842e-01 -2.775975e-03
3.588871e+02 2.127742e-10 9.642567e-01 -2.772224e-03
3.593875e+02 2.116422e-10 9.644288e-01 -2.768482e-03
3.598879e+02 2.105177e-10 9.646005e-01 -2.764751e-03
3.603883e+02 2.094006e-10 9.647717e-01 -2.761029e-03
3.608887e+02 2.082909e-10 9.649425e-01 -2.757316e-03
3.613891e+02 2.071886e-10 9.651129e-01 -2.753614e-03
3.618895e+02 2.060936e-10 9.652828e-01 -2.749921e-03
3.623899e+02 2.050058e-10 9.654524e-01 -2.746237e-03
3.628903e+02 2.039251e-10 9.656214e-01 -2.742563e-03
3.633907e+02 2.028516e-10 9.657901e-01 -2.738899e-03
3.638911e+02 2.017851e-10 9.659583e-01 -2.735244e-03
3.643915e+02 2.007256e-10 9.661261e-01 -2.731598e-03
3.648919e+02 1.996731e-10 9.662935e-01 -2.727962e-03
3.653923e+02 1.986274e-10 9.664605e-01 -2.724335e-03
3.658927e+02 1.975886e-10 9.666270e-01 -2.720717e-03
3.663931e+02 1.965566e-10 9.667932e-01 -2.717109e-03
3.668935e+02 1.955313e-10 9.669589e-01 -2.713510e-03
3.673939e+02 1.945127e-10 9.671242e-01 -2.709920e-03
3.678943e+02 1.935007e-10 9.672891e-01 -2.706339e-03
3.683947e+02 1.924952e-10 9.674536e-01 -2.702767e-03
3.688951e+02 1.914963e-10 9.676176e-01 -2.699205e-03
3.693955e+02 1.905039e-10 9.677813e-01 -2.695651e-03
3.698959e+02 1.895179e-10 9.679446e-01 -2.692107e-03
3.703963e+02 1.885382e-10 9.681074e-01 -2.688571e-03
3.708967e+02 1.875649e-10 9.682699e-01 -2.685044e-03
3.713971e+02 1.865979e-10 9.684319e-01 -2.681527e-03
3.718975e+02 1.856370e-10 9.685936e-01 -2.678018e-03
3.723979e+02 1.846824e-10 9.687548e-01 -2.674518e-03
3.728983e+02 1.837339e-10 9.689157e-01 -2.671027e-03
3.733987e+02 1.827914e-10 9.690761e-01 -2.667544e-03
3.738991e+02 1.818550e-10 9.692362e-01 -2.664071e-03
3.743995e+02 1.809246e-10 9.693959e-01 -2.660606e-03
3.748999e+02 1.800002e-10 9.695551e-01 -2.657150e-03
3.754003e+02 1.790816e-10 9.697140e-01 -2.653702e-03
3.759007e+02 1.781689e-10 9.698725e-01 -2.650263e-03
3.764011e+02 1.772620e-10 9.700306e-01 -2.646833e-03
3.769015e+02 1.763608e-10 9.701884e-01 -2.643411e-03
3.774019e+02 1.754654e-10 9.703457e-01 -2.639997e-03
3.779023e+02 1.745756e-10 9.705027e-01 -2.636593e-03
3.784027e+02 1.736915e-10 9.706593e-01 -2.633196e-03
3.789031e+02 1.728130e-10 9.708155e-01 -2.629808e-03
3.794035e+02 1.719400e-10 9.709713e-01 -2.626429e-03
3.799039e+02 1.710725e-10 9.711267e-01 -2.623058e-03
3.804043e+02 1.702105e-10 9.712818e-01 -2.619695e-03
3.809047e+02 1.693539e-10 9.714365e-01 -2.616340e-03
3.814051e+02 1.685027e-10 9.715908e-01 -2.612994e-03
3.819055e+02 1.676568e-10 9.717448e-01 -2.609656e-03
3.824059e+02 1.668162e-10 9.718984e-01 -2.606326e-03
3.829063e+02 1.659809e-10 9.720516e-01 -2.603004e-03
3.834067e+02 1.651508e-10 9.722044e-01 -2.599691e-03
3.839071e+02 1.643259e-10 9.723569e-01 -2.596385e-03
3.844075e+02 1.635062e-10 9.725090e-01 -2.593088e-03
3.849079e+02 1.626915e-10 9.726608e-01 -2.589799e-03
3.854083e+02 1.618819e-10 9.728122e-01 -2.586518e-03
3.859087e+02 1.610774e-10 9.729632e-01 -2.583244e-03
3.864091e+02 1.602778e-10 9.731138e-01 -2.579979e-03
3.869095e+02 1.594832e-10 9.732641e-01 -2.576722e-03
3.874099e+02 1.586935e-10 9.734141e-01 -2.573472e-03
3.879103e+02 1.579087e-10 9.735637e-01 -2.570231e-03
3.884107e+02 1.571287e-10 9.737129e-01 -2.566997e-03
3.889111e+02 1.563536e-10 9.738618e-01 -2.563771e-03
3.894115e+02 1.555832e-10 9.740103e-01 -2.560553e-03
3.899119e+02 1.548176e-10 9.741585e-01 -2.557343e-03
3.904123e+02 1.540566e-10 9.743064e-01 -2.554141e-03
3.909127e+02 1.533004e-10 9.744538e-01 -2.550946e-03
3.914131e+02 1.525487e-10 9.746010e-01 -2.547759e-03
3.919135e+02 1.518017e-10 9.747478e-01 -2.544579e-03
3.924139e+02 1.510592e-10 9.748942e-01 -2.541408e-03
3.929143e+02 1.503213e-10 9.750403e-01 -2.538243e-03
3.934147e+02 1.495879e-10 9.751861e-01 -2.535087e-03
3.939151e+02 1.488589e-10 9.753315e-01 -2.531938e-03
3.944155e+02 1.481344e-10 9.754766e-01 -2.528796e-03
3.949159e+02 1.474143e-10 9.756213e-01 -2.525662e-03
3.954163e+02 1.466985e-10 9.757657e-01 -2.522535e-03
3.959167e+02 1.459871e-10 9.759098e-01 -2.519416e-03
3.964171e+02 1.452800e-10 9.760535e-01 -2.516304e-03
3.969175e+02 1.445772e-10 9.761969e-01 -2.513200e-03
3.974179e+02 1.438786e-10 9.763400e-01 -2.510103e-03
3.979183e+02 1.431842e-10 9.764827e-01 -2.507013e-03
3.984187e+02 1.424940e-10 9.766251e-01 -2.503931e-03
3.989191e+02 1.418080e-10 9.767672e-01 -2.500856e-03
3.994195e+02 1.411261e-10 9.769089e-01 -2.497788e-03
3.999199e+02 1.404482e-10 9.770503e-01 -2.494728e-03
4.004203e+02 1.397745e-10 9.771914e-01 -2.491674e-03
4.009207e+02 1.391048e-10 9.773322e-01 -2.488628e-03
4.014211e+02 1.384391e-10 9.774726e-01 -2.485589e-03
4.019215e+02 1.377773e-10 9.776127e-01 -2.482557e-03
4.024219e+02 1.371195e-10 9.777525e-01 -2.479533e-03
4.029223e+02 1.364657e-10 9.778920e-01 -2.476515e-03
4.034227e+02 1.358157e-10 9.780311e-01 -2.473504e-03
4.039231e+02 1.351696e-10 9.781700e-01 -2.470501e-03
4.044235e+02 1.345273e-10 9.783085e-01 -2.467504e-03
4.049239e+02 1.338889e-10 9.784467e-01 -2.464514e-03
4.054243e+02 1.332542e-10 9.785846e-01 -2.461532e-03
4.059247e+02 1.326233e-10 9.787222e-01 -2.458556e-03
4.064251e+02 1.319961e-10 9.788594e-01 -2.455587e-03
4.069255e+02 1.313726e-10 9.789964e-01 -2.452625e-03
4.074259e+02 1.307528e-10 9.791330e-01 -2.449670e-03
4.079263e+02 1.301367e-10 9.792693e-01 -2.446722e-03
4.084267e+02 1.295241e-10 9.794053e-01 -2.443781e-03
4.089271e+02 1.289152e-10 9.795411e-01 -2.440846e-03
4.094275e+02 1.283098e-10 9.796765e-01 -2.437918e-03
4.099279e+02 1.277080e-10 9.798116e-01 -2.434997e-03
4.104283e+02 1.271097e-10 9.799464e-01 -2.432083e-03
4.109287e+02 1.265149e-10 9.800808e-01 -2.429175e-03
4.114291e+02 1.259236e-10 9.802150e-01 -2.426274e-03
4.119295e+02 1.253358e-10 9.803489e-01 -2.423380e-03
4.124299e+02 1.247513e-10 9.804825e-01 -2.420492e-03
4.129303e+02 1.241703e-10 9.806158e-01 -2.417611e-03
4.134307e+02 1.235927e-10 9.807488e-01 -2.414736e-03
4.139311e+02 1.230184e-10 9.808815e-01 -2.411868e-03
4.144315e+02 1.224474e-10 9.810139e-01 -2.409007e-03
4.149319e+02 1.218797e-10 9.811460e-01 -2.406152e-03
4.154323e+02 1.213154e-10 9.812778e-01 -2.403304e-03
4.159327e+02 1.207543e-10 9.814093e-01 -2.400462e-03
4.164331e+02 1.201964e-10 9.815405e-01 -2.397626e-03
4.169335e+02 1.196417e-10 9.816714e-01 -2.394797e-03
4.174339e+02 1.190903e-10 9.818021e-01 -2.391974e-03
4.179343e+02 1.185420e-10 9.819324e-01 -2.389158e-03
4.184347e+02 1.179969e-10 9.820625e-01 -2.386348e-03
4.189351e+02 1.174549e-10 9.821922e-01 -2.383545e-03
4.194355e+02 1.169160e-10 9.823217e-01 -2.380748e-03
4.199359e+02 1.163802e-10 9.824509e-01 -2.377957e-03
4.204363e+02 1.158475e-10 9.825798e-01 -2.375172e-03
4.209367e+02 1.153178e-10 9.827085e-01 -2.372393e-03
4.214371e+02 1.147911e-10 9.828368e-01 -2.369621e-03
4.219375e+02 1.142674e-10 9.829649e-01 -2.366855e-03
4.224379e+02 1.137467e-10 9.830926e-01 -2.364096e-03
4.229383e+02 1.132290e-10 9.832201e-01 -2.361342e-03
4.234387e+02 1.127142e-10 9.833474e-01 -2.358595e-03
4.239391e+02 1.122024e-10 9.834743e-01 -2.355853e-03
4.244395e+02 1.116934e-10 9.836010e-01 -2.353118e-03
4.249399e+02 1.111874e-10 9.837274e-01 -2.350389e-03
4.254403e+02 1.106842e-10 9.838535e-01 -2.347666e-03
4.259407e+02 1.101838e-10 9.839793e-01 -2.344949e-03
4.264411e+02 1.096862e-10 9.841049e-01 -2.342238e-03
4.269415e+02 1.091915e-10 9.842302e-01 -2.339533e-03
4.274419e+02 1.086996e-10 9.843552e-01 -2.336834e-03
4.279423e+02 1.082104e-10 9.844800e-01 -2.334141e-03
4.284427e+02 1.077240e-10 9.846044e-01 -2.331454e-03
4.289431e+02 1.072402e-10 9.847286e-01 -2.328773e-03
4.294435e+02 1.067593e-10 9.848526e-01 -2.326098e-03
4.299439e+02 1.062810e-10 9.849763e-01 -2.323428e-03
4.304443e+02 1.058053e-10 9.850997e-01 -2.320765e-03
4.309447e+02 1.053324e-10 9.852228e-01 -2.318107e-03
4.314451e+02 1.048621e-10 9.853457e-01 -2.315456e-03
4.319455e+02 1.043944e-10 9.854683e-01 -2.312810e-03
4.324459e+02 1.039293e-10 9.855906e-01 -2.310170e-03
4.329463e+02 1.034667e-10 9.857127e-01 -2.307535e-03
4.334467e+02 1.030068e-10 9.858345e-01 -2.304907e-03
4.339471e+02 1.025494e-10 9.859561e-01 -2.302284e-03
4.344475e+02 1.020946e-10 9.860774e-01 -2.299667e-03
4.349479e+02 1.016422e-10 9.861985e-01 -2.297055e-03
4.354483e+02 1.011924e-10 9.863192e-01 -2.294449e-03
4.359487e+02 1.007451e-10 9.864398e-01 -2.291849e-03
4.364491e+02 1.003002e-10 9.865600e-01 -2.289255e-03
4.369495e+02 9.985776e-11 9.866800e-01 -2.286666e-03
4.374499e+02 9.941778e-11 9.867998e-01 -2.284083e-03
4.379504e+02 9.898021e-11 9.869193e-01 -2.281505e-03
4.384508e+02 9.854505e-11 9.870386e-01 -2.278933e-03
4.389512e+02 9.811228e-11 9.871576e-01 -2.276367e-03
4.394516e+02 9.768188e-11 9.872763e-01 -2.273806e-03
4.399520e+02 9.725384e-11 9.873948e-01 -2.271250e-03
4.404524e+02 9.682815e-11 9.875131e-01 -2.268700e-03
4.409528e+02 9.640477e-11 9.876311e-01 -2.266156e-03
4.414532e+02 9.598371e-11 9.877488e-01 -2.263617e-03
4.419536e+02 9.556495e-11 9.878663e-01 -2.261083e-03
4.424540e+02 9.514847e-11 9.879836e-01 -2.258555e-03
4.429544e+02 9.473425e-11 9.881006e-01 -2.256032e-03
4.434548e+02 9.432229e-11 9.882173e-01 -2.253515e-03
4.439552e+02 9.391256e-11 9.883338e-01 -2.251003e-03
4.444556e+02 9.350505e-11 9.884501e-01 -2.248497e-03
4.449560e+02 9.309975e-11 9.885661e-01 -2.245995e-03
4.454564e+02 9.269665e-11 9.886819e-01 -2.243499e-03
4.459568e+02 9.229573e-11 9.887975e-01 -2.241009e-03
4.464572e+02 9.189697e-11 9.889128e-01 -2.238524e-03
4.469576e+02 9.150036e-11 9.890278e-01 -2.236044e-03
4.474580e+02 9.110589e-11 9.891427e-01 -2.233569e-03
4.479584e+02 9.071354e-11 9.892572e-01 -2.231099e-03
4.484588e+02 9.032330e-11 9.893716e-01 -2.228635e-03
4.489592e+02 8.993516e-11 9.894857e-01 -2.226176e-03
4.494596e+02 8.954910e-11 9.895996e-01 -2.223722e-03
4.499600e+02 8.916511e-11 9.897132e-01 -2.221273e-03
4.504604e+02 8.878318e-11 9.898266e-01 -2.218830e-03
4.509608e+02 8.840329e-11 9.899398e-01 -2.216391e-03
4.514612e+02 8.802543e-11 9.900527e-01 -2.213958e-03
4.519616e+02 8.764958e-11 9.901654e-01 -2.211530e-03
4.524620e+02 8.727574e-11 9.902779e-01 -2.209107e-03
4.529624e+02 8.690390e-11 9.903901e-01 -2.206689e-03
4.534628e+02 8.653402e-11 9.905021e-01 -2.204276e-03
4.539632e+02 8.616612e-11 9.906139e-01 -2.201868e-03
4.544636e+02 8.580017e-11 9.907254e-01 -2.199465e-03
4.549640e+02 8.543616e-11 9.908368e-01 -2.197067e-03
4.554644e+02 8.507407e-11 9.909479e-01 -2.194675e-03
4.559648e+02 8.471391e-11 9.910587e-01 -2.192287e-03
4.564652e+02 8.435564e-11 9.911694e-01 -2.189904e-03
4.569656e+02 8.399927e-11 9.912798e-01 -2.187526e-03
4.574660e+02 8.364478e-11 9.913900e-01 -2.185153e-03
4.579664e+02 8.329216e-11 9.914999e-01 -2.182785e-03
4.584668e+02 8.294139e-11 9.916097e-01 -2.180422e-03
4.589672e+02 8.259247e-11 9.917192e-01 -2.178063e-03
4.594676e+02 8.224538e-11 9.918285e-01 -2.175710e-03
4.599680e+02 8.190011e-11 9.919375e-01 -2.173361e-03
4.604684e+02 8.155665e-11 9.920464e-01 -2.171018e-03
4.609688e+02 8.121499e-11 9.921550e-01 -2.168679e-03
4.614692e+02 8.087512e-11 9.922634e-01 -2.166345e-03
4.619696e+02 8.053702e-11 9.923716e-01 -2.164016e-03
4.624700e+02 8.020069e-11 9.924796e-01 -2.161691e-03
4.629704e+02 7.986612e-11 9.925873e-01 -2.159372e-03
4.634708e+02 7.953328e-11 9.926949e-01 -2.157057e-03
4.639712e+02 7.920218e-11 9.928022e-01 -2.154747e-03
4.644716e+02 7.887280e-11 9.929093e-01 -2.152441e-03
4.649720e+02 7.854513e-11 9.930162e-01 -2.150140e-03
4.654724e+02 7.821916e-11 9.931229e-01 -2.147844e-03
4.659728e+02 7.789487e-11 9.932293e-01 -2.145553e-03
4.664732e+02 7.757227e-11 9.933356e-01 -2.143266e-03
4.669736e+02 7.725134e-11 9.934416e-01 -2.140984e-03
4.674740e+02 7.693206e-11 9.935474e-01 -2.138707e-03
4.679744e+02 7.661443e-11 9.936531e-01 -2.136434e-03
4.684748e+02 7.629844e-11 9.937585e-01 -2.134166e-03
4.689752e+02 7.598408e-11 9.938636e-01 -2.131903e-03
4.694756e+02 7.567133e-11 9.939686e-01 -2.129644e-03
4.699760e+02 7.536019e-11 9.940734e-01 -2.127389e-03
4.704764e+02 7.505065e-11 9.941780e-01 -2.125139e-03
4.709768e+02 7.474270e-11 9.942823e-01 -2.122894e-03
4.714772e+02 7.443632e-11 9.943865e-01 -2.120653e-03
4.719776e+02 7.413151e-11 9.944904e-01 -2.118417e-03
4.724780e+02 7.382826e-11 9.945942e-01 -2.116185e-03
4.729784e+02 7.352656e-11 9.946977e-01 -2.113958e-03
4.734788e+02 7.322640e-11 9.948010e-01 -2.111736e-03
4.739792e+02 7.292777e-11 9.949042e-01 -2.109517e-03
4.744796e+02 7.263066e-11 9.950071e-01 -2.107303e-03
4.749800e+02 7.233506e-11 9.951098e-01 -2.105094e-03
4.754804e+02 7.204097e-11 9.952123e-01 -2.102889e-03
4.759808e+02 7.174837e-11 9.953146e-01 -2.100688e-03
4.764812e+02 7.145725e-11 9.954167e-01 -2.098492e-03
4.769816e+02 7.116760e-11 9.955187e-01 -2.096301e-03
4.774820e+02 7.087943e-11 9.956204e-01 -2.094113e-03
4.779824e+02 7.059271e-11 9.957219e-01 -2.091930e-03
4.784828e+02 7.030743e-11 9.958232e-01 -2.089751e-03
4.789832e+02 7.002360e-11 9.959243e-01 -2.087577e-03
4.794836e+02 6.974120e-11 9.960253e-01 -2.085407e-03
4.799840e+02 6.946022e-11 9.961260e-01 -2.083241e-03
4.804844e+02 6.918065e-11 9.962265e-01 -2.081080e-03
4.809848e+02 6.890249e-11 9.963268e-01 -2.078923e-03
4.814852e+02 6.862573e-11 9.964270e-01 -2.076770e-03
4.819856e+02 6.835035e-11 9.965269e-01 -2.074621e-03
4.824860e+02 6.807636e-11 9.966267e-01 -2.072477e-03
4.829864e+02 6.780373e-11 9.967262e-01 -2.070336e-03
4.834868e+02 6.753247e-11 9.968256e-01 -2.068200e-03
4.839872e+02 6.726257e-11 9.969248e-01 -2.066069e-03
4.844876e+02 6.699401e-11 9.970237e-01 -2.063941e-03
4.849880e+02 6.672679e-11 9.971225e-01 -2.061818e-03
4.854884e+02 6.646090e-11 9.972211e-01 -2.059698e-03
4.859888e+02 6.619633e-11 9.973195e-01 -2.057583e-03
4.864892e+02 6.593308e-11 9.974178e-01 -2.055472e-03
4.869896e+02 6.567114e-11 9.975158e-01 -2.053366e-03
4.874900e+02 6.541050e-11 9.976136e-01 -2.051263e-03
4.879904e+02 6.515115e-11 9.977113e-01 -2.049164e-03
4.884908e+02 6.489308e-11 9.978088e-01 -2.047070e-03
4.889912e+02 6.463629e-11 9.979060e-01 -2.044979e-03
4.894916e+02 6.438076e-11 9.980031e-01 -2.042893e-03
4.899920e+02 6.412650e-11 9.981000e-01 -2.040811e-03
4.904924e+02 6.387350e-11 9.981968e-01 -2.038733e-03
4.909928e+02 6.362174e-11 9.982933e-01 -2.036658e-03
4.914932e+02 6.337122e-11 9.983897e-01 -2.034588e-03
4.919936e+02 6.312193e-11 9.984858e-01 -2.032522e-03
4.924940e+02 6.287386e-11 9.985818e-01 -2.030460e-03
4.929944e+02 6.262702e-11 9.986776e-01 -2.028402e-03
4.934948e+02 6.238138e-11 9.987732e-01 -2.026348e-03
4.939952e+02 6.213694e-11 9.988687e-01 -2.024297e-03
4.944956e+02 6.189371e-11 9.989639e-01 -2.022251e-03
4.949960e+02 6.165166e-11 9.990590e-01 -2.020209e-03
4.954964e+02 6.141079e-11 9.991539e-01 -2.018170e-03
4.959968e+02 6.117110e-11 9.992486e-01 -2.016136e-03
4.964972e+02 6.093258e-11 9.993432e-01 -2.014105e-03
4.969976e+02 6.069522e-11 9.994375e-01 -2.012079e-03
4.974980e+02 6.045901e-11 9.995317e-01 -2.010056e-03
4.979984e+02 6.022395e-11 9.996257e-01 -2.008037e-03
4.984988e+02 5.999003e-11 9.997196e-01 -2.006022e-03
4.989992e+02 5.975725e-11 9.998132e-01 -2.004011e-03
4.994996e+02 5.952559e-11 9.999067e-01 -2.002004e-03
5.000000e+02 5.929506e-11 1.000000e+00 -2.000000e-03
