! /n/nyx3/garavito/projects/XMC-Atlas/scripts/test_halo_108/modelname_halo_4159.txt
! R    D    M    P
1000
1.000000e-01 1.208211e-04 1.181440e-17 -4.175632e-02
6.004004e-01 1.033527e-04 1.209376e-04 -4.172466e-02
1.100801e+00 8.895249e-05 5.769777e-04 -4.154441e-02
1.601201e+00 7.699213e-05 1.536513e-03 -4.128439e-02
2.101602e+00 6.698907e-05 3.087403e-03 -4.096361e-02
2.602002e+00 5.856911e-05 5.264414e-03 -4.059597e-02
3.102402e+00 5.143929e-05 8.067812e-03 -4.019235e-02
3.602803e+00 4.536828e-05 1.147598e-02 -3.976147e-02
4.103203e+00 4.017196e-05 1.545402e-02 -3.931034e-02
4.603604e+00 3.570264e-05 1.995952e-02 -3.884461e-02
5.104004e+00 3.184106e-05 2.494651e-02 -3.836888e-02
5.604404e+00 2.849026e-05 3.036805e-02 -3.788686e-02
6.104805e+00 2.557092e-05 3.617790e-02 -3.740155e-02
6.605205e+00 2.301778e-05 4.233165e-02 -3.691541e-02
7.105606e+00 2.077686e-05 4.878729e-02 -3.643042e-02
7.606006e+00 1.880327e-05 5.550566e-02 -3.594816e-02
8.106406e+00 1.705949e-05 6.245048e-02 -3.546993e-02
8.606807e+00 1.551403e-05 6.958849e-02 -3.499675e-02
9.107207e+00 1.414034e-05 7.688927e-02 -3.452943e-02
9.607608e+00 1.291593e-05 8.432521e-02 -3.406862e-02
1.010801e+01 1.182169e-05 9.187127e-02 -3.361480e-02
1.060841e+01 1.084131e-05 9.950487e-02 -3.316835e-02
1.110881e+01 9.960812e-06 1.072057e-01 -3.272954e-02
1.160921e+01 9.168201e-06 1.149554e-01 -3.229857e-02
1.210961e+01 8.453124e-06 1.227378e-01 -3.187557e-02
1.261001e+01 7.806632e-06 1.305382e-01 -3.146059e-02
1.311041e+01 7.220957e-06 1.383434e-01 -3.105366e-02
1.361081e+01 6.689344e-06 1.461420e-01 -3.065476e-02
1.411121e+01 6.205898e-06 1.539237e-01 -3.026386e-02
1.461161e+01 5.765463e-06 1.616792e-01 -2.988087e-02
1.511201e+01 5.363516e-06 1.694005e-01 -2.950570e-02
1.561241e+01 4.996082e-06 1.770805e-01 -2.913825e-02
1.611281e+01 4.659656e-06 1.847129e-01 -2.877839e-02
1.661321e+01 4.351144e-06 1.922923e-01 -2.842598e-02
1.711361e+01 4.067806e-06 1.998139e-01 -2.808089e-02
1.761401e+01 3.807212e-06 2.072735e-01 -2.774298e-02
1.811441e+01 3.567200e-06 2.146675e-01 -2.741208e-02
1.861481e+01 3.345847e-06 2.219929e-01 -2.708805e-02
1.911522e+01 3.141436e-06 2.292471e-01 -2.677074e-02
1.961562e+01 2.952431e-06 2.364278e-01 -2.645998e-02
2.011602e+01 2.777456e-06 2.435333e-01 -2.615562e-02
2.061642e+01 2.615279e-06 2.505619e-01 -2.585751e-02
2.111682e+01 2.464789e-06 2.575126e-01 -2.556549e-02
2.161722e+01 2.324990e-06 2.643842e-01 -2.527942e-02
2.211762e+01 2.194980e-06 2.711763e-01 -2.499914e-02
2.261802e+01 2.073949e-06 2.778881e-01 -2.472451e-02
2.311842e+01 1.961159e-06 2.845195e-01 -2.445538e-02
2.361882e+01 1.855946e-06 2.910702e-01 -2.419162e-02
2.411922e+01 1.757707e-06 2.975404e-01 -2.393308e-02
2.461962e+01 1.665893e-06 3.039300e-01 -2.367963e-02
2.512002e+01 1.580005e-06 3.102395e-01 -2.343115e-02
2.562042e+01 1.499590e-06 3.164690e-01 -2.318749e-02
2.612082e+01 1.424234e-06 3.226192e-01 -2.294855e-02
2.662122e+01 1.353560e-06 3.286905e-01 -2.271418e-02
2.712162e+01 1.287221e-06 3.346835e-01 -2.248429e-02
2.762202e+01 1.224903e-06 3.405989e-01 -2.225875e-02
2.812242e+01 1.166316e-06 3.464375e-01 -2.203745e-02
2.862282e+01 1.111195e-06 3.521999e-01 -2.182028e-02
2.912322e+01 1.059297e-06 3.578870e-01 -2.160714e-02
2.962362e+01 1.010397e-06 3.634997e-01 -2.139792e-02
3.012402e+01 9.642897e-07 3.690388e-01 -2.119252e-02
3.062442e+01 9.207861e-07 3.745052e-01 -2.099086e-02
3.112482e+01 8.797113e-07 3.798998e-01 -2.079282e-02
3.162523e+01 8.409042e-07 3.852236e-01 -2.059833e-02
3.212563e+01 8.042160e-07 3.904775e-01 -2.040730e-02
3.262603e+01 7.695093e-07 3.956625e-01 -2.021963e-02
3.312643e+01 7.366569e-07 4.007795e-01 -2.003524e-02
3.362683e+01 7.055411e-07 4.058295e-01 -1.985407e-02
3.412723e+01 6.760526e-07 4.108134e-01 -1.967601e-02
3.462763e+01 6.480904e-07 4.157323e-01 -1.950101e-02
3.512803e+01 6.215605e-07 4.205871e-01 -1.932898e-02
3.562843e+01 5.963758e-07 4.253788e-01 -1.915986e-02
3.612883e+01 5.724550e-07 4.301084e-01 -1.899357e-02
3.662923e+01 5.497228e-07 4.347767e-01 -1.883004e-02
3.712963e+01 5.281089e-07 4.393848e-01 -1.866922e-02
3.763003e+01 5.075479e-07 4.439335e-01 -1.851104e-02
3.813043e+01 4.879788e-07 4.484239e-01 -1.835543e-02
3.863083e+01 4.693446e-07 4.528568e-01 -1.820233e-02
3.913123e+01 4.515923e-07 4.572331e-01 -1.805170e-02
3.963163e+01 4.346722e-07 4.615539e-01 -1.790346e-02
4.013203e+01 4.185378e-07 4.658198e-01 -1.775757e-02
4.063243e+01 4.031457e-07 4.700319e-01 -1.761398e-02
4.113283e+01 3.884554e-07 4.741910e-01 -1.747262e-02
4.163323e+01 3.744287e-07 4.782980e-01 -1.733346e-02
4.213363e+01 3.610299e-07 4.823536e-01 -1.719643e-02
4.263403e+01 3.482256e-07 4.863588e-01 -1.706150e-02
4.313443e+01 3.359844e-07 4.903144e-01 -1.692862e-02
4.363483e+01 3.242768e-07 4.942211e-01 -1.679774e-02
4.413524e+01 3.130751e-07 4.980797e-01 -1.666882e-02
4.463564e+01 3.023533e-07 5.018911e-01 -1.654182e-02
4.513604e+01 2.920870e-07 5.056561e-01 -1.641669e-02
4.563644e+01 2.822530e-07 5.093752e-01 -1.629339e-02
4.613684e+01 2.728297e-07 5.130494e-01 -1.617190e-02
4.663724e+01 2.637967e-07 5.166793e-01 -1.605216e-02
4.713764e+01 2.551347e-07 5.202657e-01 -1.593414e-02
4.763804e+01 2.468255e-07 5.238092e-01 -1.581780e-02
4.813844e+01 2.388521e-07 5.273106e-01 -1.570312e-02
4.863884e+01 2.311983e-07 5.307705e-01 -1.559005e-02
4.913924e+01 2.238489e-07 5.341897e-01 -1.547857e-02
4.963964e+01 2.167893e-07 5.375687e-01 -1.536863e-02
5.014004e+01 2.100061e-07 5.409082e-01 -1.526021e-02
5.064044e+01 2.034862e-07 5.442089e-01 -1.515329e-02
5.114084e+01 1.972176e-07 5.474713e-01 -1.504782e-02
5.164124e+01 1.911886e-07 5.506961e-01 -1.494378e-02
5.214164e+01 1.853885e-07 5.538839e-01 -1.484114e-02
5.264204e+01 1.798067e-07 5.570352e-01 -1.473987e-02
5.314244e+01 1.744336e-07 5.601507e-01 -1.463996e-02
5.364284e+01 1.692598e-07 5.632309e-01 -1.454136e-02
5.414324e+01 1.642765e-07 5.662764e-01 -1.444405e-02
5.464364e+01 1.594754e-07 5.692877e-01 -1.434802e-02
5.514404e+01 1.548485e-07 5.722653e-01 -1.425323e-02
5.564444e+01 1.503882e-07 5.752098e-01 -1.415967e-02
5.614484e+01 1.460875e-07 5.781218e-01 -1.406730e-02
5.664525e+01 1.419395e-07 5.810016e-01 -1.397611e-02
5.714565e+01 1.379378e-07 5.838498e-01 -1.388607e-02
5.764605e+01 1.340762e-07 5.866669e-01 -1.379717e-02
5.814645e+01 1.303489e-07 5.894534e-01 -1.370938e-02
5.864685e+01 1.267502e-07 5.922097e-01 -1.362268e-02
5.914725e+01 1.232749e-07 5.949363e-01 -1.353705e-02
5.964765e+01 1.199180e-07 5.976337e-01 -1.345247e-02
6.014805e+01 1.166747e-07 6.003023e-01 -1.336893e-02
6.064845e+01 1.135403e-07 6.029425e-01 -1.328640e-02
6.114885e+01 1.105105e-07 6.055548e-01 -1.320487e-02
6.164925e+01 1.075811e-07 6.081395e-01 -1.312432e-02
6.214965e+01 1.047482e-07 6.106972e-01 -1.304472e-02
6.265005e+01 1.020080e-07 6.132281e-01 -1.296608e-02
6.315045e+01 9.935687e-08 6.157328e-01 -1.288836e-02
6.365085e+01 9.679133e-08 6.182115e-01 -1.281155e-02
6.415125e+01 9.430810e-08 6.206647e-01 -1.273564e-02
6.465165e+01 9.190403e-08 6.230928e-01 -1.266060e-02
6.515205e+01 8.957612e-08 6.254961e-01 -1.258644e-02
6.565245e+01 8.732147e-08 6.278749e-01 -1.251312e-02
6.615285e+01 8.513735e-08 6.302297e-01 -1.244065e-02
6.665325e+01 8.302112e-08 6.325608e-01 -1.236899e-02
6.715365e+01 8.097026e-08 6.348685e-01 -1.229814e-02
6.765405e+01 7.898237e-08 6.371532e-01 -1.222809e-02
6.815445e+01 7.705513e-08 6.394152e-01 -1.215882e-02
6.865485e+01 7.518634e-08 6.416548e-01 -1.209032e-02
6.915526e+01 7.337389e-08 6.438723e-01 -1.202257e-02
6.965566e+01 7.161574e-08 6.460681e-01 -1.195557e-02
7.015606e+01 6.990996e-08 6.482424e-01 -1.188930e-02
7.065646e+01 6.825468e-08 6.503956e-01 -1.182376e-02
7.115686e+01 6.664813e-08 6.525280e-01 -1.175892e-02
7.165726e+01 6.508858e-08 6.546398e-01 -1.169477e-02
7.215766e+01 6.357440e-08 6.567314e-01 -1.163132e-02
7.265806e+01 6.210401e-08 6.588029e-01 -1.156854e-02
7.315846e+01 6.067590e-08 6.608548e-01 -1.150642e-02
7.365886e+01 5.928862e-08 6.628872e-01 -1.144496e-02
7.415926e+01 5.794078e-08 6.649005e-01 -1.138414e-02
7.465966e+01 5.663103e-08 6.668948e-01 -1.132396e-02
7.516006e+01 5.535810e-08 6.688706e-01 -1.126440e-02
7.566046e+01 5.412074e-08 6.708279e-01 -1.120545e-02
7.616086e+01 5.291778e-08 6.727670e-01 -1.114711e-02
7.666126e+01 5.174806e-08 6.746883e-01 -1.108937e-02
7.716166e+01 5.061050e-08 6.765919e-01 -1.103222e-02
7.766206e+01 4.950404e-08 6.784781e-01 -1.097564e-02
7.816246e+01 4.842765e-08 6.803471e-01 -1.091963e-02
7.866286e+01 4.738038e-08 6.821991e-01 -1.086419e-02
7.916326e+01 4.636127e-08 6.840344e-01 -1.080929e-02
7.966366e+01 4.536942e-08 6.858531e-01 -1.075494e-02
8.016406e+01 4.440396e-08 6.876556e-01 -1.070113e-02
8.066446e+01 4.346406e-08 6.894420e-01 -1.064785e-02
8.116486e+01 4.254890e-08 6.912124e-01 -1.059508e-02
8.166527e+01 4.165771e-08 6.929672e-01 -1.054284e-02
8.216567e+01 4.078973e-08 6.947066e-01 -1.049109e-02
8.266607e+01 3.994425e-08 6.964306e-01 -1.043985e-02
8.316647e+01 3.912057e-08 6.981396e-01 -1.038910e-02
8.366687e+01 3.831802e-08 6.998337e-01 -1.033883e-02
8.416727e+01 3.753595e-08 7.015131e-01 -1.028904e-02
8.466767e+01 3.677374e-08 7.031780e-01 -1.023972e-02
8.516807e+01 3.603078e-08 7.048286e-01 -1.019087e-02
8.566847e+01 3.530649e-08 7.064650e-01 -1.014247e-02
8.616887e+01 3.460032e-08 7.080874e-01 -1.009453e-02
8.666927e+01 3.391172e-08 7.096961e-01 -1.004703e-02
8.716967e+01 3.324017e-08 7.112911e-01 -9.999968e-03
8.767007e+01 3.258517e-08 7.128727e-01 -9.953342e-03
8.817047e+01 3.194622e-08 7.144410e-01 -9.907142e-03
8.867087e+01 3.132286e-08 7.159961e-01 -9.861365e-03
8.917127e+01 3.071464e-08 7.175383e-01 -9.816003e-03
8.967167e+01 3.012111e-08 7.190677e-01 -9.771051e-03
9.017207e+01 2.954186e-08 7.205845e-01 -9.726504e-03
9.067247e+01 2.897646e-08 7.220887e-01 -9.682356e-03
9.117287e+01 2.842453e-08 7.235806e-01 -9.638602e-03
9.167327e+01 2.788568e-08 7.250603e-01 -9.595237e-03
9.217367e+01 2.735955e-08 7.265280e-01 -9.552255e-03
9.267407e+01 2.684577e-08 7.279838e-01 -9.509652e-03
9.317447e+01 2.634399e-08 7.294277e-01 -9.467422e-03
9.367487e+01 2.585388e-08 7.308601e-01 -9.425562e-03
9.417528e+01 2.537513e-08 7.322810e-01 -9.384065e-03
9.467568e+01 2.490740e-08 7.336905e-01 -9.342927e-03
9.517608e+01 2.445041e-08 7.350888e-01 -9.302144e-03
9.567648e+01 2.400385e-08 7.364761e-01 -9.261711e-03
9.617688e+01 2.356744e-08 7.378523e-01 -9.221624e-03
9.667728e+01 2.314091e-08 7.392178e-01 -9.181877e-03
9.717768e+01 2.272398e-08 7.405725e-01 -9.142468e-03
9.767808e+01 2.231641e-08 7.419167e-01 -9.103392e-03
9.817848e+01 2.191793e-08 7.432504e-01 -9.064643e-03
9.867888e+01 2.152831e-08 7.445737e-01 -9.026220e-03
9.917928e+01 2.114731e-08 7.458868e-01 -8.988116e-03
9.967968e+01 2.077471e-08 7.471899e-01 -8.950329e-03
1.001801e+02 2.041027e-08 7.484829e-01 -8.912854e-03
1.006805e+02 2.005380e-08 7.497661e-01 -8.875688e-03
1.011809e+02 1.970507e-08 7.510395e-01 -8.838827e-03
1.016813e+02 1.936389e-08 7.523032e-01 -8.802267e-03
1.021817e+02 1.903007e-08 7.535574e-01 -8.766004e-03
1.026821e+02 1.870341e-08 7.548021e-01 -8.730036e-03
1.031825e+02 1.838373e-08 7.560375e-01 -8.694357e-03
1.036829e+02 1.807086e-08 7.572637e-01 -8.658965e-03
1.041833e+02 1.776461e-08 7.584807e-01 -8.623857e-03
1.046837e+02 1.746482e-08 7.596887e-01 -8.589029e-03
1.051841e+02 1.717134e-08 7.608878e-01 -8.554477e-03
1.056845e+02 1.688399e-08 7.620780e-01 -8.520199e-03
1.061849e+02 1.660263e-08 7.632595e-01 -8.486191e-03
1.066853e+02 1.632711e-08 7.644324e-01 -8.452450e-03
1.071857e+02 1.605728e-08 7.655966e-01 -8.418973e-03
1.076861e+02 1.579300e-08 7.667525e-01 -8.385757e-03
1.081865e+02 1.553414e-08 7.678999e-01 -8.352798e-03
1.086869e+02 1.528056e-08 7.690391e-01 -8.320095e-03
1.091873e+02 1.503213e-08 7.701701e-01 -8.287643e-03
1.096877e+02 1.478874e-08 7.712930e-01 -8.255440e-03
1.101881e+02 1.455025e-08 7.724079e-01 -8.223484e-03
1.106885e+02 1.431655e-08 7.735148e-01 -8.191771e-03
1.111889e+02 1.408753e-08 7.746139e-01 -8.160298e-03
1.116893e+02 1.386306e-08 7.757052e-01 -8.129064e-03
1.121897e+02 1.364305e-08 7.767888e-01 -8.098064e-03
1.126901e+02 1.342739e-08 7.778649e-01 -8.067297e-03
1.131905e+02 1.321597e-08 7.789333e-01 -8.036760e-03
1.136909e+02 1.300870e-08 7.799944e-01 -8.006451e-03
1.141913e+02 1.280548e-08 7.810481e-01 -7.976366e-03
1.146917e+02 1.260621e-08 7.820944e-01 -7.946504e-03
1.151921e+02 1.241080e-08 7.831336e-01 -7.916862e-03
1.156925e+02 1.221917e-08 7.841656e-01 -7.887437e-03
1.161929e+02 1.203122e-08 7.851905e-01 -7.858227e-03
1.166933e+02 1.184687e-08 7.862084e-01 -7.829230e-03
1.171937e+02 1.166604e-08 7.872194e-01 -7.800444e-03
1.176941e+02 1.148864e-08 7.882235e-01 -7.771866e-03
1.181945e+02 1.131461e-08 7.892208e-01 -7.743494e-03
1.186949e+02 1.114386e-08 7.902114e-01 -7.715326e-03
1.191953e+02 1.097632e-08 7.911954e-01 -7.687359e-03
1.196957e+02 1.081191e-08 7.921727e-01 -7.659592e-03
1.201961e+02 1.065058e-08 7.931435e-01 -7.632022e-03
1.206965e+02 1.049224e-08 7.941079e-01 -7.604647e-03
1.211969e+02 1.033683e-08 7.950658e-01 -7.577466e-03
1.216973e+02 1.018429e-08 7.960174e-01 -7.550475e-03
1.221977e+02 1.003456e-08 7.969628e-01 -7.523674e-03
1.226981e+02 9.887563e-09 7.979019e-01 -7.497060e-03
1.231985e+02 9.743251e-09 7.988349e-01 -7.470631e-03
1.236989e+02 9.601564e-09 7.997618e-01 -7.444386e-03
1.241993e+02 9.462443e-09 8.006826e-01 -7.418321e-03
1.246997e+02 9.325833e-09 8.015975e-01 -7.392437e-03
1.252001e+02 9.191680e-09 8.025064e-01 -7.366730e-03
1.257005e+02 9.059931e-09 8.034095e-01 -7.341199e-03
1.262009e+02 8.930534e-09 8.043068e-01 -7.315842e-03
1.267013e+02 8.803439e-09 8.051983e-01 -7.290657e-03
1.272017e+02 8.678598e-09 8.060842e-01 -7.265643e-03
1.277021e+02 8.555962e-09 8.069644e-01 -7.240797e-03
1.282025e+02 8.435485e-09 8.078390e-01 -7.216119e-03
1.287029e+02 8.317121e-09 8.087081e-01 -7.191606e-03
1.292033e+02 8.200827e-09 8.095717e-01 -7.167258e-03
1.297037e+02 8.086558e-09 8.104298e-01 -7.143071e-03
1.302041e+02 7.974273e-09 8.112826e-01 -7.119045e-03
1.307045e+02 7.863930e-09 8.121300e-01 -7.095177e-03
1.312049e+02 7.755490e-09 8.129722e-01 -7.071468e-03
1.317053e+02 7.648912e-09 8.138091e-01 -7.047914e-03
1.322057e+02 7.544159e-09 8.146409e-01 -7.024514e-03
1.327061e+02 7.441194e-09 8.154675e-01 -7.001267e-03
1.332065e+02 7.339979e-09 8.162890e-01 -6.978172e-03
1.337069e+02 7.240480e-09 8.171054e-01 -6.955226e-03
1.342073e+02 7.142661e-09 8.179169e-01 -6.932429e-03
1.347077e+02 7.046489e-09 8.187234e-01 -6.909778e-03
1.352081e+02 6.951930e-09 8.195250e-01 -6.887274e-03
1.357085e+02 6.858953e-09 8.203218e-01 -6.864913e-03
1.362089e+02 6.767524e-09 8.211137e-01 -6.842696e-03
1.367093e+02 6.677614e-09 8.219009e-01 -6.820619e-03
1.372097e+02 6.589193e-09 8.226833e-01 -6.798683e-03
1.377101e+02 6.502230e-09 8.234610e-01 -6.776886e-03
1.382105e+02 6.416698e-09 8.242341e-01 -6.755226e-03
1.387109e+02 6.332567e-09 8.250026e-01 -6.733702e-03
1.392113e+02 6.249811e-09 8.257665e-01 -6.712313e-03
1.397117e+02 6.168403e-09 8.265258e-01 -6.691058e-03
1.402121e+02 6.088316e-09 8.272807e-01 -6.669935e-03
1.407125e+02 6.009524e-09 8.280312e-01 -6.648943e-03
1.412129e+02 5.932004e-09 8.287772e-01 -6.628081e-03
1.417133e+02 5.855729e-09 8.295189e-01 -6.607348e-03
1.422137e+02 5.780676e-09 8.302562e-01 -6.586742e-03
1.427141e+02 5.706823e-09 8.309892e-01 -6.566263e-03
1.432145e+02 5.634145e-09 8.317180e-01 -6.545909e-03
1.437149e+02 5.562620e-09 8.324426e-01 -6.525679e-03
1.442153e+02 5.492227e-09 8.331629e-01 -6.505572e-03
1.447157e+02 5.422944e-09 8.338792e-01 -6.485587e-03
1.452161e+02 5.354750e-09 8.345913e-01 -6.465722e-03
1.457165e+02 5.287625e-09 8.352993e-01 -6.445978e-03
1.462169e+02 5.221549e-09 8.360033e-01 -6.426351e-03
1.467173e+02 5.156502e-09 8.367033e-01 -6.406843e-03
1.472177e+02 5.092464e-09 8.373993e-01 -6.387450e-03
1.477181e+02 5.029418e-09 8.380913e-01 -6.368173e-03
1.482185e+02 4.967344e-09 8.387795e-01 -6.349011e-03
1.487189e+02 4.906225e-09 8.394638e-01 -6.329962e-03
1.492193e+02 4.846044e-09 8.401442e-01 -6.311025e-03
1.497197e+02 4.786782e-09 8.408208e-01 -6.292200e-03
1.502201e+02 4.728424e-09 8.414937e-01 -6.273485e-03
1.507205e+02 4.670952e-09 8.421628e-01 -6.254879e-03
1.512209e+02 4.614351e-09 8.428282e-01 -6.236382e-03
1.517213e+02 4.558605e-09 8.434899e-01 -6.217993e-03
1.522217e+02 4.503698e-09 8.441479e-01 -6.199710e-03
1.527221e+02 4.449616e-09 8.448023e-01 -6.181533e-03
1.532225e+02 4.396343e-09 8.454531e-01 -6.163461e-03
1.537229e+02 4.343865e-09 8.461004e-01 -6.145492e-03
1.542233e+02 4.292167e-09 8.467441e-01 -6.127626e-03
1.547237e+02 4.241237e-09 8.473843e-01 -6.109863e-03
1.552241e+02 4.191060e-09 8.480210e-01 -6.092201e-03
1.557245e+02 4.141623e-09 8.486543e-01 -6.074639e-03
1.562249e+02 4.092912e-09 8.492842e-01 -6.057177e-03
1.567253e+02 4.044916e-09 8.499106e-01 -6.039813e-03
1.572257e+02 3.997621e-09 8.505337e-01 -6.022547e-03
1.577261e+02 3.951016e-09 8.511534e-01 -6.005378e-03
1.582265e+02 3.905087e-09 8.517699e-01 -5.988306e-03
1.587269e+02 3.859825e-09 8.523830e-01 -5.971328e-03
1.592273e+02 3.815216e-09 8.529929e-01 -5.954446e-03
1.597277e+02 3.771250e-09 8.535995e-01 -5.937657e-03
1.602281e+02 3.727915e-09 8.542030e-01 -5.920961e-03
1.607285e+02 3.685202e-09 8.548032e-01 -5.904358e-03
1.612289e+02 3.643098e-09 8.554003e-01 -5.887846e-03
1.617293e+02 3.601594e-09 8.559942e-01 -5.871424e-03
1.622297e+02 3.560679e-09 8.565850e-01 -5.855093e-03
1.627301e+02 3.520344e-09 8.571728e-01 -5.838851e-03
1.632305e+02 3.480578e-09 8.577575e-01 -5.822698e-03
1.637309e+02 3.441372e-09 8.583391e-01 -5.806632e-03
1.642313e+02 3.402717e-09 8.589177e-01 -5.790654e-03
1.647317e+02 3.364603e-09 8.594933e-01 -5.774761e-03
1.652321e+02 3.327021e-09 8.600660e-01 -5.758955e-03
1.657325e+02 3.289963e-09 8.606357e-01 -5.743234e-03
1.662329e+02 3.253419e-09 8.612025e-01 -5.727597e-03
1.667333e+02 3.217381e-09 8.617664e-01 -5.712043e-03
1.672337e+02 3.181841e-09 8.623274e-01 -5.696573e-03
1.677341e+02 3.146790e-09 8.628855e-01 -5.681185e-03
1.682345e+02 3.112221e-09 8.634408e-01 -5.665878e-03
1.687349e+02 3.078125e-09 8.639933e-01 -5.650653e-03
1.692353e+02 3.044494e-09 8.645430e-01 -5.635508e-03
1.697357e+02 3.011322e-09 8.650900e-01 -5.620442e-03
1.702361e+02 2.978601e-09 8.656341e-01 -5.605456e-03
1.707365e+02 2.946322e-09 8.661756e-01 -5.590548e-03
1.712369e+02 2.914480e-09 8.667143e-01 -5.575719e-03
1.717373e+02 2.883067e-09 8.672504e-01 -5.560966e-03
1.722377e+02 2.852076e-09 8.677837e-01 -5.546290e-03
1.727381e+02 2.821500e-09 8.683145e-01 -5.531691e-03
1.732385e+02 2.791333e-09 8.688425e-01 -5.517166e-03
1.737389e+02 2.761568e-09 8.693680e-01 -5.502717e-03
1.742393e+02 2.732199e-09 8.698909e-01 -5.488342e-03
1.747397e+02 2.703219e-09 8.704112e-01 -5.474041e-03
1.752401e+02 2.674623e-09 8.709290e-01 -5.459813e-03
1.757405e+02 2.646403e-09 8.714442e-01 -5.445657e-03
1.762409e+02 2.618555e-09 8.719569e-01 -5.431574e-03
1.767413e+02 2.591072e-09 8.724671e-01 -5.417562e-03
1.772417e+02 2.563949e-09 8.729748e-01 -5.403621e-03
1.777421e+02 2.537180e-09 8.734801e-01 -5.389751e-03
1.782425e+02 2.510760e-09 8.739829e-01 -5.375950e-03
1.787429e+02 2.484682e-09 8.744833e-01 -5.362219e-03
1.792433e+02 2.458942e-09 8.749813e-01 -5.348557e-03
1.797437e+02 2.433535e-09 8.754769e-01 -5.334963e-03
1.802441e+02 2.408455e-09 8.759701e-01 -5.321437e-03
1.807445e+02 2.383697e-09 8.764609e-01 -5.307978e-03
1.812449e+02 2.359256e-09 8.769494e-01 -5.294586e-03
1.817453e+02 2.335128e-09 8.774356e-01 -5.281261e-03
1.822457e+02 2.311308e-09 8.779195e-01 -5.268001e-03
1.827461e+02 2.287791e-09 8.784011e-01 -5.254807e-03
1.832465e+02 2.264572e-09 8.788804e-01 -5.241678e-03
1.837469e+02 2.241647e-09 8.793574e-01 -5.228613e-03
1.842473e+02 2.219011e-09 8.798322e-01 -5.215612e-03
1.847477e+02 2.196660e-09 8.803048e-01 -5.202674e-03
1.852481e+02 2.174590e-09 8.807752e-01 -5.189799e-03
1.857485e+02 2.152797e-09 8.812433e-01 -5.176987e-03
1.862489e+02 2.131275e-09 8.817093e-01 -5.164237e-03
1.867493e+02 2.110023e-09 8.821731e-01 -5.151549e-03
1.872497e+02 2.089034e-09 8.826348e-01 -5.138922e-03
1.877502e+02 2.068306e-09 8.830943e-01 -5.126355e-03
1.882506e+02 2.047834e-09 8.835517e-01 -5.113849e-03
1.887510e+02 2.027615e-09 8.840070e-01 -5.101403e-03
1.892514e+02 2.007645e-09 8.844602e-01 -5.089016e-03
1.897518e+02 1.987920e-09 8.849113e-01 -5.076689e-03
1.902522e+02 1.968437e-09 8.853604e-01 -5.064420e-03
1.907526e+02 1.949191e-09 8.858074e-01 -5.052209e-03
1.912530e+02 1.930181e-09 8.862524e-01 -5.040056e-03
1.917534e+02 1.911402e-09 8.866953e-01 -5.027960e-03
1.922538e+02 1.892850e-09 8.871363e-01 -5.015921e-03
1.927542e+02 1.874523e-09 8.875752e-01 -5.003939e-03
1.932546e+02 1.856418e-09 8.880122e-01 -4.992013e-03
1.937550e+02 1.838530e-09 8.884472e-01 -4.980143e-03
1.942554e+02 1.820858e-09 8.888802e-01 -4.968328e-03
1.947558e+02 1.803397e-09 8.893113e-01 -4.956568e-03
1.952562e+02 1.786145e-09 8.897405e-01 -4.944863e-03
1.957566e+02 1.769099e-09 8.901677e-01 -4.933211e-03
1.962570e+02 1.752256e-09 8.905931e-01 -4.921614e-03
1.967574e+02 1.735613e-09 8.910165e-01 -4.910071e-03
1.972578e+02 1.719167e-09 8.914381e-01 -4.898580e-03
1.977582e+02 1.702915e-09 8.918578e-01 -4.887142e-03
1.982586e+02 1.686855e-09 8.922757e-01 -4.875757e-03
1.987590e+02 1.670983e-09 8.926917e-01 -4.864423e-03
1.992594e+02 1.655298e-09 8.931059e-01 -4.853142e-03
1.997598e+02 1.639797e-09 8.935183e-01 -4.841911e-03
2.002602e+02 1.624477e-09 8.939288e-01 -4.830732e-03
2.007606e+02 1.609335e-09 8.943376e-01 -4.819603e-03
2.012610e+02 1.594369e-09 8.947446e-01 -4.808525e-03
2.017614e+02 1.579577e-09 8.951498e-01 -4.797496e-03
2.022618e+02 1.564956e-09 8.955533e-01 -4.786517e-03
2.027622e+02 1.550504e-09 8.959550e-01 -4.775588e-03
2.032626e+02 1.536218e-09 8.963550e-01 -4.764707e-03
2.037630e+02 1.522096e-09 8.967532e-01 -4.753875e-03
2.042634e+02 1.508136e-09 8.971498e-01 -4.743091e-03
2.047638e+02 1.494336e-09 8.975446e-01 -4.732355e-03
2.052642e+02 1.480694e-09 8.979377e-01 -4.721667e-03
2.057646e+02 1.467206e-09 8.983292e-01 -4.711026e-03
2.062650e+02 1.453872e-09 8.987190e-01 -4.700433e-03
2.067654e+02 1.440690e-09 8.991071e-01 -4.689885e-03
2.072658e+02 1.427656e-09 8.994936e-01 -4.679385e-03
2.077662e+02 1.414769e-09 8.998785e-01 -4.668930e-03
2.082666e+02 1.402027e-09 9.002617e-01 -4.658521e-03
2.087670e+02 1.389429e-09 9.006433e-01 -4.648158e-03
2.092674e+02 1.376972e-09 9.010233e-01 -4.637840e-03
2.097678e+02 1.364654e-09 9.014017e-01 -4.627567e-03
2.102682e+02 1.352473e-09 9.017785e-01 -4.617338e-03
2.107686e+02 1.340428e-09 9.021537e-01 -4.607154e-03
2.112690e+02 1.328517e-09 9.025273e-01 -4.597014e-03
2.117694e+02 1.316738e-09 9.028994e-01 -4.586917e-03
2.122698e+02 1.305089e-09 9.032700e-01 -4.576864e-03
2.127702e+02 1.293569e-09 9.036390e-01 -4.566855e-03
2.132706e+02 1.282175e-09 9.040065e-01 -4.556888e-03
2.137710e+02 1.270907e-09 9.043725e-01 -4.546963e-03
2.142714e+02 1.259762e-09 9.047369e-01 -4.537082e-03
2.147718e+02 1.248739e-09 9.050999e-01 -4.527242e-03
2.152722e+02 1.237837e-09 9.054613e-01 -4.517444e-03
2.157726e+02 1.227053e-09 9.058213e-01 -4.507687e-03
2.162730e+02 1.216386e-09 9.061798e-01 -4.497972e-03
2.167734e+02 1.205835e-09 9.065368e-01 -4.488298e-03
2.172738e+02 1.195398e-09 9.068924e-01 -4.478665e-03
2.177742e+02 1.185074e-09 9.072466e-01 -4.469072e-03
2.182746e+02 1.174861e-09 9.075993e-01 -4.459520e-03
2.187750e+02 1.164758e-09 9.079505e-01 -4.450007e-03
2.192754e+02 1.154763e-09 9.083004e-01 -4.440534e-03
2.197758e+02 1.144875e-09 9.086488e-01 -4.431101e-03
2.202762e+02 1.135093e-09 9.089959e-01 -4.421707e-03
2.207766e+02 1.125415e-09 9.093415e-01 -4.412352e-03
2.212770e+02 1.115840e-09 9.096857e-01 -4.403036e-03
2.217774e+02 1.106367e-09 9.100286e-01 -4.393758e-03
2.222778e+02 1.096994e-09 9.103701e-01 -4.384519e-03
2.227782e+02 1.087720e-09 9.107103e-01 -4.375318e-03
2.232786e+02 1.078544e-09 9.110490e-01 -4.366154e-03
2.237790e+02 1.069464e-09 9.113865e-01 -4.357028e-03
2.242794e+02 1.060480e-09 9.117226e-01 -4.347940e-03
2.247798e+02 1.051590e-09 9.120574e-01 -4.338889e-03
2.252802e+02 1.042793e-09 9.123908e-01 -4.329874e-03
2.257806e+02 1.034087e-09 9.127229e-01 -4.320896e-03
2.262810e+02 1.025473e-09 9.130538e-01 -4.311955e-03
2.267814e+02 1.016947e-09 9.133833e-01 -4.303050e-03
2.272818e+02 1.008511e-09 9.137115e-01 -4.294181e-03
2.277822e+02 1.000161e-09 9.140385e-01 -4.285348e-03
2.282826e+02 9.918979e-10 9.143642e-01 -4.276550e-03
2.287830e+02 9.837199e-10 9.146886e-01 -4.267788e-03
2.292834e+02 9.756260e-10 9.150117e-01 -4.259061e-03
2.297838e+02 9.676151e-10 9.153336e-01 -4.250368e-03
2.302842e+02 9.596863e-10 9.156543e-01 -4.241711e-03
2.307846e+02 9.518386e-10 9.159737e-01 -4.233088e-03
2.312850e+02 9.440709e-10 9.162919e-01 -4.224500e-03
2.317854e+02 9.363823e-10 9.166088e-01 -4.215945e-03
2.322858e+02 9.287718e-10 9.169245e-01 -4.207424e-03
2.327862e+02 9.212384e-10 9.172391e-01 -4.198938e-03
2.332866e+02 9.137813e-10 9.175524e-01 -4.190484e-03
2.337870e+02 9.063995e-10 9.178645e-01 -4.182064e-03
2.342874e+02 8.990921e-10 9.181754e-01 -4.173677e-03
2.347878e+02 8.918582e-10 9.184852e-01 -4.165323e-03
2.352882e+02 8.846969e-10 9.187937e-01 -4.157002e-03
2.357886e+02 8.776074e-10 9.191011e-01 -4.148714e-03
2.362890e+02 8.705887e-10 9.194074e-01 -4.140457e-03
2.367894e+02 8.636400e-10 9.197124e-01 -4.132233e-03
2.372898e+02 8.567606e-10 9.200164e-01 -4.124041e-03
2.377902e+02 8.499495e-10 9.203191e-01 -4.115880e-03
2.382906e+02 8.432059e-10 9.206208e-01 -4.107752e-03
2.387910e+02 8.365291e-10 9.209213e-01 -4.099654e-03
2.392914e+02 8.299183e-10 9.212207e-01 -4.091588e-03
2.397918e+02 8.233726e-10 9.215189e-01 -4.083553e-03
2.402922e+02 8.168914e-10 9.218161e-01 -4.075549e-03
2.407926e+02 8.104738e-10 9.221122e-01 -4.067575e-03
2.412930e+02 8.041191e-10 9.224071e-01 -4.059632e-03
2.417934e+02 7.978266e-10 9.227010e-01 -4.051720e-03
2.422938e+02 7.915955e-10 9.229937e-01 -4.043837e-03
2.427942e+02 7.854251e-10 9.232854e-01 -4.035985e-03
2.432946e+02 7.793147e-10 9.235760e-01 -4.028162e-03
2.437950e+02 7.732636e-10 9.238656e-01 -4.020369e-03
2.442954e+02 7.672712e-10 9.241540e-01 -4.012606e-03
2.447958e+02 7.613367e-10 9.244414e-01 -4.004872e-03
2.452962e+02 7.554594e-10 9.247278e-01 -3.997167e-03
2.457966e+02 7.496388e-10 9.250131e-01 -3.989491e-03
2.462970e+02 7.438741e-10 9.252974e-01 -3.981844e-03
2.467974e+02 7.381647e-10 9.255806e-01 -3.974225e-03
2.472978e+02 7.325100e-10 9.258628e-01 -3.966635e-03
2.477982e+02 7.269094e-10 9.261440e-01 -3.959074e-03
2.482986e+02 7.213621e-10 9.264242e-01 -3.951540e-03
2.487990e+02 7.158677e-10 9.267034e-01 -3.944035e-03
2.492994e+02 7.104255e-10 9.269815e-01 -3.936558e-03
2.497998e+02 7.050349e-10 9.272586e-01 -3.929108e-03
2.503002e+02 6.996954e-10 9.275348e-01 -3.921686e-03
2.508006e+02 6.944063e-10 9.278099e-01 -3.914291e-03
2.513010e+02 6.891671e-10 9.280841e-01 -3.906924e-03
2.518014e+02 6.839772e-10 9.283573e-01 -3.899583e-03
2.523018e+02 6.788361e-10 9.286295e-01 -3.892270e-03
2.528022e+02 6.737432e-10 9.289008e-01 -3.884983e-03
2.533026e+02 6.686980e-10 9.291710e-01 -3.877723e-03
2.538030e+02 6.636999e-10 9.294404e-01 -3.870490e-03
2.543034e+02 6.587484e-10 9.297087e-01 -3.863283e-03
2.548038e+02 6.538430e-10 9.299761e-01 -3.856102e-03
2.553042e+02 6.489832e-10 9.302426e-01 -3.848948e-03
2.558046e+02 6.441684e-10 9.305081e-01 -3.841819e-03
2.563050e+02 6.393983e-10 9.307727e-01 -3.834716e-03
2.568054e+02 6.346722e-10 9.310364e-01 -3.827639e-03
2.573058e+02 6.299896e-10 9.312991e-01 -3.820587e-03
2.578062e+02 6.253502e-10 9.315609e-01 -3.813561e-03
2.583066e+02 6.207535e-10 9.318218e-01 -3.806560e-03
2.588070e+02 6.161989e-10 9.320818e-01 -3.799584e-03
2.593074e+02 6.116859e-10 9.323409e-01 -3.792633e-03
2.598078e+02 6.072143e-10 9.325991e-01 -3.785707e-03
2.603082e+02 6.027834e-10 9.328564e-01 -3.778806e-03
2.608086e+02 5.983928e-10 9.331128e-01 -3.771929e-03
2.613090e+02 5.940422e-10 9.333683e-01 -3.765077e-03
2.618094e+02 5.897310e-10 9.336229e-01 -3.758249e-03
2.623098e+02 5.854589e-10 9.338767e-01 -3.751445e-03
2.628102e+02 5.812254e-10 9.341296e-01 -3.744665e-03
2.633106e+02 5.770301e-10 9.343816e-01 -3.737910e-03
2.638110e+02 5.728725e-10 9.346327e-01 -3.731178e-03
2.643114e+02 5.687524e-10 9.348830e-01 -3.724470e-03
2.648118e+02 5.646692e-10 9.351324e-01 -3.717785e-03
2.653122e+02 5.606226e-10 9.353810e-01 -3.711124e-03
2.658126e+02 5.566122e-10 9.356287e-01 -3.704486e-03
2.663130e+02 5.526376e-10 9.358756e-01 -3.697871e-03
2.668134e+02 5.486984e-10 9.361216e-01 -3.691279e-03
2.673138e+02 5.447942e-10 9.363668e-01 -3.684711e-03
2.678142e+02 5.409247e-10 9.366112e-01 -3.678165e-03
2.683146e+02 5.370895e-10 9.368548e-01 -3.671642e-03
2.688150e+02 5.332882e-10 9.370975e-01 -3.665141e-03
2.693154e+02 5.295205e-10 9.373394e-01 -3.658663e-03
2.698158e+02 5.257861e-10 9.375805e-01 -3.652207e-03
2.703162e+02 5.220844e-10 9.378208e-01 -3.645774e-03
2.708166e+02 5.184153e-10 9.380603e-01 -3.639363e-03
2.713170e+02 5.147784e-10 9.382990e-01 -3.632973e-03
2.718174e+02 5.111733e-10 9.385369e-01 -3.626606e-03
2.723178e+02 5.075997e-10 9.387740e-01 -3.620261e-03
2.728182e+02 5.040573e-10 9.390103e-01 -3.613937e-03
2.733186e+02 5.005458e-10 9.392458e-01 -3.607634e-03
2.738190e+02 4.970648e-10 9.394806e-01 -3.601354e-03
2.743194e+02 4.936139e-10 9.397145e-01 -3.595094e-03
2.748198e+02 4.901930e-10 9.399477e-01 -3.588856e-03
2.753202e+02 4.868017e-10 9.401801e-01 -3.582639e-03
2.758206e+02 4.834396e-10 9.404118e-01 -3.576443e-03
2.763210e+02 4.801065e-10 9.406427e-01 -3.570267e-03
2.768214e+02 4.768021e-10 9.408728e-01 -3.564113e-03
2.773218e+02 4.735261e-10 9.411022e-01 -3.557979e-03
2.778222e+02 4.702782e-10 9.413308e-01 -3.551866e-03
2.783226e+02 4.670580e-10 9.415587e-01 -3.545774e-03
2.788230e+02 4.638654e-10 9.417858e-01 -3.539702e-03
2.793234e+02 4.607000e-10 9.420122e-01 -3.533650e-03
2.798238e+02 4.575616e-10 9.422379e-01 -3.527618e-03
2.803242e+02 4.544498e-10 9.424628e-01 -3.521607e-03
2.808246e+02 4.513645e-10 9.426870e-01 -3.515615e-03
2.813250e+02 4.483053e-10 9.429105e-01 -3.509644e-03
2.818254e+02 4.452719e-10 9.431332e-01 -3.503692e-03
2.823258e+02 4.422642e-10 9.433553e-01 -3.497760e-03
2.828262e+02 4.392819e-10 9.435766e-01 -3.491847e-03
2.833266e+02 4.363246e-10 9.437972e-01 -3.485954e-03
2.838270e+02 4.333922e-10 9.440171e-01 -3.480080e-03
2.843274e+02 4.304843e-10 9.442363e-01 -3.474226e-03
2.848278e+02 4.276009e-10 9.444548e-01 -3.468391e-03
2.853282e+02 4.247415e-10 9.446726e-01 -3.462575e-03
2.858286e+02 4.219060e-10 9.448896e-01 -3.456778e-03
2.863290e+02 4.190941e-10 9.451060e-01 -3.451000e-03
2.868294e+02 4.163056e-10 9.453218e-01 -3.445241e-03
2.873298e+02 4.135402e-10 9.455368e-01 -3.439501e-03
2.878302e+02 4.107978e-10 9.457511e-01 -3.433779e-03
2.883306e+02 4.080781e-10 9.459648e-01 -3.428076e-03
2.888310e+02 4.053808e-10 9.461778e-01 -3.422391e-03
2.893314e+02 4.027058e-10 9.463901e-01 -3.416725e-03
2.898318e+02 4.000528e-10 9.466018e-01 -3.411077e-03
2.903322e+02 3.974217e-10 9.468128e-01 -3.405447e-03
2.908326e+02 3.948121e-10 9.470231e-01 -3.399835e-03
2.913330e+02 3.922239e-10 9.472327e-01 -3.394242e-03
2.918334e+02 3.896569e-10 9.474418e-01 -3.388666e-03
2.923338e+02 3.871109e-10 9.476501e-01 -3.383108e-03
2.928342e+02 3.845856e-10 9.478578e-01 -3.377568e-03
2.933346e+02 3.820808e-10 9.480649e-01 -3.372046e-03
2.938350e+02 3.795965e-10 9.482713e-01 -3.366541e-03
2.943354e+02 3.771323e-10 9.484770e-01 -3.361054e-03
2.948358e+02 3.746880e-10 9.486822e-01 -3.355584e-03
2.953362e+02 3.722636e-10 9.488867e-01 -3.350132e-03
2.958366e+02 3.698587e-10 9.490905e-01 -3.344697e-03
2.963370e+02 3.674732e-10 9.492938e-01 -3.339279e-03
2.968374e+02 3.651069e-10 9.494964e-01 -3.333878e-03
2.973378e+02 3.627596e-10 9.496984e-01 -3.328494e-03
2.978382e+02 3.604311e-10 9.498997e-01 -3.323127e-03
2.983386e+02 3.581213e-10 9.501005e-01 -3.317777e-03
2.988390e+02 3.558300e-10 9.503006e-01 -3.312444e-03
2.993394e+02 3.535570e-10 9.505001e-01 -3.307127e-03
2.998398e+02 3.513021e-10 9.506990e-01 -3.301828e-03
3.003402e+02 3.490651e-10 9.508973e-01 -3.296544e-03
3.008406e+02 3.468459e-10 9.510950e-01 -3.291278e-03
3.013410e+02 3.446444e-10 9.512921e-01 -3.286027e-03
3.018414e+02 3.424602e-10 9.514886e-01 -3.280793e-03
3.023418e+02 3.402934e-10 9.516845e-01 -3.275575e-03
3.028422e+02 3.381436e-10 9.518798e-01 -3.270374e-03
3.033426e+02 3.360108e-10 9.520745e-01 -3.265188e-03
3.038430e+02 3.338948e-10 9.522687e-01 -3.260019e-03
3.043434e+02 3.317954e-10 9.524622e-01 -3.254865e-03
3.048438e+02 3.297125e-10 9.526552e-01 -3.249727e-03
3.053442e+02 3.276460e-10 9.528476e-01 -3.244605e-03
3.058446e+02 3.255955e-10 9.530394e-01 -3.239499e-03
3.063450e+02 3.235611e-10 9.532306e-01 -3.234409e-03
3.068454e+02 3.215426e-10 9.534213e-01 -3.229334e-03
3.073458e+02 3.195398e-10 9.536113e-01 -3.224274e-03
3.078462e+02 3.175525e-10 9.538009e-01 -3.219231e-03
3.083466e+02 3.155807e-10 9.539898e-01 -3.214202e-03
3.088470e+02 3.136242e-10 9.541782e-01 -3.209189e-03
3.093474e+02 3.116828e-10 9.543661e-01 -3.204191e-03
3.098478e+02 3.097564e-10 9.545533e-01 -3.199208e-03
3.103482e+02 3.078448e-10 9.547401e-01 -3.194240e-03
3.108486e+02 3.059480e-10 9.549262e-01 -3.189287e-03
3.113490e+02 3.040658e-10 9.551119e-01 -3.184349e-03
3.118494e+02 3.021980e-10 9.552969e-01 -3.179427e-03
3.123498e+02 3.003445e-10 9.554815e-01 -3.174518e-03
3.128503e+02 2.985053e-10 9.556655e-01 -3.169625e-03
3.133507e+02 2.966801e-10 9.558489e-01 -3.164746e-03
3.138511e+02 2.948688e-10 9.560318e-01 -3.159882e-03
3.143515e+02 2.930713e-10 9.562142e-01 -3.155033e-03
3.148519e+02 2.912875e-10 9.563960e-01 -3.150198e-03
3.153523e+02 2.895172e-10 9.565773e-01 -3.145378e-03
3.158527e+02 2.877604e-10 9.567581e-01 -3.140571e-03
3.163531e+02 2.860169e-10 9.569384e-01 -3.135780e-03
3.168535e+02 2.842866e-10 9.571181e-01 -3.131002e-03
3.173539e+02 2.825693e-10 9.572973e-01 -3.126238e-03
3.178543e+02 2.808650e-10 9.574760e-01 -3.121489e-03
3.183547e+02 2.791735e-10 9.576542e-01 -3.116754e-03
3.188551e+02 2.774947e-10 9.578319e-01 -3.112033e-03
3.193555e+02 2.758285e-10 9.580090e-01 -3.107325e-03
3.198559e+02 2.741748e-10 9.581857e-01 -3.102632e-03
3.203563e+02 2.725335e-10 9.583618e-01 -3.097952e-03
3.208567e+02 2.709045e-10 9.585374e-01 -3.093286e-03
3.213571e+02 2.692876e-10 9.587125e-01 -3.088634e-03
3.218575e+02 2.676827e-10 9.588872e-01 -3.083995e-03
3.223579e+02 2.660898e-10 9.590613e-01 -3.079370e-03
3.228583e+02 2.645087e-10 9.592349e-01 -3.074758e-03
3.233587e+02 2.629394e-10 9.594080e-01 -3.070160e-03
3.238591e+02 2.613816e-10 9.595807e-01 -3.065575e-03
3.243595e+02 2.598354e-10 9.597528e-01 -3.061004e-03
3.248599e+02 2.583006e-10 9.599245e-01 -3.056446e-03
3.253603e+02 2.567771e-10 9.600957e-01 -3.051901e-03
3.258607e+02 2.552649e-10 9.602663e-01 -3.047369e-03
3.263611e+02 2.537637e-10 9.604365e-01 -3.042850e-03
3.268615e+02 2.522736e-10 9.606063e-01 -3.038344e-03
3.273619e+02 2.507944e-10 9.607755e-01 -3.033852e-03
3.278623e+02 2.493260e-10 9.609443e-01 -3.029372e-03
3.283627e+02 2.478684e-10 9.611126e-01 -3.024905e-03
3.288631e+02 2.464213e-10 9.612804e-01 -3.020451e-03
3.293635e+02 2.449849e-10 9.614477e-01 -3.016009e-03
3.298639e+02 2.435589e-10 9.616146e-01 -3.011581e-03
3.303643e+02 2.421432e-10 9.617810e-01 -3.007165e-03
3.308647e+02 2.407378e-10 9.619470e-01 -3.002761e-03
3.313651e+02 2.393426e-10 9.621125e-01 -2.998370e-03
3.318655e+02 2.379575e-10 9.622775e-01 -2.993992e-03
3.323659e+02 2.365824e-10 9.624421e-01 -2.989626e-03
3.328663e+02 2.352172e-10 9.626062e-01 -2.985273e-03
3.333667e+02 2.338619e-10 9.627698e-01 -2.980931e-03
3.338671e+02 2.325163e-10 9.629331e-01 -2.976602e-03
3.343675e+02 2.311803e-10 9.630958e-01 -2.972286e-03
3.348679e+02 2.298539e-10 9.632581e-01 -2.967981e-03
3.353683e+02 2.285371e-10 9.634200e-01 -2.963689e-03
3.358687e+02 2.272296e-10 9.635814e-01 -2.959408e-03
3.363691e+02 2.259315e-10 9.637423e-01 -2.955140e-03
3.368695e+02 2.246427e-10 9.639029e-01 -2.950884e-03
3.373699e+02 2.233630e-10 9.640629e-01 -2.946639e-03
3.378703e+02 2.220924e-10 9.642226e-01 -2.942407e-03
3.383707e+02 2.208309e-10 9.643818e-01 -2.938186e-03
3.388711e+02 2.195783e-10 9.645406e-01 -2.933977e-03
3.393715e+02 2.183345e-10 9.646989e-01 -2.929780e-03
3.398719e+02 2.170996e-10 9.648568e-01 -2.925594e-03
3.403723e+02 2.158734e-10 9.650143e-01 -2.921420e-03
3.408727e+02 2.146558e-10 9.651714e-01 -2.917258e-03
3.413731e+02 2.134468e-10 9.653280e-01 -2.913107e-03
3.418735e+02 2.122463e-10 9.654842e-01 -2.908968e-03
3.423739e+02 2.110542e-10 9.656400e-01 -2.904840e-03
3.428743e+02 2.098705e-10 9.657953e-01 -2.900723e-03
3.433747e+02 2.086951e-10 9.659503e-01 -2.896618e-03
3.438751e+02 2.075278e-10 9.661048e-01 -2.892524e-03
3.443755e+02 2.063688e-10 9.662589e-01 -2.888442e-03
3.448759e+02 2.052178e-10 9.664126e-01 -2.884370e-03
3.453763e+02 2.040748e-10 9.665659e-01 -2.880310e-03
3.458767e+02 2.029398e-10 9.667187e-01 -2.876261e-03
3.463771e+02 2.018126e-10 9.668712e-01 -2.872222e-03
3.468775e+02 2.006933e-10 9.670232e-01 -2.868195e-03
3.473779e+02 1.995817e-10 9.671749e-01 -2.864179e-03
3.478783e+02 1.984778e-10 9.673261e-01 -2.860174e-03
3.483787e+02 1.973816e-10 9.674770e-01 -2.856180e-03
3.488791e+02 1.962928e-10 9.676274e-01 -2.852196e-03
3.493795e+02 1.952116e-10 9.677775e-01 -2.848223e-03
3.498799e+02 1.941378e-10 9.679271e-01 -2.844261e-03
3.503803e+02 1.930714e-10 9.680763e-01 -2.840310e-03
3.508807e+02 1.920123e-10 9.682252e-01 -2.836370e-03
3.513811e+02 1.909605e-10 9.683737e-01 -2.832440e-03
3.518815e+02 1.899158e-10 9.685217e-01 -2.828520e-03
3.523819e+02 1.888783e-10 9.686694e-01 -2.824611e-03
3.528823e+02 1.878479e-10 9.688167e-01 -2.820713e-03
3.533827e+02 1.868244e-10 9.689636e-01 -2.816825e-03
3.538831e+02 1.858080e-10 9.691101e-01 -2.812948e-03
3.543835e+02 1.847984e-10 9.692562e-01 -2.809080e-03
3.548839e+02 1.837957e-10 9.694020e-01 -2.805224e-03
3.553843e+02 1.827998e-10 9.695473e-01 -2.801377e-03
3.558847e+02 1.818106e-10 9.696923e-01 -2.797541e-03
3.563851e+02 1.808281e-10 9.698369e-01 -2.793715e-03
3.568855e+02 1.798522e-10 9.699812e-01 -2.789899e-03
3.573859e+02 1.788829e-10 9.701250e-01 -2.786093e-03
3.578863e+02 1.779201e-10 9.702685e-01 -2.782297e-03
3.583867e+02 1.769638e-10 9.704116e-01 -2.778512e-03
3.588871e+02 1.760139e-10 9.705544e-01 -2.774736e-03
3.593875e+02 1.750704e-10 9.706967e-01 -2.770970e-03
3.598879e+02 1.741332e-10 9.708388e-01 -2.767214e-03
3.603883e+02 1.732022e-10 9.709804e-01 -2.763468e-03
3.608887e+02 1.722775e-10 9.711217e-01 -2.759732e-03
3.613891e+02 1.713589e-10 9.712626e-01 -2.756006e-03
3.618895e+02 1.704464e-10 9.714031e-01 -2.752290e-03
3.623899e+02 1.695400e-10 9.715433e-01 -2.748583e-03
3.628903e+02 1.686396e-10 9.716831e-01 -2.744886e-03
3.633907e+02 1.677452e-10 9.718226e-01 -2.741198e-03
3.638911e+02 1.668567e-10 9.719617e-01 -2.737520e-03
3.643915e+02 1.659741e-10 9.721005e-01 -2.733852e-03
3.648919e+02 1.650973e-10 9.722389e-01 -2.730193e-03
3.653923e+02 1.642263e-10 9.723769e-01 -2.726544e-03
3.658927e+02 1.633611e-10 9.725146e-01 -2.722905e-03
3.663931e+02 1.625015e-10 9.726520e-01 -2.719274e-03
3.668935e+02 1.616476e-10 9.727890e-01 -2.715653e-03
3.673939e+02 1.607992e-10 9.729257e-01 -2.712042e-03
3.678943e+02 1.599565e-10 9.730620e-01 -2.708439e-03
3.683947e+02 1.591192e-10 9.731979e-01 -2.704847e-03
3.688951e+02 1.582874e-10 9.733335e-01 -2.701263e-03
3.693955e+02 1.574611e-10 9.734688e-01 -2.697688e-03
3.698959e+02 1.566401e-10 9.736038e-01 -2.694123e-03
3.703963e+02 1.558245e-10 9.737384e-01 -2.690567e-03
3.708967e+02 1.550142e-10 9.738726e-01 -2.687020e-03
3.713971e+02 1.542091e-10 9.740066e-01 -2.683482e-03
3.718975e+02 1.534092e-10 9.741401e-01 -2.679953e-03
3.723979e+02 1.526146e-10 9.742734e-01 -2.676433e-03
3.728983e+02 1.518251e-10 9.744063e-01 -2.672922e-03
3.733987e+02 1.510406e-10 9.745389e-01 -2.669420e-03
3.738991e+02 1.502613e-10 9.746712e-01 -2.665927e-03
3.743995e+02 1.494869e-10 9.748031e-01 -2.662442e-03
3.748999e+02 1.487175e-10 9.749347e-01 -2.658967e-03
3.754003e+02 1.479531e-10 9.750660e-01 -2.655500e-03
3.759007e+02 1.471936e-10 9.751969e-01 -2.652042e-03
3.764011e+02 1.464390e-10 9.753275e-01 -2.648593e-03
3.769015e+02 1.456891e-10 9.754578e-01 -2.645153e-03
3.774019e+02 1.449441e-10 9.755878e-01 -2.641721e-03
3.779023e+02 1.442038e-10 9.757175e-01 -2.638298e-03
3.784027e+02 1.434683e-10 9.758468e-01 -2.634883e-03
3.789031e+02 1.427374e-10 9.759758e-01 -2.631477e-03
3.794035e+02 1.420112e-10 9.761045e-01 -2.628080e-03
3.799039e+02 1.412896e-10 9.762329e-01 -2.624691e-03
3.804043e+02 1.405726e-10 9.763610e-01 -2.621310e-03
3.809047e+02 1.398601e-10 9.764888e-01 -2.617938e-03
3.814051e+02 1.391521e-10 9.766162e-01 -2.614574e-03
3.819055e+02 1.384486e-10 9.767433e-01 -2.611219e-03
3.824059e+02 1.377496e-10 9.768702e-01 -2.607872e-03
3.829063e+02 1.370549e-10 9.769967e-01 -2.604534e-03
3.834067e+02 1.363646e-10 9.771229e-01 -2.601203e-03
3.839071e+02 1.356787e-10 9.772488e-01 -2.597881e-03
3.844075e+02 1.349970e-10 9.773744e-01 -2.594567e-03
3.849079e+02 1.343197e-10 9.774997e-01 -2.591262e-03
3.854083e+02 1.336466e-10 9.776246e-01 -2.587964e-03
3.859087e+02 1.329777e-10 9.777493e-01 -2.584675e-03
3.864091e+02 1.323129e-10 9.778737e-01 -2.581394e-03
3.869095e+02 1.316524e-10 9.779978e-01 -2.578120e-03
3.874099e+02 1.309959e-10 9.781216e-01 -2.574855e-03
3.879103e+02 1.303435e-10 9.782450e-01 -2.571598e-03
3.884107e+02 1.296952e-10 9.783682e-01 -2.568349e-03
3.889111e+02 1.290509e-10 9.784911e-01 -2.565108e-03
3.894115e+02 1.284106e-10 9.786137e-01 -2.561874e-03
3.899119e+02 1.277743e-10 9.787360e-01 -2.558649e-03
3.904123e+02 1.271419e-10 9.788580e-01 -2.555432e-03
3.909127e+02 1.265134e-10 9.789797e-01 -2.552222e-03
3.914131e+02 1.258888e-10 9.791012e-01 -2.549020e-03
3.919135e+02 1.252681e-10 9.792223e-01 -2.545826e-03
3.924139e+02 1.246512e-10 9.793431e-01 -2.542640e-03
3.929143e+02 1.240380e-10 9.794637e-01 -2.539461e-03
3.934147e+02 1.234286e-10 9.795840e-01 -2.536290e-03
3.939151e+02 1.228230e-10 9.797040e-01 -2.533127e-03
3.944155e+02 1.222211e-10 9.798237e-01 -2.529971e-03
3.949159e+02 1.216228e-10 9.799431e-01 -2.526823e-03
3.954163e+02 1.210282e-10 9.800622e-01 -2.523683e-03
3.959167e+02 1.204373e-10 9.801811e-01 -2.520550e-03
3.964171e+02 1.198499e-10 9.802996e-01 -2.517425e-03
3.969175e+02 1.192661e-10 9.804179e-01 -2.514307e-03
3.974179e+02 1.186859e-10 9.805359e-01 -2.511197e-03
3.979183e+02 1.181092e-10 9.806537e-01 -2.508094e-03
3.984187e+02 1.175360e-10 9.807711e-01 -2.504998e-03
3.989191e+02 1.169663e-10 9.808883e-01 -2.501910e-03
3.994195e+02 1.164000e-10 9.810052e-01 -2.498829e-03
3.999199e+02 1.158371e-10 9.811219e-01 -2.495756e-03
4.004203e+02 1.152777e-10 9.812382e-01 -2.492690e-03
4.009207e+02 1.147216e-10 9.813543e-01 -2.489631e-03
4.014211e+02 1.141688e-10 9.814701e-01 -2.486580e-03
4.019215e+02 1.136194e-10 9.815857e-01 -2.483536e-03
4.024219e+02 1.130733e-10 9.817010e-01 -2.480499e-03
4.029223e+02 1.125305e-10 9.818160e-01 -2.477469e-03
4.034227e+02 1.119909e-10 9.819307e-01 -2.474446e-03
4.039231e+02 1.114545e-10 9.820452e-01 -2.471430e-03
4.044235e+02 1.109214e-10 9.821594e-01 -2.468422e-03
4.049239e+02 1.103914e-10 9.822734e-01 -2.465421e-03
4.054243e+02 1.098646e-10 9.823871e-01 -2.462426e-03
4.059247e+02 1.093409e-10 9.825005e-01 -2.459439e-03
4.064251e+02 1.088204e-10 9.826136e-01 -2.456459e-03
4.069255e+02 1.083029e-10 9.827265e-01 -2.453486e-03
4.074259e+02 1.077886e-10 9.828392e-01 -2.450519e-03
4.079263e+02 1.072772e-10 9.829516e-01 -2.447560e-03
4.084267e+02 1.067689e-10 9.830637e-01 -2.444608e-03
4.089271e+02 1.062636e-10 9.831756e-01 -2.441662e-03
4.094275e+02 1.057613e-10 9.832872e-01 -2.438724e-03
4.099279e+02 1.052620e-10 9.833985e-01 -2.435792e-03
4.104283e+02 1.047656e-10 9.835096e-01 -2.432867e-03
4.109287e+02 1.042721e-10 9.836205e-01 -2.429948e-03
4.114291e+02 1.037815e-10 9.837311e-01 -2.427037e-03
4.119295e+02 1.032938e-10 9.838414e-01 -2.424132e-03
4.124299e+02 1.028090e-10 9.839515e-01 -2.421234e-03
4.129303e+02 1.023270e-10 9.840613e-01 -2.418343e-03
4.134307e+02 1.018478e-10 9.841709e-01 -2.415458e-03
4.139311e+02 1.013715e-10 9.842803e-01 -2.412581e-03
4.144315e+02 1.008979e-10 9.843894e-01 -2.409709e-03
4.149319e+02 1.004271e-10 9.844982e-01 -2.406845e-03
4.154323e+02 9.995899e-11 9.846068e-01 -2.403986e-03
4.159327e+02 9.949363e-11 9.847152e-01 -2.401135e-03
4.164331e+02 9.903098e-11 9.848233e-01 -2.398290e-03
4.169335e+02 9.857101e-11 9.849312e-01 -2.395451e-03
4.174339e+02 9.811371e-11 9.850388e-01 -2.392619e-03
4.179343e+02 9.765907e-11 9.851462e-01 -2.389794e-03
4.184347e+02 9.720705e-11 9.852533e-01 -2.386975e-03
4.189351e+02 9.675764e-11 9.853602e-01 -2.384162e-03
4.194355e+02 9.631083e-11 9.854669e-01 -2.381356e-03
4.199359e+02 9.586659e-11 9.855733e-01 -2.378556e-03
4.204363e+02 9.542491e-11 9.856795e-01 -2.375763e-03
4.209367e+02 9.498578e-11 9.857855e-01 -2.372975e-03
4.214371e+02 9.454916e-11 9.858912e-01 -2.370195e-03
4.219375e+02 9.411505e-11 9.859966e-01 -2.367420e-03
4.224379e+02 9.368343e-11 9.861019e-01 -2.364652e-03
4.229383e+02 9.325429e-11 9.862069e-01 -2.361890e-03
4.234387e+02 9.282759e-11 9.863117e-01 -2.359134e-03
4.239391e+02 9.240334e-11 9.864162e-01 -2.356385e-03
4.244395e+02 9.198150e-11 9.865205e-01 -2.353641e-03
4.249399e+02 9.156207e-11 9.866246e-01 -2.350904e-03
4.254403e+02 9.114503e-11 9.867285e-01 -2.348173e-03
4.259407e+02 9.073036e-11 9.868321e-01 -2.345448e-03
4.264411e+02 9.031804e-11 9.869355e-01 -2.342729e-03
4.269415e+02 8.990807e-11 9.870387e-01 -2.340017e-03
4.274419e+02 8.950042e-11 9.871416e-01 -2.337310e-03
4.279423e+02 8.909507e-11 9.872443e-01 -2.334609e-03
4.284427e+02 8.869202e-11 9.873468e-01 -2.331915e-03
4.289431e+02 8.829125e-11 9.874491e-01 -2.329226e-03
4.294435e+02 8.789273e-11 9.875511e-01 -2.326544e-03
4.299439e+02 8.749646e-11 9.876529e-01 -2.323867e-03
4.304443e+02 8.710243e-11 9.877545e-01 -2.321196e-03
4.309447e+02 8.671061e-11 9.878559e-01 -2.318532e-03
4.314451e+02 8.632098e-11 9.879570e-01 -2.315873e-03
4.319455e+02 8.593355e-11 9.880580e-01 -2.313220e-03
4.324459e+02 8.554829e-11 9.881587e-01 -2.310573e-03
4.329463e+02 8.516518e-11 9.882592e-01 -2.307932e-03
4.334467e+02 8.478421e-11 9.883594e-01 -2.305296e-03
4.339471e+02 8.440538e-11 9.884595e-01 -2.302667e-03
4.344475e+02 8.402865e-11 9.885593e-01 -2.300043e-03
4.349479e+02 8.365403e-11 9.886590e-01 -2.297425e-03
4.354483e+02 8.328149e-11 9.887584e-01 -2.294813e-03
4.359487e+02 8.291103e-11 9.888576e-01 -2.292206e-03
4.364491e+02 8.254262e-11 9.889565e-01 -2.289606e-03
4.369495e+02 8.217625e-11 9.890553e-01 -2.287011e-03
4.374499e+02 8.181192e-11 9.891539e-01 -2.284421e-03
4.379504e+02 8.144960e-11 9.892522e-01 -2.281837e-03
4.384508e+02 8.108928e-11 9.893503e-01 -2.279259e-03
4.389512e+02 8.073096e-11 9.894483e-01 -2.276687e-03
4.394516e+02 8.037461e-11 9.895460e-01 -2.274120e-03
4.399520e+02 8.002023e-11 9.896435e-01 -2.271559e-03
4.404524e+02 7.966780e-11 9.897408e-01 -2.269003e-03
4.409528e+02 7.931730e-11 9.898378e-01 -2.266453e-03
4.414532e+02 7.896874e-11 9.899347e-01 -2.263908e-03
4.419536e+02 7.862208e-11 9.900314e-01 -2.261369e-03
4.424540e+02 7.827733e-11 9.901278e-01 -2.258835e-03
4.429544e+02 7.793446e-11 9.902241e-01 -2.256307e-03
4.434548e+02 7.759346e-11 9.903202e-01 -2.253785e-03
4.439552e+02 7.725434e-11 9.904160e-01 -2.251267e-03
4.444556e+02 7.691706e-11 9.905117e-01 -2.248755e-03
4.449560e+02 7.658162e-11 9.906071e-01 -2.246249e-03
4.454564e+02 7.624800e-11 9.907023e-01 -2.243748e-03
4.459568e+02 7.591620e-11 9.907974e-01 -2.241252e-03
4.464572e+02 7.558621e-11 9.908922e-01 -2.238762e-03
4.469576e+02 7.525800e-11 9.909869e-01 -2.236277e-03
4.474580e+02 7.493158e-11 9.910813e-01 -2.233797e-03
4.479584e+02 7.460692e-11 9.911755e-01 -2.231323e-03
4.484588e+02 7.428402e-11 9.912696e-01 -2.228854e-03
4.489592e+02 7.396286e-11 9.913634e-01 -2.226390e-03
4.494596e+02 7.364344e-11 9.914571e-01 -2.223932e-03
4.499600e+02 7.332574e-11 9.915505e-01 -2.221479e-03
4.504604e+02 7.300975e-11 9.916438e-01 -2.219030e-03
4.509608e+02 7.269546e-11 9.917368e-01 -2.216588e-03
4.514612e+02 7.238286e-11 9.918297e-01 -2.214150e-03
4.519616e+02 7.207194e-11 9.919224e-01 -2.211717e-03
4.524620e+02 7.176269e-11 9.920149e-01 -2.209290e-03
4.529624e+02 7.145510e-11 9.921071e-01 -2.206868e-03
4.534628e+02 7.114915e-11 9.921992e-01 -2.204451e-03
4.539632e+02 7.084483e-11 9.922911e-01 -2.202039e-03
4.544636e+02 7.054214e-11 9.923829e-01 -2.199632e-03
4.549640e+02 7.024107e-11 9.924744e-01 -2.197230e-03
4.554644e+02 6.994160e-11 9.925657e-01 -2.194833e-03
4.559648e+02 6.964373e-11 9.926568e-01 -2.192442e-03
4.564652e+02 6.934744e-11 9.927478e-01 -2.190055e-03
4.569656e+02 6.905272e-11 9.928386e-01 -2.187673e-03
4.574660e+02 6.875957e-11 9.929291e-01 -2.185296e-03
4.579664e+02 6.846797e-11 9.930195e-01 -2.182925e-03
4.584668e+02 6.817792e-11 9.931097e-01 -2.180558e-03
4.589672e+02 6.788940e-11 9.931998e-01 -2.178196e-03
4.594676e+02 6.760240e-11 9.932896e-01 -2.175839e-03
4.599680e+02 6.731692e-11 9.933793e-01 -2.173487e-03
4.604684e+02 6.703294e-11 9.934687e-01 -2.171140e-03
4.609688e+02 6.675047e-11 9.935580e-01 -2.168798e-03
4.614692e+02 6.646947e-11 9.936471e-01 -2.166461e-03
4.619696e+02 6.618996e-11 9.937360e-01 -2.164128e-03
4.624700e+02 6.591191e-11 9.938248e-01 -2.161801e-03
4.629704e+02 6.563532e-11 9.939133e-01 -2.159478e-03
4.634708e+02 6.536018e-11 9.940017e-01 -2.157160e-03
4.639712e+02 6.508648e-11 9.940899e-01 -2.154847e-03
4.644716e+02 6.481421e-11 9.941779e-01 -2.152538e-03
4.649720e+02 6.454336e-11 9.942657e-01 -2.150235e-03
4.654724e+02 6.427393e-11 9.943534e-01 -2.147936e-03
4.659728e+02 6.400590e-11 9.944409e-01 -2.145642e-03
4.664732e+02 6.373927e-11 9.945282e-01 -2.143352e-03
4.669736e+02 6.347402e-11 9.946153e-01 -2.141068e-03
4.674740e+02 6.321016e-11 9.947023e-01 -2.138787e-03
4.679744e+02 6.294766e-11 9.947890e-01 -2.136512e-03
4.684748e+02 6.268652e-11 9.948756e-01 -2.134241e-03
4.689752e+02 6.242674e-11 9.949620e-01 -2.131975e-03
4.694756e+02 6.216830e-11 9.950483e-01 -2.129714e-03
4.699760e+02 6.191119e-11 9.951344e-01 -2.127457e-03
4.704764e+02 6.165542e-11 9.952203e-01 -2.125205e-03
4.709768e+02 6.140096e-11 9.953060e-01 -2.122957e-03
4.714772e+02 6.114782e-11 9.953916e-01 -2.120714e-03
4.719776e+02 6.089598e-11 9.954770e-01 -2.118476e-03
4.724780e+02 6.064543e-11 9.955622e-01 -2.116242e-03
4.729784e+02 6.039617e-11 9.956472e-01 -2.114013e-03
4.734788e+02 6.014819e-11 9.957321e-01 -2.111788e-03
4.739792e+02 5.990148e-11 9.958168e-01 -2.109567e-03
4.744796e+02 5.965604e-11 9.959013e-01 -2.107352e-03
4.749800e+02 5.941185e-11 9.959857e-01 -2.105140e-03
4.754804e+02 5.916891e-11 9.960699e-01 -2.102933e-03
4.759808e+02 5.892721e-11 9.961539e-01 -2.100731e-03
4.764812e+02 5.868674e-11 9.962378e-01 -2.098533e-03
4.769816e+02 5.844750e-11 9.963215e-01 -2.096339e-03
4.774820e+02 5.820947e-11 9.964050e-01 -2.094150e-03
4.779824e+02 5.797266e-11 9.964884e-01 -2.091965e-03
4.784828e+02 5.773705e-11 9.965716e-01 -2.089785e-03
4.789832e+02 5.750263e-11 9.966547e-01 -2.087609e-03
4.794836e+02 5.726941e-11 9.967375e-01 -2.085437e-03
4.799840e+02 5.703736e-11 9.968202e-01 -2.083270e-03
4.804844e+02 5.680649e-11 9.969028e-01 -2.081107e-03
4.809848e+02 5.657679e-11 9.969852e-01 -2.078949e-03
4.814852e+02 5.634824e-11 9.970674e-01 -2.076794e-03
4.819856e+02 5.612085e-11 9.971495e-01 -2.074644e-03
4.824860e+02 5.589461e-11 9.972314e-01 -2.072498e-03
4.829864e+02 5.566950e-11 9.973131e-01 -2.070357e-03
4.834868e+02 5.544553e-11 9.973947e-01 -2.068220e-03
4.839872e+02 5.522268e-11 9.974761e-01 -2.066087e-03
4.844876e+02 5.500095e-11 9.975574e-01 -2.063958e-03
4.849880e+02 5.478033e-11 9.976385e-01 -2.061834e-03
4.854884e+02 5.456081e-11 9.977194e-01 -2.059713e-03
4.859888e+02 5.434240e-11 9.978002e-01 -2.057597e-03
4.864892e+02 5.412508e-11 9.978808e-01 -2.055485e-03
4.869896e+02 5.390884e-11 9.979613e-01 -2.053377e-03
4.874900e+02 5.369368e-11 9.980416e-01 -2.051274e-03
4.879904e+02 5.347959e-11 9.981218e-01 -2.049174e-03
4.884908e+02 5.326657e-11 9.982018e-01 -2.047079e-03
4.889912e+02 5.305461e-11 9.982816e-01 -2.044988e-03
4.894916e+02 5.284370e-11 9.983613e-01 -2.042901e-03
4.899920e+02 5.263384e-11 9.984409e-01 -2.040818e-03
4.904924e+02 5.242502e-11 9.985203e-01 -2.038739e-03
4.909928e+02 5.221723e-11 9.985995e-01 -2.036664e-03
4.914932e+02 5.201048e-11 9.986786e-01 -2.034593e-03
4.919936e+02 5.180474e-11 9.987575e-01 -2.032527e-03
4.924940e+02 5.160002e-11 9.988363e-01 -2.030464e-03
4.929944e+02 5.139631e-11 9.989149e-01 -2.028405e-03
4.934948e+02 5.119361e-11 9.989934e-01 -2.026351e-03
4.939952e+02 5.099190e-11 9.990717e-01 -2.024300e-03
4.944956e+02 5.079119e-11 9.991499e-01 -2.022253e-03
4.949960e+02 5.059146e-11 9.992279e-01 -2.020211e-03
4.954964e+02 5.039272e-11 9.993058e-01 -2.018172e-03
4.959968e+02 5.019495e-11 9.993835e-01 -2.016137e-03
4.964972e+02 4.999814e-11 9.994611e-01 -2.014106e-03
4.969976e+02 4.980231e-11 9.995385e-01 -2.012079e-03
4.974980e+02 4.960743e-11 9.996158e-01 -2.010056e-03
4.979984e+02 4.941350e-11 9.996929e-01 -2.008037e-03
4.984988e+02 4.922052e-11 9.997699e-01 -2.006022e-03
4.989992e+02 4.902848e-11 9.998468e-01 -2.004011e-03
4.994996e+02 4.883737e-11 9.999235e-01 -2.002004e-03
5.000000e+02 4.864720e-11 1.000000e+00 -2.000000e-03
