! /n/nyx3/garavito/projects/XMC-Atlas/scripts/test_halo_108/modelname_halo_2240.txt
! R    D    M    P
1000
1.000000e-01 1.116168e-04 1.225935e-17 -4.076289e-02
6.004004e-01 9.590434e-05 1.122064e-04 -4.073364e-02
1.100801e+00 8.287968e-05 5.366678e-04 -4.056639e-02
1.601201e+00 7.200649e-05 1.432877e-03 -4.032438e-02
2.101602e+00 6.286980e-05 2.886374e-03 -4.002499e-02
2.602002e+00 5.514553e-05 4.933305e-03 -3.968098e-02
3.102402e+00 4.857831e-05 7.577247e-03 -3.930240e-02
3.602803e+00 4.296527e-05 1.080077e-02 -3.889736e-02
4.103203e+00 3.814404e-05 1.457339e-02 -3.847240e-02
4.603604e+00 3.398371e-05 1.885701e-02 -3.803285e-02
5.104004e+00 3.037801e-05 2.360963e-02 -3.758304e-02
5.604404e+00 2.724019e-05 2.878788e-02 -3.712650e-02
6.104805e+00 2.449897e-05 3.434868e-02 -3.666611e-02
6.605205e+00 2.209545e-05 4.025029e-02 -3.620423e-02
7.105606e+00 1.998074e-05 4.645304e-02 -3.574277e-02
7.606006e+00 1.811404e-05 5.291966e-02 -3.528330e-02
8.106406e+00 1.646112e-05 5.961549e-02 -3.482707e-02
8.606807e+00 1.499318e-05 6.650856e-02 -3.437511e-02
9.107207e+00 1.368584e-05 7.356951e-02 -3.392823e-02
9.607608e+00 1.251840e-05 8.077155e-02 -3.348708e-02
1.010801e+01 1.147323e-05 8.809030e-02 -3.305217e-02
1.060841e+01 1.053523e-05 9.550366e-02 -3.262388e-02
1.110881e+01 9.691444e-06 1.029917e-01 -3.220253e-02
1.160921e+01 8.930710e-06 1.105363e-01 -3.178831e-02
1.210961e+01 8.243384e-06 1.181213e-01 -3.138139e-02
1.261001e+01 7.621105e-06 1.257322e-01 -3.098186e-02
1.311041e+01 7.056606e-06 1.333559e-01 -3.058976e-02
1.361081e+01 6.543551e-06 1.409808e-01 -3.020510e-02
1.411121e+01 6.076403e-06 1.485964e-01 -2.982786e-02
1.461161e+01 5.650308e-06 1.561935e-01 -2.945800e-02
1.511201e+01 5.261003e-06 1.637639e-01 -2.909544e-02
1.561241e+01 4.904732e-06 1.713003e-01 -2.874010e-02
1.611281e+01 4.578181e-06 1.787962e-01 -2.839187e-02
1.661321e+01 4.278419e-06 1.862460e-01 -2.805065e-02
1.711361e+01 4.002845e-06 1.936446e-01 -2.771632e-02
1.761401e+01 3.749150e-06 2.009878e-01 -2.738874e-02
1.811441e+01 3.515278e-06 2.082716e-01 -2.706779e-02
1.861481e+01 3.299397e-06 2.154929e-01 -2.675333e-02
1.911522e+01 3.099867e-06 2.226487e-01 -2.644523e-02
1.961562e+01 2.915223e-06 2.297366e-01 -2.614334e-02
2.011602e+01 2.744148e-06 2.367547e-01 -2.584753e-02
2.061642e+01 2.585462e-06 2.437011e-01 -2.555765e-02
2.111682e+01 2.438102e-06 2.505745e-01 -2.527356e-02
2.161722e+01 2.301110e-06 2.573737e-01 -2.499513e-02
2.211762e+01 2.173621e-06 2.640978e-01 -2.472223e-02
2.261802e+01 2.054854e-06 2.707461e-01 -2.445471e-02
2.311842e+01 1.944102e-06 2.773181e-01 -2.419245e-02
2.361882e+01 1.840723e-06 2.838134e-01 -2.393531e-02
2.411922e+01 1.744135e-06 2.902321e-01 -2.368317e-02
2.461962e+01 1.653810e-06 2.965739e-01 -2.343590e-02
2.512002e+01 1.569264e-06 3.028390e-01 -2.319339e-02
2.562042e+01 1.490061e-06 3.090275e-01 -2.295550e-02
2.612082e+01 1.415798e-06 3.151399e-01 -2.272214e-02
2.662122e+01 1.346111e-06 3.211765e-01 -2.249317e-02
2.712162e+01 1.280665e-06 3.271378e-01 -2.226849e-02
2.762202e+01 1.219153e-06 3.330243e-01 -2.204800e-02
2.812242e+01 1.161295e-06 3.388365e-01 -2.183159e-02
2.862282e+01 1.106833e-06 3.445752e-01 -2.161915e-02
2.912322e+01 1.055530e-06 3.502411e-01 -2.141060e-02
2.962362e+01 1.007169e-06 3.558348e-01 -2.120582e-02
3.012402e+01 9.615494e-07 3.613571e-01 -2.100473e-02
3.062442e+01 9.184866e-07 3.668089e-01 -2.080723e-02
3.112482e+01 8.778102e-07 3.721910e-01 -2.061324e-02
3.162523e+01 8.393633e-07 3.775041e-01 -2.042267e-02
3.212563e+01 8.030007e-07 3.827493e-01 -2.023544e-02
3.262603e+01 7.685880e-07 3.879272e-01 -2.005146e-02
3.312643e+01 7.360011e-07 3.930389e-01 -1.987066e-02
3.362683e+01 7.051247e-07 3.980851e-01 -1.969296e-02
3.412723e+01 6.758522e-07 4.030669e-01 -1.951829e-02
3.462763e+01 6.480845e-07 4.079850e-01 -1.934656e-02
3.512803e+01 6.217296e-07 4.128405e-01 -1.917772e-02
3.562843e+01 5.967022e-07 4.176341e-01 -1.901169e-02
3.612883e+01 5.729226e-07 4.223669e-01 -1.884841e-02
3.662923e+01 5.503169e-07 4.270396e-01 -1.868782e-02
3.712963e+01 5.288163e-07 4.316533e-01 -1.852984e-02
3.763003e+01 5.083563e-07 4.362087e-01 -1.837442e-02
3.813043e+01 4.888772e-07 4.407067e-01 -1.822151e-02
3.863083e+01 4.703230e-07 4.451483e-01 -1.807104e-02
3.913123e+01 4.526414e-07 4.495343e-01 -1.792295e-02
3.963163e+01 4.357836e-07 4.538656e-01 -1.777720e-02
4.013203e+01 4.197040e-07 4.581430e-01 -1.763373e-02
4.063243e+01 4.043598e-07 4.623673e-01 -1.749248e-02
4.113283e+01 3.897110e-07 4.665394e-01 -1.735342e-02
4.163323e+01 3.757201e-07 4.706600e-01 -1.721649e-02
4.213363e+01 3.623519e-07 4.747301e-01 -1.708164e-02
4.263403e+01 3.495734e-07 4.787504e-01 -1.694883e-02
4.313443e+01 3.373537e-07 4.827216e-01 -1.681802e-02
4.363483e+01 3.256637e-07 4.866447e-01 -1.668916e-02
4.413524e+01 3.144760e-07 4.905202e-01 -1.656220e-02
4.463564e+01 3.037649e-07 4.943490e-01 -1.643712e-02
4.513604e+01 2.935064e-07 4.981319e-01 -1.631386e-02
4.563644e+01 2.836775e-07 5.018695e-01 -1.619239e-02
4.613684e+01 2.742569e-07 5.055625e-01 -1.607267e-02
4.663724e+01 2.652244e-07 5.092117e-01 -1.595467e-02
4.713764e+01 2.565609e-07 5.128178e-01 -1.583835e-02
4.763804e+01 2.482485e-07 5.163815e-01 -1.572368e-02
4.813844e+01 2.402703e-07 5.199034e-01 -1.561061e-02
4.863884e+01 2.326102e-07 5.233841e-01 -1.549912e-02
4.913924e+01 2.252531e-07 5.268244e-01 -1.538918e-02
4.963964e+01 2.181847e-07 5.302249e-01 -1.528076e-02
5.014004e+01 2.113917e-07 5.335862e-01 -1.517381e-02
5.064044e+01 2.048610e-07 5.369089e-01 -1.506833e-02
5.114084e+01 1.985808e-07 5.401936e-01 -1.496427e-02
5.164124e+01 1.925396e-07 5.434409e-01 -1.486160e-02
5.214164e+01 1.867264e-07 5.466515e-01 -1.476031e-02
5.264204e+01 1.811312e-07 5.498258e-01 -1.466036e-02
5.314244e+01 1.757440e-07 5.529645e-01 -1.456173e-02
5.364284e+01 1.705558e-07 5.560680e-01 -1.446439e-02
5.414324e+01 1.655577e-07 5.591371e-01 -1.436832e-02
5.464364e+01 1.607414e-07 5.621720e-01 -1.427349e-02
5.514404e+01 1.560991e-07 5.651735e-01 -1.417989e-02
5.564444e+01 1.516233e-07 5.681420e-01 -1.408748e-02
5.614484e+01 1.473068e-07 5.710781e-01 -1.399624e-02
5.664525e+01 1.431429e-07 5.739821e-01 -1.390615e-02
5.714565e+01 1.391252e-07 5.768547e-01 -1.381720e-02
5.764605e+01 1.352475e-07 5.796962e-01 -1.372936e-02
5.814645e+01 1.315041e-07 5.825072e-01 -1.364261e-02
5.864685e+01 1.278893e-07 5.852881e-01 -1.355692e-02
5.914725e+01 1.243979e-07 5.880394e-01 -1.347229e-02
5.964765e+01 1.210249e-07 5.907615e-01 -1.338869e-02
6.014805e+01 1.177656e-07 5.934549e-01 -1.330611e-02
6.064845e+01 1.146152e-07 5.961199e-01 -1.322451e-02
6.114885e+01 1.115696e-07 5.987571e-01 -1.314390e-02
6.164925e+01 1.086244e-07 6.013668e-01 -1.306425e-02
6.214965e+01 1.057759e-07 6.039494e-01 -1.298554e-02
6.265005e+01 1.030202e-07 6.065053e-01 -1.290776e-02
6.315045e+01 1.003536e-07 6.090349e-01 -1.283088e-02
6.365085e+01 9.777286e-08 6.115387e-01 -1.275491e-02
6.415125e+01 9.527454e-08 6.140169e-01 -1.267981e-02
6.465165e+01 9.285554e-08 6.164700e-01 -1.260558e-02
6.515205e+01 9.051286e-08 6.188982e-01 -1.253220e-02
6.565245e+01 8.824363e-08 6.213021e-01 -1.245966e-02
6.615285e+01 8.604509e-08 6.236819e-01 -1.238793e-02
6.665325e+01 8.391462e-08 6.260379e-01 -1.231702e-02
6.715365e+01 8.184971e-08 6.283706e-01 -1.224690e-02
6.765405e+01 7.984795e-08 6.306802e-01 -1.217756e-02
6.815445e+01 7.790703e-08 6.329671e-01 -1.210899e-02
6.865485e+01 7.602475e-08 6.352315e-01 -1.204118e-02
6.915526e+01 7.419900e-08 6.374739e-01 -1.197411e-02
6.965566e+01 7.242774e-08 6.396945e-01 -1.190777e-02
7.015606e+01 7.070904e-08 6.418936e-01 -1.184216e-02
7.065646e+01 6.904104e-08 6.440715e-01 -1.177725e-02
7.115686e+01 6.742195e-08 6.462285e-01 -1.171304e-02
7.165726e+01 6.585007e-08 6.483649e-01 -1.164951e-02
7.215766e+01 6.432374e-08 6.504810e-01 -1.158666e-02
7.265806e+01 6.284139e-08 6.525771e-01 -1.152448e-02
7.315846e+01 6.140151e-08 6.546534e-01 -1.146294e-02
7.365886e+01 6.000265e-08 6.567102e-01 -1.140206e-02
7.415926e+01 5.864341e-08 6.587478e-01 -1.134180e-02
7.465966e+01 5.732246e-08 6.607665e-01 -1.128218e-02
7.516006e+01 5.603850e-08 6.627664e-01 -1.122316e-02
7.566046e+01 5.479030e-08 6.647478e-01 -1.116475e-02
7.616086e+01 5.357668e-08 6.667111e-01 -1.110694e-02
7.666126e+01 5.239648e-08 6.686563e-01 -1.104972e-02
7.716166e+01 5.124861e-08 6.705839e-01 -1.099307e-02
7.766206e+01 5.013201e-08 6.724939e-01 -1.093699e-02
7.816246e+01 4.904566e-08 6.743867e-01 -1.088148e-02
7.866286e+01 4.798859e-08 6.762624e-01 -1.082652e-02
7.916326e+01 4.695985e-08 6.781213e-01 -1.077210e-02
7.966366e+01 4.595855e-08 6.799636e-01 -1.071822e-02
8.016406e+01 4.498379e-08 6.817895e-01 -1.066487e-02
8.066446e+01 4.403475e-08 6.835993e-01 -1.061204e-02
8.116486e+01 4.311061e-08 6.853931e-01 -1.055972e-02
8.166527e+01 4.221059e-08 6.871711e-01 -1.050791e-02
8.216567e+01 4.133395e-08 6.889336e-01 -1.045660e-02
8.266607e+01 4.047995e-08 6.906807e-01 -1.040578e-02
8.316647e+01 3.964790e-08 6.924127e-01 -1.035544e-02
8.366687e+01 3.883713e-08 6.941297e-01 -1.030559e-02
8.416727e+01 3.804697e-08 6.958319e-01 -1.025620e-02
8.466767e+01 3.727682e-08 6.975195e-01 -1.020728e-02
8.516807e+01 3.652606e-08 6.991927e-01 -1.015882e-02
8.566847e+01 3.579411e-08 7.008516e-01 -1.011081e-02
8.616887e+01 3.508041e-08 7.024965e-01 -1.006325e-02
8.666927e+01 3.438441e-08 7.041276e-01 -1.001612e-02
8.716967e+01 3.370559e-08 7.057449e-01 -9.969428e-03
8.767007e+01 3.304345e-08 7.073486e-01 -9.923164e-03
8.817047e+01 3.239749e-08 7.089390e-01 -9.877322e-03
8.867087e+01 3.176724e-08 7.105162e-01 -9.831896e-03
8.917127e+01 3.115225e-08 7.120803e-01 -9.786880e-03
8.967167e+01 3.055207e-08 7.136316e-01 -9.742269e-03
9.017207e+01 2.996627e-08 7.151700e-01 -9.698058e-03
9.067247e+01 2.939446e-08 7.166960e-01 -9.654240e-03
9.117287e+01 2.883622e-08 7.182094e-01 -9.610812e-03
9.167327e+01 2.829117e-08 7.197106e-01 -9.567768e-03
9.217367e+01 2.775895e-08 7.211997e-01 -9.525102e-03
9.267407e+01 2.723918e-08 7.226767e-01 -9.482811e-03
9.317447e+01 2.673152e-08 7.241419e-01 -9.440888e-03
9.367487e+01 2.623564e-08 7.255954e-01 -9.399330e-03
9.417528e+01 2.575121e-08 7.270373e-01 -9.358131e-03
9.467568e+01 2.527791e-08 7.284677e-01 -9.317287e-03
9.517608e+01 2.481543e-08 7.298869e-01 -9.276793e-03
9.567648e+01 2.436349e-08 7.312949e-01 -9.236646e-03
9.617688e+01 2.392179e-08 7.326918e-01 -9.196839e-03
9.667728e+01 2.349005e-08 7.340778e-01 -9.157370e-03
9.717768e+01 2.306802e-08 7.354530e-01 -9.118234e-03
9.767808e+01 2.265542e-08 7.368175e-01 -9.079427e-03
9.817848e+01 2.225201e-08 7.381715e-01 -9.040945e-03
9.867888e+01 2.185754e-08 7.395151e-01 -9.002783e-03
9.917928e+01 2.147177e-08 7.408483e-01 -8.964937e-03
9.967968e+01 2.109448e-08 7.421714e-01 -8.927405e-03
1.001801e+02 2.072544e-08 7.434844e-01 -8.890181e-03
1.006805e+02 2.036443e-08 7.447874e-01 -8.853262e-03
1.011809e+02 2.001126e-08 7.460805e-01 -8.816645e-03
1.016813e+02 1.966570e-08 7.473639e-01 -8.780326e-03
1.021817e+02 1.932758e-08 7.486377e-01 -8.744301e-03
1.026821e+02 1.899670e-08 7.499019e-01 -8.708566e-03
1.031825e+02 1.867286e-08 7.511567e-01 -8.673118e-03
1.036829e+02 1.835590e-08 7.524022e-01 -8.637955e-03
1.041833e+02 1.804564e-08 7.536384e-01 -8.603071e-03
1.046837e+02 1.774190e-08 7.548656e-01 -8.568464e-03
1.051841e+02 1.744453e-08 7.560837e-01 -8.534132e-03
1.056845e+02 1.715337e-08 7.572929e-01 -8.500069e-03
1.061849e+02 1.686825e-08 7.584933e-01 -8.466274e-03
1.066853e+02 1.658904e-08 7.596849e-01 -8.432743e-03
1.071857e+02 1.631558e-08 7.608679e-01 -8.399474e-03
1.076861e+02 1.604773e-08 7.620423e-01 -8.366462e-03
1.081865e+02 1.578536e-08 7.632083e-01 -8.333706e-03
1.086869e+02 1.552833e-08 7.643660e-01 -8.301201e-03
1.091873e+02 1.527651e-08 7.655153e-01 -8.268946e-03
1.096877e+02 1.502977e-08 7.666565e-01 -8.236938e-03
1.101881e+02 1.478800e-08 7.677895e-01 -8.205173e-03
1.106885e+02 1.455107e-08 7.689146e-01 -8.173649e-03
1.111889e+02 1.431887e-08 7.700317e-01 -8.142363e-03
1.116893e+02 1.409128e-08 7.711410e-01 -8.111312e-03
1.121897e+02 1.386819e-08 7.722424e-01 -8.080495e-03
1.126901e+02 1.364951e-08 7.733362e-01 -8.049908e-03
1.131905e+02 1.343511e-08 7.744224e-01 -8.019548e-03
1.136909e+02 1.322491e-08 7.755011e-01 -7.989413e-03
1.141913e+02 1.301881e-08 7.765723e-01 -7.959502e-03
1.146917e+02 1.281671e-08 7.776361e-01 -7.929810e-03
1.151921e+02 1.261851e-08 7.786926e-01 -7.900336e-03
1.156925e+02 1.242413e-08 7.797419e-01 -7.871078e-03
1.161929e+02 1.223348e-08 7.807840e-01 -7.842033e-03
1.166933e+02 1.204648e-08 7.818191e-01 -7.813198e-03
1.171937e+02 1.186303e-08 7.828471e-01 -7.784572e-03
1.176941e+02 1.168306e-08 7.838682e-01 -7.756153e-03
1.181945e+02 1.150650e-08 7.848824e-01 -7.727937e-03
1.186949e+02 1.133325e-08 7.858899e-01 -7.699923e-03
1.191953e+02 1.116326e-08 7.868905e-01 -7.672109e-03
1.196957e+02 1.099644e-08 7.878845e-01 -7.644492e-03
1.201961e+02 1.083272e-08 7.888719e-01 -7.617071e-03
1.206965e+02 1.067205e-08 7.898528e-01 -7.589844e-03
1.211969e+02 1.051434e-08 7.908272e-01 -7.562808e-03
1.216973e+02 1.035953e-08 7.917952e-01 -7.535961e-03
1.221977e+02 1.020756e-08 7.927568e-01 -7.509301e-03
1.226981e+02 1.005837e-08 7.937121e-01 -7.482827e-03
1.231985e+02 9.911896e-09 7.946612e-01 -7.456537e-03
1.236989e+02 9.768079e-09 7.956042e-01 -7.430428e-03
1.241993e+02 9.626860e-09 7.965410e-01 -7.404499e-03
1.246997e+02 9.488185e-09 7.974718e-01 -7.378748e-03
1.252001e+02 9.351998e-09 7.983966e-01 -7.353173e-03
1.257005e+02 9.218246e-09 7.993154e-01 -7.327772e-03
1.262009e+02 9.086877e-09 8.002284e-01 -7.302544e-03
1.267013e+02 8.957840e-09 8.011356e-01 -7.277487e-03
1.272017e+02 8.831086e-09 8.020370e-01 -7.252599e-03
1.277021e+02 8.706566e-09 8.029326e-01 -7.227878e-03
1.282025e+02 8.584233e-09 8.038226e-01 -7.203322e-03
1.287029e+02 8.464042e-09 8.047071e-01 -7.178931e-03
1.292033e+02 8.345947e-09 8.055859e-01 -7.154702e-03
1.297037e+02 8.229905e-09 8.064593e-01 -7.130634e-03
1.302041e+02 8.115873e-09 8.073272e-01 -7.106726e-03
1.307045e+02 8.003810e-09 8.081897e-01 -7.082975e-03
1.312049e+02 7.893674e-09 8.090468e-01 -7.059379e-03
1.317053e+02 7.785426e-09 8.098987e-01 -7.035939e-03
1.322057e+02 7.679028e-09 8.107453e-01 -7.012651e-03
1.327061e+02 7.574441e-09 8.115867e-01 -6.989516e-03
1.332065e+02 7.471629e-09 8.124229e-01 -6.966530e-03
1.337069e+02 7.370556e-09 8.132540e-01 -6.943692e-03
1.342073e+02 7.271186e-09 8.140801e-01 -6.921002e-03
1.347077e+02 7.173486e-09 8.149011e-01 -6.898458e-03
1.352081e+02 7.077421e-09 8.157172e-01 -6.876058e-03
1.357085e+02 6.982959e-09 8.165284e-01 -6.853801e-03
1.362089e+02 6.890068e-09 8.173346e-01 -6.831686e-03
1.367093e+02 6.798716e-09 8.181360e-01 -6.809711e-03
1.372097e+02 6.708874e-09 8.189326e-01 -6.787875e-03
1.377101e+02 6.620511e-09 8.197245e-01 -6.766177e-03
1.382105e+02 6.533598e-09 8.205117e-01 -6.744615e-03
1.387109e+02 6.448107e-09 8.212941e-01 -6.723188e-03
1.392113e+02 6.364010e-09 8.220720e-01 -6.701895e-03
1.397117e+02 6.281280e-09 8.228453e-01 -6.680735e-03
1.402121e+02 6.199889e-09 8.236140e-01 -6.659706e-03
1.407125e+02 6.119813e-09 8.243782e-01 -6.638807e-03
1.412129e+02 6.041026e-09 8.251379e-01 -6.618037e-03
1.417133e+02 5.963502e-09 8.258932e-01 -6.597394e-03
1.422137e+02 5.887219e-09 8.266441e-01 -6.576879e-03
1.427141e+02 5.812151e-09 8.273907e-01 -6.556488e-03
1.432145e+02 5.738276e-09 8.281329e-01 -6.536222e-03
1.437149e+02 5.665571e-09 8.288709e-01 -6.516079e-03
1.442153e+02 5.594014e-09 8.296046e-01 -6.496058e-03
1.447157e+02 5.523584e-09 8.303341e-01 -6.476158e-03
1.452161e+02 5.454258e-09 8.310594e-01 -6.456378e-03
1.457165e+02 5.386017e-09 8.317806e-01 -6.436717e-03
1.462169e+02 5.318840e-09 8.324977e-01 -6.417173e-03
1.467173e+02 5.252707e-09 8.332107e-01 -6.397746e-03
1.472177e+02 5.187598e-09 8.339197e-01 -6.378434e-03
1.477181e+02 5.123496e-09 8.346247e-01 -6.359237e-03
1.482185e+02 5.060381e-09 8.353258e-01 -6.340154e-03
1.487189e+02 4.998234e-09 8.360229e-01 -6.321183e-03
1.492193e+02 4.937039e-09 8.367161e-01 -6.302324e-03
1.497197e+02 4.876778e-09 8.374054e-01 -6.283575e-03
1.502201e+02 4.817433e-09 8.380909e-01 -6.264936e-03
1.507205e+02 4.758989e-09 8.387726e-01 -6.246406e-03
1.512209e+02 4.701428e-09 8.394506e-01 -6.227983e-03
1.517213e+02 4.644735e-09 8.401248e-01 -6.209667e-03
1.522217e+02 4.588894e-09 8.407952e-01 -6.191457e-03
1.527221e+02 4.533889e-09 8.414620e-01 -6.173352e-03
1.532225e+02 4.479707e-09 8.421252e-01 -6.155351e-03
1.537229e+02 4.426331e-09 8.427847e-01 -6.137453e-03
1.542233e+02 4.373748e-09 8.434407e-01 -6.119657e-03
1.547237e+02 4.321944e-09 8.440930e-01 -6.101963e-03
1.552241e+02 4.270905e-09 8.447419e-01 -6.084369e-03
1.557245e+02 4.220616e-09 8.453872e-01 -6.066875e-03
1.562249e+02 4.171066e-09 8.460291e-01 -6.049480e-03
1.567253e+02 4.122241e-09 8.466675e-01 -6.032182e-03
1.572257e+02 4.074128e-09 8.473025e-01 -6.014982e-03
1.577261e+02 4.026716e-09 8.479342e-01 -5.997878e-03
1.582265e+02 3.979991e-09 8.485624e-01 -5.980870e-03
1.587269e+02 3.933941e-09 8.491873e-01 -5.963957e-03
1.592273e+02 3.888556e-09 8.498089e-01 -5.947137e-03
1.597277e+02 3.843824e-09 8.504272e-01 -5.930411e-03
1.602281e+02 3.799733e-09 8.510422e-01 -5.913777e-03
1.607285e+02 3.756273e-09 8.516541e-01 -5.897235e-03
1.612289e+02 3.713432e-09 8.522627e-01 -5.880784e-03
1.617293e+02 3.671200e-09 8.528681e-01 -5.864423e-03
1.622297e+02 3.629567e-09 8.534703e-01 -5.848151e-03
1.627301e+02 3.588522e-09 8.540694e-01 -5.831968e-03
1.632305e+02 3.548057e-09 8.546654e-01 -5.815873e-03
1.637309e+02 3.508159e-09 8.552584e-01 -5.799865e-03
1.642313e+02 3.468822e-09 8.558482e-01 -5.783944e-03
1.647317e+02 3.430034e-09 8.564350e-01 -5.768108e-03
1.652321e+02 3.391786e-09 8.570188e-01 -5.752358e-03
1.657325e+02 3.354071e-09 8.575996e-01 -5.736692e-03
1.662329e+02 3.316878e-09 8.581775e-01 -5.721110e-03
1.667333e+02 3.280199e-09 8.587524e-01 -5.705611e-03
1.672337e+02 3.244026e-09 8.593243e-01 -5.690195e-03
1.677341e+02 3.208351e-09 8.598934e-01 -5.674860e-03
1.682345e+02 3.173164e-09 8.604596e-01 -5.659606e-03
1.687349e+02 3.138459e-09 8.610229e-01 -5.644433e-03
1.692353e+02 3.104226e-09 8.615834e-01 -5.629340e-03
1.697357e+02 3.070460e-09 8.621410e-01 -5.614327e-03
1.702361e+02 3.037151e-09 8.626959e-01 -5.599391e-03
1.707365e+02 3.004292e-09 8.632480e-01 -5.584534e-03
1.712369e+02 2.971877e-09 8.637973e-01 -5.569754e-03
1.717373e+02 2.939898e-09 8.643439e-01 -5.555051e-03
1.722377e+02 2.908348e-09 8.648878e-01 -5.540425e-03
1.727381e+02 2.877220e-09 8.654290e-01 -5.525874e-03
1.732385e+02 2.846507e-09 8.659675e-01 -5.511397e-03
1.737389e+02 2.816204e-09 8.665034e-01 -5.496996e-03
1.742393e+02 2.786302e-09 8.670366e-01 -5.482668e-03
1.747397e+02 2.756796e-09 8.675673e-01 -5.468414e-03
1.752401e+02 2.727680e-09 8.680953e-01 -5.454232e-03
1.757405e+02 2.698947e-09 8.686207e-01 -5.440122e-03
1.762409e+02 2.670592e-09 8.691436e-01 -5.426085e-03
1.767413e+02 2.642608e-09 8.696640e-01 -5.412118e-03
1.772417e+02 2.614989e-09 8.701818e-01 -5.398222e-03
1.777421e+02 2.587731e-09 8.706971e-01 -5.384396e-03
1.782425e+02 2.560826e-09 8.712100e-01 -5.370639e-03
1.787429e+02 2.534271e-09 8.717203e-01 -5.356951e-03
1.792433e+02 2.508059e-09 8.722282e-01 -5.343332e-03
1.797437e+02 2.482185e-09 8.727337e-01 -5.329781e-03
1.802441e+02 2.456643e-09 8.732368e-01 -5.316297e-03
1.807445e+02 2.431430e-09 8.737375e-01 -5.302881e-03
1.812449e+02 2.406539e-09 8.742358e-01 -5.289530e-03
1.817453e+02 2.381966e-09 8.747317e-01 -5.276246e-03
1.822457e+02 2.357705e-09 8.752253e-01 -5.263027e-03
1.827461e+02 2.333753e-09 8.757166e-01 -5.249873e-03
1.832465e+02 2.310104e-09 8.762055e-01 -5.236784e-03
1.837469e+02 2.286754e-09 8.766921e-01 -5.223758e-03
1.842473e+02 2.263699e-09 8.771765e-01 -5.210797e-03
1.847477e+02 2.240933e-09 8.776586e-01 -5.197898e-03
1.852481e+02 2.218453e-09 8.781384e-01 -5.185062e-03
1.857485e+02 2.196253e-09 8.786160e-01 -5.172288e-03
1.862489e+02 2.174331e-09 8.790914e-01 -5.159576e-03
1.867493e+02 2.152682e-09 8.795646e-01 -5.146925e-03
1.872497e+02 2.131302e-09 8.800356e-01 -5.134336e-03
1.877502e+02 2.110186e-09 8.805045e-01 -5.121806e-03
1.882506e+02 2.089331e-09 8.809711e-01 -5.109337e-03
1.887510e+02 2.068733e-09 8.814357e-01 -5.096927e-03
1.892514e+02 2.048389e-09 8.818981e-01 -5.084576e-03
1.897518e+02 2.028294e-09 8.823583e-01 -5.072284e-03
1.902522e+02 2.008444e-09 8.828165e-01 -5.060050e-03
1.907526e+02 1.988837e-09 8.832726e-01 -5.047874e-03
1.912530e+02 1.969469e-09 8.837266e-01 -5.035756e-03
1.917534e+02 1.950336e-09 8.841786e-01 -5.023694e-03
1.922538e+02 1.931435e-09 8.846285e-01 -5.011690e-03
1.927542e+02 1.912762e-09 8.850764e-01 -4.999741e-03
1.932546e+02 1.894314e-09 8.855223e-01 -4.987849e-03
1.937550e+02 1.876088e-09 8.859662e-01 -4.976012e-03
1.942554e+02 1.858081e-09 8.864081e-01 -4.964230e-03
1.947558e+02 1.840289e-09 8.868480e-01 -4.952503e-03
1.952562e+02 1.822710e-09 8.872859e-01 -4.940830e-03
1.957566e+02 1.805340e-09 8.877219e-01 -4.929211e-03
1.962570e+02 1.788177e-09 8.881560e-01 -4.917645e-03
1.967574e+02 1.771217e-09 8.885882e-01 -4.906133e-03
1.972578e+02 1.754458e-09 8.890184e-01 -4.894674e-03
1.977582e+02 1.737896e-09 8.894467e-01 -4.883267e-03
1.982586e+02 1.721530e-09 8.898732e-01 -4.871912e-03
1.987590e+02 1.705356e-09 8.902977e-01 -4.860609e-03
1.992594e+02 1.689371e-09 8.907204e-01 -4.849358e-03
1.997598e+02 1.673573e-09 8.911413e-01 -4.838157e-03
2.002602e+02 1.657959e-09 8.915603e-01 -4.827008e-03
2.007606e+02 1.642527e-09 8.919775e-01 -4.815908e-03
2.012610e+02 1.627274e-09 8.923929e-01 -4.804859e-03
2.017614e+02 1.612198e-09 8.928065e-01 -4.793860e-03
2.022618e+02 1.597296e-09 8.932183e-01 -4.782909e-03
2.027622e+02 1.582566e-09 8.936283e-01 -4.772008e-03
2.032626e+02 1.568005e-09 8.940366e-01 -4.761156e-03
2.037630e+02 1.553611e-09 8.944431e-01 -4.750351e-03
2.042634e+02 1.539382e-09 8.948478e-01 -4.739595e-03
2.047638e+02 1.525316e-09 8.952508e-01 -4.728887e-03
2.052642e+02 1.511410e-09 8.956521e-01 -4.718226e-03
2.057646e+02 1.497662e-09 8.960517e-01 -4.707612e-03
2.062650e+02 1.484070e-09 8.964496e-01 -4.697045e-03
2.067654e+02 1.470632e-09 8.968458e-01 -4.686525e-03
2.072658e+02 1.457346e-09 8.972403e-01 -4.676051e-03
2.077662e+02 1.444209e-09 8.976332e-01 -4.665622e-03
2.082666e+02 1.431220e-09 8.980244e-01 -4.655239e-03
2.087670e+02 1.418377e-09 8.984139e-01 -4.644902e-03
2.092674e+02 1.405677e-09 8.988018e-01 -4.634609e-03
2.097678e+02 1.393120e-09 8.991881e-01 -4.624361e-03
2.102682e+02 1.380702e-09 8.995728e-01 -4.614158e-03
2.107686e+02 1.368422e-09 8.999558e-01 -4.603998e-03
2.112690e+02 1.356279e-09 9.003373e-01 -4.593883e-03
2.117694e+02 1.344270e-09 9.007172e-01 -4.583811e-03
2.122698e+02 1.332393e-09 9.010955e-01 -4.573782e-03
2.127702e+02 1.320648e-09 9.014722e-01 -4.563796e-03
2.132706e+02 1.309031e-09 9.018474e-01 -4.553853e-03
2.137710e+02 1.297542e-09 9.022210e-01 -4.543953e-03
2.142714e+02 1.286179e-09 9.025931e-01 -4.534094e-03
2.147718e+02 1.274940e-09 9.029637e-01 -4.524278e-03
2.152722e+02 1.263823e-09 9.033327e-01 -4.514503e-03
2.157726e+02 1.252828e-09 9.037003e-01 -4.504769e-03
2.162730e+02 1.241951e-09 9.040663e-01 -4.495077e-03
2.167734e+02 1.231193e-09 9.044309e-01 -4.485425e-03
2.172738e+02 1.220551e-09 9.047939e-01 -4.475814e-03
2.177742e+02 1.210023e-09 9.051555e-01 -4.466244e-03
2.182746e+02 1.199609e-09 9.055156e-01 -4.456713e-03
2.187750e+02 1.189306e-09 9.058743e-01 -4.447223e-03
2.192754e+02 1.179114e-09 9.062315e-01 -4.437771e-03
2.197758e+02 1.169031e-09 9.065873e-01 -4.428360e-03
2.202762e+02 1.159055e-09 9.069417e-01 -4.418987e-03
2.207766e+02 1.149186e-09 9.072946e-01 -4.409653e-03
2.212770e+02 1.139421e-09 9.076461e-01 -4.400358e-03
2.217774e+02 1.129760e-09 9.079963e-01 -4.391101e-03
2.222778e+02 1.120201e-09 9.083450e-01 -4.381882e-03
2.227782e+02 1.110743e-09 9.086923e-01 -4.372701e-03
2.232786e+02 1.101385e-09 9.090383e-01 -4.363558e-03
2.237790e+02 1.092125e-09 9.093829e-01 -4.354452e-03
2.242794e+02 1.082962e-09 9.097261e-01 -4.345384e-03
2.247798e+02 1.073895e-09 9.100680e-01 -4.336352e-03
2.252802e+02 1.064923e-09 9.104085e-01 -4.327357e-03
2.257806e+02 1.056044e-09 9.107477e-01 -4.318399e-03
2.262810e+02 1.047257e-09 9.110855e-01 -4.309477e-03
2.267814e+02 1.038562e-09 9.114221e-01 -4.300591e-03
2.272818e+02 1.029957e-09 9.117573e-01 -4.291741e-03
2.277822e+02 1.021440e-09 9.120912e-01 -4.282927e-03
2.282826e+02 1.013012e-09 9.124238e-01 -4.274148e-03
2.287830e+02 1.004670e-09 9.127551e-01 -4.265404e-03
2.292834e+02 9.964144e-10 9.130851e-01 -4.256695e-03
2.297838e+02 9.882431e-10 9.134139e-01 -4.248021e-03
2.302842e+02 9.801553e-10 9.137414e-01 -4.239382e-03
2.307846e+02 9.721501e-10 9.140676e-01 -4.230777e-03
2.312850e+02 9.642265e-10 9.143926e-01 -4.222206e-03
2.317854e+02 9.563835e-10 9.147163e-01 -4.213670e-03
2.322858e+02 9.486200e-10 9.150388e-01 -4.205167e-03
2.327862e+02 9.409352e-10 9.153600e-01 -4.196697e-03
2.332866e+02 9.333280e-10 9.156800e-01 -4.188261e-03
2.337870e+02 9.257975e-10 9.159988e-01 -4.179858e-03
2.342874e+02 9.183429e-10 9.163164e-01 -4.171488e-03
2.347878e+02 9.109631e-10 9.166328e-01 -4.163151e-03
2.352882e+02 9.036573e-10 9.169480e-01 -4.154847e-03
2.357886e+02 8.964246e-10 9.172619e-01 -4.146575e-03
2.362890e+02 8.892641e-10 9.175747e-01 -4.138335e-03
2.367894e+02 8.821750e-10 9.178864e-01 -4.130127e-03
2.372898e+02 8.751564e-10 9.181968e-01 -4.121951e-03
2.377902e+02 8.682075e-10 9.185061e-01 -4.113807e-03
2.382906e+02 8.613274e-10 9.188142e-01 -4.105694e-03
2.387910e+02 8.545153e-10 9.191212e-01 -4.097613e-03
2.392914e+02 8.477704e-10 9.194270e-01 -4.089562e-03
2.397918e+02 8.410919e-10 9.197317e-01 -4.081543e-03
2.402922e+02 8.344791e-10 9.200353e-01 -4.073554e-03
2.407926e+02 8.279312e-10 9.203377e-01 -4.065596e-03
2.412930e+02 8.214473e-10 9.206390e-01 -4.057668e-03
2.417934e+02 8.150268e-10 9.209392e-01 -4.049771e-03
2.422938e+02 8.086689e-10 9.212382e-01 -4.041903e-03
2.427942e+02 8.023729e-10 9.215362e-01 -4.034066e-03
2.432946e+02 7.961380e-10 9.218331e-01 -4.026258e-03
2.437950e+02 7.899636e-10 9.221289e-01 -4.018480e-03
2.442954e+02 7.838490e-10 9.224236e-01 -4.010731e-03
2.447958e+02 7.777933e-10 9.227172e-01 -4.003011e-03
2.452962e+02 7.717961e-10 9.230098e-01 -3.995321e-03
2.457966e+02 7.658565e-10 9.233013e-01 -3.987659e-03
2.462970e+02 7.599740e-10 9.235917e-01 -3.980026e-03
2.467974e+02 7.541479e-10 9.238811e-01 -3.972421e-03
2.472978e+02 7.483774e-10 9.241694e-01 -3.964845e-03
2.477982e+02 7.426621e-10 9.244567e-01 -3.957298e-03
2.482986e+02 7.370012e-10 9.247429e-01 -3.949778e-03
2.487990e+02 7.313942e-10 9.250281e-01 -3.942286e-03
2.492994e+02 7.258403e-10 9.253123e-01 -3.934822e-03
2.497998e+02 7.203391e-10 9.255955e-01 -3.927386e-03
2.503002e+02 7.148899e-10 9.258776e-01 -3.919977e-03
2.508006e+02 7.094922e-10 9.261587e-01 -3.912595e-03
2.513010e+02 7.041453e-10 9.264389e-01 -3.905241e-03
2.518014e+02 6.988487e-10 9.267180e-01 -3.897914e-03
2.523018e+02 6.936017e-10 9.269961e-01 -3.890613e-03
2.528022e+02 6.884040e-10 9.272733e-01 -3.883339e-03
2.533026e+02 6.832548e-10 9.275494e-01 -3.876092e-03
2.538030e+02 6.781537e-10 9.278246e-01 -3.868872e-03
2.543034e+02 6.731001e-10 9.280988e-01 -3.861677e-03
2.548038e+02 6.680935e-10 9.283721e-01 -3.854509e-03
2.553042e+02 6.631334e-10 9.286443e-01 -3.847366e-03
2.558046e+02 6.582192e-10 9.289156e-01 -3.840250e-03
2.563050e+02 6.533504e-10 9.291860e-01 -3.833159e-03
2.568054e+02 6.485266e-10 9.294554e-01 -3.826094e-03
2.573058e+02 6.437473e-10 9.297239e-01 -3.819054e-03
2.578062e+02 6.390118e-10 9.299914e-01 -3.812040e-03
2.583066e+02 6.343199e-10 9.302580e-01 -3.805051e-03
2.588070e+02 6.296709e-10 9.305237e-01 -3.798086e-03
2.593074e+02 6.250644e-10 9.307885e-01 -3.791147e-03
2.598078e+02 6.205000e-10 9.310523e-01 -3.784233e-03
2.603082e+02 6.159772e-10 9.313152e-01 -3.777343e-03
2.608086e+02 6.114955e-10 9.315772e-01 -3.770477e-03
2.613090e+02 6.070545e-10 9.318383e-01 -3.763636e-03
2.618094e+02 6.026537e-10 9.320985e-01 -3.756819e-03
2.623098e+02 5.982928e-10 9.323579e-01 -3.750027e-03
2.628102e+02 5.939712e-10 9.326163e-01 -3.743258e-03
2.633106e+02 5.896886e-10 9.328738e-01 -3.736513e-03
2.638110e+02 5.854445e-10 9.331305e-01 -3.729792e-03
2.643114e+02 5.812385e-10 9.333862e-01 -3.723095e-03
2.648118e+02 5.770702e-10 9.336411e-01 -3.716421e-03
2.653122e+02 5.729392e-10 9.338952e-01 -3.709770e-03
2.658126e+02 5.688452e-10 9.341483e-01 -3.703143e-03
2.663130e+02 5.647876e-10 9.344006e-01 -3.696539e-03
2.668134e+02 5.607661e-10 9.346521e-01 -3.689957e-03
2.673138e+02 5.567804e-10 9.349027e-01 -3.683399e-03
2.678142e+02 5.528300e-10 9.351525e-01 -3.676863e-03
2.683146e+02 5.489146e-10 9.354014e-01 -3.670350e-03
2.688150e+02 5.450338e-10 9.356495e-01 -3.663860e-03
2.693154e+02 5.411873e-10 9.358967e-01 -3.657392e-03
2.698158e+02 5.373746e-10 9.361431e-01 -3.650946e-03
2.703162e+02 5.335954e-10 9.363887e-01 -3.644522e-03
2.708166e+02 5.298494e-10 9.366335e-01 -3.638121e-03
2.713170e+02 5.261362e-10 9.368774e-01 -3.631741e-03
2.718174e+02 5.224555e-10 9.371206e-01 -3.625384e-03
2.723178e+02 5.188069e-10 9.373629e-01 -3.619048e-03
2.728182e+02 5.151901e-10 9.376044e-01 -3.612733e-03
2.733186e+02 5.116048e-10 9.378452e-01 -3.606440e-03
2.738190e+02 5.080506e-10 9.380851e-01 -3.600169e-03
2.743194e+02 5.045272e-10 9.383242e-01 -3.593919e-03
2.748198e+02 5.010344e-10 9.385626e-01 -3.587690e-03
2.753202e+02 4.975716e-10 9.388001e-01 -3.581482e-03
2.758206e+02 4.941388e-10 9.390369e-01 -3.575295e-03
2.763210e+02 4.907355e-10 9.392729e-01 -3.569128e-03
2.768214e+02 4.873615e-10 9.395081e-01 -3.562983e-03
2.773218e+02 4.840164e-10 9.397426e-01 -3.556858e-03
2.778222e+02 4.806999e-10 9.399763e-01 -3.550754e-03
2.783226e+02 4.774118e-10 9.402092e-01 -3.544670e-03
2.788230e+02 4.741518e-10 9.404414e-01 -3.538607e-03
2.793234e+02 4.709196e-10 9.406728e-01 -3.532564e-03
2.798238e+02 4.677148e-10 9.409035e-01 -3.526541e-03
2.803242e+02 4.645373e-10 9.411334e-01 -3.520538e-03
2.808246e+02 4.613867e-10 9.413626e-01 -3.514554e-03
2.813250e+02 4.582628e-10 9.415910e-01 -3.508591e-03
2.818254e+02 4.551653e-10 9.418187e-01 -3.502648e-03
2.823258e+02 4.520939e-10 9.420457e-01 -3.496724e-03
2.828262e+02 4.490483e-10 9.422719e-01 -3.490819e-03
2.833266e+02 4.460284e-10 9.424974e-01 -3.484935e-03
2.838270e+02 4.430338e-10 9.427222e-01 -3.479069e-03
2.843274e+02 4.400643e-10 9.429463e-01 -3.473223e-03
2.848278e+02 4.371197e-10 9.431696e-01 -3.467396e-03
2.853282e+02 4.341996e-10 9.433923e-01 -3.461587e-03
2.858286e+02 4.313039e-10 9.436142e-01 -3.455798e-03
2.863290e+02 4.284322e-10 9.438354e-01 -3.450028e-03
2.868294e+02 4.255845e-10 9.440559e-01 -3.444277e-03
2.873298e+02 4.227603e-10 9.442758e-01 -3.438544e-03
2.878302e+02 4.199596e-10 9.444949e-01 -3.432830e-03
2.883306e+02 4.171820e-10 9.447133e-01 -3.427134e-03
2.888310e+02 4.144273e-10 9.449311e-01 -3.421457e-03
2.893314e+02 4.116953e-10 9.451481e-01 -3.415798e-03
2.898318e+02 4.089858e-10 9.453645e-01 -3.410158e-03
2.903322e+02 4.062986e-10 9.455802e-01 -3.404535e-03
2.908326e+02 4.036334e-10 9.457952e-01 -3.398931e-03
2.913330e+02 4.009900e-10 9.460096e-01 -3.393344e-03
2.918334e+02 3.983682e-10 9.462233e-01 -3.387776e-03
2.923338e+02 3.957678e-10 9.464363e-01 -3.382225e-03
2.928342e+02 3.931886e-10 9.466486e-01 -3.376692e-03
2.933346e+02 3.906304e-10 9.468603e-01 -3.371177e-03
2.938350e+02 3.880929e-10 9.470713e-01 -3.365679e-03
2.943354e+02 3.855760e-10 9.472817e-01 -3.360199e-03
2.948358e+02 3.830795e-10 9.474914e-01 -3.354736e-03
2.953362e+02 3.806032e-10 9.477005e-01 -3.349290e-03
2.958366e+02 3.781468e-10 9.479089e-01 -3.343862e-03
2.963370e+02 3.757102e-10 9.481167e-01 -3.338451e-03
2.968374e+02 3.732933e-10 9.483239e-01 -3.333057e-03
2.973378e+02 3.708957e-10 9.485304e-01 -3.327680e-03
2.978382e+02 3.685173e-10 9.487363e-01 -3.322319e-03
2.983386e+02 3.661580e-10 9.489415e-01 -3.316976e-03
2.988390e+02 3.638175e-10 9.491461e-01 -3.311649e-03
2.993394e+02 3.614957e-10 9.493501e-01 -3.306339e-03
2.998398e+02 3.591924e-10 9.495535e-01 -3.301046e-03
3.003402e+02 3.569074e-10 9.497563e-01 -3.295769e-03
3.008406e+02 3.546405e-10 9.499584e-01 -3.290508e-03
3.013410e+02 3.523917e-10 9.501599e-01 -3.285264e-03
3.018414e+02 3.501606e-10 9.503608e-01 -3.280036e-03
3.023418e+02 3.479471e-10 9.505612e-01 -3.274825e-03
3.028422e+02 3.457511e-10 9.507609e-01 -3.269629e-03
3.033426e+02 3.435724e-10 9.509600e-01 -3.264450e-03
3.038430e+02 3.414108e-10 9.511585e-01 -3.259286e-03
3.043434e+02 3.392663e-10 9.513564e-01 -3.254139e-03
3.048438e+02 3.371385e-10 9.515537e-01 -3.249007e-03
3.053442e+02 3.350274e-10 9.517504e-01 -3.243891e-03
3.058446e+02 3.329327e-10 9.519465e-01 -3.238791e-03
3.063450e+02 3.308545e-10 9.521420e-01 -3.233706e-03
3.068454e+02 3.287924e-10 9.523370e-01 -3.228637e-03
3.073458e+02 3.267463e-10 9.525314e-01 -3.223583e-03
3.078462e+02 3.247162e-10 9.527252e-01 -3.218545e-03
3.083466e+02 3.227018e-10 9.529184e-01 -3.213522e-03
3.088470e+02 3.207029e-10 9.531110e-01 -3.208514e-03
3.093474e+02 3.187196e-10 9.533031e-01 -3.203522e-03
3.098478e+02 3.167515e-10 9.534946e-01 -3.198545e-03
3.103482e+02 3.147986e-10 9.536856e-01 -3.193582e-03
3.108486e+02 3.128608e-10 9.538759e-01 -3.188635e-03
3.113490e+02 3.109378e-10 9.540658e-01 -3.183703e-03
3.118494e+02 3.090296e-10 9.542550e-01 -3.178785e-03
3.123498e+02 3.071360e-10 9.544437e-01 -3.173882e-03
3.128503e+02 3.052569e-10 9.546319e-01 -3.168994e-03
3.133507e+02 3.033921e-10 9.548195e-01 -3.164121e-03
3.138511e+02 3.015416e-10 9.550065e-01 -3.159262e-03
3.143515e+02 2.997051e-10 9.551930e-01 -3.154418e-03
3.148519e+02 2.978826e-10 9.553790e-01 -3.149588e-03
3.153523e+02 2.960739e-10 9.555644e-01 -3.144773e-03
3.158527e+02 2.942790e-10 9.557493e-01 -3.139972e-03
3.163531e+02 2.924976e-10 9.559336e-01 -3.135185e-03
3.168535e+02 2.907297e-10 9.561174e-01 -3.130412e-03
3.173539e+02 2.889751e-10 9.563007e-01 -3.125654e-03
3.178543e+02 2.872337e-10 9.564835e-01 -3.120909e-03
3.183547e+02 2.855054e-10 9.566657e-01 -3.116179e-03
3.188551e+02 2.837901e-10 9.568474e-01 -3.111463e-03
3.193555e+02 2.820877e-10 9.570285e-01 -3.106760e-03
3.198559e+02 2.803980e-10 9.572092e-01 -3.102071e-03
3.203563e+02 2.787210e-10 9.573893e-01 -3.097396e-03
3.208567e+02 2.770564e-10 9.575689e-01 -3.092735e-03
3.213571e+02 2.754043e-10 9.577480e-01 -3.088087e-03
3.218575e+02 2.737645e-10 9.579266e-01 -3.083453e-03
3.223579e+02 2.721369e-10 9.581047e-01 -3.078833e-03
3.228583e+02 2.705213e-10 9.582823e-01 -3.074226e-03
3.233587e+02 2.689177e-10 9.584593e-01 -3.069632e-03
3.238591e+02 2.673260e-10 9.586359e-01 -3.065052e-03
3.243595e+02 2.657460e-10 9.588120e-01 -3.060485e-03
3.248599e+02 2.641777e-10 9.589875e-01 -3.055931e-03
3.253603e+02 2.626210e-10 9.591626e-01 -3.051391e-03
3.258607e+02 2.610757e-10 9.593372e-01 -3.046863e-03
3.263611e+02 2.595417e-10 9.595112e-01 -3.042349e-03
3.268615e+02 2.580190e-10 9.596848e-01 -3.037848e-03
3.273619e+02 2.565074e-10 9.598579e-01 -3.033359e-03
3.278623e+02 2.550069e-10 9.600305e-01 -3.028884e-03
3.283627e+02 2.535174e-10 9.602027e-01 -3.024421e-03
3.288631e+02 2.520387e-10 9.603743e-01 -3.019971e-03
3.293635e+02 2.505708e-10 9.605455e-01 -3.015534e-03
3.298639e+02 2.491135e-10 9.607162e-01 -3.011109e-03
3.303643e+02 2.476669e-10 9.608864e-01 -3.006697e-03
3.308647e+02 2.462307e-10 9.610561e-01 -3.002298e-03
3.313651e+02 2.448049e-10 9.612254e-01 -2.997911e-03
3.318655e+02 2.433894e-10 9.613942e-01 -2.993537e-03
3.323659e+02 2.419841e-10 9.615625e-01 -2.989175e-03
3.328663e+02 2.405890e-10 9.617304e-01 -2.984825e-03
3.333667e+02 2.392039e-10 9.618978e-01 -2.980488e-03
3.338671e+02 2.378288e-10 9.620647e-01 -2.976163e-03
3.343675e+02 2.364635e-10 9.622312e-01 -2.971850e-03
3.348679e+02 2.351080e-10 9.623972e-01 -2.967550e-03
3.353683e+02 2.337622e-10 9.625627e-01 -2.963261e-03
3.358687e+02 2.324260e-10 9.627278e-01 -2.958985e-03
3.363691e+02 2.310994e-10 9.628925e-01 -2.954720e-03
3.368695e+02 2.297822e-10 9.630567e-01 -2.950467e-03
3.373699e+02 2.284743e-10 9.632204e-01 -2.946227e-03
3.378703e+02 2.271758e-10 9.633837e-01 -2.941998e-03
3.383707e+02 2.258865e-10 9.635466e-01 -2.937781e-03
3.388711e+02 2.246063e-10 9.637090e-01 -2.933575e-03
3.393715e+02 2.233352e-10 9.638710e-01 -2.929382e-03
3.398719e+02 2.220730e-10 9.640325e-01 -2.925200e-03
3.403723e+02 2.208198e-10 9.641936e-01 -2.921029e-03
3.408727e+02 2.195754e-10 9.643542e-01 -2.916871e-03
3.413731e+02 2.183397e-10 9.645144e-01 -2.912723e-03
3.418735e+02 2.171127e-10 9.646742e-01 -2.908587e-03
3.423739e+02 2.158943e-10 9.648336e-01 -2.904463e-03
3.428743e+02 2.146845e-10 9.649925e-01 -2.900350e-03
3.433747e+02 2.134831e-10 9.651510e-01 -2.896248e-03
3.438751e+02 2.122901e-10 9.653091e-01 -2.892157e-03
3.443755e+02 2.111055e-10 9.654667e-01 -2.888078e-03
3.448759e+02 2.099291e-10 9.656239e-01 -2.884010e-03
3.453763e+02 2.087608e-10 9.657807e-01 -2.879953e-03
3.458767e+02 2.076007e-10 9.659371e-01 -2.875907e-03
3.463771e+02 2.064487e-10 9.660931e-01 -2.871872e-03
3.468775e+02 2.053046e-10 9.662486e-01 -2.867848e-03
3.473779e+02 2.041684e-10 9.664037e-01 -2.863835e-03
3.478783e+02 2.030401e-10 9.665585e-01 -2.859833e-03
3.483787e+02 2.019195e-10 9.667128e-01 -2.855842e-03
3.488791e+02 2.008067e-10 9.668667e-01 -2.851862e-03
3.493795e+02 1.997016e-10 9.670201e-01 -2.847892e-03
3.498799e+02 1.986040e-10 9.671732e-01 -2.843933e-03
3.503803e+02 1.975139e-10 9.673259e-01 -2.839985e-03
3.508807e+02 1.964314e-10 9.674782e-01 -2.836048e-03
3.513811e+02 1.953562e-10 9.676301e-01 -2.832121e-03
3.518815e+02 1.942884e-10 9.677815e-01 -2.828204e-03
3.523819e+02 1.932279e-10 9.679326e-01 -2.824298e-03
3.528823e+02 1.921746e-10 9.680833e-01 -2.820403e-03
3.533827e+02 1.911284e-10 9.682336e-01 -2.816518e-03
3.538831e+02 1.900894e-10 9.683835e-01 -2.812643e-03
3.543835e+02 1.890574e-10 9.685330e-01 -2.808779e-03
3.548839e+02 1.880324e-10 9.686821e-01 -2.804925e-03
3.553843e+02 1.870144e-10 9.688308e-01 -2.801081e-03
3.558847e+02 1.860032e-10 9.689791e-01 -2.797248e-03
3.563851e+02 1.849989e-10 9.691271e-01 -2.793425e-03
3.568855e+02 1.840013e-10 9.692746e-01 -2.789612e-03
3.573859e+02 1.830104e-10 9.694218e-01 -2.785809e-03
3.578863e+02 1.820262e-10 9.695686e-01 -2.782016e-03
3.583867e+02 1.810487e-10 9.697150e-01 -2.778233e-03
3.588871e+02 1.800776e-10 9.698611e-01 -2.774460e-03
3.593875e+02 1.791131e-10 9.700067e-01 -2.770697e-03
3.598879e+02 1.781550e-10 9.701520e-01 -2.766943e-03
3.603883e+02 1.772033e-10 9.702969e-01 -2.763200e-03
3.608887e+02 1.762580e-10 9.704415e-01 -2.759467e-03
3.613891e+02 1.753189e-10 9.705856e-01 -2.755743e-03
3.618895e+02 1.743861e-10 9.707294e-01 -2.752029e-03
3.623899e+02 1.734595e-10 9.708728e-01 -2.748325e-03
3.628903e+02 1.725391e-10 9.710159e-01 -2.744630e-03
3.633907e+02 1.716247e-10 9.711586e-01 -2.740945e-03
3.638911e+02 1.707164e-10 9.713009e-01 -2.737270e-03
3.643915e+02 1.698141e-10 9.714429e-01 -2.733604e-03
3.648919e+02 1.689177e-10 9.715845e-01 -2.729948e-03
3.653923e+02 1.680273e-10 9.717258e-01 -2.726301e-03
3.658927e+02 1.671427e-10 9.718666e-01 -2.722664e-03
3.663931e+02 1.662639e-10 9.720072e-01 -2.719036e-03
3.668935e+02 1.653909e-10 9.721474e-01 -2.715418e-03
3.673939e+02 1.645236e-10 9.722872e-01 -2.711808e-03
3.678943e+02 1.636620e-10 9.724266e-01 -2.708209e-03
3.683947e+02 1.628061e-10 9.725658e-01 -2.704618e-03
3.688951e+02 1.619557e-10 9.727045e-01 -2.701037e-03
3.693955e+02 1.611108e-10 9.728429e-01 -2.697464e-03
3.698959e+02 1.602715e-10 9.729810e-01 -2.693901e-03
3.703963e+02 1.594376e-10 9.731187e-01 -2.690347e-03
3.708967e+02 1.586092e-10 9.732561e-01 -2.686803e-03
3.713971e+02 1.577861e-10 9.733931e-01 -2.683267e-03
3.718975e+02 1.569683e-10 9.735298e-01 -2.679740e-03
3.723979e+02 1.561558e-10 9.736662e-01 -2.676222e-03
3.728983e+02 1.553486e-10 9.738022e-01 -2.672714e-03
3.733987e+02 1.545466e-10 9.739378e-01 -2.669214e-03
3.738991e+02 1.537498e-10 9.740732e-01 -2.665723e-03
3.743995e+02 1.529581e-10 9.742082e-01 -2.662240e-03
3.748999e+02 1.521715e-10 9.743428e-01 -2.658767e-03
3.754003e+02 1.513899e-10 9.744771e-01 -2.655303e-03
3.759007e+02 1.506133e-10 9.746111e-01 -2.651847e-03
3.764011e+02 1.498417e-10 9.747448e-01 -2.648400e-03
3.769015e+02 1.490751e-10 9.748781e-01 -2.644961e-03
3.774019e+02 1.483133e-10 9.750111e-01 -2.641531e-03
3.779023e+02 1.475564e-10 9.751438e-01 -2.638110e-03
3.784027e+02 1.468044e-10 9.752761e-01 -2.634698e-03
3.789031e+02 1.460571e-10 9.754082e-01 -2.631294e-03
3.794035e+02 1.453146e-10 9.755398e-01 -2.627898e-03
3.799039e+02 1.445767e-10 9.756712e-01 -2.624511e-03
3.804043e+02 1.438436e-10 9.758023e-01 -2.621133e-03
3.809047e+02 1.431151e-10 9.759330e-01 -2.617762e-03
3.814051e+02 1.423912e-10 9.760634e-01 -2.614401e-03
3.819055e+02 1.416719e-10 9.761935e-01 -2.611047e-03
3.824059e+02 1.409571e-10 9.763233e-01 -2.607702e-03
3.829063e+02 1.402468e-10 9.764527e-01 -2.604366e-03
3.834067e+02 1.395410e-10 9.765819e-01 -2.601037e-03
3.839071e+02 1.388396e-10 9.767107e-01 -2.597717e-03
3.844075e+02 1.381426e-10 9.768392e-01 -2.594405e-03
3.849079e+02 1.374500e-10 9.769674e-01 -2.591101e-03
3.854083e+02 1.367617e-10 9.770953e-01 -2.587805e-03
3.859087e+02 1.360777e-10 9.772229e-01 -2.584518e-03
3.864091e+02 1.353980e-10 9.773502e-01 -2.581238e-03
3.869095e+02 1.347225e-10 9.774772e-01 -2.577967e-03
3.874099e+02 1.340513e-10 9.776039e-01 -2.574703e-03
3.879103e+02 1.333842e-10 9.777302e-01 -2.571448e-03
3.884107e+02 1.327212e-10 9.778563e-01 -2.568200e-03
3.889111e+02 1.320624e-10 9.779820e-01 -2.564961e-03
3.894115e+02 1.314077e-10 9.781075e-01 -2.561729e-03
3.899119e+02 1.307570e-10 9.782326e-01 -2.558506e-03
3.904123e+02 1.301103e-10 9.783575e-01 -2.555290e-03
3.909127e+02 1.294676e-10 9.784820e-01 -2.552082e-03
3.914131e+02 1.288289e-10 9.786063e-01 -2.548881e-03
3.919135e+02 1.281941e-10 9.787303e-01 -2.545689e-03
3.924139e+02 1.275633e-10 9.788539e-01 -2.542504e-03
3.929143e+02 1.269363e-10 9.789773e-01 -2.539327e-03
3.934147e+02 1.263131e-10 9.791004e-01 -2.536158e-03
3.939151e+02 1.256938e-10 9.792232e-01 -2.532996e-03
3.944155e+02 1.250782e-10 9.793457e-01 -2.529842e-03
3.949159e+02 1.244665e-10 9.794679e-01 -2.526696e-03
3.954163e+02 1.238584e-10 9.795898e-01 -2.523557e-03
3.959167e+02 1.232541e-10 9.797114e-01 -2.520425e-03
3.964171e+02 1.226534e-10 9.798328e-01 -2.517302e-03
3.969175e+02 1.220564e-10 9.799539e-01 -2.514185e-03
3.974179e+02 1.214631e-10 9.800746e-01 -2.511076e-03
3.979183e+02 1.208733e-10 9.801951e-01 -2.507975e-03
3.984187e+02 1.202871e-10 9.803153e-01 -2.504881e-03
3.989191e+02 1.197045e-10 9.804353e-01 -2.501794e-03
3.994195e+02 1.191254e-10 9.805549e-01 -2.498715e-03
3.999199e+02 1.185497e-10 9.806743e-01 -2.495643e-03
4.004203e+02 1.179776e-10 9.807934e-01 -2.492578e-03
4.009207e+02 1.174089e-10 9.809122e-01 -2.489521e-03
4.014211e+02 1.168436e-10 9.810307e-01 -2.486471e-03
4.019215e+02 1.162817e-10 9.811490e-01 -2.483428e-03
4.024219e+02 1.157232e-10 9.812669e-01 -2.480392e-03
4.029223e+02 1.151681e-10 9.813846e-01 -2.477364e-03
4.034227e+02 1.146162e-10 9.815021e-01 -2.474343e-03
4.039231e+02 1.140677e-10 9.816192e-01 -2.471328e-03
4.044235e+02 1.135225e-10 9.817361e-01 -2.468321e-03
4.049239e+02 1.129805e-10 9.818528e-01 -2.465321e-03
4.054243e+02 1.124417e-10 9.819691e-01 -2.462328e-03
4.059247e+02 1.119061e-10 9.820852e-01 -2.459342e-03
4.064251e+02 1.113737e-10 9.822010e-01 -2.456363e-03
4.069255e+02 1.108445e-10 9.823166e-01 -2.453391e-03
4.074259e+02 1.103185e-10 9.824318e-01 -2.450426e-03
4.079263e+02 1.097955e-10 9.825469e-01 -2.447468e-03
4.084267e+02 1.092756e-10 9.826616e-01 -2.444517e-03
4.089271e+02 1.087588e-10 9.827761e-01 -2.441573e-03
4.094275e+02 1.082451e-10 9.828904e-01 -2.438635e-03
4.099279e+02 1.077344e-10 9.830043e-01 -2.435704e-03
4.104283e+02 1.072267e-10 9.831180e-01 -2.432781e-03
4.109287e+02 1.067220e-10 9.832315e-01 -2.429864e-03
4.114291e+02 1.062202e-10 9.833447e-01 -2.426953e-03
4.119295e+02 1.057214e-10 9.834576e-01 -2.424050e-03
4.124299e+02 1.052256e-10 9.835703e-01 -2.421153e-03
4.129303e+02 1.047326e-10 9.836827e-01 -2.418263e-03
4.134307e+02 1.042425e-10 9.837949e-01 -2.415379e-03
4.139311e+02 1.037553e-10 9.839068e-01 -2.412502e-03
4.144315e+02 1.032709e-10 9.840185e-01 -2.409632e-03
4.149319e+02 1.027893e-10 9.841299e-01 -2.406769e-03
4.154323e+02 1.023106e-10 9.842410e-01 -2.403911e-03
4.159327e+02 1.018346e-10 9.843519e-01 -2.401061e-03
4.164331e+02 1.013614e-10 9.844626e-01 -2.398217e-03
4.169335e+02 1.008910e-10 9.845730e-01 -2.395380e-03
4.174339e+02 1.004232e-10 9.846832e-01 -2.392549e-03
4.179343e+02 9.995820e-11 9.847931e-01 -2.389724e-03
4.184347e+02 9.949586e-11 9.849027e-01 -2.386906e-03
4.189351e+02 9.903619e-11 9.850122e-01 -2.384094e-03
4.194355e+02 9.857918e-11 9.851213e-01 -2.381289e-03
4.199359e+02 9.812479e-11 9.852303e-01 -2.378490e-03
4.204363e+02 9.767303e-11 9.853390e-01 -2.375698e-03
4.209367e+02 9.722386e-11 9.854474e-01 -2.372912e-03
4.214371e+02 9.677726e-11 9.855556e-01 -2.370132e-03
4.219375e+02 9.633323e-11 9.856636e-01 -2.367358e-03
4.224379e+02 9.589175e-11 9.857713e-01 -2.364591e-03
4.229383e+02 9.545279e-11 9.858788e-01 -2.361830e-03
4.234387e+02 9.501633e-11 9.859860e-01 -2.359075e-03
4.239391e+02 9.458237e-11 9.860930e-01 -2.356326e-03
4.244395e+02 9.415089e-11 9.861998e-01 -2.353584e-03
4.249399e+02 9.372186e-11 9.863064e-01 -2.350847e-03
4.254403e+02 9.329528e-11 9.864127e-01 -2.348117e-03
4.259407e+02 9.287111e-11 9.865187e-01 -2.345393e-03
4.264411e+02 9.244936e-11 9.866246e-01 -2.342675e-03
4.269415e+02 9.203000e-11 9.867302e-01 -2.339963e-03
4.274419e+02 9.161301e-11 9.868355e-01 -2.337258e-03
4.279423e+02 9.119838e-11 9.869407e-01 -2.334558e-03
4.284427e+02 9.078609e-11 9.870456e-01 -2.331864e-03
4.289431e+02 9.037614e-11 9.871503e-01 -2.329176e-03
4.294435e+02 8.996849e-11 9.872547e-01 -2.326495e-03
4.299439e+02 8.956314e-11 9.873589e-01 -2.323819e-03
4.304443e+02 8.916007e-11 9.874629e-01 -2.321149e-03
4.309447e+02 8.875926e-11 9.875667e-01 -2.318485e-03
4.314451e+02 8.836071e-11 9.876702e-01 -2.315827e-03
4.319455e+02 8.796439e-11 9.877735e-01 -2.313175e-03
4.324459e+02 8.757028e-11 9.878766e-01 -2.310529e-03
4.329463e+02 8.717839e-11 9.879795e-01 -2.307888e-03
4.334467e+02 8.678868e-11 9.880822e-01 -2.305254e-03
4.339471e+02 8.640115e-11 9.881846e-01 -2.302625e-03
4.344475e+02 8.601578e-11 9.882868e-01 -2.300002e-03
4.349479e+02 8.563255e-11 9.883888e-01 -2.297385e-03
4.354483e+02 8.525146e-11 9.884905e-01 -2.294773e-03
4.359487e+02 8.487248e-11 9.885921e-01 -2.292167e-03
4.364491e+02 8.449561e-11 9.886934e-01 -2.289567e-03
4.369495e+02 8.412083e-11 9.887945e-01 -2.286973e-03
4.374499e+02 8.374812e-11 9.888954e-01 -2.284384e-03
4.379504e+02 8.337747e-11 9.889960e-01 -2.281801e-03
4.384508e+02 8.300888e-11 9.890965e-01 -2.279223e-03
4.389512e+02 8.264232e-11 9.891967e-01 -2.276652e-03
4.394516e+02 8.227777e-11 9.892967e-01 -2.274085e-03
4.399520e+02 8.191524e-11 9.893965e-01 -2.271525e-03
4.404524e+02 8.155470e-11 9.894961e-01 -2.268970e-03
4.409528e+02 8.119615e-11 9.895955e-01 -2.266420e-03
4.414532e+02 8.083956e-11 9.896947e-01 -2.263876e-03
4.419536e+02 8.048492e-11 9.897937e-01 -2.261338e-03
4.424540e+02 8.013223e-11 9.898924e-01 -2.258805e-03
4.429544e+02 7.978147e-11 9.899909e-01 -2.256277e-03
4.434548e+02 7.943263e-11 9.900893e-01 -2.253755e-03
4.439552e+02 7.908569e-11 9.901874e-01 -2.251238e-03
4.444556e+02 7.874064e-11 9.902853e-01 -2.248727e-03
4.449560e+02 7.839747e-11 9.903830e-01 -2.246221e-03
4.454564e+02 7.805617e-11 9.904805e-01 -2.243721e-03
4.459568e+02 7.771673e-11 9.905778e-01 -2.241226e-03
4.464572e+02 7.737913e-11 9.906749e-01 -2.238736e-03
4.469576e+02 7.704336e-11 9.907718e-01 -2.236251e-03
4.474580e+02 7.670941e-11 9.908685e-01 -2.233772e-03
4.479584e+02 7.637726e-11 9.909649e-01 -2.231299e-03
4.484588e+02 7.604692e-11 9.910612e-01 -2.228830e-03
4.489592e+02 7.571835e-11 9.911573e-01 -2.226367e-03
4.494596e+02 7.539156e-11 9.912532e-01 -2.223909e-03
4.499600e+02 7.506653e-11 9.913488e-01 -2.221456e-03
4.504604e+02 7.474325e-11 9.914443e-01 -2.219008e-03
4.509608e+02 7.442171e-11 9.915396e-01 -2.216566e-03
4.514612e+02 7.410190e-11 9.916346e-01 -2.214129e-03
4.519616e+02 7.378380e-11 9.917295e-01 -2.211697e-03
4.524620e+02 7.346740e-11 9.918242e-01 -2.209270e-03
4.529624e+02 7.315270e-11 9.919187e-01 -2.206848e-03
4.534628e+02 7.283969e-11 9.920130e-01 -2.204432e-03
4.539632e+02 7.252835e-11 9.921070e-01 -2.202020e-03
4.544636e+02 7.221866e-11 9.922009e-01 -2.199614e-03
4.549640e+02 7.191063e-11 9.922946e-01 -2.197212e-03
4.554644e+02 7.160424e-11 9.923881e-01 -2.194816e-03
4.559648e+02 7.129948e-11 9.924814e-01 -2.192425e-03
4.564652e+02 7.099634e-11 9.925746e-01 -2.190038e-03
4.569656e+02 7.069481e-11 9.926675e-01 -2.187657e-03
4.574660e+02 7.039488e-11 9.927602e-01 -2.185281e-03
4.579664e+02 7.009654e-11 9.928528e-01 -2.182909e-03
4.584668e+02 6.979977e-11 9.929451e-01 -2.180543e-03
4.589672e+02 6.950458e-11 9.930373e-01 -2.178182e-03
4.594676e+02 6.921094e-11 9.931292e-01 -2.175825e-03
4.599680e+02 6.891885e-11 9.932210e-01 -2.173474e-03
4.604684e+02 6.862831e-11 9.933126e-01 -2.171127e-03
4.609688e+02 6.833929e-11 9.934040e-01 -2.168785e-03
4.614692e+02 6.805179e-11 9.934953e-01 -2.166448e-03
4.619696e+02 6.776580e-11 9.935863e-01 -2.164116e-03
4.624700e+02 6.748131e-11 9.936771e-01 -2.161789e-03
4.629704e+02 6.719832e-11 9.937678e-01 -2.159466e-03
4.634708e+02 6.691680e-11 9.938583e-01 -2.157149e-03
4.639712e+02 6.663676e-11 9.939486e-01 -2.154836e-03
4.644716e+02 6.635818e-11 9.940387e-01 -2.152528e-03
4.649720e+02 6.608106e-11 9.941286e-01 -2.150224e-03
4.654724e+02 6.580538e-11 9.942184e-01 -2.147926e-03
4.659728e+02 6.553114e-11 9.943079e-01 -2.145632e-03
4.664732e+02 6.525832e-11 9.943973e-01 -2.143343e-03
4.669736e+02 6.498693e-11 9.944865e-01 -2.141058e-03
4.674740e+02 6.471694e-11 9.945755e-01 -2.138779e-03
4.679744e+02 6.444835e-11 9.946644e-01 -2.136504e-03
4.684748e+02 6.418116e-11 9.947530e-01 -2.134233e-03
4.689752e+02 6.391534e-11 9.948415e-01 -2.131967e-03
4.694756e+02 6.365091e-11 9.949298e-01 -2.129706e-03
4.699760e+02 6.338784e-11 9.950180e-01 -2.127450e-03
4.704764e+02 6.312612e-11 9.951059e-01 -2.125198e-03
4.709768e+02 6.286576e-11 9.951937e-01 -2.122950e-03
4.714772e+02 6.260674e-11 9.952813e-01 -2.120708e-03
4.719776e+02 6.234905e-11 9.953687e-01 -2.118469e-03
4.724780e+02 6.209268e-11 9.954560e-01 -2.116236e-03
4.729784e+02 6.183763e-11 9.955430e-01 -2.114007e-03
4.734788e+02 6.158389e-11 9.956299e-01 -2.111782e-03
4.739792e+02 6.133145e-11 9.957167e-01 -2.109562e-03
4.744796e+02 6.108030e-11 9.958032e-01 -2.107346e-03
4.749800e+02 6.083043e-11 9.958896e-01 -2.105135e-03
4.754804e+02 6.058185e-11 9.959758e-01 -2.102928e-03
4.759808e+02 6.033453e-11 9.960619e-01 -2.100726e-03
4.764812e+02 6.008847e-11 9.961477e-01 -2.098528e-03
4.769816e+02 5.984366e-11 9.962334e-01 -2.096335e-03
4.774820e+02 5.960010e-11 9.963190e-01 -2.094146e-03
4.779824e+02 5.935778e-11 9.964043e-01 -2.091962e-03
4.784828e+02 5.911669e-11 9.964895e-01 -2.089781e-03
4.789832e+02 5.887682e-11 9.965745e-01 -2.087606e-03
4.794836e+02 5.863816e-11 9.966594e-01 -2.085434e-03
4.799840e+02 5.840072e-11 9.967441e-01 -2.083267e-03
4.804844e+02 5.816447e-11 9.968286e-01 -2.081104e-03
4.809848e+02 5.792942e-11 9.969130e-01 -2.078946e-03
4.814852e+02 5.769555e-11 9.969972e-01 -2.076792e-03
4.819856e+02 5.746287e-11 9.970812e-01 -2.074642e-03
4.824860e+02 5.723135e-11 9.971650e-01 -2.072496e-03
4.829864e+02 5.700100e-11 9.972487e-01 -2.070355e-03
4.834868e+02 5.677181e-11 9.973323e-01 -2.068218e-03
4.839872e+02 5.654377e-11 9.974156e-01 -2.066085e-03
4.844876e+02 5.631687e-11 9.974988e-01 -2.063956e-03
4.849880e+02 5.609111e-11 9.975819e-01 -2.061832e-03
4.854884e+02 5.586648e-11 9.976648e-01 -2.059712e-03
4.859888e+02 5.564297e-11 9.977475e-01 -2.057596e-03
4.864892e+02 5.542058e-11 9.978301e-01 -2.055484e-03
4.869896e+02 5.519930e-11 9.979125e-01 -2.053376e-03
4.874900e+02 5.497912e-11 9.979947e-01 -2.051273e-03
4.879904e+02 5.476004e-11 9.980768e-01 -2.049173e-03
4.884908e+02 5.454205e-11 9.981587e-01 -2.047078e-03
4.889912e+02 5.432514e-11 9.982405e-01 -2.044987e-03
4.894916e+02 5.410931e-11 9.983221e-01 -2.042900e-03
4.899920e+02 5.389456e-11 9.984035e-01 -2.040817e-03
4.904924e+02 5.368086e-11 9.984848e-01 -2.038738e-03
4.909928e+02 5.346822e-11 9.985659e-01 -2.036663e-03
4.914932e+02 5.325664e-11 9.986469e-01 -2.034593e-03
4.919936e+02 5.304610e-11 9.987277e-01 -2.032526e-03
4.924940e+02 5.283660e-11 9.988084e-01 -2.030463e-03
4.929944e+02 5.262814e-11 9.988889e-01 -2.028405e-03
4.934948e+02 5.242070e-11 9.989692e-01 -2.026350e-03
4.939952e+02 5.221428e-11 9.990494e-01 -2.024300e-03
4.944956e+02 5.200888e-11 9.991295e-01 -2.022253e-03
4.949960e+02 5.180448e-11 9.992094e-01 -2.020210e-03
4.954964e+02 5.160109e-11 9.992891e-01 -2.018172e-03
4.959968e+02 5.139870e-11 9.993687e-01 -2.016137e-03
4.964972e+02 5.119729e-11 9.994482e-01 -2.014106e-03
4.969976e+02 5.099688e-11 9.995274e-01 -2.012079e-03
4.974980e+02 5.079744e-11 9.996066e-01 -2.010056e-03
4.979984e+02 5.059898e-11 9.996856e-01 -2.008037e-03
4.984988e+02 5.040148e-11 9.997644e-01 -2.006022e-03
4.989992e+02 5.020495e-11 9.998431e-01 -2.004011e-03
4.994996e+02 5.000937e-11 9.999216e-01 -2.002004e-03
5.000000e+02 4.981475e-11 1.000000e+00 -2.000000e-03
