! /n/nyx3/garavito/projects/XMC-Atlas/scripts/test_halo_108/modelname_halo_2259.txt
! R    D    M    P
1000
1.000000e-01 6.019173e-05 1.086920e-17 -3.374489e-02
6.004004e-01 5.330618e-05 6.230920e-05 -3.372912e-02
1.100801e+00 4.737959e-05 3.032380e-04 -3.363620e-02
1.601201e+00 4.225578e-05 8.243743e-04 -3.349887e-02
2.101602e+00 3.780749e-05 1.690019e-03 -3.332563e-02
2.602002e+00 3.393045e-05 2.937314e-03 -3.312293e-02
3.102402e+00 3.053871e-05 4.583743e-03 -3.289608e-02
3.602803e+00 2.756104e-05 6.632694e-03 -3.264950e-02
4.103203e+00 2.493816e-05 9.077595e-03 -3.238691e-02
4.603604e+00 2.262046e-05 1.190498e-02 -3.211146e-02
5.104004e+00 2.056623e-05 1.509678e-02 -3.182583e-02
5.604404e+00 1.874031e-05 1.863198e-02 -3.153227e-02
6.104805e+00 1.711286e-05 2.248789e-02 -3.123269e-02
6.605205e+00 1.565852e-05 2.664105e-02 -3.092874e-02
7.105606e+00 1.435563e-05 3.106787e-02 -3.062180e-02
7.606006e+00 1.318564e-05 3.574510e-02 -3.031304e-02
8.106406e+00 1.213258e-05 4.065018e-02 -3.000348e-02
8.606807e+00 1.118269e-05 4.576143e-02 -2.969395e-02
9.107207e+00 1.032407e-05 5.105822e-02 -2.938519e-02
9.607608e+00 9.546383e-06 5.652105e-02 -2.907779e-02
1.010801e+01 8.840632e-06 6.213156e-02 -2.877228e-02
1.060841e+01 8.198973e-06 6.787259e-02 -2.846908e-02
1.110881e+01 7.614540e-06 7.372810e-02 -2.816856e-02
1.160921e+01 7.081312e-06 7.968320e-02 -2.787102e-02
1.210961e+01 6.593993e-06 8.572409e-02 -2.757671e-02
1.261001e+01 6.147918e-06 9.183798e-02 -2.728583e-02
1.311041e+01 5.738963e-06 9.801309e-02 -2.699855e-02
1.361081e+01 5.363481e-06 1.042385e-01 -2.671500e-02
1.411121e+01 5.018234e-06 1.105043e-01 -2.643528e-02
1.461161e+01 4.700346e-06 1.168013e-01 -2.615947e-02
1.511201e+01 4.407253e-06 1.231210e-01 -2.588763e-02
1.561241e+01 4.136669e-06 1.294558e-01 -2.561979e-02
1.611281e+01 3.886550e-06 1.357985e-01 -2.535597e-02
1.661321e+01 3.655065e-06 1.421428e-01 -2.509618e-02
1.711361e+01 3.440571e-06 1.484827e-01 -2.484042e-02
1.761401e+01 3.241594e-06 1.548130e-01 -2.458868e-02
1.811441e+01 3.056803e-06 1.611287e-01 -2.434092e-02
1.861481e+01 2.885002e-06 1.674255e-01 -2.409713e-02
1.911522e+01 2.725111e-06 1.736993e-01 -2.385725e-02
1.961562e+01 2.576150e-06 1.799465e-01 -2.362126e-02
2.011602e+01 2.437235e-06 1.861639e-01 -2.338911e-02
2.061642e+01 2.307564e-06 1.923485e-01 -2.316074e-02
2.111682e+01 2.186408e-06 1.984976e-01 -2.293611e-02
2.161722e+01 2.073104e-06 2.046089e-01 -2.271516e-02
2.211762e+01 1.967049e-06 2.106803e-01 -2.249783e-02
2.261802e+01 1.867693e-06 2.167098e-01 -2.228406e-02
2.311842e+01 1.774535e-06 2.226958e-01 -2.207380e-02
2.361882e+01 1.687116e-06 2.286369e-01 -2.186698e-02
2.411922e+01 1.605017e-06 2.345316e-01 -2.166354e-02
2.461962e+01 1.527854e-06 2.403789e-01 -2.146343e-02
2.512002e+01 1.455275e-06 2.461778e-01 -2.126658e-02
2.562042e+01 1.386957e-06 2.519275e-01 -2.107292e-02
2.612082e+01 1.322603e-06 2.576272e-01 -2.088241e-02
2.662122e+01 1.261939e-06 2.632763e-01 -2.069498e-02
2.712162e+01 1.204716e-06 2.688744e-01 -2.051056e-02
2.762202e+01 1.150701e-06 2.744210e-01 -2.032910e-02
2.812242e+01 1.099681e-06 2.799158e-01 -2.015055e-02
2.862282e+01 1.051459e-06 2.853587e-01 -1.997483e-02
2.912322e+01 1.005852e-06 2.907494e-01 -1.980191e-02
2.962362e+01 9.626918e-07 2.960879e-01 -1.963171e-02
3.012402e+01 9.218230e-07 3.013742e-01 -1.946419e-02
3.062442e+01 8.831008e-07 3.066083e-01 -1.929930e-02
3.112482e+01 8.463914e-07 3.117903e-01 -1.913696e-02
3.162523e+01 8.115704e-07 3.169204e-01 -1.897715e-02
3.212563e+01 7.785223e-07 3.219987e-01 -1.881980e-02
3.262603e+01 7.471401e-07 3.270254e-01 -1.866487e-02
3.312643e+01 7.173237e-07 3.320008e-01 -1.851230e-02
3.362683e+01 6.889805e-07 3.369252e-01 -1.836204e-02
3.412723e+01 6.620239e-07 3.417990e-01 -1.821406e-02
3.462763e+01 6.363732e-07 3.466223e-01 -1.806830e-02
3.512803e+01 6.119532e-07 3.513957e-01 -1.792472e-02
3.562843e+01 5.886938e-07 3.561195e-01 -1.778328e-02
3.612883e+01 5.665293e-07 3.607940e-01 -1.764392e-02
3.662923e+01 5.453985e-07 3.654198e-01 -1.750662e-02
3.712963e+01 5.252441e-07 3.699972e-01 -1.737132e-02
3.763003e+01 5.060123e-07 3.745267e-01 -1.723799e-02
3.813043e+01 4.876529e-07 3.790087e-01 -1.710659e-02
3.863083e+01 4.701190e-07 3.834438e-01 -1.697708e-02
3.913123e+01 4.533662e-07 3.878323e-01 -1.684942e-02
3.963163e+01 4.373533e-07 3.921748e-01 -1.672358e-02
4.013203e+01 4.220413e-07 3.964717e-01 -1.659951e-02
4.063243e+01 4.073937e-07 4.007236e-01 -1.647719e-02
4.113283e+01 3.933763e-07 4.049310e-01 -1.635658e-02
4.163323e+01 3.799567e-07 4.090942e-01 -1.623765e-02
4.213363e+01 3.671047e-07 4.132139e-01 -1.612035e-02
4.263403e+01 3.547916e-07 4.172905e-01 -1.600468e-02
4.313443e+01 3.429906e-07 4.213246e-01 -1.589058e-02
4.363483e+01 3.316763e-07 4.253166e-01 -1.577803e-02
4.413524e+01 3.208248e-07 4.292670e-01 -1.566700e-02
4.463564e+01 3.104136e-07 4.331764e-01 -1.555746e-02
4.513604e+01 3.004213e-07 4.370451e-01 -1.544939e-02
4.563644e+01 2.908281e-07 4.408738e-01 -1.534275e-02
4.613684e+01 2.816147e-07 4.446630e-01 -1.523752e-02
4.663724e+01 2.727634e-07 4.484130e-01 -1.513367e-02
4.713764e+01 2.642573e-07 4.521244e-01 -1.503117e-02
4.763804e+01 2.560802e-07 4.557977e-01 -1.493001e-02
4.813844e+01 2.482170e-07 4.594334e-01 -1.483015e-02
4.863884e+01 2.406533e-07 4.630319e-01 -1.473158e-02
4.913924e+01 2.333757e-07 4.665937e-01 -1.463426e-02
4.963964e+01 2.263711e-07 4.701192e-01 -1.453818e-02
5.014004e+01 2.196274e-07 4.736090e-01 -1.444331e-02
5.064044e+01 2.131331e-07 4.770635e-01 -1.434963e-02
5.114084e+01 2.068770e-07 4.804831e-01 -1.425712e-02
5.164124e+01 2.008488e-07 4.838684e-01 -1.416575e-02
5.214164e+01 1.950387e-07 4.872196e-01 -1.407552e-02
5.264204e+01 1.894372e-07 4.905374e-01 -1.398639e-02
5.314244e+01 1.840354e-07 4.938221e-01 -1.389835e-02
5.364284e+01 1.788247e-07 4.970741e-01 -1.381138e-02
5.414324e+01 1.737973e-07 5.002938e-01 -1.372546e-02
5.464364e+01 1.689453e-07 5.034818e-01 -1.364058e-02
5.514404e+01 1.642614e-07 5.066383e-01 -1.355670e-02
5.564444e+01 1.597388e-07 5.097639e-01 -1.347382e-02
5.614484e+01 1.553708e-07 5.128588e-01 -1.339193e-02
5.664525e+01 1.511511e-07 5.159236e-01 -1.331099e-02
5.714565e+01 1.470738e-07 5.189585e-01 -1.323100e-02
5.764605e+01 1.431330e-07 5.219641e-01 -1.315194e-02
5.814645e+01 1.393233e-07 5.249406e-01 -1.307379e-02
5.864685e+01 1.356395e-07 5.278884e-01 -1.299654e-02
5.914725e+01 1.320768e-07 5.308080e-01 -1.292018e-02
5.964765e+01 1.286302e-07 5.336996e-01 -1.284469e-02
6.014805e+01 1.252954e-07 5.365637e-01 -1.277005e-02
6.064845e+01 1.220679e-07 5.394006e-01 -1.269625e-02
6.114885e+01 1.189437e-07 5.422107e-01 -1.262328e-02
6.164925e+01 1.159189e-07 5.449942e-01 -1.255112e-02
6.214965e+01 1.129896e-07 5.477516e-01 -1.247976e-02
6.265005e+01 1.101523e-07 5.504831e-01 -1.240919e-02
6.315045e+01 1.074034e-07 5.531892e-01 -1.233939e-02
6.365085e+01 1.047398e-07 5.558700e-01 -1.227036e-02
6.415125e+01 1.021583e-07 5.585261e-01 -1.220207e-02
6.465165e+01 9.965585e-08 5.611576e-01 -1.213453e-02
6.515205e+01 9.722955e-08 5.637649e-01 -1.206771e-02
6.565245e+01 9.487666e-08 5.663483e-01 -1.200160e-02
6.615285e+01 9.259451e-08 5.689081e-01 -1.193620e-02
6.665325e+01 9.038058e-08 5.714445e-01 -1.187149e-02
6.715365e+01 8.823244e-08 5.739580e-01 -1.180746e-02
6.765405e+01 8.614774e-08 5.764488e-01 -1.174411e-02
6.815445e+01 8.412426e-08 5.789171e-01 -1.168142e-02
6.865485e+01 8.215985e-08 5.813633e-01 -1.161937e-02
6.915526e+01 8.025245e-08 5.837876e-01 -1.155797e-02
6.965566e+01 7.840009e-08 5.861903e-01 -1.149720e-02
7.015606e+01 7.660087e-08 5.885717e-01 -1.143705e-02
7.065646e+01 7.485298e-08 5.909320e-01 -1.137752e-02
7.115686e+01 7.315467e-08 5.932715e-01 -1.131859e-02
7.165726e+01 7.150425e-08 5.955905e-01 -1.126025e-02
7.215766e+01 6.990012e-08 5.978892e-01 -1.120250e-02
7.265806e+01 6.834072e-08 6.001678e-01 -1.114532e-02
7.315846e+01 6.682458e-08 6.024267e-01 -1.108872e-02
7.365886e+01 6.535025e-08 6.046660e-01 -1.103267e-02
7.415926e+01 6.391636e-08 6.068860e-01 -1.097718e-02
7.465966e+01 6.252159e-08 6.090869e-01 -1.092223e-02
7.516006e+01 6.116466e-08 6.112689e-01 -1.086782e-02
7.566046e+01 5.984435e-08 6.134324e-01 -1.081393e-02
7.616086e+01 5.855947e-08 6.155775e-01 -1.076057e-02
7.666126e+01 5.730890e-08 6.177044e-01 -1.070772e-02
7.716166e+01 5.609154e-08 6.198134e-01 -1.065537e-02
7.766206e+01 5.490633e-08 6.219046e-01 -1.060353e-02
7.816246e+01 5.375227e-08 6.239783e-01 -1.055218e-02
7.866286e+01 5.262837e-08 6.260347e-01 -1.050131e-02
7.916326e+01 5.153369e-08 6.280740e-01 -1.045092e-02
7.966366e+01 5.046733e-08 6.300964e-01 -1.040100e-02
8.016406e+01 4.942842e-08 6.321021e-01 -1.035155e-02
8.066446e+01 4.841610e-08 6.340913e-01 -1.030256e-02
8.116486e+01 4.742957e-08 6.360642e-01 -1.025402e-02
8.166527e+01 4.646804e-08 6.380209e-01 -1.020593e-02
8.216567e+01 4.553075e-08 6.399618e-01 -1.015828e-02
8.266607e+01 4.461698e-08 6.418868e-01 -1.011106e-02
8.316647e+01 4.372603e-08 6.437964e-01 -1.006427e-02
8.366687e+01 4.285720e-08 6.456905e-01 -1.001790e-02
8.416727e+01 4.200984e-08 6.475695e-01 -9.971951e-03
8.466767e+01 4.118333e-08 6.494334e-01 -9.926414e-03
8.516807e+01 4.037705e-08 6.512825e-01 -9.881282e-03
8.566847e+01 3.959040e-08 6.531169e-01 -9.836552e-03
8.616887e+01 3.882282e-08 6.549367e-01 -9.792217e-03
8.666927e+01 3.807375e-08 6.567423e-01 -9.748273e-03
8.716967e+01 3.734266e-08 6.585336e-01 -9.704714e-03
8.767007e+01 3.662904e-08 6.603109e-01 -9.661536e-03
8.817047e+01 3.593239e-08 6.620743e-01 -9.618733e-03
8.867087e+01 3.525222e-08 6.638241e-01 -9.576301e-03
8.917127e+01 3.458806e-08 6.655602e-01 -9.534234e-03
8.967167e+01 3.393948e-08 6.672830e-01 -9.492529e-03
9.017207e+01 3.330603e-08 6.689925e-01 -9.451181e-03
9.067247e+01 3.268729e-08 6.706889e-01 -9.410185e-03
9.117287e+01 3.208286e-08 6.723724e-01 -9.369536e-03
9.167327e+01 3.149233e-08 6.740430e-01 -9.329231e-03
9.217367e+01 3.091533e-08 6.757009e-01 -9.289265e-03
9.267407e+01 3.035148e-08 6.773463e-01 -9.249634e-03
9.317447e+01 2.980043e-08 6.789793e-01 -9.210333e-03
9.367487e+01 2.926183e-08 6.806001e-01 -9.171359e-03
9.417528e+01 2.873534e-08 6.822087e-01 -9.132708e-03
9.467568e+01 2.822064e-08 6.838053e-01 -9.094375e-03
9.517608e+01 2.771742e-08 6.853900e-01 -9.056357e-03
9.567648e+01 2.722536e-08 6.869630e-01 -9.018650e-03
9.617688e+01 2.674418e-08 6.885244e-01 -8.981250e-03
9.667728e+01 2.627358e-08 6.900743e-01 -8.944154e-03
9.717768e+01 2.581328e-08 6.916128e-01 -8.907357e-03
9.767808e+01 2.536302e-08 6.931401e-01 -8.870857e-03
9.817848e+01 2.492254e-08 6.946562e-01 -8.834649e-03
9.867888e+01 2.449158e-08 6.961613e-01 -8.798731e-03
9.917928e+01 2.406990e-08 6.976556e-01 -8.763098e-03
9.967968e+01 2.365725e-08 6.991390e-01 -8.727747e-03
1.001801e+02 2.325340e-08 7.006118e-01 -8.692676e-03
1.006805e+02 2.285814e-08 7.020741e-01 -8.657881e-03
1.011809e+02 2.247125e-08 7.035259e-01 -8.623358e-03
1.016813e+02 2.209250e-08 7.049674e-01 -8.589104e-03
1.021817e+02 2.172170e-08 7.063986e-01 -8.555117e-03
1.026821e+02 2.135865e-08 7.078197e-01 -8.521393e-03
1.031825e+02 2.100315e-08 7.092308e-01 -8.487929e-03
1.036829e+02 2.065502e-08 7.106320e-01 -8.454723e-03
1.041833e+02 2.031407e-08 7.120234e-01 -8.421771e-03
1.046837e+02 1.998012e-08 7.134051e-01 -8.389070e-03
1.051841e+02 1.965302e-08 7.147772e-01 -8.356618e-03
1.056845e+02 1.933257e-08 7.161397e-01 -8.324412e-03
1.061849e+02 1.901864e-08 7.174928e-01 -8.292448e-03
1.066853e+02 1.871105e-08 7.188366e-01 -8.260725e-03
1.071857e+02 1.840965e-08 7.201712e-01 -8.229239e-03
1.076861e+02 1.811430e-08 7.214966e-01 -8.197989e-03
1.081865e+02 1.782485e-08 7.228130e-01 -8.166971e-03
1.086869e+02 1.754116e-08 7.241205e-01 -8.136182e-03
1.091873e+02 1.726309e-08 7.254191e-01 -8.105621e-03
1.096877e+02 1.699050e-08 7.267089e-01 -8.075285e-03
1.101881e+02 1.672328e-08 7.279900e-01 -8.045171e-03
1.106885e+02 1.646129e-08 7.292625e-01 -8.015276e-03
1.111889e+02 1.620441e-08 7.305265e-01 -7.985600e-03
1.116893e+02 1.595253e-08 7.317820e-01 -7.956138e-03
1.121897e+02 1.570551e-08 7.330292e-01 -7.926890e-03
1.126901e+02 1.546326e-08 7.342681e-01 -7.897852e-03
1.131905e+02 1.522567e-08 7.354989e-01 -7.869022e-03
1.136909e+02 1.499262e-08 7.367215e-01 -7.840398e-03
1.141913e+02 1.476401e-08 7.379361e-01 -7.811978e-03
1.146917e+02 1.453974e-08 7.391427e-01 -7.783760e-03
1.151921e+02 1.431972e-08 7.403415e-01 -7.755742e-03
1.156925e+02 1.410384e-08 7.415324e-01 -7.727921e-03
1.161929e+02 1.389201e-08 7.427156e-01 -7.700295e-03
1.166933e+02 1.368415e-08 7.438912e-01 -7.672863e-03
1.171937e+02 1.348016e-08 7.450592e-01 -7.645622e-03
1.176941e+02 1.327996e-08 7.462197e-01 -7.618571e-03
1.181945e+02 1.308346e-08 7.473727e-01 -7.591707e-03
1.186949e+02 1.289058e-08 7.485184e-01 -7.565029e-03
1.191953e+02 1.270124e-08 7.496567e-01 -7.538534e-03
1.196957e+02 1.251537e-08 7.507878e-01 -7.512221e-03
1.201961e+02 1.233289e-08 7.519118e-01 -7.486088e-03
1.206965e+02 1.215371e-08 7.530287e-01 -7.460133e-03
1.211969e+02 1.197778e-08 7.541385e-01 -7.434354e-03
1.216973e+02 1.180503e-08 7.552414e-01 -7.408749e-03
1.221977e+02 1.163537e-08 7.563373e-01 -7.383318e-03
1.226981e+02 1.146876e-08 7.574265e-01 -7.358057e-03
1.231985e+02 1.130511e-08 7.585088e-01 -7.332965e-03
1.236989e+02 1.114438e-08 7.595845e-01 -7.308042e-03
1.241993e+02 1.098649e-08 7.606534e-01 -7.283284e-03
1.246997e+02 1.083138e-08 7.617158e-01 -7.258690e-03
1.252001e+02 1.067901e-08 7.627717e-01 -7.234259e-03
1.257005e+02 1.052930e-08 7.638211e-01 -7.209989e-03
1.262009e+02 1.038221e-08 7.648641e-01 -7.185878e-03
1.267013e+02 1.023768e-08 7.659007e-01 -7.161926e-03
1.272017e+02 1.009565e-08 7.669310e-01 -7.138129e-03
1.277021e+02 9.956083e-09 7.679551e-01 -7.114488e-03
1.282025e+02 9.818916e-09 7.689730e-01 -7.091000e-03
1.287029e+02 9.684103e-09 7.699847e-01 -7.067664e-03
1.292033e+02 9.551596e-09 7.709904e-01 -7.044478e-03
1.297037e+02 9.421348e-09 7.719901e-01 -7.021441e-03
1.302041e+02 9.293313e-09 7.729837e-01 -6.998552e-03
1.307045e+02 9.167445e-09 7.739715e-01 -6.975808e-03
1.312049e+02 9.043701e-09 7.749534e-01 -6.953210e-03
1.317053e+02 8.922038e-09 7.759295e-01 -6.930755e-03
1.322057e+02 8.802414e-09 7.768998e-01 -6.908442e-03
1.327061e+02 8.684788e-09 7.778644e-01 -6.886270e-03
1.332065e+02 8.569121e-09 7.788234e-01 -6.864237e-03
1.337069e+02 8.455373e-09 7.797767e-01 -6.842342e-03
1.342073e+02 8.343506e-09 7.807245e-01 -6.820583e-03
1.347077e+02 8.233483e-09 7.816667e-01 -6.798961e-03
1.352081e+02 8.125268e-09 7.826035e-01 -6.777472e-03
1.357085e+02 8.018824e-09 7.835348e-01 -6.756117e-03
1.362089e+02 7.914119e-09 7.844608e-01 -6.734893e-03
1.367093e+02 7.811116e-09 7.853814e-01 -6.713800e-03
1.372097e+02 7.709785e-09 7.862968e-01 -6.692836e-03
1.377101e+02 7.610091e-09 7.872069e-01 -6.672001e-03
1.382105e+02 7.512003e-09 7.881118e-01 -6.651292e-03
1.387109e+02 7.415491e-09 7.890116e-01 -6.630709e-03
1.392113e+02 7.320523e-09 7.899063e-01 -6.610251e-03
1.397117e+02 7.227071e-09 7.907958e-01 -6.589917e-03
1.402121e+02 7.135106e-09 7.916804e-01 -6.569705e-03
1.407125e+02 7.044599e-09 7.925600e-01 -6.549615e-03
1.412129e+02 6.955522e-09 7.934346e-01 -6.529644e-03
1.417133e+02 6.867849e-09 7.943044e-01 -6.509793e-03
1.422137e+02 6.781554e-09 7.951692e-01 -6.490061e-03
1.427141e+02 6.696609e-09 7.960293e-01 -6.470445e-03
1.432145e+02 6.612990e-09 7.968846e-01 -6.450945e-03
1.437149e+02 6.530672e-09 7.977351e-01 -6.431561e-03
1.442153e+02 6.449632e-09 7.985810e-01 -6.412290e-03
1.447157e+02 6.369844e-09 7.994222e-01 -6.393133e-03
1.452161e+02 6.291287e-09 8.002587e-01 -6.374087e-03
1.457165e+02 6.213936e-09 8.010907e-01 -6.355153e-03
1.462169e+02 6.137771e-09 8.019181e-01 -6.336329e-03
1.467173e+02 6.062770e-09 8.027410e-01 -6.317613e-03
1.472177e+02 5.988911e-09 8.035594e-01 -6.299007e-03
1.477181e+02 5.916172e-09 8.043734e-01 -6.280507e-03
1.482185e+02 5.844535e-09 8.051830e-01 -6.262114e-03
1.487189e+02 5.773979e-09 8.059882e-01 -6.243826e-03
1.492193e+02 5.704485e-09 8.067891e-01 -6.225643e-03
1.497197e+02 5.636033e-09 8.075857e-01 -6.207563e-03
1.502201e+02 5.568604e-09 8.083780e-01 -6.189586e-03
1.507205e+02 5.502181e-09 8.091660e-01 -6.171711e-03
1.512209e+02 5.436746e-09 8.099499e-01 -6.153938e-03
1.517213e+02 5.372280e-09 8.107296e-01 -6.136264e-03
1.522217e+02 5.308767e-09 8.115052e-01 -6.118690e-03
1.527221e+02 5.246190e-09 8.122767e-01 -6.101214e-03
1.532225e+02 5.184533e-09 8.130441e-01 -6.083836e-03
1.537229e+02 5.123778e-09 8.138075e-01 -6.066554e-03
1.542233e+02 5.063911e-09 8.145669e-01 -6.049369e-03
1.547237e+02 5.004916e-09 8.153223e-01 -6.032279e-03
1.552241e+02 4.946777e-09 8.160737e-01 -6.015284e-03
1.557245e+02 4.889480e-09 8.168213e-01 -5.998382e-03
1.562249e+02 4.833010e-09 8.175649e-01 -5.981573e-03
1.567253e+02 4.777354e-09 8.183048e-01 -5.964857e-03
1.572257e+02 4.722496e-09 8.190407e-01 -5.948232e-03
1.577261e+02 4.668423e-09 8.197729e-01 -5.931697e-03
1.582265e+02 4.615122e-09 8.205014e-01 -5.915253e-03
1.587269e+02 4.562580e-09 8.212261e-01 -5.898897e-03
1.592273e+02 4.510783e-09 8.219471e-01 -5.882631e-03
1.597277e+02 4.459719e-09 8.226644e-01 -5.866451e-03
1.602281e+02 4.409376e-09 8.233780e-01 -5.850359e-03
1.607285e+02 4.359741e-09 8.240881e-01 -5.834354e-03
1.612289e+02 4.310802e-09 8.247945e-01 -5.818434e-03
1.617293e+02 4.262549e-09 8.254974e-01 -5.802599e-03
1.622297e+02 4.214968e-09 8.261967e-01 -5.786848e-03
1.627301e+02 4.168050e-09 8.268925e-01 -5.771181e-03
1.632305e+02 4.121783e-09 8.275848e-01 -5.755597e-03
1.637309e+02 4.076156e-09 8.282737e-01 -5.740096e-03
1.642313e+02 4.031158e-09 8.289591e-01 -5.724676e-03
1.647317e+02 3.986780e-09 8.296411e-01 -5.709337e-03
1.652321e+02 3.943011e-09 8.303197e-01 -5.694078e-03
1.657325e+02 3.899841e-09 8.309950e-01 -5.678899e-03
1.662329e+02 3.857260e-09 8.316669e-01 -5.663800e-03
1.667333e+02 3.815258e-09 8.323355e-01 -5.648778e-03
1.672337e+02 3.773827e-09 8.330008e-01 -5.633835e-03
1.677341e+02 3.732957e-09 8.336629e-01 -5.618969e-03
1.682345e+02 3.692638e-09 8.343217e-01 -5.604180e-03
1.687349e+02 3.652863e-09 8.349773e-01 -5.589467e-03
1.692353e+02 3.613621e-09 8.356297e-01 -5.574830e-03
1.697357e+02 3.574905e-09 8.362789e-01 -5.560267e-03
1.702361e+02 3.536707e-09 8.369250e-01 -5.545779e-03
1.707365e+02 3.499017e-09 8.375679e-01 -5.531365e-03
1.712369e+02 3.461827e-09 8.382078e-01 -5.517024e-03
1.717373e+02 3.425131e-09 8.388446e-01 -5.502755e-03
1.722377e+02 3.388919e-09 8.394783e-01 -5.488559e-03
1.727381e+02 3.353185e-09 8.401089e-01 -5.474435e-03
1.732385e+02 3.317921e-09 8.407366e-01 -5.460381e-03
1.737389e+02 3.283119e-09 8.413613e-01 -5.446398e-03
1.742393e+02 3.248772e-09 8.419830e-01 -5.432485e-03
1.747397e+02 3.214873e-09 8.426017e-01 -5.418642e-03
1.752401e+02 3.181415e-09 8.432175e-01 -5.404868e-03
1.757405e+02 3.148391e-09 8.438304e-01 -5.391162e-03
1.762409e+02 3.115795e-09 8.444404e-01 -5.377524e-03
1.767413e+02 3.083619e-09 8.450475e-01 -5.363953e-03
1.772417e+02 3.051858e-09 8.456518e-01 -5.350449e-03
1.777421e+02 3.020504e-09 8.462533e-01 -5.337012e-03
1.782425e+02 2.989553e-09 8.468520e-01 -5.323641e-03
1.787429e+02 2.958996e-09 8.474478e-01 -5.310335e-03
1.792433e+02 2.928829e-09 8.480409e-01 -5.297095e-03
1.797437e+02 2.899046e-09 8.486312e-01 -5.283918e-03
1.802441e+02 2.869640e-09 8.492188e-01 -5.270806e-03
1.807445e+02 2.840606e-09 8.498037e-01 -5.257758e-03
1.812449e+02 2.811938e-09 8.503859e-01 -5.244772e-03
1.817453e+02 2.783631e-09 8.509654e-01 -5.231850e-03
1.822457e+02 2.755680e-09 8.515423e-01 -5.218989e-03
1.827461e+02 2.728078e-09 8.521165e-01 -5.206191e-03
1.832465e+02 2.700821e-09 8.526881e-01 -5.193453e-03
1.837469e+02 2.673904e-09 8.532571e-01 -5.180777e-03
1.842473e+02 2.647321e-09 8.538235e-01 -5.168161e-03
1.847477e+02 2.621068e-09 8.543873e-01 -5.155605e-03
1.852481e+02 2.595139e-09 8.549486e-01 -5.143109e-03
1.857485e+02 2.569530e-09 8.555074e-01 -5.130672e-03
1.862489e+02 2.544236e-09 8.560636e-01 -5.118293e-03
1.867493e+02 2.519253e-09 8.566173e-01 -5.105973e-03
1.872497e+02 2.494576e-09 8.571686e-01 -5.093711e-03
1.877502e+02 2.470200e-09 8.577173e-01 -5.081507e-03
1.882506e+02 2.446121e-09 8.582637e-01 -5.069359e-03
1.887510e+02 2.422335e-09 8.588076e-01 -5.057268e-03
1.892514e+02 2.398837e-09 8.593490e-01 -5.045234e-03
1.897518e+02 2.375623e-09 8.598881e-01 -5.033256e-03
1.902522e+02 2.352690e-09 8.604248e-01 -5.021333e-03
1.907526e+02 2.330033e-09 8.609591e-01 -5.009465e-03
1.912530e+02 2.307647e-09 8.614910e-01 -4.997652e-03
1.917534e+02 2.285530e-09 8.620206e-01 -4.985894e-03
1.922538e+02 2.263678e-09 8.625479e-01 -4.974189e-03
1.927542e+02 2.242085e-09 8.630729e-01 -4.962539e-03
1.932546e+02 2.220750e-09 8.635956e-01 -4.950941e-03
1.937550e+02 2.199668e-09 8.641160e-01 -4.939397e-03
1.942554e+02 2.178835e-09 8.646341e-01 -4.927905e-03
1.947558e+02 2.158249e-09 8.651500e-01 -4.916465e-03
1.952562e+02 2.137905e-09 8.656637e-01 -4.905077e-03
1.957566e+02 2.117800e-09 8.661751e-01 -4.893741e-03
1.962570e+02 2.097931e-09 8.666843e-01 -4.882455e-03
1.967574e+02 2.078295e-09 8.671914e-01 -4.871221e-03
1.972578e+02 2.058887e-09 8.676962e-01 -4.860037e-03
1.977582e+02 2.039706e-09 8.681989e-01 -4.848903e-03
1.982586e+02 2.020747e-09 8.686994e-01 -4.837819e-03
1.987590e+02 2.002009e-09 8.691978e-01 -4.826785e-03
1.992594e+02 1.983487e-09 8.696941e-01 -4.815799e-03
1.997598e+02 1.965178e-09 8.701883e-01 -4.804863e-03
2.002602e+02 1.947081e-09 8.706803e-01 -4.793975e-03
2.007606e+02 1.929191e-09 8.711703e-01 -4.783135e-03
2.012610e+02 1.911507e-09 8.716582e-01 -4.772343e-03
2.017614e+02 1.894024e-09 8.721441e-01 -4.761598e-03
2.022618e+02 1.876741e-09 8.726279e-01 -4.750901e-03
2.027622e+02 1.859655e-09 8.731097e-01 -4.740250e-03
2.032626e+02 1.842762e-09 8.735894e-01 -4.729647e-03
2.037630e+02 1.826061e-09 8.740672e-01 -4.719089e-03
2.042634e+02 1.809549e-09 8.745429e-01 -4.708578e-03
2.047638e+02 1.793223e-09 8.750167e-01 -4.698112e-03
2.052642e+02 1.777081e-09 8.754885e-01 -4.687691e-03
2.057646e+02 1.761120e-09 8.759584e-01 -4.677316e-03
2.062650e+02 1.745337e-09 8.764263e-01 -4.666986e-03
2.067654e+02 1.729732e-09 8.768923e-01 -4.656700e-03
2.072658e+02 1.714300e-09 8.773563e-01 -4.646458e-03
2.077662e+02 1.699040e-09 8.778185e-01 -4.636260e-03
2.082666e+02 1.683949e-09 8.782787e-01 -4.626106e-03
2.087670e+02 1.669025e-09 8.787371e-01 -4.615995e-03
2.092674e+02 1.654267e-09 8.791935e-01 -4.605928e-03
2.097678e+02 1.639671e-09 8.796482e-01 -4.595903e-03
2.102682e+02 1.625236e-09 8.801009e-01 -4.585921e-03
2.107686e+02 1.610959e-09 8.805519e-01 -4.575981e-03
2.112690e+02 1.596839e-09 8.810010e-01 -4.566083e-03
2.117694e+02 1.582873e-09 8.814482e-01 -4.556227e-03
2.122698e+02 1.569060e-09 8.818937e-01 -4.546412e-03
2.127702e+02 1.555396e-09 8.823374e-01 -4.536639e-03
2.132706e+02 1.541882e-09 8.827793e-01 -4.526906e-03
2.137710e+02 1.528513e-09 8.832194e-01 -4.517215e-03
2.142714e+02 1.515290e-09 8.836578e-01 -4.507564e-03
2.147718e+02 1.502209e-09 8.840944e-01 -4.497953e-03
2.152722e+02 1.489269e-09 8.845292e-01 -4.488382e-03
2.157726e+02 1.476467e-09 8.849623e-01 -4.478850e-03
2.162730e+02 1.463804e-09 8.853937e-01 -4.469358e-03
2.167734e+02 1.451275e-09 8.858234e-01 -4.459906e-03
2.172738e+02 1.438881e-09 8.862514e-01 -4.450492e-03
2.177742e+02 1.426618e-09 8.866777e-01 -4.441117e-03
2.182746e+02 1.414486e-09 8.871023e-01 -4.431781e-03
2.187750e+02 1.402482e-09 8.875253e-01 -4.422483e-03
2.192754e+02 1.390606e-09 8.879465e-01 -4.413223e-03
2.197758e+02 1.378855e-09 8.883661e-01 -4.404001e-03
2.202762e+02 1.367227e-09 8.887841e-01 -4.394816e-03
2.207766e+02 1.355723e-09 8.892005e-01 -4.385668e-03
2.212770e+02 1.344339e-09 8.896152e-01 -4.376558e-03
2.217774e+02 1.333074e-09 8.900283e-01 -4.367485e-03
2.222778e+02 1.321927e-09 8.904398e-01 -4.358448e-03
2.227782e+02 1.310896e-09 8.908497e-01 -4.349448e-03
2.232786e+02 1.299980e-09 8.912580e-01 -4.340484e-03
2.237790e+02 1.289177e-09 8.916648e-01 -4.331556e-03
2.242794e+02 1.278486e-09 8.920700e-01 -4.322664e-03
2.247798e+02 1.267906e-09 8.924736e-01 -4.313807e-03
2.252802e+02 1.257435e-09 8.928756e-01 -4.304986e-03
2.257806e+02 1.247073e-09 8.932762e-01 -4.296200e-03
2.262810e+02 1.236816e-09 8.936751e-01 -4.287449e-03
2.267814e+02 1.226665e-09 8.940726e-01 -4.278732e-03
2.272818e+02 1.216618e-09 8.944686e-01 -4.270050e-03
2.277822e+02 1.206673e-09 8.948630e-01 -4.261403e-03
2.282826e+02 1.196830e-09 8.952559e-01 -4.252789e-03
2.287830e+02 1.187087e-09 8.956474e-01 -4.244210e-03
2.292834e+02 1.177443e-09 8.960374e-01 -4.235664e-03
2.297838e+02 1.167896e-09 8.964259e-01 -4.227152e-03
2.302842e+02 1.158446e-09 8.968129e-01 -4.218673e-03
2.307846e+02 1.149092e-09 8.971985e-01 -4.210227e-03
2.312850e+02 1.139832e-09 8.975826e-01 -4.201814e-03
2.317854e+02 1.130665e-09 8.979653e-01 -4.193434e-03
2.322858e+02 1.121590e-09 8.983466e-01 -4.185086e-03
2.327862e+02 1.112605e-09 8.987264e-01 -4.176771e-03
2.332866e+02 1.103711e-09 8.991048e-01 -4.168488e-03
2.337870e+02 1.094905e-09 8.994818e-01 -4.160237e-03
2.342874e+02 1.086187e-09 8.998575e-01 -4.152018e-03
2.347878e+02 1.077555e-09 9.002317e-01 -4.143830e-03
2.352882e+02 1.069010e-09 9.006045e-01 -4.135674e-03
2.357886e+02 1.060548e-09 9.009760e-01 -4.127549e-03
2.362890e+02 1.052170e-09 9.013460e-01 -4.119455e-03
2.367894e+02 1.043875e-09 9.017148e-01 -4.111392e-03
2.372898e+02 1.035661e-09 9.020821e-01 -4.103360e-03
2.377902e+02 1.027528e-09 9.024482e-01 -4.095358e-03
2.382906e+02 1.019475e-09 9.028128e-01 -4.087387e-03
2.387910e+02 1.011500e-09 9.031762e-01 -4.079446e-03
2.392914e+02 1.003603e-09 9.035382e-01 -4.071535e-03
2.397918e+02 9.957835e-10 9.038989e-01 -4.063654e-03
2.402922e+02 9.880396e-10 9.042583e-01 -4.055802e-03
2.407926e+02 9.803709e-10 9.046164e-01 -4.047981e-03
2.412930e+02 9.727764e-10 9.049732e-01 -4.040188e-03
2.417934e+02 9.652553e-10 9.053287e-01 -4.032425e-03
2.422938e+02 9.578067e-10 9.056829e-01 -4.024690e-03
2.427942e+02 9.504299e-10 9.060359e-01 -4.016985e-03
2.432946e+02 9.431239e-10 9.063875e-01 -4.009308e-03
2.437950e+02 9.358881e-10 9.067380e-01 -4.001660e-03
2.442954e+02 9.287214e-10 9.070871e-01 -3.994040e-03
2.447958e+02 9.216233e-10 9.074350e-01 -3.986449e-03
2.452962e+02 9.145928e-10 9.077817e-01 -3.978885e-03
2.457966e+02 9.076293e-10 9.081271e-01 -3.971350e-03
2.462970e+02 9.007319e-10 9.084713e-01 -3.963842e-03
2.467974e+02 8.938998e-10 9.088143e-01 -3.956362e-03
2.472978e+02 8.871325e-10 9.091561e-01 -3.948909e-03
2.477982e+02 8.804290e-10 9.094966e-01 -3.941484e-03
2.482986e+02 8.737888e-10 9.098360e-01 -3.934085e-03
2.487990e+02 8.672111e-10 9.101741e-01 -3.926714e-03
2.492994e+02 8.606951e-10 9.105111e-01 -3.919370e-03
2.497998e+02 8.542402e-10 9.108469e-01 -3.912052e-03
2.503002e+02 8.478457e-10 9.111815e-01 -3.904761e-03
2.508006e+02 8.415109e-10 9.115149e-01 -3.897496e-03
2.513010e+02 8.352352e-10 9.118472e-01 -3.890258e-03
2.518014e+02 8.290179e-10 9.121783e-01 -3.883046e-03
2.523018e+02 8.228583e-10 9.125082e-01 -3.875860e-03
2.528022e+02 8.167558e-10 9.128371e-01 -3.868699e-03
2.533026e+02 8.107098e-10 9.131647e-01 -3.861565e-03
2.538030e+02 8.047197e-10 9.134912e-01 -3.854456e-03
2.543034e+02 7.987847e-10 9.138166e-01 -3.847372e-03
2.548038e+02 7.929044e-10 9.141409e-01 -3.840314e-03
2.553042e+02 7.870781e-10 9.144641e-01 -3.833281e-03
2.558046e+02 7.813052e-10 9.147861e-01 -3.826273e-03
2.563050e+02 7.755851e-10 9.151070e-01 -3.819290e-03
2.568054e+02 7.699173e-10 9.154269e-01 -3.812332e-03
2.573058e+02 7.643012e-10 9.157456e-01 -3.805398e-03
2.578062e+02 7.587361e-10 9.160633e-01 -3.798489e-03
2.583066e+02 7.532217e-10 9.163798e-01 -3.791604e-03
2.588070e+02 7.477572e-10 9.166953e-01 -3.784744e-03
2.593074e+02 7.423422e-10 9.170097e-01 -3.777907e-03
2.598078e+02 7.369762e-10 9.173231e-01 -3.771095e-03
2.603082e+02 7.316585e-10 9.176354e-01 -3.764306e-03
2.608086e+02 7.263887e-10 9.179466e-01 -3.757542e-03
2.613090e+02 7.211663e-10 9.182568e-01 -3.750800e-03
2.618094e+02 7.159907e-10 9.185659e-01 -3.744083e-03
2.623098e+02 7.108615e-10 9.188740e-01 -3.737389e-03
2.628102e+02 7.057781e-10 9.191810e-01 -3.730718e-03
2.633106e+02 7.007401e-10 9.194871e-01 -3.724070e-03
2.638110e+02 6.957469e-10 9.197921e-01 -3.717445e-03
2.643114e+02 6.907982e-10 9.200960e-01 -3.710843e-03
2.648118e+02 6.858934e-10 9.203990e-01 -3.704264e-03
2.653122e+02 6.810320e-10 9.207009e-01 -3.697707e-03
2.658126e+02 6.762136e-10 9.210019e-01 -3.691173e-03
2.663130e+02 6.714378e-10 9.213018e-01 -3.684662e-03
2.668134e+02 6.667040e-10 9.216008e-01 -3.678173e-03
2.673138e+02 6.620119e-10 9.218987e-01 -3.671706e-03
2.678142e+02 6.573610e-10 9.221957e-01 -3.665261e-03
2.683146e+02 6.527509e-10 9.224917e-01 -3.658838e-03
2.688150e+02 6.481811e-10 9.227867e-01 -3.652437e-03
2.693154e+02 6.436512e-10 9.230808e-01 -3.646058e-03
2.698158e+02 6.391608e-10 9.233739e-01 -3.639700e-03
2.703162e+02 6.347096e-10 9.236660e-01 -3.633364e-03
2.708166e+02 6.302970e-10 9.239571e-01 -3.627049e-03
2.713170e+02 6.259227e-10 9.242473e-01 -3.620756e-03
2.718174e+02 6.215862e-10 9.245366e-01 -3.614483e-03
2.723178e+02 6.172873e-10 9.248249e-01 -3.608232e-03
2.728182e+02 6.130255e-10 9.251123e-01 -3.602002e-03
2.733186e+02 6.088003e-10 9.253988e-01 -3.595793e-03
2.738190e+02 6.046116e-10 9.256843e-01 -3.589605e-03
2.743194e+02 6.004587e-10 9.259689e-01 -3.583437e-03
2.748198e+02 5.963415e-10 9.262525e-01 -3.577290e-03
2.753202e+02 5.922595e-10 9.265353e-01 -3.571163e-03
2.758206e+02 5.882124e-10 9.268172e-01 -3.565057e-03
2.763210e+02 5.841998e-10 9.270981e-01 -3.558971e-03
2.768214e+02 5.802213e-10 9.273781e-01 -3.552905e-03
2.773218e+02 5.762767e-10 9.276573e-01 -3.546859e-03
2.778222e+02 5.723655e-10 9.279355e-01 -3.540833e-03
2.783226e+02 5.684874e-10 9.282129e-01 -3.534827e-03
2.788230e+02 5.646422e-10 9.284894e-01 -3.528841e-03
2.793234e+02 5.608293e-10 9.287650e-01 -3.522874e-03
2.798238e+02 5.570487e-10 9.290397e-01 -3.516927e-03
2.803242e+02 5.532998e-10 9.293135e-01 -3.511000e-03
2.808246e+02 5.495824e-10 9.295865e-01 -3.505092e-03
2.813250e+02 5.458962e-10 9.298586e-01 -3.499203e-03
2.818254e+02 5.422408e-10 9.301298e-01 -3.493333e-03
2.823258e+02 5.386160e-10 9.304002e-01 -3.487483e-03
2.828262e+02 5.350214e-10 9.306698e-01 -3.481651e-03
2.833266e+02 5.314567e-10 9.309385e-01 -3.475839e-03
2.838270e+02 5.279217e-10 9.312063e-01 -3.470045e-03
2.843274e+02 5.244160e-10 9.314733e-01 -3.464270e-03
2.848278e+02 5.209394e-10 9.317395e-01 -3.458513e-03
2.853282e+02 5.174916e-10 9.320048e-01 -3.452776e-03
2.858286e+02 5.140722e-10 9.322693e-01 -3.447056e-03
2.863290e+02 5.106810e-10 9.325330e-01 -3.441355e-03
2.868294e+02 5.073178e-10 9.327959e-01 -3.435673e-03
2.873298e+02 5.039821e-10 9.330579e-01 -3.430008e-03
2.878302e+02 5.006739e-10 9.333192e-01 -3.424362e-03
2.883306e+02 4.973927e-10 9.335796e-01 -3.418733e-03
2.888310e+02 4.941384e-10 9.338392e-01 -3.413123e-03
2.893314e+02 4.909107e-10 9.340980e-01 -3.407530e-03
2.898318e+02 4.877092e-10 9.343560e-01 -3.401956e-03
2.903322e+02 4.845339e-10 9.346133e-01 -3.396399e-03
2.908326e+02 4.813843e-10 9.348697e-01 -3.390859e-03
2.913330e+02 4.782603e-10 9.351254e-01 -3.385337e-03
2.918334e+02 4.751615e-10 9.353802e-01 -3.379833e-03
2.923338e+02 4.720879e-10 9.356343e-01 -3.374345e-03
2.928342e+02 4.690390e-10 9.358876e-01 -3.368875e-03
2.933346e+02 4.660147e-10 9.361401e-01 -3.363423e-03
2.938350e+02 4.630148e-10 9.363919e-01 -3.357987e-03
2.943354e+02 4.600389e-10 9.366429e-01 -3.352568e-03
2.948358e+02 4.570870e-10 9.368931e-01 -3.347167e-03
2.953362e+02 4.541586e-10 9.371426e-01 -3.341782e-03
2.958366e+02 4.512537e-10 9.373913e-01 -3.336414e-03
2.963370e+02 4.483720e-10 9.376393e-01 -3.331063e-03
2.968374e+02 4.455132e-10 9.378865e-01 -3.325728e-03
2.973378e+02 4.426772e-10 9.381330e-01 -3.320410e-03
2.978382e+02 4.398637e-10 9.383787e-01 -3.315108e-03
2.983386e+02 4.370725e-10 9.386237e-01 -3.309823e-03
2.988390e+02 4.343035e-10 9.388680e-01 -3.304554e-03
2.993394e+02 4.315563e-10 9.391115e-01 -3.299302e-03
2.998398e+02 4.288308e-10 9.393543e-01 -3.294065e-03
3.003402e+02 4.261268e-10 9.395964e-01 -3.288845e-03
3.008406e+02 4.234441e-10 9.398377e-01 -3.283640e-03
3.013410e+02 4.207825e-10 9.400783e-01 -3.278452e-03
3.018414e+02 4.181417e-10 9.403183e-01 -3.273280e-03
3.023418e+02 4.155216e-10 9.405575e-01 -3.268123e-03
3.028422e+02 4.129220e-10 9.407960e-01 -3.262982e-03
3.033426e+02 4.103427e-10 9.410337e-01 -3.257857e-03
3.038430e+02 4.077836e-10 9.412708e-01 -3.252747e-03
3.043434e+02 4.052443e-10 9.415072e-01 -3.247653e-03
3.048438e+02 4.027248e-10 9.417429e-01 -3.242574e-03
3.053442e+02 4.002248e-10 9.419779e-01 -3.237511e-03
3.058446e+02 3.977442e-10 9.422122e-01 -3.232463e-03
3.063450e+02 3.952828e-10 9.424458e-01 -3.227430e-03
3.068454e+02 3.928403e-10 9.426787e-01 -3.222412e-03
3.073458e+02 3.904168e-10 9.429110e-01 -3.217410e-03
3.078462e+02 3.880119e-10 9.431425e-01 -3.212422e-03
3.083466e+02 3.856254e-10 9.433734e-01 -3.207450e-03
3.088470e+02 3.832573e-10 9.436036e-01 -3.202492e-03
3.093474e+02 3.809074e-10 9.438332e-01 -3.197549e-03
3.098478e+02 3.785754e-10 9.440621e-01 -3.192621e-03
3.103482e+02 3.762612e-10 9.442903e-01 -3.187708e-03
3.108486e+02 3.739648e-10 9.445178e-01 -3.182809e-03
3.113490e+02 3.716858e-10 9.447447e-01 -3.177925e-03
3.118494e+02 3.694241e-10 9.449710e-01 -3.173056e-03
3.123498e+02 3.671796e-10 9.451966e-01 -3.168201e-03
3.128503e+02 3.649521e-10 9.454215e-01 -3.163360e-03
3.133507e+02 3.627415e-10 9.456458e-01 -3.158533e-03
3.138511e+02 3.605476e-10 9.458694e-01 -3.153721e-03
3.143515e+02 3.583703e-10 9.460924e-01 -3.148923e-03
3.148519e+02 3.562094e-10 9.463148e-01 -3.144139e-03
3.153523e+02 3.540647e-10 9.465365e-01 -3.139370e-03
3.158527e+02 3.519362e-10 9.467576e-01 -3.134614e-03
3.163531e+02 3.498236e-10 9.469781e-01 -3.129872e-03
3.168535e+02 3.477269e-10 9.471979e-01 -3.125144e-03
3.173539e+02 3.456458e-10 9.474171e-01 -3.120430e-03
3.178543e+02 3.435803e-10 9.476357e-01 -3.115729e-03
3.183547e+02 3.415302e-10 9.478537e-01 -3.111042e-03
3.188551e+02 3.394953e-10 9.480711e-01 -3.106369e-03
3.193555e+02 3.374756e-10 9.482878e-01 -3.101710e-03
3.198559e+02 3.354709e-10 9.485039e-01 -3.097064e-03
3.203563e+02 3.334811e-10 9.487194e-01 -3.092431e-03
3.208567e+02 3.315060e-10 9.489343e-01 -3.087812e-03
3.213571e+02 3.295455e-10 9.491487e-01 -3.083206e-03
3.218575e+02 3.275994e-10 9.493624e-01 -3.078614e-03
3.223579e+02 3.256677e-10 9.495755e-01 -3.074035e-03
3.228583e+02 3.237503e-10 9.497880e-01 -3.069469e-03
3.233587e+02 3.218469e-10 9.499999e-01 -3.064916e-03
3.238591e+02 3.199574e-10 9.502112e-01 -3.060376e-03
3.243595e+02 3.180819e-10 9.504219e-01 -3.055849e-03
3.248599e+02 3.162200e-10 9.506321e-01 -3.051335e-03
3.253603e+02 3.143718e-10 9.508416e-01 -3.046834e-03
3.258607e+02 3.125370e-10 9.510506e-01 -3.042345e-03
3.263611e+02 3.107156e-10 9.512590e-01 -3.037870e-03
3.268615e+02 3.089075e-10 9.514668e-01 -3.033407e-03
3.273619e+02 3.071124e-10 9.516741e-01 -3.028957e-03
3.278623e+02 3.053304e-10 9.518807e-01 -3.024520e-03
3.283627e+02 3.035614e-10 9.520868e-01 -3.020095e-03
3.288631e+02 3.018051e-10 9.522924e-01 -3.015682e-03
3.293635e+02 3.000614e-10 9.524973e-01 -3.011282e-03
3.298639e+02 2.983304e-10 9.527017e-01 -3.006895e-03
3.303643e+02 2.966118e-10 9.529056e-01 -3.002520e-03
3.308647e+02 2.949056e-10 9.531089e-01 -2.998157e-03
3.313651e+02 2.932116e-10 9.533116e-01 -2.993806e-03
3.318655e+02 2.915298e-10 9.535138e-01 -2.989468e-03
3.323659e+02 2.898600e-10 9.537154e-01 -2.985142e-03
3.328663e+02 2.882022e-10 9.539165e-01 -2.980828e-03
3.333667e+02 2.865562e-10 9.541170e-01 -2.976525e-03
3.338671e+02 2.849219e-10 9.543170e-01 -2.972235e-03
3.343675e+02 2.832993e-10 9.545164e-01 -2.967957e-03
3.348679e+02 2.816882e-10 9.547153e-01 -2.963691e-03
3.353683e+02 2.800885e-10 9.549137e-01 -2.959436e-03
3.358687e+02 2.785002e-10 9.551115e-01 -2.955194e-03
3.363691e+02 2.769231e-10 9.553088e-01 -2.950963e-03
3.368695e+02 2.753572e-10 9.555056e-01 -2.946744e-03
3.373699e+02 2.738023e-10 9.557018e-01 -2.942536e-03
3.378703e+02 2.722584e-10 9.558975e-01 -2.938340e-03
3.383707e+02 2.707253e-10 9.560927e-01 -2.934156e-03
3.388711e+02 2.692030e-10 9.562873e-01 -2.929983e-03
3.393715e+02 2.676914e-10 9.564814e-01 -2.925822e-03
3.398719e+02 2.661904e-10 9.566751e-01 -2.921672e-03
3.403723e+02 2.646999e-10 9.568682e-01 -2.917533e-03
3.408727e+02 2.632199e-10 9.570607e-01 -2.913406e-03
3.413731e+02 2.617501e-10 9.572528e-01 -2.909290e-03
3.418735e+02 2.602906e-10 9.574444e-01 -2.905185e-03
3.423739e+02 2.588413e-10 9.576354e-01 -2.901091e-03
3.428743e+02 2.574020e-10 9.578259e-01 -2.897009e-03
3.433747e+02 2.559727e-10 9.580160e-01 -2.892937e-03
3.438751e+02 2.545533e-10 9.582055e-01 -2.888877e-03
3.443755e+02 2.531438e-10 9.583945e-01 -2.884828e-03
3.448759e+02 2.517440e-10 9.585831e-01 -2.880789e-03
3.453763e+02 2.503538e-10 9.587711e-01 -2.876762e-03
3.458767e+02 2.489733e-10 9.589586e-01 -2.872745e-03
3.463771e+02 2.476022e-10 9.591457e-01 -2.868739e-03
3.468775e+02 2.462406e-10 9.593323e-01 -2.864744e-03
3.473779e+02 2.448883e-10 9.595183e-01 -2.860760e-03
3.478783e+02 2.435453e-10 9.597039e-01 -2.856786e-03
3.483787e+02 2.422115e-10 9.598890e-01 -2.852823e-03
3.488791e+02 2.408868e-10 9.600736e-01 -2.848871e-03
3.493795e+02 2.395711e-10 9.602577e-01 -2.844929e-03
3.498799e+02 2.382644e-10 9.604414e-01 -2.840998e-03
3.503803e+02 2.369666e-10 9.606246e-01 -2.837077e-03
3.508807e+02 2.356776e-10 9.608073e-01 -2.833167e-03
3.513811e+02 2.343974e-10 9.609895e-01 -2.829267e-03
3.518815e+02 2.331259e-10 9.611712e-01 -2.825377e-03
3.523819e+02 2.318630e-10 9.613525e-01 -2.821498e-03
3.528823e+02 2.306086e-10 9.615333e-01 -2.817629e-03
3.533827e+02 2.293627e-10 9.617137e-01 -2.813770e-03
3.538831e+02 2.281252e-10 9.618935e-01 -2.809922e-03
3.543835e+02 2.268960e-10 9.620730e-01 -2.806083e-03
3.548839e+02 2.256751e-10 9.622519e-01 -2.802255e-03
3.553843e+02 2.244624e-10 9.624304e-01 -2.798437e-03
3.558847e+02 2.232578e-10 9.626084e-01 -2.794629e-03
3.563851e+02 2.220613e-10 9.627860e-01 -2.790831e-03
3.568855e+02 2.208728e-10 9.629631e-01 -2.787042e-03
3.573859e+02 2.196923e-10 9.631398e-01 -2.783264e-03
3.578863e+02 2.185196e-10 9.633160e-01 -2.779495e-03
3.583867e+02 2.173547e-10 9.634918e-01 -2.775737e-03
3.588871e+02 2.161976e-10 9.636671e-01 -2.771988e-03
3.593875e+02 2.150482e-10 9.638420e-01 -2.768249e-03
3.598879e+02 2.139064e-10 9.640165e-01 -2.764520e-03
3.603883e+02 2.127722e-10 9.641905e-01 -2.760800e-03
3.608887e+02 2.116454e-10 9.643640e-01 -2.757090e-03
3.613891e+02 2.105262e-10 9.645371e-01 -2.753390e-03
3.618895e+02 2.094143e-10 9.647098e-01 -2.749699e-03
3.623899e+02 2.083097e-10 9.648820e-01 -2.746017e-03
3.628903e+02 2.072125e-10 9.650539e-01 -2.742346e-03
3.633907e+02 2.061224e-10 9.652252e-01 -2.738683e-03
3.638911e+02 2.050395e-10 9.653962e-01 -2.735030e-03
3.643915e+02 2.039637e-10 9.655667e-01 -2.731387e-03
3.648919e+02 2.028949e-10 9.657368e-01 -2.727753e-03
3.653923e+02 2.018332e-10 9.659064e-01 -2.724128e-03
3.658927e+02 2.007783e-10 9.660757e-01 -2.720512e-03
3.663931e+02 1.997304e-10 9.662445e-01 -2.716906e-03
3.668935e+02 1.986893e-10 9.664129e-01 -2.713309e-03
3.673939e+02 1.976549e-10 9.665809e-01 -2.709721e-03
3.678943e+02 1.966273e-10 9.667484e-01 -2.706142e-03
3.683947e+02 1.956064e-10 9.669155e-01 -2.702572e-03
3.688951e+02 1.945920e-10 9.670823e-01 -2.699012e-03
3.693955e+02 1.935843e-10 9.672486e-01 -2.695460e-03
3.698959e+02 1.925830e-10 9.674145e-01 -2.691917e-03
3.703963e+02 1.915882e-10 9.675800e-01 -2.688384e-03
3.708967e+02 1.905999e-10 9.677450e-01 -2.684859e-03
3.713971e+02 1.896178e-10 9.679097e-01 -2.681343e-03
3.718975e+02 1.886422e-10 9.680740e-01 -2.677836e-03
3.723979e+02 1.876727e-10 9.682379e-01 -2.674338e-03
3.728983e+02 1.867095e-10 9.684013e-01 -2.670849e-03
3.733987e+02 1.857525e-10 9.685644e-01 -2.667368e-03
3.738991e+02 1.848016e-10 9.687270e-01 -2.663897e-03
3.743995e+02 1.838568e-10 9.688893e-01 -2.660434e-03
3.748999e+02 1.829180e-10 9.690511e-01 -2.656979e-03
3.754003e+02 1.819851e-10 9.692126e-01 -2.653533e-03
3.759007e+02 1.810583e-10 9.693737e-01 -2.650096e-03
3.764011e+02 1.801373e-10 9.695344e-01 -2.646667e-03
3.769015e+02 1.792222e-10 9.696947e-01 -2.643247e-03
3.774019e+02 1.783128e-10 9.698546e-01 -2.639836e-03
3.779023e+02 1.774093e-10 9.700141e-01 -2.636433e-03
3.784027e+02 1.765114e-10 9.701732e-01 -2.633038e-03
3.789031e+02 1.756192e-10 9.703319e-01 -2.629652e-03
3.794035e+02 1.747327e-10 9.704903e-01 -2.626274e-03
3.799039e+02 1.738517e-10 9.706483e-01 -2.622904e-03
3.804043e+02 1.729763e-10 9.708058e-01 -2.619543e-03
3.809047e+02 1.721064e-10 9.709631e-01 -2.616190e-03
3.814051e+02 1.712419e-10 9.711199e-01 -2.612846e-03
3.819055e+02 1.703829e-10 9.712763e-01 -2.609509e-03
3.824059e+02 1.695292e-10 9.714324e-01 -2.606181e-03
3.829063e+02 1.686809e-10 9.715881e-01 -2.602861e-03
3.834067e+02 1.678379e-10 9.717435e-01 -2.599549e-03
3.839071e+02 1.670001e-10 9.718984e-01 -2.596245e-03
3.844075e+02 1.661676e-10 9.720530e-01 -2.592949e-03
3.849079e+02 1.653403e-10 9.722072e-01 -2.589662e-03
3.854083e+02 1.645180e-10 9.723611e-01 -2.586382e-03
3.859087e+02 1.637009e-10 9.725146e-01 -2.583110e-03
3.864091e+02 1.628889e-10 9.726677e-01 -2.579846e-03
3.869095e+02 1.620819e-10 9.728204e-01 -2.576591e-03
3.874099e+02 1.612799e-10 9.729728e-01 -2.573343e-03
3.879103e+02 1.604828e-10 9.731249e-01 -2.570103e-03
3.884107e+02 1.596907e-10 9.732765e-01 -2.566870e-03
3.889111e+02 1.589034e-10 9.734278e-01 -2.563646e-03
3.894115e+02 1.581210e-10 9.735788e-01 -2.560429e-03
3.899119e+02 1.573434e-10 9.737294e-01 -2.557221e-03
3.904123e+02 1.565705e-10 9.738796e-01 -2.554020e-03
3.909127e+02 1.558024e-10 9.740295e-01 -2.550826e-03
3.914131e+02 1.550391e-10 9.741791e-01 -2.547640e-03
3.919135e+02 1.542803e-10 9.743283e-01 -2.544462e-03
3.924139e+02 1.535262e-10 9.744771e-01 -2.541292e-03
3.929143e+02 1.527768e-10 9.746256e-01 -2.538129e-03
3.934147e+02 1.520318e-10 9.747737e-01 -2.534974e-03
3.939151e+02 1.512915e-10 9.749215e-01 -2.531826e-03
3.944155e+02 1.505556e-10 9.750690e-01 -2.528686e-03
3.949159e+02 1.498242e-10 9.752161e-01 -2.525553e-03
3.954163e+02 1.490972e-10 9.753628e-01 -2.522428e-03
3.959167e+02 1.483746e-10 9.755093e-01 -2.519310e-03
3.964171e+02 1.476564e-10 9.756553e-01 -2.516199e-03
3.969175e+02 1.469426e-10 9.758011e-01 -2.513096e-03
3.974179e+02 1.462330e-10 9.759465e-01 -2.510000e-03
3.979183e+02 1.455278e-10 9.760915e-01 -2.506912e-03
3.984187e+02 1.448267e-10 9.762363e-01 -2.503831e-03
3.989191e+02 1.441299e-10 9.763807e-01 -2.500757e-03
3.994195e+02 1.434373e-10 9.765247e-01 -2.497691e-03
3.999199e+02 1.427488e-10 9.766685e-01 -2.494631e-03
4.004203e+02 1.420645e-10 9.768119e-01 -2.491579e-03
4.009207e+02 1.413842e-10 9.769549e-01 -2.488534e-03
4.014211e+02 1.407081e-10 9.770977e-01 -2.485496e-03
4.019215e+02 1.400359e-10 9.772401e-01 -2.482465e-03
4.024219e+02 1.393678e-10 9.773822e-01 -2.479442e-03
4.029223e+02 1.387036e-10 9.775239e-01 -2.476425e-03
4.034227e+02 1.380434e-10 9.776654e-01 -2.473416e-03
4.039231e+02 1.373871e-10 9.778065e-01 -2.470413e-03
4.044235e+02 1.367348e-10 9.779473e-01 -2.467418e-03
4.049239e+02 1.360862e-10 9.780877e-01 -2.464429e-03
4.054243e+02 1.354416e-10 9.782279e-01 -2.461448e-03
4.059247e+02 1.348007e-10 9.783677e-01 -2.458473e-03
4.064251e+02 1.341636e-10 9.785072e-01 -2.455505e-03
4.069255e+02 1.335303e-10 9.786464e-01 -2.452545e-03
4.074259e+02 1.329007e-10 9.787853e-01 -2.449591e-03
4.079263e+02 1.322749e-10 9.789239e-01 -2.446643e-03
4.084267e+02 1.316527e-10 9.790621e-01 -2.443703e-03
4.089271e+02 1.310341e-10 9.792001e-01 -2.440769e-03
4.094275e+02 1.304192e-10 9.793377e-01 -2.437843e-03
4.099279e+02 1.298079e-10 9.794750e-01 -2.434923e-03
4.104283e+02 1.292002e-10 9.796120e-01 -2.432009e-03
4.109287e+02 1.285960e-10 9.797487e-01 -2.429102e-03
4.114291e+02 1.279953e-10 9.798851e-01 -2.426202e-03
4.119295e+02 1.273982e-10 9.800212e-01 -2.423309e-03
4.124299e+02 1.268045e-10 9.801570e-01 -2.420422e-03
4.129303e+02 1.262143e-10 9.802925e-01 -2.417542e-03
4.134307e+02 1.256275e-10 9.804277e-01 -2.414669e-03
4.139311e+02 1.250441e-10 9.805625e-01 -2.411802e-03
4.144315e+02 1.244641e-10 9.806971e-01 -2.408941e-03
4.149319e+02 1.238875e-10 9.808314e-01 -2.406087e-03
4.154323e+02 1.233141e-10 9.809654e-01 -2.403240e-03
4.159327e+02 1.227442e-10 9.810990e-01 -2.400398e-03
4.164331e+02 1.221774e-10 9.812324e-01 -2.397564e-03
4.169335e+02 1.216140e-10 9.813655e-01 -2.394736e-03
4.174339e+02 1.210538e-10 9.814983e-01 -2.391914e-03
4.179343e+02 1.204968e-10 9.816308e-01 -2.389099e-03
4.184347e+02 1.199431e-10 9.817630e-01 -2.386289e-03
4.189351e+02 1.193925e-10 9.818949e-01 -2.383487e-03
4.194355e+02 1.188450e-10 9.820265e-01 -2.380690e-03
4.199359e+02 1.183007e-10 9.821579e-01 -2.377900e-03
4.204363e+02 1.177595e-10 9.822889e-01 -2.375116e-03
4.209367e+02 1.172214e-10 9.824196e-01 -2.372339e-03
4.214371e+02 1.166864e-10 9.825501e-01 -2.369567e-03
4.219375e+02 1.161544e-10 9.826803e-01 -2.366802e-03
4.224379e+02 1.156255e-10 9.828102e-01 -2.364043e-03
4.229383e+02 1.150995e-10 9.829398e-01 -2.361290e-03
4.234387e+02 1.145766e-10 9.830691e-01 -2.358544e-03
4.239391e+02 1.140566e-10 9.831981e-01 -2.355803e-03
4.244395e+02 1.135395e-10 9.833269e-01 -2.353069e-03
4.249399e+02 1.130254e-10 9.834554e-01 -2.350341e-03
4.254403e+02 1.125142e-10 9.835836e-01 -2.347618e-03
4.259407e+02 1.120059e-10 9.837115e-01 -2.344902e-03
4.264411e+02 1.115004e-10 9.838392e-01 -2.342192e-03
4.269415e+02 1.109978e-10 9.839665e-01 -2.339488e-03
4.274419e+02 1.104980e-10 9.840936e-01 -2.336789e-03
4.279423e+02 1.100011e-10 9.842204e-01 -2.334097e-03
4.284427e+02 1.095069e-10 9.843470e-01 -2.331411e-03
4.289431e+02 1.090155e-10 9.844732e-01 -2.328730e-03
4.294435e+02 1.085268e-10 9.845992e-01 -2.326056e-03
4.299439e+02 1.080409e-10 9.847249e-01 -2.323387e-03
4.304443e+02 1.075577e-10 9.848504e-01 -2.320724e-03
4.309447e+02 1.070772e-10 9.849756e-01 -2.318067e-03
4.314451e+02 1.065994e-10 9.851005e-01 -2.315416e-03
4.319455e+02 1.061242e-10 9.852251e-01 -2.312771e-03
4.324459e+02 1.056517e-10 9.853495e-01 -2.310132e-03
4.329463e+02 1.051818e-10 9.854736e-01 -2.307498e-03
4.334467e+02 1.047145e-10 9.855974e-01 -2.304870e-03
4.339471e+02 1.042498e-10 9.857210e-01 -2.302248e-03
4.344475e+02 1.037877e-10 9.858443e-01 -2.299631e-03
4.349479e+02 1.033282e-10 9.859674e-01 -2.297020e-03
4.354483e+02 1.028711e-10 9.860902e-01 -2.294415e-03
4.359487e+02 1.024166e-10 9.862127e-01 -2.291816e-03
4.364491e+02 1.019647e-10 9.863350e-01 -2.289222e-03
4.369495e+02 1.015152e-10 9.864570e-01 -2.286634e-03
4.374499e+02 1.010681e-10 9.865787e-01 -2.284051e-03
4.379504e+02 1.006236e-10 9.867002e-01 -2.281474e-03
4.384508e+02 1.001815e-10 9.868214e-01 -2.278902e-03
4.389512e+02 9.974177e-11 9.869424e-01 -2.276336e-03
4.394516e+02 9.930449e-11 9.870631e-01 -2.273776e-03
4.399520e+02 9.886959e-11 9.871836e-01 -2.271221e-03
4.404524e+02 9.843708e-11 9.873038e-01 -2.268672e-03
4.409528e+02 9.800693e-11 9.874238e-01 -2.266128e-03
4.414532e+02 9.757913e-11 9.875435e-01 -2.263589e-03
4.419536e+02 9.715365e-11 9.876629e-01 -2.261056e-03
4.424540e+02 9.673050e-11 9.877821e-01 -2.258529e-03
4.429544e+02 9.630964e-11 9.879011e-01 -2.256007e-03
4.434548e+02 9.589108e-11 9.880198e-01 -2.253490e-03
4.439552e+02 9.547478e-11 9.881382e-01 -2.250978e-03
4.444556e+02 9.506074e-11 9.882565e-01 -2.248472e-03
4.449560e+02 9.464894e-11 9.883744e-01 -2.245972e-03
4.454564e+02 9.423937e-11 9.884921e-01 -2.243476e-03
4.459568e+02 9.383201e-11 9.886096e-01 -2.240986e-03
4.464572e+02 9.342685e-11 9.887268e-01 -2.238501e-03
4.469576e+02 9.302388e-11 9.888438e-01 -2.236022e-03
4.474580e+02 9.262308e-11 9.889605e-01 -2.233547e-03
4.479584e+02 9.222443e-11 9.890770e-01 -2.231078e-03
4.484588e+02 9.182792e-11 9.891933e-01 -2.228614e-03
4.489592e+02 9.143355e-11 9.893093e-01 -2.226156e-03
4.494596e+02 9.104129e-11 9.894251e-01 -2.223702e-03
4.499600e+02 9.065113e-11 9.895406e-01 -2.221254e-03
4.504604e+02 9.026305e-11 9.896559e-01 -2.218811e-03
4.509608e+02 8.987705e-11 9.897709e-01 -2.216373e-03
4.514612e+02 8.949312e-11 9.898857e-01 -2.213940e-03
4.519616e+02 8.911123e-11 9.900003e-01 -2.211512e-03
4.524620e+02 8.873137e-11 9.901147e-01 -2.209090e-03
4.529624e+02 8.835354e-11 9.902288e-01 -2.206672e-03
4.534628e+02 8.797772e-11 9.903427e-01 -2.204260e-03
4.539632e+02 8.760389e-11 9.904563e-01 -2.201852e-03
4.544636e+02 8.723205e-11 9.905697e-01 -2.199450e-03
4.549640e+02 8.686218e-11 9.906829e-01 -2.197052e-03
4.554644e+02 8.649426e-11 9.907958e-01 -2.194660e-03
4.559648e+02 8.612829e-11 9.909085e-01 -2.192272e-03
4.564652e+02 8.576426e-11 9.910210e-01 -2.189890e-03
4.569656e+02 8.540214e-11 9.911333e-01 -2.187512e-03
4.574660e+02 8.504194e-11 9.912453e-01 -2.185139e-03
4.579664e+02 8.468363e-11 9.913571e-01 -2.182772e-03
4.584668e+02 8.432721e-11 9.914687e-01 -2.180409e-03
4.589672e+02 8.397266e-11 9.915800e-01 -2.178051e-03
4.594676e+02 8.361997e-11 9.916911e-01 -2.175698e-03
4.599680e+02 8.326913e-11 9.918020e-01 -2.173350e-03
4.604684e+02 8.292013e-11 9.919127e-01 -2.171006e-03
4.609688e+02 8.257296e-11 9.920232e-01 -2.168668e-03
4.614692e+02 8.222760e-11 9.921334e-01 -2.166334e-03
4.619696e+02 8.188404e-11 9.922434e-01 -2.164005e-03
4.624700e+02 8.154228e-11 9.923532e-01 -2.161681e-03
4.629704e+02 8.120230e-11 9.924627e-01 -2.159362e-03
4.634708e+02 8.086409e-11 9.925720e-01 -2.157047e-03
4.639712e+02 8.052764e-11 9.926812e-01 -2.154737e-03
4.644716e+02 8.019293e-11 9.927901e-01 -2.152432e-03
4.649720e+02 7.985997e-11 9.928987e-01 -2.150131e-03
4.654724e+02 7.952873e-11 9.930072e-01 -2.147836e-03
4.659728e+02 7.919920e-11 9.931154e-01 -2.145545e-03
4.664732e+02 7.887138e-11 9.932235e-01 -2.143258e-03
4.669736e+02 7.854525e-11 9.933313e-01 -2.140976e-03
4.674740e+02 7.822081e-11 9.934389e-01 -2.138699e-03
4.679744e+02 7.789804e-11 9.935463e-01 -2.136427e-03
4.684748e+02 7.757694e-11 9.936534e-01 -2.134159e-03
4.689752e+02 7.725749e-11 9.937604e-01 -2.131896e-03
4.694756e+02 7.693968e-11 9.938671e-01 -2.129637e-03
4.699760e+02 7.662350e-11 9.939737e-01 -2.127383e-03
4.704764e+02 7.630894e-11 9.940800e-01 -2.125133e-03
4.709768e+02 7.599600e-11 9.941861e-01 -2.122888e-03
4.714772e+02 7.568466e-11 9.942920e-01 -2.120648e-03
4.719776e+02 7.537491e-11 9.943977e-01 -2.118412e-03
4.724780e+02 7.506675e-11 9.945032e-01 -2.116180e-03
4.729784e+02 7.476016e-11 9.946084e-01 -2.113953e-03
4.734788e+02 7.445513e-11 9.947135e-01 -2.111731e-03
4.739792e+02 7.415166e-11 9.948183e-01 -2.109513e-03
4.744796e+02 7.384973e-11 9.949230e-01 -2.107299e-03
4.749800e+02 7.354934e-11 9.950274e-01 -2.105090e-03
4.754804e+02 7.325047e-11 9.951317e-01 -2.102885e-03
4.759808e+02 7.295312e-11 9.952357e-01 -2.100684e-03
4.764812e+02 7.265728e-11 9.953395e-01 -2.098489e-03
4.769816e+02 7.236293e-11 9.954432e-01 -2.096297e-03
4.774820e+02 7.207007e-11 9.955466e-01 -2.094110e-03
4.779824e+02 7.177870e-11 9.956498e-01 -2.091927e-03
4.784828e+02 7.148879e-11 9.957528e-01 -2.089748e-03
4.789832e+02 7.120035e-11 9.958557e-01 -2.087574e-03
4.794836e+02 7.091336e-11 9.959583e-01 -2.085404e-03
4.799840e+02 7.062781e-11 9.960607e-01 -2.083238e-03
4.804844e+02 7.034370e-11 9.961629e-01 -2.081077e-03
4.809848e+02 7.006102e-11 9.962649e-01 -2.078920e-03
4.814852e+02 6.977976e-11 9.963668e-01 -2.076767e-03
4.819856e+02 6.949990e-11 9.964684e-01 -2.074619e-03
4.824860e+02 6.922145e-11 9.965698e-01 -2.072474e-03
4.829864e+02 6.894439e-11 9.966710e-01 -2.070334e-03
4.834868e+02 6.866872e-11 9.967721e-01 -2.068199e-03
4.839872e+02 6.839442e-11 9.968729e-01 -2.066067e-03
4.844876e+02 6.812149e-11 9.969736e-01 -2.063939e-03
4.849880e+02 6.784992e-11 9.970740e-01 -2.061816e-03
4.854884e+02 6.757970e-11 9.971743e-01 -2.059697e-03
4.859888e+02 6.731083e-11 9.972743e-01 -2.057582e-03
4.864892e+02 6.704329e-11 9.973742e-01 -2.055471e-03
4.869896e+02 6.677708e-11 9.974739e-01 -2.053364e-03
4.874900e+02 6.651219e-11 9.975734e-01 -2.051262e-03
4.879904e+02 6.624861e-11 9.976727e-01 -2.049163e-03
4.884908e+02 6.598634e-11 9.977718e-01 -2.047069e-03
4.889912e+02 6.572536e-11 9.978707e-01 -2.044979e-03
4.894916e+02 6.546567e-11 9.979694e-01 -2.042892e-03
4.899920e+02 6.520727e-11 9.980680e-01 -2.040810e-03
4.904924e+02 6.495013e-11 9.981663e-01 -2.038732e-03
4.909928e+02 6.469427e-11 9.982645e-01 -2.036658e-03
4.914932e+02 6.443966e-11 9.983625e-01 -2.034588e-03
4.919936e+02 6.418630e-11 9.984603e-01 -2.032522e-03
4.924940e+02 6.393419e-11 9.985579e-01 -2.030460e-03
4.929944e+02 6.368331e-11 9.986553e-01 -2.028402e-03
4.934948e+02 6.343367e-11 9.987525e-01 -2.026347e-03
4.939952e+02 6.318524e-11 9.988496e-01 -2.024297e-03
4.944956e+02 6.293803e-11 9.989464e-01 -2.022251e-03
4.949960e+02 6.269203e-11 9.990431e-01 -2.020209e-03
4.954964e+02 6.244723e-11 9.991396e-01 -2.018170e-03
4.959968e+02 6.220362e-11 9.992359e-01 -2.016136e-03
4.964972e+02 6.196120e-11 9.993321e-01 -2.014105e-03
4.969976e+02 6.171996e-11 9.994280e-01 -2.012079e-03
4.974980e+02 6.147989e-11 9.995238e-01 -2.010056e-03
4.979984e+02 6.124099e-11 9.996194e-01 -2.008037e-03
4.984988e+02 6.100325e-11 9.997148e-01 -2.006022e-03
4.989992e+02 6.076666e-11 9.998101e-01 -2.004011e-03
4.994996e+02 6.053121e-11 9.999051e-01 -2.002004e-03
5.000000e+02 6.029691e-11 1.000000e+00 -2.000000e-03
