! /n/nyx3/garavito/projects/XMC-Atlas/scripts/test_halo_108/modelname_halo_0480.txt
! R    D    M    P
1000
1.000000e-01 5.080381e-05 4.495216e-17 -3.202602e-02
6.004004e-01 4.531166e-05 5.295312e-05 -3.201271e-02
1.100801e+00 4.054282e-05 2.587735e-04 -3.193374e-02
1.601201e+00 3.638581e-05 7.065443e-04 -3.181642e-02
2.101602e+00 3.274872e-05 1.454621e-03 -3.166774e-02
2.602002e+00 2.955536e-05 2.538535e-03 -3.149301e-02
3.102402e+00 2.674227e-05 3.976945e-03 -3.129665e-02
3.602803e+00 2.425634e-05 5.776140e-03 -3.108238e-02
4.103203e+00 2.205291e-05 7.933441e-03 -3.085335e-02
4.603604e+00 2.009429e-05 1.043977e-02 -3.061226e-02
5.104004e+00 1.834854e-05 1.328159e-02 -3.036141e-02
5.604404e+00 1.678845e-05 1.644240e-02 -3.010278e-02
6.104805e+00 1.539083e-05 1.990377e-02 -2.983805e-02
6.605205e+00 1.413576e-05 2.364627e-02 -2.956867e-02
7.105606e+00 1.300614e-05 2.764998e-02 -2.929589e-02
7.606006e+00 1.198721e-05 3.189500e-02 -2.902076e-02
8.106406e+00 1.106620e-05 3.636177e-02 -2.874421e-02
8.606807e+00 1.023202e-05 4.103128e-02 -2.846702e-02
9.107207e+00 9.475025e-06 4.588524e-02 -2.818987e-02
9.607608e+00 8.786799e-06 5.090621e-02 -2.791332e-02
1.010801e+01 8.159974e-06 5.607762e-02 -2.763787e-02
1.060841e+01 7.588089e-06 6.138384e-02 -2.736395e-02
1.110881e+01 7.065464e-06 6.681016e-02 -2.709190e-02
1.160921e+01 6.587090e-06 7.234280e-02 -2.682203e-02
1.210961e+01 6.148544e-06 7.796889e-02 -2.655459e-02
1.261001e+01 5.745911e-06 8.367642e-02 -2.628980e-02
1.311041e+01 5.375718e-06 8.945423e-02 -2.602784e-02
1.361081e+01 5.034876e-06 9.529198e-02 -2.576884e-02
1.411121e+01 4.720636e-06 1.011801e-01 -2.551292e-02
1.461161e+01 4.430544e-06 1.071096e-01 -2.526020e-02
1.511201e+01 4.162405e-06 1.130724e-01 -2.501073e-02
1.561241e+01 3.914255e-06 1.190609e-01 -2.476457e-02
1.611281e+01 3.684333e-06 1.250681e-01 -2.452177e-02
1.661321e+01 3.471053e-06 1.310876e-01 -2.428235e-02
1.711361e+01 3.272991e-06 1.371136e-01 -2.404633e-02
1.761401e+01 3.088861e-06 1.431406e-01 -2.381371e-02
1.811441e+01 2.917504e-06 1.491636e-01 -2.358449e-02
1.861481e+01 2.757870e-06 1.551781e-01 -2.335867e-02
1.911522e+01 2.609010e-06 1.611801e-01 -2.313621e-02
1.961562e+01 2.470063e-06 1.671656e-01 -2.291711e-02
2.011602e+01 2.340246e-06 1.731312e-01 -2.270133e-02
2.061642e+01 2.218850e-06 1.790738e-01 -2.248884e-02
2.111682e+01 2.105226e-06 1.849906e-01 -2.227960e-02
2.161722e+01 1.998785e-06 1.908789e-01 -2.207358e-02
2.211762e+01 1.898989e-06 1.967364e-01 -2.187073e-02
2.261802e+01 1.805345e-06 2.025609e-01 -2.167102e-02
2.311842e+01 1.717405e-06 2.083507e-01 -2.147439e-02
2.361882e+01 1.634757e-06 2.141039e-01 -2.128080e-02
2.411922e+01 1.557022e-06 2.198190e-01 -2.109021e-02
2.461962e+01 1.483854e-06 2.254947e-01 -2.090257e-02
2.512002e+01 1.414935e-06 2.311297e-01 -2.071783e-02
2.562042e+01 1.349972e-06 2.367230e-01 -2.053594e-02
2.612082e+01 1.288696e-06 2.422736e-01 -2.035685e-02
2.662122e+01 1.230859e-06 2.477807e-01 -2.018052e-02
2.712162e+01 1.176230e-06 2.532437e-01 -2.000689e-02
2.762202e+01 1.124600e-06 2.586618e-01 -1.983592e-02
2.812242e+01 1.075772e-06 2.640345e-01 -1.966755e-02
2.862282e+01 1.029566e-06 2.693616e-01 -1.950175e-02
2.912322e+01 9.858154e-07 2.746425e-01 -1.933846e-02
2.962362e+01 9.443644e-07 2.798770e-01 -1.917764e-02
3.012402e+01 9.050698e-07 2.850649e-01 -1.901924e-02
3.062442e+01 8.677982e-07 2.902061e-01 -1.886321e-02
3.112482e+01 8.324260e-07 2.953005e-01 -1.870952e-02
3.162523e+01 7.988382e-07 3.003479e-01 -1.855811e-02
3.212563e+01 7.669278e-07 3.053486e-01 -1.840894e-02
3.262603e+01 7.365952e-07 3.103024e-01 -1.826197e-02
3.312643e+01 7.077478e-07 3.152095e-01 -1.811716e-02
3.362683e+01 6.802990e-07 3.200700e-01 -1.797447e-02
3.412723e+01 6.541684e-07 3.248841e-01 -1.783385e-02
3.462763e+01 6.292806e-07 3.296519e-01 -1.769526e-02
3.512803e+01 6.055655e-07 3.343738e-01 -1.755868e-02
3.562843e+01 5.829572e-07 3.390499e-01 -1.742405e-02
3.612883e+01 5.613943e-07 3.436804e-01 -1.729134e-02
3.662923e+01 5.408195e-07 3.482658e-01 -1.716051e-02
3.712963e+01 5.211788e-07 3.528063e-01 -1.703153e-02
3.763003e+01 5.024218e-07 3.573022e-01 -1.690437e-02
3.813043e+01 4.845011e-07 3.617538e-01 -1.677898e-02
3.863083e+01 4.673726e-07 3.661616e-01 -1.665534e-02
3.913123e+01 4.509944e-07 3.705258e-01 -1.653340e-02
3.963163e+01 4.353275e-07 3.748469e-01 -1.641314e-02
4.013203e+01 4.203351e-07 3.791252e-01 -1.629453e-02
4.063243e+01 4.059827e-07 3.833611e-01 -1.617754e-02
4.113283e+01 3.922378e-07 3.875551e-01 -1.606213e-02
4.163323e+01 3.790697e-07 3.917074e-01 -1.594827e-02
4.213363e+01 3.664497e-07 3.958186e-01 -1.583594e-02
4.263403e+01 3.543506e-07 3.998891e-01 -1.572511e-02
4.313443e+01 3.427468e-07 4.039192e-01 -1.561575e-02
4.363483e+01 3.316142e-07 4.079094e-01 -1.550783e-02
4.413524e+01 3.209300e-07 4.118601e-01 -1.540132e-02
4.463564e+01 3.106726e-07 4.157717e-01 -1.529621e-02
4.513604e+01 3.008219e-07 4.196447e-01 -1.519245e-02
4.563644e+01 2.913586e-07 4.234794e-01 -1.509004e-02
4.613684e+01 2.822645e-07 4.272764e-01 -1.498894e-02
4.663724e+01 2.735225e-07 4.310359e-01 -1.488914e-02
4.713764e+01 2.651164e-07 4.347585e-01 -1.479060e-02
4.763804e+01 2.570308e-07 4.384446e-01 -1.469330e-02
4.813844e+01 2.492511e-07 4.420946e-01 -1.459723e-02
4.863884e+01 2.417636e-07 4.457089e-01 -1.450236e-02
4.913924e+01 2.345552e-07 4.492879e-01 -1.440866e-02
4.963964e+01 2.276134e-07 4.528320e-01 -1.431613e-02
5.014004e+01 2.209266e-07 4.563417e-01 -1.422473e-02
5.064044e+01 2.144836e-07 4.598174e-01 -1.413446e-02
5.114084e+01 2.082738e-07 4.632594e-01 -1.404528e-02
5.164124e+01 2.022871e-07 4.666682e-01 -1.395717e-02
5.214164e+01 1.965140e-07 4.700441e-01 -1.387013e-02
5.264204e+01 1.909455e-07 4.733876e-01 -1.378414e-02
5.314244e+01 1.855727e-07 4.766991e-01 -1.369916e-02
5.364284e+01 1.803877e-07 4.799788e-01 -1.361520e-02
5.414324e+01 1.753825e-07 4.832274e-01 -1.353222e-02
5.464364e+01 1.705497e-07 4.864450e-01 -1.345021e-02
5.514404e+01 1.658823e-07 4.896321e-01 -1.336917e-02
5.564444e+01 1.613734e-07 4.927890e-01 -1.328906e-02
5.614484e+01 1.570167e-07 4.959162e-01 -1.320988e-02
5.664525e+01 1.528061e-07 4.990140e-01 -1.313160e-02
5.714565e+01 1.487357e-07 5.020827e-01 -1.305423e-02
5.764605e+01 1.447999e-07 5.051227e-01 -1.297773e-02
5.814645e+01 1.409935e-07 5.081344e-01 -1.290209e-02
5.864685e+01 1.373113e-07 5.111181e-01 -1.282731e-02
5.914725e+01 1.337486e-07 5.140741e-01 -1.275336e-02
5.964765e+01 1.303007e-07 5.170029e-01 -1.268024e-02
6.014805e+01 1.269632e-07 5.199046e-01 -1.260792e-02
6.064845e+01 1.237318e-07 5.227797e-01 -1.253641e-02
6.114885e+01 1.206027e-07 5.256285e-01 -1.246568e-02
6.164925e+01 1.175718e-07 5.284513e-01 -1.239572e-02
6.214965e+01 1.146355e-07 5.312484e-01 -1.232651e-02
6.265005e+01 1.117904e-07 5.340201e-01 -1.225806e-02
6.315045e+01 1.090330e-07 5.367668e-01 -1.219035e-02
6.365085e+01 1.063601e-07 5.394888e-01 -1.212335e-02
6.415125e+01 1.037686e-07 5.421863e-01 -1.205707e-02
6.465165e+01 1.012555e-07 5.448597e-01 -1.199150e-02
6.515205e+01 9.881808e-08 5.475092e-01 -1.192661e-02
6.565245e+01 9.645356e-08 5.501351e-01 -1.186240e-02
6.615285e+01 9.415935e-08 5.527378e-01 -1.179887e-02
6.665325e+01 9.193295e-08 5.553175e-01 -1.173599e-02
6.715365e+01 8.977198e-08 5.578745e-01 -1.167377e-02
6.765405e+01 8.767413e-08 5.604091e-01 -1.161218e-02
6.815445e+01 8.563720e-08 5.629215e-01 -1.155122e-02
6.865485e+01 8.365910e-08 5.654119e-01 -1.149089e-02
6.915526e+01 8.173778e-08 5.678808e-01 -1.143117e-02
6.965566e+01 7.987131e-08 5.703283e-01 -1.137205e-02
7.015606e+01 7.805781e-08 5.727547e-01 -1.131352e-02
7.065646e+01 7.629549e-08 5.751602e-01 -1.125558e-02
7.115686e+01 7.458264e-08 5.775451e-01 -1.119822e-02
7.165726e+01 7.291758e-08 5.799096e-01 -1.114142e-02
7.215766e+01 7.129874e-08 5.822540e-01 -1.108518e-02
7.265806e+01 6.972457e-08 5.845785e-01 -1.102950e-02
7.315846e+01 6.819362e-08 5.868833e-01 -1.097436e-02
7.365886e+01 6.670445e-08 5.891688e-01 -1.091976e-02
7.415926e+01 6.525572e-08 5.914350e-01 -1.086568e-02
7.465966e+01 6.384610e-08 5.936823e-01 -1.081212e-02
7.516006e+01 6.247435e-08 5.959109e-01 -1.075908e-02
7.566046e+01 6.113924e-08 5.981209e-01 -1.070655e-02
7.616086e+01 5.983960e-08 6.003126e-01 -1.065451e-02
7.666126e+01 5.857432e-08 6.024863e-01 -1.060297e-02
7.716166e+01 5.734231e-08 6.046420e-01 -1.055191e-02
7.766206e+01 5.614252e-08 6.067801e-01 -1.050133e-02
7.816246e+01 5.497395e-08 6.089007e-01 -1.045122e-02
7.866286e+01 5.383562e-08 6.110041e-01 -1.040158e-02
7.916326e+01 5.272661e-08 6.130904e-01 -1.035240e-02
7.966366e+01 5.164601e-08 6.151598e-01 -1.030367e-02
8.016406e+01 5.059296e-08 6.172125e-01 -1.025538e-02
8.066446e+01 4.956661e-08 6.192488e-01 -1.020754e-02
8.116486e+01 4.856615e-08 6.212688e-01 -1.016014e-02
8.166527e+01 4.759081e-08 6.232726e-01 -1.011316e-02
8.216567e+01 4.663983e-08 6.252605e-01 -1.006660e-02
8.266607e+01 4.571249e-08 6.272327e-01 -1.002047e-02
8.316647e+01 4.480809e-08 6.291893e-01 -9.974742e-03
8.366687e+01 4.392594e-08 6.311305e-01 -9.929424e-03
8.416727e+01 4.306540e-08 6.330565e-01 -9.884508e-03
8.466767e+01 4.222582e-08 6.349674e-01 -9.839987e-03
8.516807e+01 4.140661e-08 6.368635e-01 -9.795858e-03
8.566847e+01 4.060717e-08 6.387448e-01 -9.752115e-03
8.616887e+01 3.982693e-08 6.406116e-01 -9.708753e-03
8.666927e+01 3.906534e-08 6.424639e-01 -9.665767e-03
8.716967e+01 3.832187e-08 6.443021e-01 -9.623152e-03
8.767007e+01 3.759601e-08 6.461262e-01 -9.580904e-03
8.817047e+01 3.688725e-08 6.479363e-01 -9.539018e-03
8.867087e+01 3.619511e-08 6.497327e-01 -9.497489e-03
8.917127e+01 3.551913e-08 6.515155e-01 -9.456313e-03
8.967167e+01 3.485886e-08 6.532847e-01 -9.415486e-03
9.017207e+01 3.421387e-08 6.550407e-01 -9.375002e-03
9.067247e+01 3.358372e-08 6.567835e-01 -9.334858e-03
9.117287e+01 3.296801e-08 6.585132e-01 -9.295050e-03
9.167327e+01 3.236635e-08 6.602301e-01 -9.255573e-03
9.217367e+01 3.177835e-08 6.619342e-01 -9.216424e-03
9.267407e+01 3.120365e-08 6.636256e-01 -9.177598e-03
9.317447e+01 3.064188e-08 6.653046e-01 -9.139091e-03
9.367487e+01 3.009270e-08 6.669713e-01 -9.100900e-03
9.417528e+01 2.955576e-08 6.686257e-01 -9.063020e-03
9.467568e+01 2.903075e-08 6.702680e-01 -9.025449e-03
9.517608e+01 2.851734e-08 6.718983e-01 -8.988181e-03
9.567648e+01 2.801523e-08 6.735168e-01 -8.951214e-03
9.617688e+01 2.752413e-08 6.751236e-01 -8.914544e-03
9.667728e+01 2.704374e-08 6.767188e-01 -8.878168e-03
9.717768e+01 2.657379e-08 6.783026e-01 -8.842082e-03
9.767808e+01 2.611400e-08 6.798749e-01 -8.806282e-03
9.817848e+01 2.566411e-08 6.814361e-01 -8.770765e-03
9.867888e+01 2.522387e-08 6.829861e-01 -8.735528e-03
9.917928e+01 2.479303e-08 6.845251e-01 -8.700568e-03
9.967968e+01 2.437135e-08 6.860533e-01 -8.665881e-03
1.001801e+02 2.395859e-08 6.875706e-01 -8.631464e-03
1.006805e+02 2.355454e-08 6.890773e-01 -8.597314e-03
1.011809e+02 2.315897e-08 6.905735e-01 -8.563429e-03
1.016813e+02 2.277167e-08 6.920591e-01 -8.529804e-03
1.021817e+02 2.239243e-08 6.935345e-01 -8.496438e-03
1.026821e+02 2.202106e-08 6.949996e-01 -8.463326e-03
1.031825e+02 2.165735e-08 6.964546e-01 -8.430467e-03
1.036829e+02 2.130112e-08 6.978995e-01 -8.397857e-03
1.041833e+02 2.095218e-08 6.993345e-01 -8.365494e-03
1.046837e+02 2.061037e-08 7.007596e-01 -8.333374e-03
1.051841e+02 2.027549e-08 7.021751e-01 -8.301496e-03
1.056845e+02 1.994739e-08 7.035809e-01 -8.269856e-03
1.061849e+02 1.962589e-08 7.049771e-01 -8.238451e-03
1.066853e+02 1.931085e-08 7.063639e-01 -8.207280e-03
1.071857e+02 1.900211e-08 7.077413e-01 -8.176339e-03
1.076861e+02 1.869951e-08 7.091095e-01 -8.145627e-03
1.081865e+02 1.840291e-08 7.104685e-01 -8.115140e-03
1.086869e+02 1.811217e-08 7.118184e-01 -8.084876e-03
1.091873e+02 1.782714e-08 7.131594e-01 -8.054832e-03
1.096877e+02 1.754770e-08 7.144914e-01 -8.025007e-03
1.101881e+02 1.727372e-08 7.158146e-01 -7.995398e-03
1.106885e+02 1.700506e-08 7.171291e-01 -7.966003e-03
1.111889e+02 1.674161e-08 7.184349e-01 -7.936819e-03
1.116893e+02 1.648324e-08 7.197321e-01 -7.907844e-03
1.121897e+02 1.622983e-08 7.210209e-01 -7.879075e-03
1.126901e+02 1.598128e-08 7.223012e-01 -7.850512e-03
1.131905e+02 1.573746e-08 7.235733e-01 -7.822150e-03
1.136909e+02 1.549828e-08 7.248371e-01 -7.793990e-03
1.141913e+02 1.526362e-08 7.260927e-01 -7.766027e-03
1.146917e+02 1.503339e-08 7.273402e-01 -7.738261e-03
1.151921e+02 1.480748e-08 7.285797e-01 -7.710689e-03
1.156925e+02 1.458580e-08 7.298113e-01 -7.683308e-03
1.161929e+02 1.436826e-08 7.310350e-01 -7.656118e-03
1.166933e+02 1.415475e-08 7.322510e-01 -7.629117e-03
1.171937e+02 1.394519e-08 7.334592e-01 -7.602301e-03
1.176941e+02 1.373950e-08 7.346597e-01 -7.575670e-03
1.181945e+02 1.353759e-08 7.358527e-01 -7.549221e-03
1.186949e+02 1.333938e-08 7.370382e-01 -7.522953e-03
1.191953e+02 1.314477e-08 7.382163e-01 -7.496864e-03
1.196957e+02 1.295371e-08 7.393870e-01 -7.470951e-03
1.201961e+02 1.276610e-08 7.405504e-01 -7.445214e-03
1.206965e+02 1.258188e-08 7.417065e-01 -7.419650e-03
1.211969e+02 1.240097e-08 7.428555e-01 -7.394258e-03
1.216973e+02 1.222329e-08 7.439974e-01 -7.369035e-03
1.221977e+02 1.204879e-08 7.451322e-01 -7.343981e-03
1.226981e+02 1.187740e-08 7.462601e-01 -7.319094e-03
1.231985e+02 1.170903e-08 7.473811e-01 -7.294371e-03
1.236989e+02 1.154365e-08 7.484952e-01 -7.269812e-03
1.241993e+02 1.138117e-08 7.496026e-01 -7.245415e-03
1.246997e+02 1.122154e-08 7.507032e-01 -7.221178e-03
1.252001e+02 1.106470e-08 7.517971e-01 -7.197099e-03
1.257005e+02 1.091059e-08 7.528844e-01 -7.173177e-03
1.262009e+02 1.075915e-08 7.539652e-01 -7.149411e-03
1.267013e+02 1.061033e-08 7.550395e-01 -7.125799e-03
1.272017e+02 1.046408e-08 7.561074e-01 -7.102339e-03
1.277021e+02 1.032034e-08 7.571689e-01 -7.079031e-03
1.282025e+02 1.017905e-08 7.582241e-01 -7.055872e-03
1.287029e+02 1.004018e-08 7.592730e-01 -7.032861e-03
1.292033e+02 9.903668e-09 7.603157e-01 -7.009997e-03
1.297037e+02 9.769468e-09 7.613522e-01 -6.987278e-03
1.302041e+02 9.637533e-09 7.623827e-01 -6.964704e-03
1.307045e+02 9.507817e-09 7.634071e-01 -6.942272e-03
1.312049e+02 9.380277e-09 7.644255e-01 -6.919981e-03
1.317053e+02 9.254868e-09 7.654379e-01 -6.897830e-03
1.322057e+02 9.131549e-09 7.664445e-01 -6.875818e-03
1.327061e+02 9.010276e-09 7.674452e-01 -6.853944e-03
1.332065e+02 8.891010e-09 7.684401e-01 -6.832205e-03
1.337069e+02 8.773711e-09 7.694293e-01 -6.810601e-03
1.342073e+02 8.658340e-09 7.704128e-01 -6.789131e-03
1.347077e+02 8.544859e-09 7.713906e-01 -6.767793e-03
1.352081e+02 8.433231e-09 7.723629e-01 -6.746587e-03
1.357085e+02 8.323420e-09 7.733296e-01 -6.725510e-03
1.362089e+02 8.215391e-09 7.742908e-01 -6.704562e-03
1.367093e+02 8.109109e-09 7.752465e-01 -6.683742e-03
1.372097e+02 8.004540e-09 7.761968e-01 -6.663048e-03
1.377101e+02 7.901651e-09 7.771418e-01 -6.642479e-03
1.382105e+02 7.800410e-09 7.780814e-01 -6.622035e-03
1.387109e+02 7.700785e-09 7.790157e-01 -6.601714e-03
1.392113e+02 7.602746e-09 7.799448e-01 -6.581514e-03
1.397117e+02 7.506262e-09 7.808687e-01 -6.561436e-03
1.402121e+02 7.411304e-09 7.817875e-01 -6.541477e-03
1.407125e+02 7.317842e-09 7.827012e-01 -6.521637e-03
1.412129e+02 7.225850e-09 7.836098e-01 -6.501915e-03
1.417133e+02 7.135298e-09 7.845134e-01 -6.482309e-03
1.422137e+02 7.046160e-09 7.854119e-01 -6.462819e-03
1.427141e+02 6.958410e-09 7.863056e-01 -6.443443e-03
1.432145e+02 6.872022e-09 7.871944e-01 -6.424181e-03
1.437149e+02 6.786970e-09 7.880782e-01 -6.405032e-03
1.442153e+02 6.703230e-09 7.889573e-01 -6.385994e-03
1.447157e+02 6.620778e-09 7.898316e-01 -6.367067e-03
1.452161e+02 6.539589e-09 7.907011e-01 -6.348249e-03
1.457165e+02 6.459642e-09 7.915660e-01 -6.329541e-03
1.462169e+02 6.380912e-09 7.924261e-01 -6.310940e-03
1.467173e+02 6.303378e-09 7.932817e-01 -6.292446e-03
1.472177e+02 6.227018e-09 7.941326e-01 -6.274057e-03
1.477181e+02 6.151811e-09 7.949790e-01 -6.255774e-03
1.482185e+02 6.077736e-09 7.958208e-01 -6.237596e-03
1.487189e+02 6.004772e-09 7.966582e-01 -6.219520e-03
1.492193e+02 5.932901e-09 7.974911e-01 -6.201547e-03
1.497197e+02 5.862101e-09 7.983196e-01 -6.183675e-03
1.502201e+02 5.792354e-09 7.991437e-01 -6.165904e-03
1.507205e+02 5.723642e-09 7.999635e-01 -6.148233e-03
1.512209e+02 5.655945e-09 8.007790e-01 -6.130661e-03
1.517213e+02 5.589247e-09 8.015902e-01 -6.113187e-03
1.522217e+02 5.523528e-09 8.023971e-01 -6.095810e-03
1.527221e+02 5.458773e-09 8.031998e-01 -6.078530e-03
1.532225e+02 5.394964e-09 8.039983e-01 -6.061346e-03
1.537229e+02 5.332084e-09 8.047927e-01 -6.044256e-03
1.542233e+02 5.270118e-09 8.055830e-01 -6.027261e-03
1.547237e+02 5.209050e-09 8.063692e-01 -6.010359e-03
1.552241e+02 5.148864e-09 8.071513e-01 -5.993550e-03
1.557245e+02 5.089544e-09 8.079294e-01 -5.976833e-03
1.562249e+02 5.031076e-09 8.087035e-01 -5.960206e-03
1.567253e+02 4.973445e-09 8.094737e-01 -5.943671e-03
1.572257e+02 4.916638e-09 8.102399e-01 -5.927225e-03
1.577261e+02 4.860639e-09 8.110022e-01 -5.910867e-03
1.582265e+02 4.805435e-09 8.117607e-01 -5.894598e-03
1.587269e+02 4.751012e-09 8.125153e-01 -5.878417e-03
1.592273e+02 4.697358e-09 8.132661e-01 -5.862322e-03
1.597277e+02 4.644459e-09 8.140131e-01 -5.846314e-03
1.602281e+02 4.592303e-09 8.147563e-01 -5.830391e-03
1.607285e+02 4.540877e-09 8.154958e-01 -5.814552e-03
1.612289e+02 4.490168e-09 8.162316e-01 -5.798798e-03
1.617293e+02 4.440166e-09 8.169638e-01 -5.783127e-03
1.622297e+02 4.390857e-09 8.176923e-01 -5.767539e-03
1.627301e+02 4.342231e-09 8.184171e-01 -5.752033e-03
1.632305e+02 4.294277e-09 8.191384e-01 -5.736608e-03
1.637309e+02 4.246982e-09 8.198561e-01 -5.721264e-03
1.642313e+02 4.200337e-09 8.205703e-01 -5.706001e-03
1.647317e+02 4.154331e-09 8.212809e-01 -5.690816e-03
1.652321e+02 4.108953e-09 8.219881e-01 -5.675711e-03
1.657325e+02 4.064192e-09 8.226918e-01 -5.660685e-03
1.662329e+02 4.020040e-09 8.233920e-01 -5.645735e-03
1.667333e+02 3.976485e-09 8.240889e-01 -5.630863e-03
1.672337e+02 3.933519e-09 8.247823e-01 -5.616068e-03
1.677341e+02 3.891131e-09 8.254724e-01 -5.601348e-03
1.682345e+02 3.849313e-09 8.261592e-01 -5.586704e-03
1.687349e+02 3.808056e-09 8.268426e-01 -5.572135e-03
1.692353e+02 3.767349e-09 8.275227e-01 -5.557640e-03
1.697357e+02 3.727185e-09 8.281996e-01 -5.543218e-03
1.702361e+02 3.687555e-09 8.288732e-01 -5.528870e-03
1.707365e+02 3.648450e-09 8.295436e-01 -5.514594e-03
1.712369e+02 3.609862e-09 8.302108e-01 -5.500390e-03
1.717373e+02 3.571783e-09 8.308748e-01 -5.486257e-03
1.722377e+02 3.534205e-09 8.315357e-01 -5.472196e-03
1.727381e+02 3.497119e-09 8.321934e-01 -5.458205e-03
1.732385e+02 3.460519e-09 8.328480e-01 -5.444283e-03
1.737389e+02 3.424397e-09 8.334995e-01 -5.430431e-03
1.742393e+02 3.388744e-09 8.341480e-01 -5.416648e-03
1.747397e+02 3.353554e-09 8.347934e-01 -5.402933e-03
1.752401e+02 3.318820e-09 8.354358e-01 -5.389286e-03
1.757405e+02 3.284535e-09 8.360752e-01 -5.375707e-03
1.762409e+02 3.250691e-09 8.367116e-01 -5.362194e-03
1.767413e+02 3.217281e-09 8.373450e-01 -5.348747e-03
1.772417e+02 3.184300e-09 8.379755e-01 -5.335366e-03
1.777421e+02 3.151741e-09 8.386031e-01 -5.322051e-03
1.782425e+02 3.119596e-09 8.392278e-01 -5.308800e-03
1.787429e+02 3.087861e-09 8.398496e-01 -5.295614e-03
1.792433e+02 3.056527e-09 8.404685e-01 -5.282492e-03
1.797437e+02 3.025591e-09 8.410846e-01 -5.269433e-03
1.802441e+02 2.995044e-09 8.416979e-01 -5.256437e-03
1.807445e+02 2.964883e-09 8.423083e-01 -5.243504e-03
1.812449e+02 2.935100e-09 8.429160e-01 -5.230633e-03
1.817453e+02 2.905690e-09 8.435209e-01 -5.217824e-03
1.822457e+02 2.876647e-09 8.441231e-01 -5.205076e-03
1.827461e+02 2.847967e-09 8.447225e-01 -5.192388e-03
1.832465e+02 2.819643e-09 8.453193e-01 -5.179761e-03
1.837469e+02 2.791670e-09 8.459133e-01 -5.167194e-03
1.842473e+02 2.764043e-09 8.465047e-01 -5.154686e-03
1.847477e+02 2.736757e-09 8.470934e-01 -5.142238e-03
1.852481e+02 2.709807e-09 8.476794e-01 -5.129848e-03
1.857485e+02 2.683188e-09 8.482629e-01 -5.117516e-03
1.862489e+02 2.656895e-09 8.488437e-01 -5.105243e-03
1.867493e+02 2.630923e-09 8.494220e-01 -5.093026e-03
1.872497e+02 2.605268e-09 8.499977e-01 -5.080867e-03
1.877502e+02 2.579925e-09 8.505708e-01 -5.068764e-03
1.882506e+02 2.554889e-09 8.511414e-01 -5.056718e-03
1.887510e+02 2.530156e-09 8.517095e-01 -5.044727e-03
1.892514e+02 2.505722e-09 8.522751e-01 -5.032792e-03
1.897518e+02 2.481582e-09 8.528382e-01 -5.020912e-03
1.902522e+02 2.457732e-09 8.533988e-01 -5.009087e-03
1.907526e+02 2.434168e-09 8.539570e-01 -4.997316e-03
1.912530e+02 2.410886e-09 8.545127e-01 -4.985599e-03
1.917534e+02 2.387881e-09 8.550661e-01 -4.973936e-03
1.922538e+02 2.365150e-09 8.556170e-01 -4.962325e-03
1.927542e+02 2.342689e-09 8.561655e-01 -4.950768e-03
1.932546e+02 2.320494e-09 8.567116e-01 -4.939263e-03
1.937550e+02 2.298561e-09 8.572554e-01 -4.927811e-03
1.942554e+02 2.276887e-09 8.577969e-01 -4.916410e-03
1.947558e+02 2.255467e-09 8.583360e-01 -4.905060e-03
1.952562e+02 2.234299e-09 8.588728e-01 -4.893762e-03
1.957566e+02 2.213378e-09 8.594073e-01 -4.882514e-03
1.962570e+02 2.192702e-09 8.599395e-01 -4.871317e-03
1.967574e+02 2.172267e-09 8.604694e-01 -4.860170e-03
1.972578e+02 2.152069e-09 8.609971e-01 -4.849072e-03
1.977582e+02 2.132106e-09 8.615226e-01 -4.838024e-03
1.982586e+02 2.112373e-09 8.620458e-01 -4.827025e-03
1.987590e+02 2.092868e-09 8.625668e-01 -4.816075e-03
1.992594e+02 2.073588e-09 8.630856e-01 -4.805174e-03
1.997598e+02 2.054529e-09 8.636022e-01 -4.794320e-03
2.002602e+02 2.035689e-09 8.641167e-01 -4.783514e-03
2.007606e+02 2.017064e-09 8.646290e-01 -4.772756e-03
2.012610e+02 1.998652e-09 8.651391e-01 -4.762045e-03
2.017614e+02 1.980449e-09 8.656471e-01 -4.751380e-03
2.022618e+02 1.962453e-09 8.661530e-01 -4.740762e-03
2.027622e+02 1.944661e-09 8.666568e-01 -4.730191e-03
2.032626e+02 1.927070e-09 8.671585e-01 -4.719665e-03
2.037630e+02 1.909678e-09 8.676581e-01 -4.709185e-03
2.042634e+02 1.892481e-09 8.681557e-01 -4.698751e-03
2.047638e+02 1.875478e-09 8.686512e-01 -4.688361e-03
2.052642e+02 1.858665e-09 8.691447e-01 -4.678016e-03
2.057646e+02 1.842040e-09 8.696361e-01 -4.667716e-03
2.062650e+02 1.825601e-09 8.701255e-01 -4.657460e-03
2.067654e+02 1.809344e-09 8.706129e-01 -4.647248e-03
2.072658e+02 1.793268e-09 8.710983e-01 -4.637079e-03
2.077662e+02 1.777371e-09 8.715818e-01 -4.626954e-03
2.082666e+02 1.761649e-09 8.720632e-01 -4.616872e-03
2.087670e+02 1.746100e-09 8.725428e-01 -4.606833e-03
2.092674e+02 1.730723e-09 8.730203e-01 -4.596836e-03
2.097678e+02 1.715514e-09 8.734960e-01 -4.586881e-03
2.102682e+02 1.700473e-09 8.739697e-01 -4.576969e-03
2.107686e+02 1.685595e-09 8.744415e-01 -4.567098e-03
2.112690e+02 1.670880e-09 8.749114e-01 -4.557269e-03
2.117694e+02 1.656326e-09 8.753795e-01 -4.547481e-03
2.122698e+02 1.641929e-09 8.758456e-01 -4.537734e-03
2.127702e+02 1.627689e-09 8.763099e-01 -4.528027e-03
2.132706e+02 1.613602e-09 8.767723e-01 -4.518361e-03
2.137710e+02 1.599668e-09 8.772329e-01 -4.508735e-03
2.142714e+02 1.585884e-09 8.776917e-01 -4.499149e-03
2.147718e+02 1.572247e-09 8.781486e-01 -4.489603e-03
2.152722e+02 1.558758e-09 8.786038e-01 -4.480096e-03
2.157726e+02 1.545412e-09 8.790571e-01 -4.470629e-03
2.162730e+02 1.532209e-09 8.795087e-01 -4.461200e-03
2.167734e+02 1.519147e-09 8.799585e-01 -4.451810e-03
2.172738e+02 1.506223e-09 8.804065e-01 -4.442459e-03
2.177742e+02 1.493437e-09 8.808527e-01 -4.433146e-03
2.182746e+02 1.480786e-09 8.812972e-01 -4.423870e-03
2.187750e+02 1.468269e-09 8.817400e-01 -4.414633e-03
2.192754e+02 1.455884e-09 8.821810e-01 -4.405433e-03
2.197758e+02 1.443629e-09 8.826204e-01 -4.396271e-03
2.202762e+02 1.431503e-09 8.830580e-01 -4.387145e-03
2.207766e+02 1.419504e-09 8.834939e-01 -4.378057e-03
2.212770e+02 1.407630e-09 8.839282e-01 -4.369005e-03
2.217774e+02 1.395880e-09 8.843607e-01 -4.359989e-03
2.222778e+02 1.384253e-09 8.847916e-01 -4.351010e-03
2.227782e+02 1.372746e-09 8.852209e-01 -4.342067e-03
2.232786e+02 1.361359e-09 8.856484e-01 -4.333159e-03
2.237790e+02 1.350089e-09 8.860744e-01 -4.324288e-03
2.242794e+02 1.338936e-09 8.864987e-01 -4.315451e-03
2.247798e+02 1.327898e-09 8.869214e-01 -4.306650e-03
2.252802e+02 1.316973e-09 8.873425e-01 -4.297883e-03
2.257806e+02 1.306161e-09 8.877620e-01 -4.289151e-03
2.262810e+02 1.295459e-09 8.881799e-01 -4.280454e-03
2.267814e+02 1.284866e-09 8.885962e-01 -4.271791e-03
2.272818e+02 1.274382e-09 8.890110e-01 -4.263162e-03
2.277822e+02 1.264004e-09 8.894242e-01 -4.254567e-03
2.282826e+02 1.253732e-09 8.898358e-01 -4.246006e-03
2.287830e+02 1.243564e-09 8.902458e-01 -4.237479e-03
2.292834e+02 1.233499e-09 8.906544e-01 -4.228984e-03
2.297838e+02 1.223535e-09 8.910614e-01 -4.220523e-03
2.302842e+02 1.213672e-09 8.914669e-01 -4.212095e-03
2.307846e+02 1.203908e-09 8.918708e-01 -4.203699e-03
2.312850e+02 1.194242e-09 8.922733e-01 -4.195336e-03
2.317854e+02 1.184673e-09 8.926743e-01 -4.187005e-03
2.322858e+02 1.175199e-09 8.930737e-01 -4.178707e-03
2.327862e+02 1.165820e-09 8.934717e-01 -4.170440e-03
2.332866e+02 1.156534e-09 8.938683e-01 -4.162206e-03
2.337870e+02 1.147341e-09 8.942633e-01 -4.154003e-03
2.342874e+02 1.138239e-09 8.946569e-01 -4.145831e-03
2.347878e+02 1.129227e-09 8.950491e-01 -4.137690e-03
2.352882e+02 1.120304e-09 8.954398e-01 -4.129581e-03
2.357886e+02 1.111468e-09 8.958291e-01 -4.121503e-03
2.362890e+02 1.102720e-09 8.962169e-01 -4.113455e-03
2.367894e+02 1.094058e-09 8.966034e-01 -4.105438e-03
2.372898e+02 1.085480e-09 8.969884e-01 -4.097451e-03
2.377902e+02 1.076987e-09 8.973721e-01 -4.089495e-03
2.382906e+02 1.068576e-09 8.977543e-01 -4.081568e-03
2.387910e+02 1.060248e-09 8.981352e-01 -4.073672e-03
2.392914e+02 1.052000e-09 8.985146e-01 -4.065805e-03
2.397918e+02 1.043832e-09 8.988927e-01 -4.057967e-03
2.402922e+02 1.035744e-09 8.992695e-01 -4.050159e-03
2.407926e+02 1.027733e-09 8.996449e-01 -4.042380e-03
2.412930e+02 1.019800e-09 9.000189e-01 -4.034630e-03
2.417934e+02 1.011944e-09 9.003916e-01 -4.026909e-03
2.422938e+02 1.004162e-09 9.007630e-01 -4.019217e-03
2.427942e+02 9.964559e-10 9.011330e-01 -4.011554e-03
2.432946e+02 9.888232e-10 9.015017e-01 -4.003918e-03
2.437950e+02 9.812634e-10 9.018691e-01 -3.996311e-03
2.442954e+02 9.737757e-10 9.022352e-01 -3.988732e-03
2.447958e+02 9.663593e-10 9.026000e-01 -3.981181e-03
2.452962e+02 9.590134e-10 9.029635e-01 -3.973658e-03
2.457966e+02 9.517372e-10 9.033257e-01 -3.966162e-03
2.462970e+02 9.445298e-10 9.036866e-01 -3.958694e-03
2.467974e+02 9.373906e-10 9.040463e-01 -3.951253e-03
2.472978e+02 9.303186e-10 9.044047e-01 -3.943840e-03
2.477982e+02 9.233133e-10 9.047618e-01 -3.936453e-03
2.482986e+02 9.163737e-10 9.051177e-01 -3.929093e-03
2.487990e+02 9.094992e-10 9.054724e-01 -3.921760e-03
2.492994e+02 9.026891e-10 9.058258e-01 -3.914454e-03
2.497998e+02 8.959426e-10 9.061779e-01 -3.907174e-03
2.503002e+02 8.892590e-10 9.065289e-01 -3.899920e-03
2.508006e+02 8.826376e-10 9.068786e-01 -3.892692e-03
2.513010e+02 8.760777e-10 9.072271e-01 -3.885491e-03
2.518014e+02 8.695786e-10 9.075744e-01 -3.878315e-03
2.523018e+02 8.631397e-10 9.079205e-01 -3.871165e-03
2.528022e+02 8.567603e-10 9.082654e-01 -3.864041e-03
2.533026e+02 8.504397e-10 9.086091e-01 -3.856942e-03
2.538030e+02 8.441773e-10 9.089517e-01 -3.849868e-03
2.543034e+02 8.379725e-10 9.092930e-01 -3.842820e-03
2.548038e+02 8.318245e-10 9.096332e-01 -3.835796e-03
2.553042e+02 8.257328e-10 9.099722e-01 -3.828798e-03
2.558046e+02 8.196968e-10 9.103101e-01 -3.821824e-03
2.563050e+02 8.137158e-10 9.106468e-01 -3.814875e-03
2.568054e+02 8.077893e-10 9.109824e-01 -3.807951e-03
2.573058e+02 8.019167e-10 9.113168e-01 -3.801051e-03
2.578062e+02 7.960973e-10 9.116501e-01 -3.794175e-03
2.583066e+02 7.903306e-10 9.119822e-01 -3.787323e-03
2.588070e+02 7.846160e-10 9.123133e-01 -3.780496e-03
2.593074e+02 7.789530e-10 9.126432e-01 -3.773692e-03
2.598078e+02 7.733410e-10 9.129720e-01 -3.766912e-03
2.603082e+02 7.677794e-10 9.132997e-01 -3.760156e-03
2.608086e+02 7.622677e-10 9.136263e-01 -3.753423e-03
2.613090e+02 7.568054e-10 9.139518e-01 -3.746713e-03
2.618094e+02 7.513920e-10 9.142762e-01 -3.740027e-03
2.623098e+02 7.460269e-10 9.145995e-01 -3.733364e-03
2.628102e+02 7.407095e-10 9.149217e-01 -3.726724e-03
2.633106e+02 7.354395e-10 9.152429e-01 -3.720107e-03
2.638110e+02 7.302162e-10 9.155630e-01 -3.713513e-03
2.643114e+02 7.250393e-10 9.158821e-01 -3.706941e-03
2.648118e+02 7.199081e-10 9.162000e-01 -3.700392e-03
2.653122e+02 7.148222e-10 9.165170e-01 -3.693865e-03
2.658126e+02 7.097812e-10 9.168329e-01 -3.687361e-03
2.663130e+02 7.047846e-10 9.171477e-01 -3.680879e-03
2.668134e+02 6.998318e-10 9.174615e-01 -3.674419e-03
2.673138e+02 6.949224e-10 9.177743e-01 -3.667981e-03
2.678142e+02 6.900561e-10 9.180860e-01 -3.661565e-03
2.683146e+02 6.852322e-10 9.183967e-01 -3.655170e-03
2.688150e+02 6.804505e-10 9.187064e-01 -3.648798e-03
2.693154e+02 6.757103e-10 9.190151e-01 -3.642447e-03
2.698158e+02 6.710114e-10 9.193228e-01 -3.636117e-03
2.703162e+02 6.663533e-10 9.196295e-01 -3.629809e-03
2.708166e+02 6.617355e-10 9.199351e-01 -3.623521e-03
2.713170e+02 6.571576e-10 9.202398e-01 -3.617255e-03
2.718174e+02 6.526192e-10 9.205435e-01 -3.611010e-03
2.723178e+02 6.481200e-10 9.208463e-01 -3.604786e-03
2.728182e+02 6.436595e-10 9.211480e-01 -3.598583e-03
2.733186e+02 6.392372e-10 9.214488e-01 -3.592400e-03
2.738190e+02 6.348529e-10 9.217486e-01 -3.586238e-03
2.743194e+02 6.305062e-10 9.220474e-01 -3.580096e-03
2.748198e+02 6.261965e-10 9.223453e-01 -3.573975e-03
2.753202e+02 6.219236e-10 9.226422e-01 -3.567874e-03
2.758206e+02 6.176871e-10 9.229382e-01 -3.561794e-03
2.763210e+02 6.134866e-10 9.232332e-01 -3.555733e-03
2.768214e+02 6.093218e-10 9.235273e-01 -3.549692e-03
2.773218e+02 6.051922e-10 9.238204e-01 -3.543671e-03
2.778222e+02 6.010976e-10 9.241126e-01 -3.537670e-03
2.783226e+02 5.970375e-10 9.244039e-01 -3.531689e-03
2.788230e+02 5.930117e-10 9.246943e-01 -3.525727e-03
2.793234e+02 5.890197e-10 9.249837e-01 -3.519785e-03
2.798238e+02 5.850613e-10 9.252722e-01 -3.513862e-03
2.803242e+02 5.811360e-10 9.255598e-01 -3.507959e-03
2.808246e+02 5.772436e-10 9.258466e-01 -3.502075e-03
2.813250e+02 5.733838e-10 9.261324e-01 -3.496210e-03
2.818254e+02 5.695562e-10 9.264173e-01 -3.490363e-03
2.823258e+02 5.657604e-10 9.267013e-01 -3.484536e-03
2.828262e+02 5.619963e-10 9.269844e-01 -3.478728e-03
2.833266e+02 5.582633e-10 9.272667e-01 -3.472938e-03
2.838270e+02 5.545613e-10 9.275480e-01 -3.467167e-03
2.843274e+02 5.508900e-10 9.278285e-01 -3.461415e-03
2.848278e+02 5.472490e-10 9.281081e-01 -3.455681e-03
2.853282e+02 5.436380e-10 9.283869e-01 -3.449965e-03
2.858286e+02 5.400568e-10 9.286647e-01 -3.444268e-03
2.863290e+02 5.365049e-10 9.289418e-01 -3.438589e-03
2.868294e+02 5.329823e-10 9.292179e-01 -3.432928e-03
2.873298e+02 5.294885e-10 9.294932e-01 -3.427286e-03
2.878302e+02 5.260233e-10 9.297677e-01 -3.421661e-03
2.883306e+02 5.225864e-10 9.300413e-01 -3.416054e-03
2.888310e+02 5.191775e-10 9.303141e-01 -3.410465e-03
2.893314e+02 5.157964e-10 9.305860e-01 -3.404893e-03
2.898318e+02 5.124427e-10 9.308571e-01 -3.399339e-03
2.903322e+02 5.091163e-10 9.311274e-01 -3.393803e-03
2.908326e+02 5.058168e-10 9.313968e-01 -3.388284e-03
2.913330e+02 5.025440e-10 9.316654e-01 -3.382783e-03
2.918334e+02 4.992976e-10 9.319332e-01 -3.377298e-03
2.923338e+02 4.960774e-10 9.322002e-01 -3.371831e-03
2.928342e+02 4.928831e-10 9.324664e-01 -3.366381e-03
2.933346e+02 4.897145e-10 9.327318e-01 -3.360949e-03
2.938350e+02 4.865713e-10 9.329964e-01 -3.355533e-03
2.943354e+02 4.834532e-10 9.332601e-01 -3.350134e-03
2.948358e+02 4.803602e-10 9.335231e-01 -3.344751e-03
2.953362e+02 4.772918e-10 9.337853e-01 -3.339386e-03
2.958366e+02 4.742478e-10 9.340467e-01 -3.334037e-03
2.963370e+02 4.712281e-10 9.343073e-01 -3.328705e-03
2.968374e+02 4.682324e-10 9.345671e-01 -3.323389e-03
2.973378e+02 4.652605e-10 9.348261e-01 -3.318090e-03
2.978382e+02 4.623121e-10 9.350844e-01 -3.312807e-03
2.983386e+02 4.593870e-10 9.353419e-01 -3.307540e-03
2.988390e+02 4.564851e-10 9.355986e-01 -3.302290e-03
2.993394e+02 4.536060e-10 9.358546e-01 -3.297055e-03
2.998398e+02 4.507495e-10 9.361098e-01 -3.291837e-03
3.003402e+02 4.479155e-10 9.363643e-01 -3.286635e-03
3.008406e+02 4.451038e-10 9.366180e-01 -3.281448e-03
3.013410e+02 4.423141e-10 9.368709e-01 -3.276278e-03
3.018414e+02 4.395462e-10 9.371231e-01 -3.271123e-03
3.023418e+02 4.367999e-10 9.373745e-01 -3.265984e-03
3.028422e+02 4.340750e-10 9.376252e-01 -3.260860e-03
3.033426e+02 4.313714e-10 9.378752e-01 -3.255752e-03
3.038430e+02 4.286887e-10 9.381244e-01 -3.250659e-03
3.043434e+02 4.260269e-10 9.383729e-01 -3.245582e-03
3.048438e+02 4.233857e-10 9.386207e-01 -3.240520e-03
3.053442e+02 4.207650e-10 9.388678e-01 -3.235474e-03
3.058446e+02 4.181645e-10 9.391141e-01 -3.230442e-03
3.063450e+02 4.155841e-10 9.393597e-01 -3.225426e-03
3.068454e+02 4.130235e-10 9.396046e-01 -3.220425e-03
3.073458e+02 4.104826e-10 9.398488e-01 -3.215439e-03
3.078462e+02 4.079612e-10 9.400923e-01 -3.210467e-03
3.083466e+02 4.054592e-10 9.403350e-01 -3.205511e-03
3.088470e+02 4.029763e-10 9.405771e-01 -3.200569e-03
3.093474e+02 4.005124e-10 9.408184e-01 -3.195642e-03
3.098478e+02 3.980673e-10 9.410591e-01 -3.190730e-03
3.103482e+02 3.956408e-10 9.412991e-01 -3.185832e-03
3.108486e+02 3.932328e-10 9.415383e-01 -3.180949e-03
3.113490e+02 3.908431e-10 9.417769e-01 -3.176080e-03
3.118494e+02 3.884715e-10 9.420148e-01 -3.171226e-03
3.123498e+02 3.861178e-10 9.422521e-01 -3.166386e-03
3.128503e+02 3.837820e-10 9.424886e-01 -3.161560e-03
3.133507e+02 3.814638e-10 9.427245e-01 -3.156749e-03
3.138511e+02 3.791631e-10 9.429597e-01 -3.151951e-03
3.143515e+02 3.768797e-10 9.431942e-01 -3.147168e-03
3.148519e+02 3.746134e-10 9.434280e-01 -3.142399e-03
3.153523e+02 3.723642e-10 9.436612e-01 -3.137644e-03
3.158527e+02 3.701318e-10 9.438937e-01 -3.132902e-03
3.163531e+02 3.679161e-10 9.441256e-01 -3.128175e-03
3.168535e+02 3.657170e-10 9.443568e-01 -3.123461e-03
3.173539e+02 3.635343e-10 9.445874e-01 -3.118761e-03
3.178543e+02 3.613679e-10 9.448173e-01 -3.114074e-03
3.183547e+02 3.592175e-10 9.450465e-01 -3.109402e-03
3.188551e+02 3.570831e-10 9.452751e-01 -3.104742e-03
3.193555e+02 3.549646e-10 9.455031e-01 -3.100096e-03
3.198559e+02 3.528618e-10 9.457304e-01 -3.095464e-03
3.203563e+02 3.507745e-10 9.459571e-01 -3.090845e-03
3.208567e+02 3.487026e-10 9.461832e-01 -3.086239e-03
3.213571e+02 3.466459e-10 9.464086e-01 -3.081647e-03
3.218575e+02 3.446045e-10 9.466334e-01 -3.077068e-03
3.223579e+02 3.425780e-10 9.468576e-01 -3.072501e-03
3.228583e+02 3.405664e-10 9.470811e-01 -3.067948e-03
3.233587e+02 3.385696e-10 9.473040e-01 -3.063408e-03
3.238591e+02 3.365873e-10 9.475263e-01 -3.058881e-03
3.243595e+02 3.346196e-10 9.477480e-01 -3.054367e-03
3.248599e+02 3.326662e-10 9.479691e-01 -3.049866e-03
3.253603e+02 3.307270e-10 9.481895e-01 -3.045377e-03
3.258607e+02 3.288020e-10 9.484094e-01 -3.040902e-03
3.263611e+02 3.268909e-10 9.486286e-01 -3.036438e-03
3.268615e+02 3.249937e-10 9.488473e-01 -3.031988e-03
3.273619e+02 3.231102e-10 9.490653e-01 -3.027550e-03
3.278623e+02 3.212404e-10 9.492828e-01 -3.023125e-03
3.283627e+02 3.193841e-10 9.494996e-01 -3.018712e-03
3.288631e+02 3.175411e-10 9.497158e-01 -3.014312e-03
3.293635e+02 3.157115e-10 9.499315e-01 -3.009924e-03
3.298639e+02 3.138950e-10 9.501466e-01 -3.005548e-03
3.303643e+02 3.120915e-10 9.503611e-01 -3.001184e-03
3.308647e+02 3.103010e-10 9.505749e-01 -2.996833e-03
3.313651e+02 3.085233e-10 9.507883e-01 -2.992494e-03
3.318655e+02 3.067583e-10 9.510010e-01 -2.988167e-03
3.323659e+02 3.050059e-10 9.512132e-01 -2.983852e-03
3.328663e+02 3.032660e-10 9.514247e-01 -2.979549e-03
3.333667e+02 3.015385e-10 9.516357e-01 -2.975259e-03
3.338671e+02 2.998233e-10 9.518462e-01 -2.970980e-03
3.343675e+02 2.981203e-10 9.520561e-01 -2.966712e-03
3.348679e+02 2.964293e-10 9.522654e-01 -2.962457e-03
3.353683e+02 2.947503e-10 9.524741e-01 -2.958214e-03
3.358687e+02 2.930832e-10 9.526823e-01 -2.953982e-03
3.363691e+02 2.914278e-10 9.528899e-01 -2.949762e-03
3.368695e+02 2.897841e-10 9.530970e-01 -2.945553e-03
3.373699e+02 2.881520e-10 9.533035e-01 -2.941356e-03
3.378703e+02 2.865314e-10 9.535094e-01 -2.937171e-03
3.383707e+02 2.849221e-10 9.537149e-01 -2.932997e-03
3.388711e+02 2.833241e-10 9.539197e-01 -2.928834e-03
3.393715e+02 2.817374e-10 9.541240e-01 -2.924683e-03
3.398719e+02 2.801617e-10 9.543278e-01 -2.920543e-03
3.403723e+02 2.785970e-10 9.545310e-01 -2.916415e-03
3.408727e+02 2.770432e-10 9.547337e-01 -2.912298e-03
3.413731e+02 2.755002e-10 9.549359e-01 -2.908192e-03
3.418735e+02 2.739680e-10 9.551375e-01 -2.904097e-03
3.423739e+02 2.724464e-10 9.553386e-01 -2.900013e-03
3.428743e+02 2.709353e-10 9.555391e-01 -2.895940e-03
3.433747e+02 2.694347e-10 9.557392e-01 -2.891878e-03
3.438751e+02 2.679445e-10 9.559387e-01 -2.887828e-03
3.443755e+02 2.664646e-10 9.561377e-01 -2.883788e-03
3.448759e+02 2.649948e-10 9.563361e-01 -2.879759e-03
3.453763e+02 2.635352e-10 9.565340e-01 -2.875741e-03
3.458767e+02 2.620856e-10 9.567315e-01 -2.871734e-03
3.463771e+02 2.606460e-10 9.569284e-01 -2.867737e-03
3.468775e+02 2.592163e-10 9.571247e-01 -2.863751e-03
3.473779e+02 2.577963e-10 9.573206e-01 -2.859776e-03
3.478783e+02 2.563861e-10 9.575160e-01 -2.855812e-03
3.483787e+02 2.549854e-10 9.577108e-01 -2.851858e-03
3.488791e+02 2.535944e-10 9.579052e-01 -2.847914e-03
3.493795e+02 2.522128e-10 9.580990e-01 -2.843981e-03
3.498799e+02 2.508406e-10 9.582924e-01 -2.840059e-03
3.503803e+02 2.494777e-10 9.584852e-01 -2.836147e-03
3.508807e+02 2.481241e-10 9.586776e-01 -2.832245e-03
3.513811e+02 2.467796e-10 9.588694e-01 -2.828354e-03
3.518815e+02 2.454442e-10 9.590608e-01 -2.824473e-03
3.523819e+02 2.441179e-10 9.592516e-01 -2.820602e-03
3.528823e+02 2.428005e-10 9.594420e-01 -2.816742e-03
3.533827e+02 2.414919e-10 9.596319e-01 -2.812891e-03
3.538831e+02 2.401922e-10 9.598213e-01 -2.809051e-03
3.543835e+02 2.389012e-10 9.600102e-01 -2.805221e-03
3.548839e+02 2.376189e-10 9.601986e-01 -2.801401e-03
3.553843e+02 2.363451e-10 9.603865e-01 -2.797591e-03
3.558847e+02 2.350799e-10 9.605740e-01 -2.793791e-03
3.563851e+02 2.338231e-10 9.607610e-01 -2.790000e-03
3.568855e+02 2.325748e-10 9.609475e-01 -2.786220e-03
3.573859e+02 2.313347e-10 9.611335e-01 -2.782450e-03
3.578863e+02 2.301029e-10 9.613191e-01 -2.778689e-03
3.583867e+02 2.288793e-10 9.615042e-01 -2.774938e-03
3.588871e+02 2.276638e-10 9.616888e-01 -2.771197e-03
3.593875e+02 2.264564e-10 9.618730e-01 -2.767466e-03
3.598879e+02 2.252569e-10 9.620567e-01 -2.763744e-03
3.603883e+02 2.240654e-10 9.622399e-01 -2.760032e-03
3.608887e+02 2.228818e-10 9.624226e-01 -2.756329e-03
3.613891e+02 2.217060e-10 9.626050e-01 -2.752636e-03
3.618895e+02 2.205379e-10 9.627868e-01 -2.748953e-03
3.623899e+02 2.193775e-10 9.629682e-01 -2.745279e-03
3.628903e+02 2.182247e-10 9.631491e-01 -2.741614e-03
3.633907e+02 2.170794e-10 9.633296e-01 -2.737959e-03
3.638911e+02 2.159417e-10 9.635096e-01 -2.734313e-03
3.643915e+02 2.148114e-10 9.636892e-01 -2.730677e-03
3.648919e+02 2.136886e-10 9.638684e-01 -2.727050e-03
3.653923e+02 2.125730e-10 9.640471e-01 -2.723432e-03
3.658927e+02 2.114647e-10 9.642253e-01 -2.719823e-03
3.663931e+02 2.103636e-10 9.644031e-01 -2.716224e-03
3.668935e+02 2.092697e-10 9.645805e-01 -2.712634e-03
3.673939e+02 2.081829e-10 9.647574e-01 -2.709052e-03
3.678943e+02 2.071031e-10 9.649339e-01 -2.705480e-03
3.683947e+02 2.060303e-10 9.651099e-01 -2.701917e-03
3.688951e+02 2.049645e-10 9.652855e-01 -2.698363e-03
3.693955e+02 2.039055e-10 9.654607e-01 -2.694818e-03
3.698959e+02 2.028534e-10 9.656354e-01 -2.691282e-03
3.703963e+02 2.018080e-10 9.658097e-01 -2.687755e-03
3.708967e+02 2.007694e-10 9.659836e-01 -2.684237e-03
3.713971e+02 1.997374e-10 9.661571e-01 -2.680727e-03
3.718975e+02 1.987121e-10 9.663301e-01 -2.677227e-03
3.723979e+02 1.976933e-10 9.665027e-01 -2.673735e-03
3.728983e+02 1.966811e-10 9.666749e-01 -2.670252e-03
3.733987e+02 1.956753e-10 9.668467e-01 -2.666778e-03
3.738991e+02 1.946760e-10 9.670180e-01 -2.663312e-03
3.743995e+02 1.936830e-10 9.671890e-01 -2.659855e-03
3.748999e+02 1.926963e-10 9.673595e-01 -2.656407e-03
3.754003e+02 1.917159e-10 9.675296e-01 -2.652967e-03
3.759007e+02 1.907418e-10 9.676993e-01 -2.649535e-03
3.764011e+02 1.897738e-10 9.678685e-01 -2.646113e-03
3.769015e+02 1.888120e-10 9.680374e-01 -2.642698e-03
3.774019e+02 1.878562e-10 9.682059e-01 -2.639293e-03
3.779023e+02 1.869065e-10 9.683739e-01 -2.635895e-03
3.784027e+02 1.859628e-10 9.685416e-01 -2.632506e-03
3.789031e+02 1.850250e-10 9.687088e-01 -2.629126e-03
3.794035e+02 1.840931e-10 9.688756e-01 -2.625754e-03
3.799039e+02 1.831671e-10 9.690421e-01 -2.622390e-03
3.804043e+02 1.822469e-10 9.692081e-01 -2.619034e-03
3.809047e+02 1.813325e-10 9.693737e-01 -2.615687e-03
3.814051e+02 1.804238e-10 9.695390e-01 -2.612347e-03
3.819055e+02 1.795208e-10 9.697038e-01 -2.609016e-03
3.824059e+02 1.786234e-10 9.698683e-01 -2.605693e-03
3.829063e+02 1.777316e-10 9.700323e-01 -2.602379e-03
3.834067e+02 1.768454e-10 9.701960e-01 -2.599072e-03
3.839071e+02 1.759647e-10 9.703593e-01 -2.595774e-03
3.844075e+02 1.750895e-10 9.705222e-01 -2.592483e-03
3.849079e+02 1.742197e-10 9.706847e-01 -2.589200e-03
3.854083e+02 1.733553e-10 9.708468e-01 -2.585926e-03
3.859087e+02 1.724963e-10 9.710085e-01 -2.582659e-03
3.864091e+02 1.716426e-10 9.711699e-01 -2.579401e-03
3.869095e+02 1.707941e-10 9.713308e-01 -2.576150e-03
3.874099e+02 1.699509e-10 9.714914e-01 -2.572907e-03
3.879103e+02 1.691129e-10 9.716516e-01 -2.569672e-03
3.884107e+02 1.682800e-10 9.718114e-01 -2.566444e-03
3.889111e+02 1.674523e-10 9.719709e-01 -2.563225e-03
3.894115e+02 1.666297e-10 9.721300e-01 -2.560013e-03
3.899119e+02 1.658120e-10 9.722887e-01 -2.556809e-03
3.904123e+02 1.649995e-10 9.724470e-01 -2.553613e-03
3.909127e+02 1.641918e-10 9.726050e-01 -2.550424e-03
3.914131e+02 1.633891e-10 9.727626e-01 -2.547243e-03
3.919135e+02 1.625913e-10 9.729198e-01 -2.544069e-03
3.924139e+02 1.617984e-10 9.730766e-01 -2.540903e-03
3.929143e+02 1.610103e-10 9.732331e-01 -2.537745e-03
3.934147e+02 1.602270e-10 9.733893e-01 -2.534594e-03
3.939151e+02 1.594485e-10 9.735450e-01 -2.531451e-03
3.944155e+02 1.586746e-10 9.737004e-01 -2.528315e-03
3.949159e+02 1.579055e-10 9.738555e-01 -2.525187e-03
3.954163e+02 1.571410e-10 9.740101e-01 -2.522066e-03
3.959167e+02 1.563812e-10 9.741645e-01 -2.518952e-03
3.964171e+02 1.556259e-10 9.743184e-01 -2.515846e-03
3.969175e+02 1.548752e-10 9.744720e-01 -2.512747e-03
3.974179e+02 1.541290e-10 9.746253e-01 -2.509656e-03
3.979183e+02 1.533873e-10 9.747782e-01 -2.506571e-03
3.984187e+02 1.526500e-10 9.749307e-01 -2.503494e-03
3.989191e+02 1.519172e-10 9.750829e-01 -2.500425e-03
3.994195e+02 1.511887e-10 9.752348e-01 -2.497362e-03
3.999199e+02 1.504647e-10 9.753863e-01 -2.494307e-03
4.004203e+02 1.497449e-10 9.755374e-01 -2.491259e-03
4.009207e+02 1.490295e-10 9.756882e-01 -2.488218e-03
4.014211e+02 1.483183e-10 9.758387e-01 -2.485184e-03
4.019215e+02 1.476113e-10 9.759888e-01 -2.482157e-03
4.024219e+02 1.469086e-10 9.761386e-01 -2.479137e-03
4.029223e+02 1.462100e-10 9.762880e-01 -2.476124e-03
4.034227e+02 1.455156e-10 9.764371e-01 -2.473119e-03
4.039231e+02 1.448253e-10 9.765858e-01 -2.470120e-03
4.044235e+02 1.441391e-10 9.767343e-01 -2.467128e-03
4.049239e+02 1.434570e-10 9.768823e-01 -2.464143e-03
4.054243e+02 1.427789e-10 9.770301e-01 -2.461166e-03
4.059247e+02 1.421048e-10 9.771775e-01 -2.458195e-03
4.064251e+02 1.414346e-10 9.773246e-01 -2.455230e-03
4.069255e+02 1.407684e-10 9.774713e-01 -2.452273e-03
4.074259e+02 1.401061e-10 9.776177e-01 -2.449323e-03
4.079263e+02 1.394478e-10 9.777638e-01 -2.446379e-03
4.084267e+02 1.387932e-10 9.779095e-01 -2.443442e-03
4.089271e+02 1.381425e-10 9.780550e-01 -2.440512e-03
4.094275e+02 1.374957e-10 9.782001e-01 -2.437589e-03
4.099279e+02 1.368526e-10 9.783448e-01 -2.434672e-03
4.104283e+02 1.362132e-10 9.784893e-01 -2.431762e-03
4.109287e+02 1.355776e-10 9.786334e-01 -2.428858e-03
4.114291e+02 1.349457e-10 9.787772e-01 -2.425962e-03
4.119295e+02 1.343175e-10 9.789207e-01 -2.423072e-03
4.124299e+02 1.336929e-10 9.790638e-01 -2.420188e-03
4.129303e+02 1.330719e-10 9.792067e-01 -2.417311e-03
4.134307e+02 1.324546e-10 9.793492e-01 -2.414441e-03
4.139311e+02 1.318408e-10 9.794914e-01 -2.411577e-03
4.144315e+02 1.312306e-10 9.796333e-01 -2.408719e-03
4.149319e+02 1.306239e-10 9.797749e-01 -2.405869e-03
4.154323e+02 1.300207e-10 9.799161e-01 -2.403024e-03
4.159327e+02 1.294210e-10 9.800571e-01 -2.400186e-03
4.164331e+02 1.288247e-10 9.801977e-01 -2.397354e-03
4.169335e+02 1.282319e-10 9.803381e-01 -2.394529e-03
4.174339e+02 1.276424e-10 9.804781e-01 -2.391710e-03
4.179343e+02 1.270564e-10 9.806178e-01 -2.388898e-03
4.184347e+02 1.264737e-10 9.807572e-01 -2.386092e-03
4.189351e+02 1.258943e-10 9.808963e-01 -2.383292e-03
4.194355e+02 1.253183e-10 9.810351e-01 -2.380498e-03
4.199359e+02 1.247456e-10 9.811735e-01 -2.377711e-03
4.204363e+02 1.241761e-10 9.813117e-01 -2.374930e-03
4.209367e+02 1.236099e-10 9.814496e-01 -2.372155e-03
4.214371e+02 1.230468e-10 9.815872e-01 -2.369386e-03
4.219375e+02 1.224870e-10 9.817244e-01 -2.366624e-03
4.224379e+02 1.219304e-10 9.818614e-01 -2.363868e-03
4.229383e+02 1.213769e-10 9.819981e-01 -2.361118e-03
4.234387e+02 1.208266e-10 9.821345e-01 -2.358374e-03
4.239391e+02 1.202794e-10 9.822706e-01 -2.355636e-03
4.244395e+02 1.197353e-10 9.824063e-01 -2.352904e-03
4.249399e+02 1.191942e-10 9.825418e-01 -2.350178e-03
4.254403e+02 1.186562e-10 9.826770e-01 -2.347458e-03
4.259407e+02 1.181213e-10 9.828119e-01 -2.344744e-03
4.264411e+02 1.175893e-10 9.829465e-01 -2.342037e-03
4.269415e+02 1.170603e-10 9.830809e-01 -2.339335e-03
4.274419e+02 1.165344e-10 9.832149e-01 -2.336639e-03
4.279423e+02 1.160113e-10 9.833486e-01 -2.333949e-03
4.284427e+02 1.154912e-10 9.834821e-01 -2.331265e-03
4.289431e+02 1.149740e-10 9.836153e-01 -2.328587e-03
4.294435e+02 1.144597e-10 9.837481e-01 -2.325915e-03
4.299439e+02 1.139483e-10 9.838807e-01 -2.323249e-03
4.304443e+02 1.134397e-10 9.840130e-01 -2.320588e-03
4.309447e+02 1.129340e-10 9.841451e-01 -2.317933e-03
4.314451e+02 1.124310e-10 9.842768e-01 -2.315285e-03
4.319455e+02 1.119309e-10 9.844083e-01 -2.312642e-03
4.324459e+02 1.114335e-10 9.845395e-01 -2.310004e-03
4.329463e+02 1.109389e-10 9.846704e-01 -2.307373e-03
4.334467e+02 1.104471e-10 9.848010e-01 -2.304747e-03
4.339471e+02 1.099580e-10 9.849313e-01 -2.302127e-03
4.344475e+02 1.094715e-10 9.850614e-01 -2.299512e-03
4.349479e+02 1.089878e-10 9.851912e-01 -2.296904e-03
4.354483e+02 1.085067e-10 9.853207e-01 -2.294300e-03
4.359487e+02 1.080283e-10 9.854499e-01 -2.291703e-03
4.364491e+02 1.075525e-10 9.855789e-01 -2.289111e-03
4.369495e+02 1.070793e-10 9.857076e-01 -2.286525e-03
4.374499e+02 1.066088e-10 9.858360e-01 -2.283944e-03
4.379504e+02 1.061408e-10 9.859642e-01 -2.281369e-03
4.384508e+02 1.056754e-10 9.860920e-01 -2.278799e-03
4.389512e+02 1.052125e-10 9.862197e-01 -2.276235e-03
4.394516e+02 1.047521e-10 9.863470e-01 -2.273677e-03
4.399520e+02 1.042943e-10 9.864741e-01 -2.271124e-03
4.404524e+02 1.038390e-10 9.866009e-01 -2.268576e-03
4.409528e+02 1.033861e-10 9.867274e-01 -2.266034e-03
4.414532e+02 1.029358e-10 9.868537e-01 -2.263497e-03
4.419536e+02 1.024878e-10 9.869797e-01 -2.260966e-03
4.424540e+02 1.020423e-10 9.871055e-01 -2.258440e-03
4.429544e+02 1.015993e-10 9.872309e-01 -2.255920e-03
4.434548e+02 1.011586e-10 9.873562e-01 -2.253405e-03
4.439552e+02 1.007203e-10 9.874811e-01 -2.250895e-03
4.444556e+02 1.002844e-10 9.876058e-01 -2.248391e-03
4.449560e+02 9.985080e-11 9.877303e-01 -2.245891e-03
4.454564e+02 9.941958e-11 9.878544e-01 -2.243398e-03
4.459568e+02 9.899068e-11 9.879784e-01 -2.240909e-03
4.464572e+02 9.856409e-11 9.881020e-01 -2.238426e-03
4.469576e+02 9.813980e-11 9.882255e-01 -2.235948e-03
4.474580e+02 9.771779e-11 9.883486e-01 -2.233475e-03
4.479584e+02 9.729804e-11 9.884715e-01 -2.231008e-03
4.484588e+02 9.688055e-11 9.885942e-01 -2.228545e-03
4.489592e+02 9.646529e-11 9.887166e-01 -2.226088e-03
4.494596e+02 9.605226e-11 9.888387e-01 -2.223636e-03
4.499600e+02 9.564143e-11 9.889606e-01 -2.221189e-03
4.504604e+02 9.523280e-11 9.890822e-01 -2.218748e-03
4.509608e+02 9.482634e-11 9.892036e-01 -2.216311e-03
4.514612e+02 9.442206e-11 9.893248e-01 -2.213879e-03
4.519616e+02 9.401992e-11 9.894456e-01 -2.211453e-03
4.524620e+02 9.361993e-11 9.895663e-01 -2.209032e-03
4.529624e+02 9.322206e-11 9.896867e-01 -2.206616e-03
4.534628e+02 9.282630e-11 9.898068e-01 -2.204204e-03
4.539632e+02 9.243264e-11 9.899267e-01 -2.201798e-03
4.544636e+02 9.204106e-11 9.900464e-01 -2.199397e-03
4.549640e+02 9.165156e-11 9.901658e-01 -2.197001e-03
4.554644e+02 9.126411e-11 9.902850e-01 -2.194609e-03
4.559648e+02 9.087871e-11 9.904039e-01 -2.192223e-03
4.564652e+02 9.049534e-11 9.905226e-01 -2.189842e-03
4.569656e+02 9.011399e-11 9.906411e-01 -2.187465e-03
4.574660e+02 8.973464e-11 9.907593e-01 -2.185094e-03
4.579664e+02 8.935730e-11 9.908772e-01 -2.182727e-03
4.584668e+02 8.898193e-11 9.909950e-01 -2.180366e-03
4.589672e+02 8.860853e-11 9.911125e-01 -2.178009e-03
4.594676e+02 8.823709e-11 9.912297e-01 -2.175657e-03
4.599680e+02 8.786759e-11 9.913467e-01 -2.173310e-03
4.604684e+02 8.750002e-11 9.914635e-01 -2.170968e-03
4.609688e+02 8.713438e-11 9.915801e-01 -2.168630e-03
4.614692e+02 8.677064e-11 9.916964e-01 -2.166297e-03
4.619696e+02 8.640880e-11 9.918124e-01 -2.163969e-03
4.624700e+02 8.604884e-11 9.919283e-01 -2.161646e-03
4.629704e+02 8.569075e-11 9.920439e-01 -2.159328e-03
4.634708e+02 8.533453e-11 9.921593e-01 -2.157014e-03
4.639712e+02 8.498015e-11 9.922744e-01 -2.154705e-03
4.644716e+02 8.462761e-11 9.923894e-01 -2.152401e-03
4.649720e+02 8.427690e-11 9.925040e-01 -2.150102e-03
4.654724e+02 8.392801e-11 9.926185e-01 -2.147807e-03
4.659728e+02 8.358091e-11 9.927327e-01 -2.145517e-03
4.664732e+02 8.323561e-11 9.928467e-01 -2.143231e-03
4.669736e+02 8.289209e-11 9.929605e-01 -2.140950e-03
4.674740e+02 8.255034e-11 9.930741e-01 -2.138674e-03
4.679744e+02 8.221035e-11 9.931874e-01 -2.136402e-03
4.684748e+02 8.187211e-11 9.933005e-01 -2.134135e-03
4.689752e+02 8.153561e-11 9.934134e-01 -2.131873e-03
4.694756e+02 8.120083e-11 9.935260e-01 -2.129615e-03
4.699760e+02 8.086777e-11 9.936385e-01 -2.127361e-03
4.704764e+02 8.053642e-11 9.937507e-01 -2.125113e-03
4.709768e+02 8.020676e-11 9.938627e-01 -2.122868e-03
4.714772e+02 7.987879e-11 9.939744e-01 -2.120628e-03
4.719776e+02 7.955249e-11 9.940860e-01 -2.118393e-03
4.724780e+02 7.922785e-11 9.941973e-01 -2.116162e-03
4.729784e+02 7.890487e-11 9.943084e-01 -2.113936e-03
4.734788e+02 7.858354e-11 9.944193e-01 -2.111714e-03
4.739792e+02 7.826384e-11 9.945300e-01 -2.109497e-03
4.744796e+02 7.794576e-11 9.946404e-01 -2.107284e-03
4.749800e+02 7.762930e-11 9.947506e-01 -2.105075e-03
4.754804e+02 7.731444e-11 9.948607e-01 -2.102871e-03
4.759808e+02 7.700117e-11 9.949705e-01 -2.100671e-03
4.764812e+02 7.668949e-11 9.950801e-01 -2.098476e-03
4.769816e+02 7.637939e-11 9.951894e-01 -2.096285e-03
4.774820e+02 7.607085e-11 9.952986e-01 -2.094098e-03
4.779824e+02 7.576387e-11 9.954076e-01 -2.091916e-03
4.784828e+02 7.545844e-11 9.955163e-01 -2.089738e-03
4.789832e+02 7.515454e-11 9.956248e-01 -2.087564e-03
4.794836e+02 7.485217e-11 9.957332e-01 -2.085394e-03
4.799840e+02 7.455132e-11 9.958413e-01 -2.083229e-03
4.804844e+02 7.425198e-11 9.959492e-01 -2.081068e-03
4.809848e+02 7.395414e-11 9.960568e-01 -2.078912e-03
4.814852e+02 7.365779e-11 9.961643e-01 -2.076759e-03
4.819856e+02 7.336293e-11 9.962716e-01 -2.074611e-03
4.824860e+02 7.306954e-11 9.963787e-01 -2.072468e-03
4.829864e+02 7.277762e-11 9.964855e-01 -2.070328e-03
4.834868e+02 7.248715e-11 9.965922e-01 -2.068192e-03
4.839872e+02 7.219813e-11 9.966986e-01 -2.066061e-03
4.844876e+02 7.191055e-11 9.968049e-01 -2.063934e-03
4.849880e+02 7.162439e-11 9.969109e-01 -2.061811e-03
4.854884e+02 7.133966e-11 9.970167e-01 -2.059692e-03
4.859888e+02 7.105635e-11 9.971224e-01 -2.057578e-03
4.864892e+02 7.077444e-11 9.972278e-01 -2.055467e-03
4.869896e+02 7.049392e-11 9.973330e-01 -2.053361e-03
4.874900e+02 7.021480e-11 9.974381e-01 -2.051258e-03
4.879904e+02 6.993705e-11 9.975429e-01 -2.049160e-03
4.884908e+02 6.966068e-11 9.976475e-01 -2.047066e-03
4.889912e+02 6.938567e-11 9.977520e-01 -2.044976e-03
4.894916e+02 6.911202e-11 9.978562e-01 -2.042890e-03
4.899920e+02 6.883971e-11 9.979602e-01 -2.040808e-03
4.904924e+02 6.856874e-11 9.980640e-01 -2.038730e-03
4.909928e+02 6.829911e-11 9.981677e-01 -2.036656e-03
4.914932e+02 6.803080e-11 9.982711e-01 -2.034586e-03
4.919936e+02 6.776380e-11 9.983744e-01 -2.032520e-03
4.924940e+02 6.749812e-11 9.984774e-01 -2.030458e-03
4.929944e+02 6.723373e-11 9.985803e-01 -2.028400e-03
4.934948e+02 6.697064e-11 9.986829e-01 -2.026346e-03
4.939952e+02 6.670884e-11 9.987854e-01 -2.024296e-03
4.944956e+02 6.644831e-11 9.988876e-01 -2.022250e-03
4.949960e+02 6.618905e-11 9.989897e-01 -2.020208e-03
4.954964e+02 6.593106e-11 9.990916e-01 -2.018170e-03
4.959968e+02 6.567432e-11 9.991933e-01 -2.016136e-03
4.964972e+02 6.541883e-11 9.992948e-01 -2.014105e-03
4.969976e+02 6.516458e-11 9.993961e-01 -2.012079e-03
4.974980e+02 6.491157e-11 9.994972e-01 -2.010056e-03
4.979984e+02 6.465978e-11 9.995982e-01 -2.008037e-03
4.984988e+02 6.440921e-11 9.996989e-01 -2.006022e-03
4.989992e+02 6.415986e-11 9.997995e-01 -2.004011e-03
4.994996e+02 6.391171e-11 9.998998e-01 -2.002004e-03
5.000000e+02 6.366475e-11 1.000000e+00 -2.000000e-03
