! /n/nyx3/garavito/projects/XMC-Atlas/scripts/test_halo_108/modelname_halo_0355.txt
! R    D    M    P
1000
1.000000e-01 1.171193e-04 3.044503e-17 -4.136357e-02
6.004004e-01 1.003628e-04 1.174325e-04 -4.133288e-02
1.100801e+00 8.651901e-05 5.608125e-04 -4.115785e-02
1.601201e+00 7.499755e-05 1.494998e-03 -4.090505e-02
2.101602e+00 6.534361e-05 3.006960e-03 -4.059284e-02
2.602002e+00 5.720349e-05 5.132051e-03 -4.023465e-02
3.102402e+00 5.029961e-05 7.871890e-03 -3.984104e-02
3.602803e+00 4.441225e-05 1.120656e-02 -3.942047e-02
4.103203e+00 3.936612e-05 1.510292e-02 -3.897978e-02
4.603604e+00 3.502036e-05 1.952030e-02 -3.852449e-02
5.104004e+00 3.126098e-05 2.441432e-02 -3.805908e-02
5.604404e+00 2.799513e-05 2.973945e-02 -3.758719e-02
6.104805e+00 2.514676e-05 3.545070e-02 -3.711180e-02
6.605205e+00 2.265317e-05 4.150473e-02 -3.663530e-02
7.105606e+00 2.046243e-05 4.786045e-02 -3.615966e-02
7.606006e+00 1.853129e-05 5.447943e-02 -3.568644e-02
8.106406e+00 1.682357e-05 6.132604e-02 -3.521694e-02
8.606807e+00 1.530885e-05 6.836751e-02 -3.475218e-02
9.107207e+00 1.396144e-05 7.557385e-02 -3.429296e-02
9.607608e+00 1.275958e-05 8.291775e-02 -3.383993e-02
1.010801e+01 1.168474e-05 9.037444e-02 -3.339360e-02
1.060841e+01 1.072110e-05 9.792152e-02 -3.295434e-02
1.110881e+01 9.855101e-06 1.055388e-01 -3.252244e-02
1.160921e+01 9.075068e-06 1.132081e-01 -3.209810e-02
1.210961e+01 8.370932e-06 1.209131e-01 -3.168145e-02
1.261001e+01 7.733980e-06 1.286392e-01 -3.127257e-02
1.311041e+01 7.156643e-06 1.363734e-01 -3.087150e-02
1.361081e+01 6.632332e-06 1.441040e-01 -3.047823e-02
1.411121e+01 6.155294e-06 1.518208e-01 -3.009272e-02
1.461161e+01 5.720495e-06 1.595144e-01 -2.971491e-02
1.511201e+01 5.323512e-06 1.671768e-01 -2.934472e-02
1.561241e+01 4.960460e-06 1.748008e-01 -2.898204e-02
1.611281e+01 4.627907e-06 1.823800e-01 -2.862677e-02
1.661321e+01 4.322825e-06 1.899089e-01 -2.827877e-02
1.711361e+01 4.042529e-06 1.973826e-01 -2.793792e-02
1.761401e+01 3.784636e-06 2.047969e-01 -2.760408e-02
1.811441e+01 3.547028e-06 2.121481e-01 -2.727710e-02
1.861481e+01 3.327815e-06 2.194331e-01 -2.695685e-02
1.911522e+01 3.125312e-06 2.266491e-01 -2.664316e-02
1.961562e+01 2.938010e-06 2.337938e-01 -2.633589e-02
2.011602e+01 2.764558e-06 2.408654e-01 -2.603489e-02
2.061642e+01 2.603743e-06 2.478623e-01 -2.574002e-02
2.111682e+01 2.454474e-06 2.547830e-01 -2.545113e-02
2.161722e+01 2.315769e-06 2.616267e-01 -2.516806e-02
2.211762e+01 2.186742e-06 2.683925e-01 -2.489068e-02
2.261802e+01 2.066592e-06 2.750798e-01 -2.461885e-02
2.311842e+01 1.954595e-06 2.816884e-01 -2.435242e-02
2.361882e+01 1.850095e-06 2.882178e-01 -2.409126e-02
2.411922e+01 1.752498e-06 2.946682e-01 -2.383524e-02
2.461962e+01 1.661262e-06 3.010395e-01 -2.358422e-02
2.512002e+01 1.575895e-06 3.073319e-01 -2.333808e-02
2.562042e+01 1.495950e-06 3.135458e-01 -2.309669e-02
2.612082e+01 1.421018e-06 3.196816e-01 -2.285994e-02
2.662122e+01 1.350727e-06 3.257397e-01 -2.262769e-02
2.712162e+01 1.284734e-06 3.317206e-01 -2.239985e-02
2.762202e+01 1.222727e-06 3.376251e-01 -2.217629e-02
2.812242e+01 1.164422e-06 3.434537e-01 -2.195691e-02
2.862282e+01 1.109556e-06 3.492072e-01 -2.174160e-02
2.912322e+01 1.057887e-06 3.548863e-01 -2.153025e-02
2.962362e+01 1.009195e-06 3.604919e-01 -2.132278e-02
3.012402e+01 9.632760e-07 3.660248e-01 -2.111907e-02
3.062442e+01 9.199422e-07 3.714858e-01 -2.091904e-02
3.112482e+01 8.790207e-07 3.768758e-01 -2.072260e-02
3.162523e+01 8.403521e-07 3.821958e-01 -2.052964e-02
3.212563e+01 8.037889e-07 3.874465e-01 -2.034010e-02
3.262603e+01 7.691951e-07 3.926291e-01 -2.015388e-02
3.312643e+01 7.364444e-07 3.977443e-01 -1.997090e-02
3.362683e+01 7.054202e-07 4.027931e-01 -1.979108e-02
3.412723e+01 6.760143e-07 4.077765e-01 -1.961436e-02
3.462763e+01 6.481263e-07 4.126954e-01 -1.944064e-02
3.512803e+01 6.216632e-07 4.175508e-01 -1.926986e-02
3.562843e+01 5.965383e-07 4.223435e-01 -1.910195e-02
3.612883e+01 5.726712e-07 4.270746e-01 -1.893684e-02
3.662923e+01 5.499870e-07 4.317449e-01 -1.877446e-02
3.712963e+01 5.284159e-07 4.363554e-01 -1.861475e-02
3.763003e+01 5.078931e-07 4.409070e-01 -1.845765e-02
3.813043e+01 4.883579e-07 4.454007e-01 -1.830310e-02
3.863083e+01 4.697538e-07 4.498372e-01 -1.815103e-02
3.913123e+01 4.520279e-07 4.542176e-01 -1.800140e-02
3.963163e+01 4.351311e-07 4.585427e-01 -1.785413e-02
4.013203e+01 4.190171e-07 4.628134e-01 -1.770919e-02
4.063243e+01 4.036427e-07 4.670305e-01 -1.756652e-02
4.113283e+01 3.889676e-07 4.711949e-01 -1.742606e-02
4.163323e+01 3.749540e-07 4.753074e-01 -1.728777e-02
4.213363e+01 3.615663e-07 4.793689e-01 -1.715160e-02
4.263403e+01 3.487713e-07 4.833802e-01 -1.701750e-02
4.313443e+01 3.365377e-07 4.873421e-01 -1.688543e-02
4.363483e+01 3.248362e-07 4.912554e-01 -1.675534e-02
4.413524e+01 3.136392e-07 4.951209e-01 -1.662718e-02
4.463564e+01 3.029210e-07 4.989393e-01 -1.650093e-02
4.513604e+01 2.926570e-07 5.027114e-01 -1.637653e-02
4.563644e+01 2.828243e-07 5.064380e-01 -1.625395e-02
4.613684e+01 2.734015e-07 5.101197e-01 -1.613315e-02
4.663724e+01 2.643681e-07 5.137574e-01 -1.601409e-02
4.713764e+01 2.557050e-07 5.173516e-01 -1.589674e-02
4.763804e+01 2.473940e-07 5.209032e-01 -1.578105e-02
4.813844e+01 2.394183e-07 5.244128e-01 -1.566700e-02
4.863884e+01 2.317615e-07 5.278810e-01 -1.555455e-02
4.913924e+01 2.244086e-07 5.313086e-01 -1.544367e-02
4.963964e+01 2.173452e-07 5.346962e-01 -1.533433e-02
5.014004e+01 2.105577e-07 5.380443e-01 -1.522649e-02
5.064044e+01 2.040332e-07 5.413538e-01 -1.512012e-02
5.114084e+01 1.977597e-07 5.446251e-01 -1.501521e-02
5.164124e+01 1.917256e-07 5.478588e-01 -1.491171e-02
5.214164e+01 1.859200e-07 5.510556e-01 -1.480959e-02
5.264204e+01 1.803326e-07 5.542161e-01 -1.470884e-02
5.314244e+01 1.749537e-07 5.573408e-01 -1.460943e-02
5.364284e+01 1.697739e-07 5.604303e-01 -1.451132e-02
5.414324e+01 1.647845e-07 5.634851e-01 -1.441450e-02
5.464364e+01 1.599772e-07 5.665058e-01 -1.431894e-02
5.514404e+01 1.553440e-07 5.694929e-01 -1.422461e-02
5.564444e+01 1.508774e-07 5.724469e-01 -1.413150e-02
5.614484e+01 1.465703e-07 5.753684e-01 -1.403957e-02
5.664525e+01 1.424159e-07 5.782578e-01 -1.394881e-02
5.714565e+01 1.384077e-07 5.811156e-01 -1.385920e-02
5.764605e+01 1.345395e-07 5.839424e-01 -1.377071e-02
5.814645e+01 1.308057e-07 5.867386e-01 -1.368333e-02
5.864685e+01 1.272005e-07 5.895046e-01 -1.359703e-02
5.914725e+01 1.237188e-07 5.922410e-01 -1.351179e-02
5.964765e+01 1.203554e-07 5.949482e-01 -1.342759e-02
6.014805e+01 1.171056e-07 5.976265e-01 -1.334442e-02
6.064845e+01 1.139648e-07 6.002765e-01 -1.326226e-02
6.114885e+01 1.109287e-07 6.028986e-01 -1.318109e-02
6.164925e+01 1.079930e-07 6.054932e-01 -1.310088e-02
6.214965e+01 1.051538e-07 6.080607e-01 -1.302164e-02
6.265005e+01 1.024074e-07 6.106015e-01 -1.294333e-02
6.315045e+01 9.975009e-08 6.131161e-01 -1.286594e-02
6.365085e+01 9.717846e-08 6.156047e-01 -1.278946e-02
6.415125e+01 9.468921e-08 6.180677e-01 -1.271386e-02
6.465165e+01 9.227918e-08 6.205057e-01 -1.263914e-02
6.515205e+01 8.994537e-08 6.229188e-01 -1.256529e-02
6.565245e+01 8.768491e-08 6.253075e-01 -1.249227e-02
6.615285e+01 8.549505e-08 6.276722e-01 -1.242009e-02
6.665325e+01 8.337314e-08 6.300131e-01 -1.234872e-02
6.715365e+01 8.131669e-08 6.323306e-01 -1.227816e-02
6.765405e+01 7.932328e-08 6.346251e-01 -1.220838e-02
6.815445e+01 7.739060e-08 6.368969e-01 -1.213939e-02
6.865485e+01 7.551645e-08 6.391463e-01 -1.207116e-02
6.915526e+01 7.369871e-08 6.413736e-01 -1.200368e-02
6.965566e+01 7.193536e-08 6.435791e-01 -1.193693e-02
7.015606e+01 7.022444e-08 6.457632e-01 -1.187092e-02
7.065646e+01 6.856412e-08 6.479261e-01 -1.180562e-02
7.115686e+01 6.695259e-08 6.500682e-01 -1.174103e-02
7.165726e+01 6.538814e-08 6.521897e-01 -1.167712e-02
7.215766e+01 6.386914e-08 6.542909e-01 -1.161390e-02
7.265806e+01 6.239401e-08 6.563721e-01 -1.155136e-02
7.315846e+01 6.096124e-08 6.584336e-01 -1.148947e-02
7.365886e+01 5.956937e-08 6.604756e-01 -1.142823e-02
7.415926e+01 5.821702e-08 6.624984e-01 -1.136763e-02
7.465966e+01 5.690283e-08 6.645023e-01 -1.130767e-02
7.516006e+01 5.562554e-08 6.664876e-01 -1.124832e-02
7.566046e+01 5.438389e-08 6.684544e-01 -1.118959e-02
7.616086e+01 5.317671e-08 6.704030e-01 -1.113145e-02
7.666126e+01 5.200284e-08 6.723337e-01 -1.107391e-02
7.716166e+01 5.086120e-08 6.742467e-01 -1.101696e-02
7.766206e+01 4.975073e-08 6.761422e-01 -1.096057e-02
7.816246e+01 4.867041e-08 6.780206e-01 -1.090476e-02
7.866286e+01 4.761926e-08 6.798819e-01 -1.084950e-02
7.916326e+01 4.659635e-08 6.817265e-01 -1.079479e-02
7.966366e+01 4.560076e-08 6.835545e-01 -1.074063e-02
8.016406e+01 4.463163e-08 6.853661e-01 -1.068700e-02
8.066446e+01 4.368812e-08 6.871617e-01 -1.063389e-02
8.116486e+01 4.276941e-08 6.889413e-01 -1.058130e-02
8.166527e+01 4.187474e-08 6.907052e-01 -1.052922e-02
8.216567e+01 4.100334e-08 6.924537e-01 -1.047765e-02
8.266607e+01 4.015450e-08 6.941868e-01 -1.042657e-02
8.316647e+01 3.932752e-08 6.959048e-01 -1.037598e-02
8.366687e+01 3.852172e-08 6.976079e-01 -1.032587e-02
8.416727e+01 3.773647e-08 6.992962e-01 -1.027624e-02
8.466767e+01 3.697112e-08 7.009700e-01 -1.022708e-02
8.516807e+01 3.622509e-08 7.026294e-01 -1.017838e-02
8.566847e+01 3.549778e-08 7.042747e-01 -1.013013e-02
8.616887e+01 3.478864e-08 7.059060e-01 -1.008234e-02
8.666927e+01 3.409712e-08 7.075234e-01 -1.003498e-02
8.716967e+01 3.342271e-08 7.091272e-01 -9.988066e-03
8.767007e+01 3.276489e-08 7.107174e-01 -9.941581e-03
8.817047e+01 3.212318e-08 7.122944e-01 -9.895521e-03
8.867087e+01 3.149711e-08 7.138582e-01 -9.849881e-03
8.917127e+01 3.088622e-08 7.154090e-01 -9.804654e-03
8.967167e+01 3.029007e-08 7.169469e-01 -9.759835e-03
9.017207e+01 2.970824e-08 7.184722e-01 -9.715419e-03
9.067247e+01 2.914032e-08 7.199850e-01 -9.671400e-03
9.117287e+01 2.858591e-08 7.214853e-01 -9.627773e-03
9.167327e+01 2.804462e-08 7.229734e-01 -9.584533e-03
9.217367e+01 2.751609e-08 7.244495e-01 -9.541674e-03
9.267407e+01 2.699995e-08 7.259136e-01 -9.499193e-03
9.317447e+01 2.649586e-08 7.273659e-01 -9.457083e-03
9.367487e+01 2.600348e-08 7.288065e-01 -9.415340e-03
9.417528e+01 2.552249e-08 7.302356e-01 -9.373960e-03
9.467568e+01 2.505257e-08 7.316534e-01 -9.332936e-03
9.517608e+01 2.459342e-08 7.330599e-01 -9.292266e-03
9.567648e+01 2.414474e-08 7.344552e-01 -9.251945e-03
9.617688e+01 2.370626e-08 7.358396e-01 -9.211967e-03
9.667728e+01 2.327768e-08 7.372131e-01 -9.172329e-03
9.717768e+01 2.285874e-08 7.385758e-01 -9.133026e-03
9.767808e+01 2.244919e-08 7.399280e-01 -9.094055e-03
9.817848e+01 2.204878e-08 7.412696e-01 -9.055410e-03
9.867888e+01 2.165725e-08 7.426009e-01 -9.017088e-03
9.917928e+01 2.127438e-08 7.439219e-01 -8.979085e-03
9.967968e+01 2.089993e-08 7.452327e-01 -8.941398e-03
1.001801e+02 2.053368e-08 7.465336e-01 -8.904021e-03
1.006805e+02 2.017543e-08 7.478245e-01 -8.866951e-03
1.011809e+02 1.982495e-08 7.491056e-01 -8.830185e-03
1.016813e+02 1.948206e-08 7.503771e-01 -8.793719e-03
1.021817e+02 1.914655e-08 7.516389e-01 -8.757549e-03
1.026821e+02 1.881823e-08 7.528913e-01 -8.721671e-03
1.031825e+02 1.849692e-08 7.541343e-01 -8.686083e-03
1.036829e+02 1.818244e-08 7.553680e-01 -8.650780e-03
1.041833e+02 1.787461e-08 7.565926e-01 -8.615759e-03
1.046837e+02 1.757327e-08 7.578081e-01 -8.581018e-03
1.051841e+02 1.727826e-08 7.590146e-01 -8.546551e-03
1.056845e+02 1.698942e-08 7.602122e-01 -8.512357e-03
1.061849e+02 1.670658e-08 7.614011e-01 -8.478432e-03
1.066853e+02 1.642961e-08 7.625813e-01 -8.444773e-03
1.071857e+02 1.615836e-08 7.637529e-01 -8.411377e-03
1.076861e+02 1.589268e-08 7.649161e-01 -8.378241e-03
1.081865e+02 1.563244e-08 7.660708e-01 -8.345361e-03
1.086869e+02 1.537750e-08 7.672172e-01 -8.312735e-03
1.091873e+02 1.512775e-08 7.683553e-01 -8.280360e-03
1.096877e+02 1.488304e-08 7.694854e-01 -8.248233e-03
1.101881e+02 1.464326e-08 7.706074e-01 -8.216351e-03
1.106885e+02 1.440830e-08 7.717214e-01 -8.184712e-03
1.111889e+02 1.417802e-08 7.728275e-01 -8.153312e-03
1.116893e+02 1.395233e-08 7.739259e-01 -8.122149e-03
1.121897e+02 1.373112e-08 7.750165e-01 -8.091221e-03
1.126901e+02 1.351427e-08 7.760994e-01 -8.060524e-03
1.131905e+02 1.330169e-08 7.771749e-01 -8.030056e-03
1.136909e+02 1.309327e-08 7.782428e-01 -7.999815e-03
1.141913e+02 1.288892e-08 7.793033e-01 -7.969797e-03
1.146917e+02 1.268853e-08 7.803565e-01 -7.940002e-03
1.151921e+02 1.249203e-08 7.814025e-01 -7.910425e-03
1.156925e+02 1.229932e-08 7.824412e-01 -7.881065e-03
1.161929e+02 1.211031e-08 7.834729e-01 -7.851920e-03
1.166933e+02 1.192492e-08 7.844975e-01 -7.822986e-03
1.171937e+02 1.174307e-08 7.855151e-01 -7.794263e-03
1.176941e+02 1.156466e-08 7.865259e-01 -7.765746e-03
1.181945e+02 1.138964e-08 7.875298e-01 -7.737435e-03
1.186949e+02 1.121791e-08 7.885270e-01 -7.709327e-03
1.191953e+02 1.104940e-08 7.895175e-01 -7.681420e-03
1.196957e+02 1.088405e-08 7.905013e-01 -7.653711e-03
1.201961e+02 1.072179e-08 7.914786e-01 -7.626199e-03
1.206965e+02 1.056253e-08 7.924494e-01 -7.598882e-03
1.211969e+02 1.040622e-08 7.934138e-01 -7.571757e-03
1.216973e+02 1.025279e-08 7.943718e-01 -7.544823e-03
1.221977e+02 1.010218e-08 7.953235e-01 -7.518077e-03
1.226981e+02 9.954329e-09 7.962690e-01 -7.491517e-03
1.231985e+02 9.809170e-09 7.972083e-01 -7.465142e-03
1.236989e+02 9.666647e-09 7.981414e-01 -7.438950e-03
1.241993e+02 9.526705e-09 7.990685e-01 -7.412939e-03
1.246997e+02 9.389286e-09 7.999896e-01 -7.387106e-03
1.252001e+02 9.254336e-09 8.009048e-01 -7.361450e-03
1.257005e+02 9.121802e-09 8.018140e-01 -7.335970e-03
1.262009e+02 8.991633e-09 8.027174e-01 -7.310663e-03
1.267013e+02 8.863777e-09 8.036151e-01 -7.285528e-03
1.272017e+02 8.738187e-09 8.045070e-01 -7.260563e-03
1.277021e+02 8.614813e-09 8.053932e-01 -7.235766e-03
1.282025e+02 8.493609e-09 8.062739e-01 -7.211136e-03
1.287029e+02 8.374530e-09 8.071489e-01 -7.186671e-03
1.292033e+02 8.257530e-09 8.080185e-01 -7.162369e-03
1.297037e+02 8.142567e-09 8.088826e-01 -7.138228e-03
1.302041e+02 8.029598e-09 8.097413e-01 -7.114248e-03
1.307045e+02 7.918581e-09 8.105946e-01 -7.090426e-03
1.312049e+02 7.809477e-09 8.114426e-01 -7.066760e-03
1.317053e+02 7.702246e-09 8.122854e-01 -7.043251e-03
1.322057e+02 7.596849e-09 8.131229e-01 -7.019895e-03
1.327061e+02 7.493248e-09 8.139553e-01 -6.996691e-03
1.332065e+02 7.391409e-09 8.147826e-01 -6.973638e-03
1.337069e+02 7.291293e-09 8.156047e-01 -6.950735e-03
1.342073e+02 7.192867e-09 8.164219e-01 -6.927980e-03
1.347077e+02 7.096097e-09 8.172341e-01 -6.905371e-03
1.352081e+02 7.000949e-09 8.180414e-01 -6.882907e-03
1.357085e+02 6.907390e-09 8.188437e-01 -6.860587e-03
1.362089e+02 6.815389e-09 8.196413e-01 -6.838409e-03
1.367093e+02 6.724915e-09 8.204340e-01 -6.816372e-03
1.372097e+02 6.635937e-09 8.212220e-01 -6.794475e-03
1.377101e+02 6.548427e-09 8.220052e-01 -6.772716e-03
1.382105e+02 6.462354e-09 8.227838e-01 -6.751094e-03
1.387109e+02 6.377691e-09 8.235577e-01 -6.729608e-03
1.392113e+02 6.294410e-09 8.243271e-01 -6.708257e-03
1.397117e+02 6.212485e-09 8.250919e-01 -6.687038e-03
1.402121e+02 6.131887e-09 8.258522e-01 -6.665952e-03
1.407125e+02 6.052593e-09 8.266080e-01 -6.644996e-03
1.412129e+02 5.974577e-09 8.273593e-01 -6.624170e-03
1.417133e+02 5.897814e-09 8.281063e-01 -6.603472e-03
1.422137e+02 5.822280e-09 8.288490e-01 -6.582902e-03
1.427141e+02 5.747951e-09 8.295873e-01 -6.562457e-03
1.432145e+02 5.674805e-09 8.303213e-01 -6.542137e-03
1.437149e+02 5.602818e-09 8.310511e-01 -6.521941e-03
1.442153e+02 5.531970e-09 8.317767e-01 -6.501868e-03
1.447157e+02 5.462238e-09 8.324981e-01 -6.481916e-03
1.452161e+02 5.393602e-09 8.332154e-01 -6.462084e-03
1.457165e+02 5.326040e-09 8.339285e-01 -6.442372e-03
1.462169e+02 5.259533e-09 8.346376e-01 -6.422778e-03
1.467173e+02 5.194061e-09 8.353427e-01 -6.403301e-03
1.472177e+02 5.129605e-09 8.360438e-01 -6.383940e-03
1.477181e+02 5.066145e-09 8.367409e-01 -6.364694e-03
1.482185e+02 5.003664e-09 8.374341e-01 -6.345563e-03
1.487189e+02 4.942144e-09 8.381234e-01 -6.326544e-03
1.492193e+02 4.881566e-09 8.388088e-01 -6.307638e-03
1.497197e+02 4.821913e-09 8.394904e-01 -6.288842e-03
1.502201e+02 4.763169e-09 8.401682e-01 -6.270157e-03
1.507205e+02 4.705317e-09 8.408422e-01 -6.251581e-03
1.512209e+02 4.648341e-09 8.415125e-01 -6.233112e-03
1.517213e+02 4.592224e-09 8.421791e-01 -6.214752e-03
1.522217e+02 4.536952e-09 8.428420e-01 -6.196497e-03
1.527221e+02 4.482509e-09 8.435012e-01 -6.178348e-03
1.532225e+02 4.428881e-09 8.441568e-01 -6.160303e-03
1.537229e+02 4.376052e-09 8.448089e-01 -6.142362e-03
1.542233e+02 4.324008e-09 8.454574e-01 -6.124524e-03
1.547237e+02 4.272736e-09 8.461023e-01 -6.106787e-03
1.552241e+02 4.222222e-09 8.467438e-01 -6.089152e-03
1.557245e+02 4.172452e-09 8.473818e-01 -6.071616e-03
1.562249e+02 4.123413e-09 8.480163e-01 -6.054180e-03
1.567253e+02 4.075093e-09 8.486474e-01 -6.036842e-03
1.572257e+02 4.027478e-09 8.492752e-01 -6.019602e-03
1.577261e+02 3.980557e-09 8.498996e-01 -6.002459e-03
1.582265e+02 3.934318e-09 8.505206e-01 -5.985411e-03
1.587269e+02 3.888748e-09 8.511383e-01 -5.968459e-03
1.592273e+02 3.843836e-09 8.517528e-01 -5.951601e-03
1.597277e+02 3.799570e-09 8.523640e-01 -5.934836e-03
1.602281e+02 3.755940e-09 8.529719e-01 -5.918165e-03
1.607285e+02 3.712934e-09 8.535767e-01 -5.901585e-03
1.612289e+02 3.670542e-09 8.541782e-01 -5.885097e-03
1.617293e+02 3.628754e-09 8.547767e-01 -5.868699e-03
1.622297e+02 3.587558e-09 8.553720e-01 -5.852391e-03
1.627301e+02 3.546946e-09 8.559641e-01 -5.836172e-03
1.632305e+02 3.506906e-09 8.565532e-01 -5.820041e-03
1.637309e+02 3.467431e-09 8.571393e-01 -5.803998e-03
1.642313e+02 3.428509e-09 8.577223e-01 -5.788042e-03
1.647317e+02 3.390131e-09 8.583023e-01 -5.772172e-03
1.652321e+02 3.352289e-09 8.588793e-01 -5.756387e-03
1.657325e+02 3.314974e-09 8.594533e-01 -5.740687e-03
1.662329e+02 3.278177e-09 8.600244e-01 -5.725072e-03
1.667333e+02 3.241889e-09 8.605926e-01 -5.709539e-03
1.672337e+02 3.206101e-09 8.611579e-01 -5.694090e-03
1.677341e+02 3.170806e-09 8.617203e-01 -5.678723e-03
1.682345e+02 3.135996e-09 8.622798e-01 -5.663437e-03
1.687349e+02 3.101662e-09 8.628365e-01 -5.648232e-03
1.692353e+02 3.067796e-09 8.633904e-01 -5.633107e-03
1.697357e+02 3.034392e-09 8.639416e-01 -5.618062e-03
1.702361e+02 3.001441e-09 8.644899e-01 -5.603096e-03
1.707365e+02 2.968936e-09 8.650355e-01 -5.588207e-03
1.712369e+02 2.936870e-09 8.655784e-01 -5.573397e-03
1.717373e+02 2.905235e-09 8.661185e-01 -5.558664e-03
1.722377e+02 2.874026e-09 8.666560e-01 -5.544007e-03
1.727381e+02 2.843234e-09 8.671908e-01 -5.529426e-03
1.732385e+02 2.812854e-09 8.677230e-01 -5.514921e-03
1.737389e+02 2.782879e-09 8.682525e-01 -5.500490e-03
1.742393e+02 2.753302e-09 8.687794e-01 -5.486133e-03
1.747397e+02 2.724116e-09 8.693038e-01 -5.471850e-03
1.752401e+02 2.695317e-09 8.698255e-01 -5.457640e-03
1.757405e+02 2.666897e-09 8.703447e-01 -5.443503e-03
1.762409e+02 2.638851e-09 8.708614e-01 -5.429437e-03
1.767413e+02 2.611172e-09 8.713756e-01 -5.415443e-03
1.772417e+02 2.583856e-09 8.718872e-01 -5.401520e-03
1.777421e+02 2.556895e-09 8.723964e-01 -5.387666e-03
1.782425e+02 2.530286e-09 8.729031e-01 -5.373883e-03
1.787429e+02 2.504022e-09 8.734074e-01 -5.360169e-03
1.792433e+02 2.478097e-09 8.739093e-01 -5.346523e-03
1.797437e+02 2.452508e-09 8.744087e-01 -5.332946e-03
1.802441e+02 2.427247e-09 8.749058e-01 -5.319437e-03
1.807445e+02 2.402312e-09 8.754005e-01 -5.305994e-03
1.812449e+02 2.377695e-09 8.758928e-01 -5.292619e-03
1.817453e+02 2.353393e-09 8.763828e-01 -5.279309e-03
1.822457e+02 2.329401e-09 8.768704e-01 -5.266065e-03
1.827461e+02 2.305714e-09 8.773558e-01 -5.252887e-03
1.832465e+02 2.282327e-09 8.778389e-01 -5.239773e-03
1.837469e+02 2.259236e-09 8.783196e-01 -5.226723e-03
1.842473e+02 2.236437e-09 8.787982e-01 -5.213738e-03
1.847477e+02 2.213924e-09 8.792745e-01 -5.200815e-03
1.852481e+02 2.191694e-09 8.797485e-01 -5.187956e-03
1.857485e+02 2.169742e-09 8.802204e-01 -5.175158e-03
1.862489e+02 2.148064e-09 8.806900e-01 -5.162423e-03
1.867493e+02 2.126656e-09 8.811575e-01 -5.149750e-03
1.872497e+02 2.105515e-09 8.816228e-01 -5.137137e-03
1.877502e+02 2.084635e-09 8.820859e-01 -5.124585e-03
1.882506e+02 2.064014e-09 8.825470e-01 -5.112093e-03
1.887510e+02 2.043647e-09 8.830059e-01 -5.099661e-03
1.892514e+02 2.023531e-09 8.834626e-01 -5.087288e-03
1.897518e+02 2.003661e-09 8.839173e-01 -5.074974e-03
1.902522e+02 1.984035e-09 8.843700e-01 -5.062719e-03
1.907526e+02 1.964649e-09 8.848205e-01 -5.050522e-03
1.912530e+02 1.945499e-09 8.852690e-01 -5.038382e-03
1.917534e+02 1.926581e-09 8.857155e-01 -5.026300e-03
1.922538e+02 1.907893e-09 8.861599e-01 -5.014274e-03
1.927542e+02 1.889431e-09 8.866024e-01 -5.002305e-03
1.932546e+02 1.871192e-09 8.870428e-01 -4.990392e-03
1.937550e+02 1.853173e-09 8.874813e-01 -4.978535e-03
1.942554e+02 1.835369e-09 8.879177e-01 -4.966733e-03
1.947558e+02 1.817779e-09 8.883523e-01 -4.954986e-03
1.952562e+02 1.800400e-09 8.887849e-01 -4.943293e-03
1.957566e+02 1.783227e-09 8.892155e-01 -4.931655e-03
1.962570e+02 1.766259e-09 8.896443e-01 -4.920070e-03
1.967574e+02 1.749492e-09 8.900711e-01 -4.908538e-03
1.972578e+02 1.732924e-09 8.904961e-01 -4.897060e-03
1.977582e+02 1.716551e-09 8.909192e-01 -4.885634e-03
1.982586e+02 1.700372e-09 8.913404e-01 -4.874261e-03
1.987590e+02 1.684382e-09 8.917597e-01 -4.862939e-03
1.992594e+02 1.668580e-09 8.921772e-01 -4.851669e-03
1.997598e+02 1.652963e-09 8.925929e-01 -4.840451e-03
2.002602e+02 1.637528e-09 8.930068e-01 -4.829283e-03
2.007606e+02 1.622273e-09 8.934188e-01 -4.818165e-03
2.012610e+02 1.607195e-09 8.938291e-01 -4.807098e-03
2.017614e+02 1.592292e-09 8.942376e-01 -4.796081e-03
2.022618e+02 1.577562e-09 8.946443e-01 -4.785113e-03
2.027622e+02 1.563001e-09 8.950492e-01 -4.774195e-03
2.032626e+02 1.548608e-09 8.954524e-01 -4.763325e-03
2.037630e+02 1.534380e-09 8.958539e-01 -4.752504e-03
2.042634e+02 1.520315e-09 8.962536e-01 -4.741731e-03
2.047638e+02 1.506411e-09 8.966517e-01 -4.731006e-03
2.052642e+02 1.492666e-09 8.970480e-01 -4.720328e-03
2.057646e+02 1.479077e-09 8.974426e-01 -4.709698e-03
2.062650e+02 1.465642e-09 8.978356e-01 -4.699114e-03
2.067654e+02 1.452360e-09 8.982268e-01 -4.688578e-03
2.072658e+02 1.439227e-09 8.986164e-01 -4.678087e-03
2.077662e+02 1.426243e-09 8.990044e-01 -4.667643e-03
2.082666e+02 1.413405e-09 8.993907e-01 -4.657244e-03
2.087670e+02 1.400711e-09 8.997754e-01 -4.646891e-03
2.092674e+02 1.388159e-09 9.001585e-01 -4.636583e-03
2.097678e+02 1.375748e-09 9.005400e-01 -4.626319e-03
2.102682e+02 1.363475e-09 9.009198e-01 -4.616101e-03
2.107686e+02 1.351338e-09 9.012981e-01 -4.605926e-03
2.112690e+02 1.339336e-09 9.016748e-01 -4.595795e-03
2.117694e+02 1.327467e-09 9.020500e-01 -4.585709e-03
2.122698e+02 1.315730e-09 9.024235e-01 -4.575665e-03
2.127702e+02 1.304122e-09 9.027956e-01 -4.565665e-03
2.132706e+02 1.292641e-09 9.031660e-01 -4.555707e-03
2.137710e+02 1.281287e-09 9.035350e-01 -4.545792e-03
2.142714e+02 1.270057e-09 9.039024e-01 -4.535919e-03
2.147718e+02 1.258949e-09 9.042683e-01 -4.526088e-03
2.152722e+02 1.247963e-09 9.046328e-01 -4.516299e-03
2.157726e+02 1.237097e-09 9.049957e-01 -4.506552e-03
2.162730e+02 1.226349e-09 9.053571e-01 -4.496846e-03
2.167734e+02 1.215717e-09 9.057171e-01 -4.487180e-03
2.172738e+02 1.205200e-09 9.060756e-01 -4.477556e-03
2.177742e+02 1.194796e-09 9.064326e-01 -4.467972e-03
2.182746e+02 1.184505e-09 9.067882e-01 -4.458428e-03
2.187750e+02 1.174324e-09 9.071424e-01 -4.448924e-03
2.192754e+02 1.164252e-09 9.074951e-01 -4.439459e-03
2.197758e+02 1.154288e-09 9.078464e-01 -4.430034e-03
2.202762e+02 1.144430e-09 9.081963e-01 -4.420649e-03
2.207766e+02 1.134678e-09 9.085448e-01 -4.411302e-03
2.212770e+02 1.125029e-09 9.088918e-01 -4.401994e-03
2.217774e+02 1.115482e-09 9.092375e-01 -4.392724e-03
2.222778e+02 1.106037e-09 9.095819e-01 -4.383493e-03
2.227782e+02 1.096691e-09 9.099248e-01 -4.374300e-03
2.232786e+02 1.087444e-09 9.102664e-01 -4.365144e-03
2.237790e+02 1.078294e-09 9.106066e-01 -4.356026e-03
2.242794e+02 1.069240e-09 9.109455e-01 -4.346945e-03
2.247798e+02 1.060280e-09 9.112830e-01 -4.337902e-03
2.252802e+02 1.051415e-09 9.116192e-01 -4.328895e-03
2.257806e+02 1.042642e-09 9.119541e-01 -4.319925e-03
2.262810e+02 1.033960e-09 9.122877e-01 -4.310991e-03
2.267814e+02 1.025369e-09 9.126199e-01 -4.302093e-03
2.272818e+02 1.016866e-09 9.129509e-01 -4.293232e-03
2.277822e+02 1.008452e-09 9.132806e-01 -4.284406e-03
2.282826e+02 1.000124e-09 9.136089e-01 -4.275615e-03
2.287830e+02 9.918823e-10 9.139360e-01 -4.266860e-03
2.292834e+02 9.837251e-10 9.142619e-01 -4.258140e-03
2.297838e+02 9.756517e-10 9.145864e-01 -4.249455e-03
2.302842e+02 9.676609e-10 9.149098e-01 -4.240805e-03
2.307846e+02 9.597517e-10 9.152318e-01 -4.232189e-03
2.312850e+02 9.519233e-10 9.155526e-01 -4.223607e-03
2.317854e+02 9.441744e-10 9.158722e-01 -4.215060e-03
2.322858e+02 9.365043e-10 9.161906e-01 -4.206546e-03
2.327862e+02 9.289119e-10 9.165077e-01 -4.198066e-03
2.332866e+02 9.213962e-10 9.168236e-01 -4.189619e-03
2.337870e+02 9.139565e-10 9.171384e-01 -4.181206e-03
2.342874e+02 9.065916e-10 9.174519e-01 -4.172826e-03
2.347878e+02 8.993008e-10 9.177642e-01 -4.164478e-03
2.352882e+02 8.920832e-10 9.180754e-01 -4.156164e-03
2.357886e+02 8.849378e-10 9.183853e-01 -4.147881e-03
2.362890e+02 8.778639e-10 9.186941e-01 -4.139632e-03
2.367894e+02 8.708604e-10 9.190017e-01 -4.131414e-03
2.372898e+02 8.639267e-10 9.193082e-01 -4.123228e-03
2.377902e+02 8.570619e-10 9.196135e-01 -4.115074e-03
2.382906e+02 8.502651e-10 9.199177e-01 -4.106951e-03
2.387910e+02 8.435355e-10 9.202207e-01 -4.098860e-03
2.392914e+02 8.368724e-10 9.205226e-01 -4.090800e-03
2.397918e+02 8.302750e-10 9.208234e-01 -4.082771e-03
2.402922e+02 8.237424e-10 9.211230e-01 -4.074773e-03
2.407926e+02 8.172740e-10 9.214216e-01 -4.066805e-03
2.412930e+02 8.108690e-10 9.217190e-01 -4.058868e-03
2.417934e+02 8.045265e-10 9.220153e-01 -4.050961e-03
2.422938e+02 7.982460e-10 9.223105e-01 -4.043085e-03
2.427942e+02 7.920266e-10 9.226047e-01 -4.035238e-03
2.432946e+02 7.858677e-10 9.228977e-01 -4.027421e-03
2.437950e+02 7.797686e-10 9.231897e-01 -4.019634e-03
2.442954e+02 7.737285e-10 9.234806e-01 -4.011876e-03
2.447958e+02 7.677467e-10 9.237704e-01 -4.004148e-03
2.452962e+02 7.618227e-10 9.240592e-01 -3.996448e-03
2.457966e+02 7.559557e-10 9.243469e-01 -3.988778e-03
2.462970e+02 7.501451e-10 9.246336e-01 -3.981136e-03
2.467974e+02 7.443902e-10 9.249192e-01 -3.973523e-03
2.472978e+02 7.386903e-10 9.252038e-01 -3.965939e-03
2.477982e+02 7.330450e-10 9.254874e-01 -3.958383e-03
2.482986e+02 7.274534e-10 9.257699e-01 -3.950855e-03
2.487990e+02 7.219151e-10 9.260514e-01 -3.943355e-03
2.492994e+02 7.164294e-10 9.263319e-01 -3.935882e-03
2.497998e+02 7.109957e-10 9.266114e-01 -3.928438e-03
2.503002e+02 7.056134e-10 9.268899e-01 -3.921021e-03
2.508006e+02 7.002820e-10 9.271674e-01 -3.913631e-03
2.513010e+02 6.950008e-10 9.274438e-01 -3.906269e-03
2.518014e+02 6.897693e-10 9.277194e-01 -3.898934e-03
2.523018e+02 6.845869e-10 9.279939e-01 -3.891625e-03
2.528022e+02 6.794531e-10 9.282674e-01 -3.884344e-03
2.533026e+02 6.743674e-10 9.285400e-01 -3.877089e-03
2.538030e+02 6.693291e-10 9.288116e-01 -3.869860e-03
2.543034e+02 6.643379e-10 9.290822e-01 -3.862658e-03
2.548038e+02 6.593930e-10 9.293519e-01 -3.855482e-03
2.553042e+02 6.544941e-10 9.296206e-01 -3.848332e-03
2.558046e+02 6.496406e-10 9.298884e-01 -3.841209e-03
2.563050e+02 6.448320e-10 9.301553e-01 -3.834110e-03
2.568054e+02 6.400678e-10 9.304212e-01 -3.827038e-03
2.573058e+02 6.353475e-10 9.306861e-01 -3.819991e-03
2.578062e+02 6.306707e-10 9.309502e-01 -3.812969e-03
2.583066e+02 6.260368e-10 9.312133e-01 -3.805973e-03
2.588070e+02 6.214454e-10 9.314755e-01 -3.799001e-03
2.593074e+02 6.168960e-10 9.317368e-01 -3.792055e-03
2.598078e+02 6.123882e-10 9.319972e-01 -3.785133e-03
2.603082e+02 6.079215e-10 9.322567e-01 -3.778237e-03
2.608086e+02 6.034954e-10 9.325153e-01 -3.771364e-03
2.613090e+02 5.991096e-10 9.327729e-01 -3.764516e-03
2.618094e+02 5.947635e-10 9.330297e-01 -3.757693e-03
2.623098e+02 5.904567e-10 9.332857e-01 -3.750893e-03
2.628102e+02 5.861889e-10 9.335407e-01 -3.744118e-03
2.633106e+02 5.819595e-10 9.337948e-01 -3.737366e-03
2.638110e+02 5.777683e-10 9.340481e-01 -3.730639e-03
2.643114e+02 5.736147e-10 9.343006e-01 -3.723935e-03
2.648118e+02 5.694983e-10 9.345521e-01 -3.717254e-03
2.653122e+02 5.654188e-10 9.348028e-01 -3.710597e-03
2.658126e+02 5.613758e-10 9.350527e-01 -3.703963e-03
2.663130e+02 5.573689e-10 9.353017e-01 -3.697353e-03
2.668134e+02 5.533976e-10 9.355498e-01 -3.690765e-03
2.673138e+02 5.494617e-10 9.357971e-01 -3.684200e-03
2.678142e+02 5.455607e-10 9.360436e-01 -3.677658e-03
2.683146e+02 5.416942e-10 9.362892e-01 -3.671139e-03
2.688150e+02 5.378619e-10 9.365340e-01 -3.664643e-03
2.693154e+02 5.340635e-10 9.367780e-01 -3.658169e-03
2.698158e+02 5.302985e-10 9.370212e-01 -3.651717e-03
2.703162e+02 5.265667e-10 9.372636e-01 -3.645287e-03
2.708166e+02 5.228676e-10 9.375051e-01 -3.638880e-03
2.713170e+02 5.192010e-10 9.377459e-01 -3.632494e-03
2.718174e+02 5.155664e-10 9.379858e-01 -3.626131e-03
2.723178e+02 5.119636e-10 9.382249e-01 -3.619789e-03
2.728182e+02 5.083922e-10 9.384633e-01 -3.613468e-03
2.733186e+02 5.048519e-10 9.387008e-01 -3.607170e-03
2.738190e+02 5.013424e-10 9.389376e-01 -3.600893e-03
2.743194e+02 4.978633e-10 9.391735e-01 -3.594637e-03
2.748198e+02 4.944143e-10 9.394087e-01 -3.588402e-03
2.753202e+02 4.909952e-10 9.396432e-01 -3.582189e-03
2.758206e+02 4.876055e-10 9.398768e-01 -3.575996e-03
2.763210e+02 4.842451e-10 9.401097e-01 -3.569824e-03
2.768214e+02 4.809135e-10 9.403418e-01 -3.563673e-03
2.773218e+02 4.776106e-10 9.405732e-01 -3.557543e-03
2.778222e+02 4.743360e-10 9.408038e-01 -3.551434e-03
2.783226e+02 4.710893e-10 9.410336e-01 -3.545345e-03
2.788230e+02 4.678705e-10 9.412627e-01 -3.539276e-03
2.793234e+02 4.646790e-10 9.414911e-01 -3.533227e-03
2.798238e+02 4.615147e-10 9.417187e-01 -3.527199e-03
2.803242e+02 4.583774e-10 9.419455e-01 -3.521191e-03
2.808246e+02 4.552666e-10 9.421717e-01 -3.515203e-03
2.813250e+02 4.521822e-10 9.423971e-01 -3.509234e-03
2.818254e+02 4.491238e-10 9.426218e-01 -3.503286e-03
2.823258e+02 4.460913e-10 9.428457e-01 -3.497357e-03
2.828262e+02 4.430843e-10 9.430689e-01 -3.491447e-03
2.833266e+02 4.401026e-10 9.432915e-01 -3.485557e-03
2.838270e+02 4.371460e-10 9.435133e-01 -3.479687e-03
2.843274e+02 4.342141e-10 9.437343e-01 -3.473836e-03
2.848278e+02 4.313068e-10 9.439547e-01 -3.468004e-03
2.853282e+02 4.284238e-10 9.441744e-01 -3.462191e-03
2.858286e+02 4.255648e-10 9.443934e-01 -3.456397e-03
2.863290e+02 4.227297e-10 9.446117e-01 -3.450622e-03
2.868294e+02 4.199181e-10 9.448292e-01 -3.444866e-03
2.873298e+02 4.171298e-10 9.450461e-01 -3.439128e-03
2.878302e+02 4.143647e-10 9.452623e-01 -3.433410e-03
2.883306e+02 4.116224e-10 9.454779e-01 -3.427709e-03
2.888310e+02 4.089028e-10 9.456927e-01 -3.422028e-03
2.893314e+02 4.062056e-10 9.459069e-01 -3.416364e-03
2.898318e+02 4.035306e-10 9.461204e-01 -3.410719e-03
2.903322e+02 4.008775e-10 9.463332e-01 -3.405092e-03
2.908326e+02 3.982463e-10 9.465453e-01 -3.399483e-03
2.913330e+02 3.956366e-10 9.467568e-01 -3.393893e-03
2.918334e+02 3.930482e-10 9.469677e-01 -3.388320e-03
2.923338e+02 3.904810e-10 9.471778e-01 -3.382765e-03
2.928342e+02 3.879347e-10 9.473873e-01 -3.377227e-03
2.933346e+02 3.854092e-10 9.475962e-01 -3.371708e-03
2.938350e+02 3.829041e-10 9.478044e-01 -3.366206e-03
2.943354e+02 3.804194e-10 9.480120e-01 -3.360721e-03
2.948358e+02 3.779548e-10 9.482189e-01 -3.355254e-03
2.953362e+02 3.755101e-10 9.484252e-01 -3.349804e-03
2.958366e+02 3.730852e-10 9.486308e-01 -3.344372e-03
2.963370e+02 3.706798e-10 9.488358e-01 -3.338957e-03
2.968374e+02 3.682937e-10 9.490402e-01 -3.333558e-03
2.973378e+02 3.659268e-10 9.492439e-01 -3.328177e-03
2.978382e+02 3.635789e-10 9.494471e-01 -3.322813e-03
2.983386e+02 3.612498e-10 9.496496e-01 -3.317465e-03
2.988390e+02 3.589394e-10 9.498514e-01 -3.312135e-03
2.993394e+02 3.566473e-10 9.500527e-01 -3.306821e-03
2.998398e+02 3.543736e-10 9.502533e-01 -3.301524e-03
3.003402e+02 3.521179e-10 9.504534e-01 -3.296243e-03
3.008406e+02 3.498802e-10 9.506528e-01 -3.290978e-03
3.013410e+02 3.476601e-10 9.508516e-01 -3.285730e-03
3.018414e+02 3.454577e-10 9.510498e-01 -3.280499e-03
3.023418e+02 3.432727e-10 9.512475e-01 -3.275283e-03
3.028422e+02 3.411050e-10 9.514445e-01 -3.270084e-03
3.033426e+02 3.389543e-10 9.516409e-01 -3.264901e-03
3.038430e+02 3.368205e-10 9.518367e-01 -3.259734e-03
3.043434e+02 3.347035e-10 9.520320e-01 -3.254583e-03
3.048438e+02 3.326032e-10 9.522266e-01 -3.249447e-03
3.053442e+02 3.305192e-10 9.524207e-01 -3.244328e-03
3.058446e+02 3.284516e-10 9.526142e-01 -3.239224e-03
3.063450e+02 3.264001e-10 9.528071e-01 -3.234135e-03
3.068454e+02 3.243646e-10 9.529994e-01 -3.229063e-03
3.073458e+02 3.223449e-10 9.531912e-01 -3.224006e-03
3.078462e+02 3.203410e-10 9.533824e-01 -3.218964e-03
3.083466e+02 3.183526e-10 9.535730e-01 -3.213937e-03
3.088470e+02 3.163796e-10 9.537630e-01 -3.208926e-03
3.093474e+02 3.144218e-10 9.539525e-01 -3.203931e-03
3.098478e+02 3.124792e-10 9.541414e-01 -3.198950e-03
3.103482e+02 3.105515e-10 9.543298e-01 -3.193984e-03
3.108486e+02 3.086387e-10 9.545176e-01 -3.189034e-03
3.113490e+02 3.067406e-10 9.547049e-01 -3.184098e-03
3.118494e+02 3.048571e-10 9.548916e-01 -3.179177e-03
3.123498e+02 3.029880e-10 9.550777e-01 -3.174271e-03
3.128503e+02 3.011332e-10 9.552633e-01 -3.169380e-03
3.133507e+02 2.992926e-10 9.554484e-01 -3.164503e-03
3.138511e+02 2.974660e-10 9.556329e-01 -3.159641e-03
3.143515e+02 2.956534e-10 9.558169e-01 -3.154794e-03
3.148519e+02 2.938545e-10 9.560004e-01 -3.149961e-03
3.153523e+02 2.920693e-10 9.561833e-01 -3.145142e-03
3.158527e+02 2.902976e-10 9.563657e-01 -3.140338e-03
3.163531e+02 2.885393e-10 9.565475e-01 -3.135548e-03
3.168535e+02 2.867943e-10 9.567288e-01 -3.130773e-03
3.173539e+02 2.850625e-10 9.569096e-01 -3.126011e-03
3.178543e+02 2.833438e-10 9.570899e-01 -3.121264e-03
3.183547e+02 2.816380e-10 9.572696e-01 -3.116530e-03
3.188551e+02 2.799450e-10 9.574489e-01 -3.111811e-03
3.193555e+02 2.782647e-10 9.576276e-01 -3.107105e-03
3.198559e+02 2.765970e-10 9.578058e-01 -3.102414e-03
3.203563e+02 2.749417e-10 9.579835e-01 -3.097736e-03
3.208567e+02 2.732989e-10 9.581607e-01 -3.093072e-03
3.213571e+02 2.716683e-10 9.583373e-01 -3.088421e-03
3.218575e+02 2.700498e-10 9.585135e-01 -3.083784e-03
3.223579e+02 2.684433e-10 9.586891e-01 -3.079161e-03
3.228583e+02 2.668488e-10 9.588643e-01 -3.074551e-03
3.233587e+02 2.652661e-10 9.590390e-01 -3.069955e-03
3.238591e+02 2.636952e-10 9.592131e-01 -3.065372e-03
3.243595e+02 2.621358e-10 9.593868e-01 -3.060802e-03
3.248599e+02 2.605880e-10 9.595600e-01 -3.056246e-03
3.253603e+02 2.590515e-10 9.597327e-01 -3.051702e-03
3.258607e+02 2.575264e-10 9.599049e-01 -3.047172e-03
3.263611e+02 2.560125e-10 9.600766e-01 -3.042655e-03
3.268615e+02 2.545097e-10 9.602478e-01 -3.038151e-03
3.273619e+02 2.530178e-10 9.604186e-01 -3.033660e-03
3.278623e+02 2.515370e-10 9.605888e-01 -3.029182e-03
3.283627e+02 2.500669e-10 9.607586e-01 -3.024717e-03
3.288631e+02 2.486075e-10 9.609279e-01 -3.020264e-03
3.293635e+02 2.471588e-10 9.610967e-01 -3.015824e-03
3.298639e+02 2.457206e-10 9.612651e-01 -3.011397e-03
3.303643e+02 2.442929e-10 9.614330e-01 -3.006983e-03
3.308647e+02 2.428755e-10 9.616004e-01 -3.002581e-03
3.313651e+02 2.414684e-10 9.617674e-01 -2.998192e-03
3.318655e+02 2.400715e-10 9.619339e-01 -2.993815e-03
3.323659e+02 2.386846e-10 9.620999e-01 -2.989451e-03
3.328663e+02 2.373078e-10 9.622655e-01 -2.985099e-03
3.333667e+02 2.359408e-10 9.624306e-01 -2.980759e-03
3.338671e+02 2.345837e-10 9.625952e-01 -2.976432e-03
3.343675e+02 2.332364e-10 9.627594e-01 -2.972116e-03
3.348679e+02 2.318986e-10 9.629232e-01 -2.967813e-03
3.353683e+02 2.305705e-10 9.630865e-01 -2.963522e-03
3.358687e+02 2.292519e-10 9.632493e-01 -2.959244e-03
3.363691e+02 2.279427e-10 9.634117e-01 -2.954977e-03
3.368695e+02 2.266428e-10 9.635737e-01 -2.950722e-03
3.373699e+02 2.253521e-10 9.637352e-01 -2.946479e-03
3.378703e+02 2.240707e-10 9.638963e-01 -2.942248e-03
3.383707e+02 2.227983e-10 9.640569e-01 -2.938028e-03
3.388711e+02 2.215350e-10 9.642171e-01 -2.933821e-03
3.393715e+02 2.202806e-10 9.643768e-01 -2.929625e-03
3.398719e+02 2.190350e-10 9.645361e-01 -2.925441e-03
3.403723e+02 2.177983e-10 9.646950e-01 -2.921268e-03
3.408727e+02 2.165703e-10 9.648535e-01 -2.917107e-03
3.413731e+02 2.153509e-10 9.650115e-01 -2.912958e-03
3.418735e+02 2.141400e-10 9.651691e-01 -2.908820e-03
3.423739e+02 2.129377e-10 9.653263e-01 -2.904693e-03
3.428743e+02 2.117438e-10 9.654830e-01 -2.900578e-03
3.433747e+02 2.105583e-10 9.656393e-01 -2.896474e-03
3.438751e+02 2.093811e-10 9.657952e-01 -2.892382e-03
3.443755e+02 2.082120e-10 9.659507e-01 -2.888300e-03
3.448759e+02 2.070511e-10 9.661058e-01 -2.884230e-03
3.453763e+02 2.058983e-10 9.662604e-01 -2.880171e-03
3.458767e+02 2.047535e-10 9.664147e-01 -2.876123e-03
3.463771e+02 2.036167e-10 9.665685e-01 -2.872086e-03
3.468775e+02 2.024877e-10 9.667219e-01 -2.868060e-03
3.473779e+02 2.013666e-10 9.668749e-01 -2.864045e-03
3.478783e+02 2.002532e-10 9.670275e-01 -2.860041e-03
3.483787e+02 1.991474e-10 9.671797e-01 -2.856048e-03
3.488791e+02 1.980493e-10 9.673315e-01 -2.852066e-03
3.493795e+02 1.969588e-10 9.674829e-01 -2.848095e-03
3.498799e+02 1.958757e-10 9.676338e-01 -2.844134e-03
3.503803e+02 1.948001e-10 9.677844e-01 -2.840184e-03
3.508807e+02 1.937319e-10 9.679346e-01 -2.836244e-03
3.513811e+02 1.926710e-10 9.680844e-01 -2.832316e-03
3.518815e+02 1.916173e-10 9.682338e-01 -2.828397e-03
3.523819e+02 1.905708e-10 9.683828e-01 -2.824490e-03
3.528823e+02 1.895315e-10 9.685314e-01 -2.820592e-03
3.533827e+02 1.884992e-10 9.686796e-01 -2.816706e-03
3.538831e+02 1.874739e-10 9.688274e-01 -2.812829e-03
3.543835e+02 1.864557e-10 9.689749e-01 -2.808963e-03
3.548839e+02 1.854443e-10 9.691219e-01 -2.805108e-03
3.553843e+02 1.844397e-10 9.692686e-01 -2.801262e-03
3.558847e+02 1.834420e-10 9.694149e-01 -2.797427e-03
3.563851e+02 1.824510e-10 9.695608e-01 -2.793602e-03
3.568855e+02 1.814667e-10 9.697063e-01 -2.789787e-03
3.573859e+02 1.804890e-10 9.698515e-01 -2.785982e-03
3.578863e+02 1.795178e-10 9.699963e-01 -2.782188e-03
3.583867e+02 1.785532e-10 9.701407e-01 -2.778403e-03
3.588871e+02 1.775951e-10 9.702847e-01 -2.774628e-03
3.593875e+02 1.766434e-10 9.704283e-01 -2.770864e-03
3.598879e+02 1.756981e-10 9.705716e-01 -2.767109e-03
3.603883e+02 1.747590e-10 9.707145e-01 -2.763364e-03
3.608887e+02 1.738263e-10 9.708571e-01 -2.759629e-03
3.613891e+02 1.728997e-10 9.709993e-01 -2.755904e-03
3.618895e+02 1.719794e-10 9.711411e-01 -2.752188e-03
3.623899e+02 1.710651e-10 9.712825e-01 -2.748482e-03
3.628903e+02 1.701569e-10 9.714236e-01 -2.744786e-03
3.633907e+02 1.692547e-10 9.715643e-01 -2.741100e-03
3.638911e+02 1.683585e-10 9.717047e-01 -2.737423e-03
3.643915e+02 1.674682e-10 9.718447e-01 -2.733756e-03
3.648919e+02 1.665838e-10 9.719844e-01 -2.730098e-03
3.653923e+02 1.657053e-10 9.721236e-01 -2.726450e-03
3.658927e+02 1.648325e-10 9.722626e-01 -2.722811e-03
3.663931e+02 1.639654e-10 9.724012e-01 -2.719182e-03
3.668935e+02 1.631041e-10 9.725394e-01 -2.715562e-03
3.673939e+02 1.622484e-10 9.726773e-01 -2.711951e-03
3.678943e+02 1.613983e-10 9.728148e-01 -2.708350e-03
3.683947e+02 1.605537e-10 9.729520e-01 -2.704758e-03
3.688951e+02 1.597147e-10 9.730889e-01 -2.701175e-03
3.693955e+02 1.588811e-10 9.732254e-01 -2.697601e-03
3.698959e+02 1.580530e-10 9.733615e-01 -2.694037e-03
3.703963e+02 1.572303e-10 9.734973e-01 -2.690482e-03
3.708967e+02 1.564129e-10 9.736328e-01 -2.686935e-03
3.713971e+02 1.556008e-10 9.737679e-01 -2.683398e-03
3.718975e+02 1.547940e-10 9.739027e-01 -2.679870e-03
3.723979e+02 1.539924e-10 9.740372e-01 -2.676351e-03
3.728983e+02 1.531960e-10 9.741713e-01 -2.672841e-03
3.733987e+02 1.524047e-10 9.743051e-01 -2.669340e-03
3.738991e+02 1.516185e-10 9.744386e-01 -2.665847e-03
3.743995e+02 1.508374e-10 9.745717e-01 -2.662364e-03
3.748999e+02 1.500614e-10 9.747045e-01 -2.658889e-03
3.754003e+02 1.492903e-10 9.748369e-01 -2.655423e-03
3.759007e+02 1.485241e-10 9.749691e-01 -2.651966e-03
3.764011e+02 1.477629e-10 9.751009e-01 -2.648518e-03
3.769015e+02 1.470065e-10 9.752324e-01 -2.645078e-03
3.774019e+02 1.462550e-10 9.753635e-01 -2.641647e-03
3.779023e+02 1.455082e-10 9.754943e-01 -2.638225e-03
3.784027e+02 1.447662e-10 9.756248e-01 -2.634811e-03
3.789031e+02 1.440290e-10 9.757550e-01 -2.631406e-03
3.794035e+02 1.432964e-10 9.758849e-01 -2.628009e-03
3.799039e+02 1.425685e-10 9.760144e-01 -2.624621e-03
3.804043e+02 1.418452e-10 9.761437e-01 -2.621241e-03
3.809047e+02 1.411265e-10 9.762726e-01 -2.617870e-03
3.814051e+02 1.404123e-10 9.764012e-01 -2.614507e-03
3.819055e+02 1.397026e-10 9.765295e-01 -2.611152e-03
3.824059e+02 1.389974e-10 9.766574e-01 -2.607806e-03
3.829063e+02 1.382967e-10 9.767851e-01 -2.604468e-03
3.834067e+02 1.376004e-10 9.769125e-01 -2.601139e-03
3.839071e+02 1.369084e-10 9.770395e-01 -2.597817e-03
3.844075e+02 1.362208e-10 9.771662e-01 -2.594504e-03
3.849079e+02 1.355375e-10 9.772927e-01 -2.591199e-03
3.854083e+02 1.348585e-10 9.774188e-01 -2.587902e-03
3.859087e+02 1.341837e-10 9.775446e-01 -2.584614e-03
3.864091e+02 1.335132e-10 9.776701e-01 -2.581333e-03
3.869095e+02 1.328468e-10 9.777953e-01 -2.578061e-03
3.874099e+02 1.321846e-10 9.779202e-01 -2.574796e-03
3.879103e+02 1.315265e-10 9.780448e-01 -2.571540e-03
3.884107e+02 1.308725e-10 9.781691e-01 -2.568291e-03
3.889111e+02 1.302225e-10 9.782931e-01 -2.565051e-03
3.894115e+02 1.295766e-10 9.784168e-01 -2.561818e-03
3.899119e+02 1.289347e-10 9.785402e-01 -2.558593e-03
3.904123e+02 1.282967e-10 9.786633e-01 -2.555376e-03
3.909127e+02 1.276627e-10 9.787862e-01 -2.552167e-03
3.914131e+02 1.270326e-10 9.789087e-01 -2.548966e-03
3.919135e+02 1.264064e-10 9.790309e-01 -2.545773e-03
3.924139e+02 1.257841e-10 9.791529e-01 -2.542587e-03
3.929143e+02 1.251655e-10 9.792745e-01 -2.539409e-03
3.934147e+02 1.245508e-10 9.793959e-01 -2.536239e-03
3.939151e+02 1.239398e-10 9.795170e-01 -2.533076e-03
3.944155e+02 1.233326e-10 9.796378e-01 -2.529921e-03
3.949159e+02 1.227291e-10 9.797583e-01 -2.526774e-03
3.954163e+02 1.221293e-10 9.798785e-01 -2.523634e-03
3.959167e+02 1.215331e-10 9.799984e-01 -2.520502e-03
3.964171e+02 1.209406e-10 9.801181e-01 -2.517377e-03
3.969175e+02 1.203516e-10 9.802374e-01 -2.514260e-03
3.974179e+02 1.197663e-10 9.803565e-01 -2.511150e-03
3.979183e+02 1.191845e-10 9.804753e-01 -2.508048e-03
3.984187e+02 1.186062e-10 9.805939e-01 -2.504953e-03
3.989191e+02 1.180315e-10 9.807121e-01 -2.501865e-03
3.994195e+02 1.174602e-10 9.808301e-01 -2.498785e-03
3.999199e+02 1.168924e-10 9.809478e-01 -2.495712e-03
4.004203e+02 1.163280e-10 9.810652e-01 -2.492647e-03
4.009207e+02 1.157670e-10 9.811823e-01 -2.489588e-03
4.014211e+02 1.152094e-10 9.812992e-01 -2.486537e-03
4.019215e+02 1.146551e-10 9.814158e-01 -2.483494e-03
4.024219e+02 1.141042e-10 9.815322e-01 -2.480457e-03
4.029223e+02 1.135565e-10 9.816482e-01 -2.477428e-03
4.034227e+02 1.130122e-10 9.817640e-01 -2.474406e-03
4.039231e+02 1.124711e-10 9.818795e-01 -2.471391e-03
4.044235e+02 1.119332e-10 9.819948e-01 -2.468383e-03
4.049239e+02 1.113986e-10 9.821098e-01 -2.465382e-03
4.054243e+02 1.108671e-10 9.822245e-01 -2.462388e-03
4.059247e+02 1.103388e-10 9.823390e-01 -2.459401e-03
4.064251e+02 1.098137e-10 9.824532e-01 -2.456422e-03
4.069255e+02 1.092916e-10 9.825671e-01 -2.453449e-03
4.074259e+02 1.087727e-10 9.826808e-01 -2.450483e-03
4.079263e+02 1.082568e-10 9.827942e-01 -2.447524e-03
4.084267e+02 1.077440e-10 9.829073e-01 -2.444572e-03
4.089271e+02 1.072343e-10 9.830202e-01 -2.441627e-03
4.094275e+02 1.067275e-10 9.831328e-01 -2.438689e-03
4.099279e+02 1.062238e-10 9.832452e-01 -2.435758e-03
4.104283e+02 1.057230e-10 9.833573e-01 -2.432833e-03
4.109287e+02 1.052251e-10 9.834692e-01 -2.429915e-03
4.114291e+02 1.047302e-10 9.835808e-01 -2.427004e-03
4.119295e+02 1.042382e-10 9.836921e-01 -2.424100e-03
4.124299e+02 1.037490e-10 9.838032e-01 -2.421203e-03
4.129303e+02 1.032628e-10 9.839141e-01 -2.418312e-03
4.134307e+02 1.027794e-10 9.840247e-01 -2.415428e-03
4.139311e+02 1.022988e-10 9.841350e-01 -2.412550e-03
4.144315e+02 1.018210e-10 9.842451e-01 -2.409679e-03
4.149319e+02 1.013460e-10 9.843550e-01 -2.406815e-03
4.154323e+02 1.008737e-10 9.844646e-01 -2.403957e-03
4.159327e+02 1.004043e-10 9.845739e-01 -2.401106e-03
4.164331e+02 9.993749e-11 9.846830e-01 -2.398262e-03
4.169335e+02 9.947344e-11 9.847919e-01 -2.395423e-03
4.174339e+02 9.901208e-11 9.849005e-01 -2.392592e-03
4.179343e+02 9.855339e-11 9.850088e-01 -2.389767e-03
4.184347e+02 9.809736e-11 9.851170e-01 -2.386948e-03
4.189351e+02 9.764396e-11 9.852249e-01 -2.384136e-03
4.194355e+02 9.719317e-11 9.853325e-01 -2.381330e-03
4.199359e+02 9.674499e-11 9.854399e-01 -2.378530e-03
4.204363e+02 9.629938e-11 9.855471e-01 -2.375737e-03
4.209367e+02 9.585634e-11 9.856540e-01 -2.372951e-03
4.214371e+02 9.541585e-11 9.857607e-01 -2.370170e-03
4.219375e+02 9.497788e-11 9.858671e-01 -2.367396e-03
4.224379e+02 9.454242e-11 9.859733e-01 -2.364628e-03
4.229383e+02 9.410945e-11 9.860793e-01 -2.361866e-03
4.234387e+02 9.367896e-11 9.861850e-01 -2.359111e-03
4.239391e+02 9.325093e-11 9.862905e-01 -2.356362e-03
4.244395e+02 9.282534e-11 9.863958e-01 -2.353619e-03
4.249399e+02 9.240217e-11 9.865008e-01 -2.350882e-03
4.254403e+02 9.198141e-11 9.866057e-01 -2.348151e-03
4.259407e+02 9.156305e-11 9.867102e-01 -2.345427e-03
4.264411e+02 9.114706e-11 9.868146e-01 -2.342708e-03
4.269415e+02 9.073343e-11 9.869187e-01 -2.339996e-03
4.274419e+02 9.032215e-11 9.870226e-01 -2.337290e-03
4.279423e+02 8.991319e-11 9.871262e-01 -2.334589e-03
4.284427e+02 8.950655e-11 9.872297e-01 -2.331895e-03
4.289431e+02 8.910220e-11 9.873329e-01 -2.329207e-03
4.294435e+02 8.870013e-11 9.874358e-01 -2.326525e-03
4.299439e+02 8.830033e-11 9.875386e-01 -2.323848e-03
4.304443e+02 8.790277e-11 9.876411e-01 -2.321178e-03
4.309447e+02 8.750746e-11 9.877434e-01 -2.318514e-03
4.314451e+02 8.711436e-11 9.878455e-01 -2.315855e-03
4.319455e+02 8.672347e-11 9.879474e-01 -2.313203e-03
4.324459e+02 8.633476e-11 9.880490e-01 -2.310556e-03
4.329463e+02 8.594824e-11 9.881504e-01 -2.307915e-03
4.334467e+02 8.556387e-11 9.882516e-01 -2.305280e-03
4.339471e+02 8.518165e-11 9.883526e-01 -2.302651e-03
4.344475e+02 8.480156e-11 9.884533e-01 -2.300027e-03
4.349479e+02 8.442359e-11 9.885539e-01 -2.297409e-03
4.354483e+02 8.404772e-11 9.886542e-01 -2.294797e-03
4.359487e+02 8.367394e-11 9.887543e-01 -2.292191e-03
4.364491e+02 8.330224e-11 9.888542e-01 -2.289591e-03
4.369495e+02 8.293260e-11 9.889539e-01 -2.286996e-03
4.374499e+02 8.256501e-11 9.890533e-01 -2.284407e-03
4.379504e+02 8.219945e-11 9.891526e-01 -2.281823e-03
4.384508e+02 8.183591e-11 9.892516e-01 -2.279245e-03
4.389512e+02 8.147438e-11 9.893504e-01 -2.276673e-03
4.394516e+02 8.111485e-11 9.894490e-01 -2.274107e-03
4.399520e+02 8.075729e-11 9.895474e-01 -2.271545e-03
4.404524e+02 8.040171e-11 9.896456e-01 -2.268990e-03
4.409528e+02 8.004807e-11 9.897436e-01 -2.266440e-03
4.414532e+02 7.969638e-11 9.898414e-01 -2.263896e-03
4.419536e+02 7.934662e-11 9.899389e-01 -2.261357e-03
4.424540e+02 7.899878e-11 9.900363e-01 -2.258823e-03
4.429544e+02 7.865284e-11 9.901334e-01 -2.256295e-03
4.434548e+02 7.830879e-11 9.902304e-01 -2.253773e-03
4.439552e+02 7.796663e-11 9.903271e-01 -2.251256e-03
4.444556e+02 7.762632e-11 9.904236e-01 -2.248744e-03
4.449560e+02 7.728788e-11 9.905199e-01 -2.246238e-03
4.454564e+02 7.695127e-11 9.906161e-01 -2.243737e-03
4.459568e+02 7.661650e-11 9.907120e-01 -2.241242e-03
4.464572e+02 7.628354e-11 9.908077e-01 -2.238752e-03
4.469576e+02 7.595239e-11 9.909032e-01 -2.236267e-03
4.474580e+02 7.562304e-11 9.909985e-01 -2.233788e-03
4.479584e+02 7.529547e-11 9.910936e-01 -2.231314e-03
4.484588e+02 7.496967e-11 9.911885e-01 -2.228845e-03
4.489592e+02 7.464563e-11 9.912833e-01 -2.226381e-03
4.494596e+02 7.432334e-11 9.913778e-01 -2.223923e-03
4.499600e+02 7.400279e-11 9.914721e-01 -2.221470e-03
4.504604e+02 7.368397e-11 9.915662e-01 -2.219022e-03
4.509608e+02 7.336685e-11 9.916601e-01 -2.216579e-03
4.514612e+02 7.305145e-11 9.917538e-01 -2.214142e-03
4.519616e+02 7.273773e-11 9.918474e-01 -2.211709e-03
4.524620e+02 7.242570e-11 9.919407e-01 -2.209282e-03
4.529624e+02 7.211534e-11 9.920338e-01 -2.206860e-03
4.534628e+02 7.180665e-11 9.921268e-01 -2.204443e-03
4.539632e+02 7.149960e-11 9.922195e-01 -2.202032e-03
4.544636e+02 7.119419e-11 9.923121e-01 -2.199625e-03
4.549640e+02 7.089041e-11 9.924045e-01 -2.197223e-03
4.554644e+02 7.058824e-11 9.924966e-01 -2.194827e-03
4.559648e+02 7.028769e-11 9.925886e-01 -2.192435e-03
4.564652e+02 6.998873e-11 9.926804e-01 -2.190048e-03
4.569656e+02 6.969137e-11 9.927720e-01 -2.187667e-03
4.574660e+02 6.939558e-11 9.928635e-01 -2.185290e-03
4.579664e+02 6.910135e-11 9.929547e-01 -2.182919e-03
4.584668e+02 6.880869e-11 9.930457e-01 -2.180552e-03
4.589672e+02 6.851757e-11 9.931366e-01 -2.178191e-03
4.594676e+02 6.822799e-11 9.932272e-01 -2.175834e-03
4.599680e+02 6.793994e-11 9.933177e-01 -2.173482e-03
4.604684e+02 6.765341e-11 9.934080e-01 -2.171135e-03
4.609688e+02 6.736839e-11 9.934981e-01 -2.168793e-03
4.614692e+02 6.708486e-11 9.935880e-01 -2.166456e-03
4.619696e+02 6.680283e-11 9.936778e-01 -2.164124e-03
4.624700e+02 6.652227e-11 9.937673e-01 -2.161796e-03
4.629704e+02 6.624319e-11 9.938567e-01 -2.159473e-03
4.634708e+02 6.596557e-11 9.939459e-01 -2.157156e-03
4.639712e+02 6.568940e-11 9.940349e-01 -2.154843e-03
4.644716e+02 6.541468e-11 9.941238e-01 -2.152534e-03
4.649720e+02 6.514139e-11 9.942124e-01 -2.150231e-03
4.654724e+02 6.486953e-11 9.943009e-01 -2.147932e-03
4.659728e+02 6.459908e-11 9.943892e-01 -2.145638e-03
4.664732e+02 6.433004e-11 9.944773e-01 -2.143349e-03
4.669736e+02 6.406240e-11 9.945652e-01 -2.141064e-03
4.674740e+02 6.379616e-11 9.946530e-01 -2.138784e-03
4.679744e+02 6.353129e-11 9.947406e-01 -2.136509e-03
4.684748e+02 6.326779e-11 9.948280e-01 -2.134238e-03
4.689752e+02 6.300567e-11 9.949152e-01 -2.131972e-03
4.694756e+02 6.274489e-11 9.950022e-01 -2.129711e-03
4.699760e+02 6.248547e-11 9.950891e-01 -2.127454e-03
4.704764e+02 6.222738e-11 9.951758e-01 -2.125202e-03
4.709768e+02 6.197063e-11 9.952623e-01 -2.122955e-03
4.714772e+02 6.171519e-11 9.953487e-01 -2.120712e-03
4.719776e+02 6.146108e-11 9.954349e-01 -2.118473e-03
4.724780e+02 6.120827e-11 9.955209e-01 -2.116240e-03
4.729784e+02 6.095675e-11 9.956067e-01 -2.114010e-03
4.734788e+02 6.070653e-11 9.956924e-01 -2.111786e-03
4.739792e+02 6.045759e-11 9.957779e-01 -2.109565e-03
4.744796e+02 6.020993e-11 9.958632e-01 -2.107350e-03
4.749800e+02 5.996353e-11 9.959483e-01 -2.105138e-03
4.754804e+02 5.971839e-11 9.960333e-01 -2.102931e-03
4.759808e+02 5.947451e-11 9.961181e-01 -2.100729e-03
4.764812e+02 5.923186e-11 9.962028e-01 -2.098531e-03
4.769816e+02 5.899046e-11 9.962873e-01 -2.096338e-03
4.774820e+02 5.875028e-11 9.963716e-01 -2.094149e-03
4.779824e+02 5.851132e-11 9.964557e-01 -2.091964e-03
4.784828e+02 5.827358e-11 9.965397e-01 -2.089784e-03
4.789832e+02 5.803704e-11 9.966235e-01 -2.087608e-03
4.794836e+02 5.780170e-11 9.967072e-01 -2.085436e-03
4.799840e+02 5.756756e-11 9.967906e-01 -2.083269e-03
4.804844e+02 5.733460e-11 9.968739e-01 -2.081106e-03
4.809848e+02 5.710281e-11 9.969571e-01 -2.078947e-03
4.814852e+02 5.687220e-11 9.970401e-01 -2.076793e-03
4.819856e+02 5.664275e-11 9.971229e-01 -2.074643e-03
4.824860e+02 5.641445e-11 9.972056e-01 -2.072498e-03
4.829864e+02 5.618730e-11 9.972881e-01 -2.070356e-03
4.834868e+02 5.596130e-11 9.973704e-01 -2.068219e-03
4.839872e+02 5.573643e-11 9.974526e-01 -2.066086e-03
4.844876e+02 5.551269e-11 9.975346e-01 -2.063957e-03
4.849880e+02 5.529007e-11 9.976165e-01 -2.061833e-03
4.854884e+02 5.506856e-11 9.976982e-01 -2.059713e-03
4.859888e+02 5.484817e-11 9.977797e-01 -2.057597e-03
4.864892e+02 5.462887e-11 9.978611e-01 -2.055485e-03
4.869896e+02 5.441067e-11 9.979423e-01 -2.053377e-03
4.874900e+02 5.419356e-11 9.980234e-01 -2.051273e-03
4.879904e+02 5.397753e-11 9.981043e-01 -2.049174e-03
4.884908e+02 5.376258e-11 9.981850e-01 -2.047079e-03
4.889912e+02 5.354869e-11 9.982656e-01 -2.044988e-03
4.894916e+02 5.333587e-11 9.983461e-01 -2.042900e-03
4.899920e+02 5.312410e-11 9.984263e-01 -2.040818e-03
4.904924e+02 5.291339e-11 9.985065e-01 -2.038739e-03
4.909928e+02 5.270371e-11 9.985864e-01 -2.036664e-03
4.914932e+02 5.249508e-11 9.986663e-01 -2.034593e-03
4.919936e+02 5.228747e-11 9.987459e-01 -2.032526e-03
4.924940e+02 5.208090e-11 9.988254e-01 -2.030464e-03
4.929944e+02 5.187534e-11 9.989048e-01 -2.028405e-03
4.934948e+02 5.167079e-11 9.989840e-01 -2.026350e-03
4.939952e+02 5.146725e-11 9.990631e-01 -2.024300e-03
4.944956e+02 5.126471e-11 9.991420e-01 -2.022253e-03
4.949960e+02 5.106317e-11 9.992207e-01 -2.020210e-03
4.954964e+02 5.086262e-11 9.992993e-01 -2.018172e-03
4.959968e+02 5.066305e-11 9.993778e-01 -2.016137e-03
4.964972e+02 5.046446e-11 9.994561e-01 -2.014106e-03
4.969976e+02 5.026684e-11 9.995342e-01 -2.012079e-03
4.974980e+02 5.007018e-11 9.996122e-01 -2.010056e-03
4.979984e+02 4.987449e-11 9.996901e-01 -2.008037e-03
4.984988e+02 4.967976e-11 9.997678e-01 -2.006022e-03
4.989992e+02 4.948597e-11 9.998453e-01 -2.004011e-03
4.994996e+02 4.929312e-11 9.999227e-01 -2.002004e-03
5.000000e+02 4.910122e-11 1.000000e+00 -2.000000e-03
