-2.220000000000000195e+00 1.229482323498034724e+01 2.378373858454243361e+02 1.299007910641392129e+02 1.252703970293756441e+01 1.277770076877862948e+01 -7.708092076157329586e+01
-2.200000000000000178e+00 1.255345683569002979e+01 2.380556533595994892e+02 1.283099018987416855e+02 1.206540935620946442e+01 1.139638180918760924e+01 -7.764416224359368357e+01
-2.180000000000000160e+00 1.279904589670928416e+01 2.382558253697463044e+02 1.267589993501206749e+02 1.175560049617739011e+01 1.009263571080774469e+01 -7.825160295691161139e+01
-2.160000000000000142e+00 1.303406981710144663e+01 2.384364119581583168e+02 1.252346556719526092e+02 1.157234782804921558e+01 8.845219403138429470e+00 -7.889712505831474232e+01
-2.140000000000000124e+00 1.326100799592986057e+01 2.385959232071291183e+02 1.237234431179137175e+02 1.149038605703282911e+01 7.632889815679063439e+00 -7.957461070459085306e+01
-2.120000000000000107e+00 1.348233983225786403e+01 2.387328691989521872e+02 1.222119339416803285e+02 1.148444988833610481e+01 6.434403877929044668e+00 -8.027794205252767767e+01
-2.100000000000000089e+00 1.370054472514880040e+01 2.388457600159211722e+02 1.206867003969287424e+02 1.152927402716692740e+01 5.228518519387773011e+00 -8.100100125891293601e+01
-2.080000000000000071e+00 1.391810207366600594e+01 2.389331057403294380e+02 1.191343147373352309e+02 1.159959317873317453e+01 3.993990669554642547e+00 -8.173767048053434792e+01
-2.060000000000000053e+00 1.413749127687282581e+01 2.389934164544707755e+02 1.175413492165761795e+02 1.167014204824273271e+01 2.709577257929056682e+00 -8.248183187417970430e+01
-2.040000000000000036e+00 1.436119173383259096e+01 2.390252022406385493e+02 1.158943760883278173e+02 1.171565534090347427e+01 1.354035214010410604e+00 -8.322736759663665396e+01
-2.020000000000000018e+00 1.459168284360864831e+01 2.390269731811263227e+02 1.141799676062664446e+02 1.171086776192328571e+01 -9.387853270189888688e-02 -8.396815980469297358e+01
-2.000000000000000000e+00 1.483042511632458726e+01 2.389975862329912104e+02 1.123915936826074784e+02 1.163835492242150238e+01 -1.644427312566194566e+00 -8.469804574075375569e+01
-1.980000000000000204e+00 1.507480350634498656e+01 2.389372858523441892e+02 1.105503148637224911e+02 1.151205605716328506e+01 -3.263955495371698046e+00 -8.541068298969342720e+01
-1.960000000000000187e+00 1.532118407909468871e+01 2.388466633700598436e+02 1.086840893545221576e+02 1.135375130682525402e+01 -4.907827710765358731e+00 -8.609968422200384452e+01
-1.940000000000000169e+00 1.556593289999851493e+01 2.387263101170126447e+02 1.068208753599170961e+02 1.118522081208402419e+01 -6.531408588394118198e+00 -8.675866210817679303e+01
-1.920000000000000151e+00 1.580541603448131305e+01 2.385768174240772339e+02 1.049886310848180813e+02 1.102824471361621939e+01 -8.090062757904920687e+00 -8.738122931870415755e+01
-1.900000000000000133e+00 1.603675566490078808e+01 2.383987908304263783e+02 1.032074676945384368e+02 1.089881821355795921e+01 -9.553975476285634372e+00 -8.796460685474329466e+01
-1.880000000000000115e+00 1.626009844134619442e+01 2.381928927084265410e+02 1.014661081960029065e+02 1.078979675988342102e+01 -1.095261450988781426e+01 -8.852044904011428628e+01
-1.860000000000000320e+00 1.647634713083967384e+01 2.379597996387424814e+02 9.974542855653886875e+01 1.068825086202627972e+01 -1.233026825240392377e+01 -8.906401852930274288e+01
-1.840000000000000302e+00 1.668640450040335210e+01 2.377001882020388450e+02 9.802630474347371603e+01 1.058125102942021378e+01 -1.373122509752644227e+01 -8.961057797679433179e+01
-1.820000000000000284e+00 1.689117331705936920e+01 2.374147349789804480e+02 9.628961272413494044e+01 1.045586777149890523e+01 -1.519977343894784205e+01 -9.017539003707469192e+01
-1.800000000000000266e+00 1.709156578736263654e+01 2.371039060188801386e+02 9.452128514844054052e+01 1.030370959637814998e+01 -1.676553778288134922e+01 -9.076968119253851341e+01
-1.780000000000000249e+00 1.728853187599922947e+01 2.367673252456439457e+02 9.272748139667110934e+01 1.013453700690222270e+01 -1.839948708562328150e+01 -9.138853323721676247e+01
-1.760000000000000231e+00 1.748303098718798410e+01 2.364044060518257311e+02 9.091941753169783169e+01 9.962648504597511945e+00 -2.005792641599069981e+01 -9.202299179304935706e+01
-1.740000000000000213e+00 1.767602252514774364e+01 2.360145618299795274e+02 8.910830961639187819e+01 9.802342590990411608e+00 -2.169716084280065260e+01 -9.266410248197628619e+01
-1.720000000000000195e+00 1.786846589409735486e+01 2.355972059726595091e+02 8.730537371362441945e+01 9.667917767607312030e+00 -2.327349543487022743e+01 -9.330291092593753888e+01
-1.700000000000000178e+00 1.806111425379125635e+01 2.351507095345534708e+02 8.551599491960691068e+01 9.568954804145151982e+00 -2.476077919942092365e+01 -9.393147077683879331e+01
-1.680000000000000160e+00 1.825389578612621477e+01 2.346692742188847376e+02 8.372223446391173240e+01 9.496163542983063977e+00 -2.620303689729207264e+01 -9.454586780644854116e+01
-1.660000000000000142e+00 1.844653242853459219e+01 2.341460593910105956e+02 8.190032260945150711e+01 9.435536094670725404e+00 -2.766183722772743536e+01 -9.514319581650100588e+01
-1.640000000000000124e+00 1.863874611844875062e+01 2.335742244162882173e+02 8.002648961913888570e+01 9.373064569757820763e+00 -2.919874888997078699e+01 -9.572054860873042514e+01
-1.620000000000000107e+00 1.883025879330105212e+01 2.329469286600748603e+02 7.807696575588651910e+01 9.294741078794025668e+00 -3.087534058326590625e+01 -9.627501998487100821e+01
-1.600000000000000089e+00 1.902073703973563212e+01 2.322602969588612325e+02 7.603777557424203337e+01 9.189873621666276193e+00 -3.273186005688043565e+01 -9.680692249921295911e+01
-1.580000000000000071e+00 1.920962604124371254e+01 2.315223160336718422e+02 7.393412079529313985e+01 9.061033755610507612e+00 -3.472327126017745513e+01 -9.732944371627036162e+01
-1.560000000000000053e+00 1.939631563052829222e+01 2.307439380766647332e+02 7.180099743176255345e+01 8.914108927199915655e+00 -3.678321719254392974e+01 -9.785898995311323745e+01
-1.540000000000000036e+00 1.958019564029238069e+01 2.299361152799979777e+02 6.967340149637303170e+01 8.754986583007690726e+00 -3.884534085336682807e+01 -9.841196752681167936e+01
-1.520000000000000018e+00 1.976065590323896615e+01 2.291097998358295342e+02 6.758632900184724690e+01 8.589554169607028555e+00 -4.084328524203309740e+01 -9.900478275443570908e+01
-1.500000000000000222e+00 1.993717004763551515e+01 2.282727759990954439e+02 6.556523721364494861e+01 8.422688259205701300e+00 -4.272991008509151811e+01 -9.964452709391807161e+01
-1.480000000000000204e+00 2.010954688400726909e+01 2.274201562758431123e+02 6.359742840817349929e+01 8.255221926549795697e+00 -4.453494201773808925e+01 -1.003010325666420925e+02
-1.460000000000000187e+00 2.027767901844394416e+01 2.265438852348980561e+02 6.166066611457733160e+01 8.086977372019974908e+00 -4.630732440233058611e+01 -1.009348163348537923e+02
-1.440000000000000169e+00 2.044145905703523169e+01 2.256359074450855644e+02 5.973271386200082134e+01 7.917776795996906536e+00 -4.809600060122680532e+01 -1.015063955607991772e+02
-1.420000000000000151e+00 2.060077960587084434e+01 2.246881674752310403e+02 5.779133517958836563e+01 7.747442398861256407e+00 -4.994991397678454348e+01 -1.019762874067242535e+02
-1.400000000000000133e+00 2.075549881277322584e+01 2.236947522153783154e+02 5.581998732237807559e+01 7.575197039587483694e+00 -5.190355200937113267e+01 -1.023193862571864798e+02
-1.380000000000000338e+00 2.090533699249581545e+01 2.226583178404445391e+02 5.382490244898293952e+01 7.397866211525223612e+00 -5.393357865139211071e+01 -1.025680953859891815e+02
-1.360000000000000320e+00 2.104998000152477644e+01 2.215836628465653177e+02 5.181800644390965260e+01 7.211676066617898506e+00 -5.600220197326257932e+01 -1.027691952892471221e+02
-1.340000000000000302e+00 2.118911369634628628e+01 2.204755857298762294e+02 4.981122519166493845e+01 7.012852756808936050e+00 -5.807163004539761886e+01 -1.029694664630750367e+02
-1.320000000000000284e+00 2.132242393344652243e+01 2.193388849865128236e+02 4.781648457675549935e+01 6.797622434041763029e+00 -6.010407093821230973e+01 -1.032156894035877457e+02
-1.300000000000000266e+00 2.144980878580408046e+01 2.181747085262420285e+02 4.583942338925643867e+01 6.563561456639122937e+00 -6.207867876668120033e+01 -1.035442234026431549e+02
-1.280000000000000249e+00 2.157201519236726739e+01 2.169696019133557741e+02 4.386053204151647122e+01 6.313647008441022557e+00 -6.404239182401666142e+01 -1.039497429350718818e+02
-1.260000000000000231e+00 2.169000230857681544e+01 2.157064601257775109e+02 4.185401385145271291e+01 6.052206479666793371e+00 -6.605909444799054597e+01 -1.044165012714477996e+02
-1.240000000000000213e+00 2.180472928987344261e+01 2.143681781414304339e+02 3.979407213698225121e+01 5.783567260535753540e+00 -6.819267097637465724e+01 -1.049287516823446111e+02
-1.220000000000000195e+00 2.191715529169788823e+01 2.129376509382379368e+02 3.765491021602218780e+01 5.512056741267236326e+00 -7.050700574694087663e+01 -1.054707474383362182e+02
-1.200000000000000178e+00 2.202789468251474858e+01 2.114046935693414184e+02 3.542159821515577534e+01 5.241588429388095882e+00 -7.304285833126199634e+01 -1.060229153977797125e+02
-1.180000000000000160e+00 2.213618268288406910e+01 2.097868013887548386e+02 3.312267349563074248e+01 4.974420301655308130e+00 -7.574848923611479279e+01 -1.065503767701657125e+02
-1.160000000000000142e+00 2.224090972638976282e+01 2.081083898257101339e+02 3.079754022736094043e+01 4.712396452133384095e+00 -7.854903420207702425e+01 -1.070144263527681545e+02
-1.140000000000000124e+00 2.234096624661576413e+01 2.063938743094394113e+02 2.848560258026024883e+01 4.457360974886832139e+00 -8.136962896972647741e+01 -1.073763589428610175e+02
-1.120000000000000107e+00 2.243524267714597542e+01 2.046676702691746357e+02 2.622626472424252597e+01 4.211157963980158847e+00 -8.413540927964091054e+01 -1.075974693377182234e+02
-1.100000000000000089e+00 2.252279705086558792e+01 2.029471089761503322e+02 2.404815239661449056e+01 3.974228233463919402e+00 -8.679134672739694167e+01 -1.076562501821548636e+02
-1.080000000000000071e+00 2.260335779786487365e+01 2.012211850696110673e+02 2.193677760425429923e+01 3.741399477332854939e+00 -8.936175632856685525e+01 -1.075999855111507202e+02
-1.060000000000000275e+00 2.267682094753536504e+01 1.994718090308038825e+02 1.986687392143296549e+01 3.506096109567751640e+00 -9.189078895372171019e+01 -1.074931572072266732e+02
-1.040000000000000258e+00 2.274308252926858742e+01 1.976808913409757338e+02 1.781317492242144240e+01 3.261742544149389467e+00 -9.442259547343263648e+01 -1.074002471529035603e+02
-1.020000000000000240e+00 2.280203857245608390e+01 1.958303424813737479e+02 1.575041418149077010e+01 3.001763195058556377e+00 -9.700132675827077833e+01 -1.073857372307022899e+02
-1.000000000000000222e+00 2.285378407906407006e+01 1.939070833456687524e+02 1.365973763933465790e+01 2.721976965672950222e+00 -9.966269465853017095e+01 -1.074932021163692184e+02
-9.800000000000002043e-01 2.289920994135745502e+01 1.919180764772270322e+02 1.154794070233768544e+01 2.427780716957915530e+00 -1.024086549433966127e+02 -1.076825876585523645e+02
-9.600000000000001865e-01 2.293940602417583108e+01 1.898752948318385450e+02 9.428231143307144180e+00 2.126965799275708946e+00 -1.052327243617787786e+02 -1.078929324991251946e+02
-9.400000000000001688e-01 2.297546219235878695e+01 1.877907113652935323e+02 7.313816735050327367e+00 1.827323562988588224e+00 -1.081284196625854577e+02 -1.080632752799612604e+02
-9.200000000000001510e-01 2.300846831074590781e+01 1.856762990333818664e+02 5.217905250374524684e+00 1.536645358458808897e+00 -1.110892575947252823e+02 -1.081326546429339572e+02
-9.000000000000001332e-01 2.303871659231165125e+01 1.835361150081177470e+02 3.147637328531896816e+00 1.255524766466707520e+00 -1.141157292412025157e+02 -1.080558361222060455e+02
-8.800000000000001155e-01 2.306330864256988988e+01 1.813425533264113199e+02 1.085885074554066687e+00 9.557642894649373000e-01 -1.172362230214031200e+02 -1.078504928210969780e+02
-8.600000000000000977e-01 2.307854841516936517e+01 1.790600922413968021e+02 -9.905465400824684519e-01 6.019686603242314638e-01 -1.204861016888086027e+02 -1.075500247352156009e+02
-8.400000000000000799e-01 2.308073986375880793e+01 1.766532100062084112e+02 -3.104852543901218898e+00 1.587426119153225179e-01 -1.239007279969004429e+02 -1.071878318601705757e+02
-8.200000000000000622e-01 2.306618694198695962e+01 1.740863848739802791e+02 -5.280227965425692283e+00 -4.093091228910572532e-01 -1.275154646991601055e+02 -1.067973141915706776e+02
-8.000000000000002665e-01 2.303242367513888667e+01 1.713378067424785343e+02 -7.529833286493602174e+00 -1.121046202304479156e+00 -1.313526889854927902e+02 -1.064021763892041577e+02
-7.800000000000002487e-01 2.298190437504495165e+01 1.684405120879966660e+02 -9.826690802199689045e+00 -1.929185848855794250e+00 -1.353828357914991329e+02 -1.059873417695773981e+02
-7.600000000000002309e-01 2.291831342517183145e+01 1.654412490314598472e+02 -1.213378826095283003e+01 -2.769909676156141476e+00 -1.395633544892031068e+02 -1.055280383133761575e+02
-7.400000000000002132e-01 2.284533520898623138e+01 1.623867656937934782e+02 -1.441411341116194933e+01 -3.579399297816667325e+00 -1.438516944506290542e+02 -1.049994940012863083e+02
-7.200000000000001954e-01 2.276665410995483541e+01 1.593238101959228743e+02 -1.663065400123596049e+01 -4.293836327448520507e+00 -1.482053050478011755e+02 -1.043769368139937512e+02
-7.000000000000001776e-01 2.268487198974492358e+01 1.562855985533254000e+02 -1.875581051141173461e+01 -4.871539497311370148e+00 -1.525886240918425187e+02 -1.036389174098749919e+02
-6.800000000000001599e-01 2.259826062282622061e+01 1.532512183596872717e+02 -2.079963434923799070e+01 -5.359376014258987908e+00 -1.569940431502718639e+02 -1.027772771580697508e+02
-6.600000000000001421e-01 2.250400926186901174e+01 1.501862251032465849e+02 -2.278158965409139824e+01 -5.826350203793665194e+00 -1.614209422297066681e+02 -1.017871801054083249e+02
-6.400000000000001243e-01 2.239930715954360707e+01 1.470561742722415772e+02 -2.472114056534863025e+01 -6.341466391417697857e+00 -1.658687013367645022e+02 -1.006637902987210964e+02
-6.200000000000001066e-01 2.228134356852030251e+01 1.438266213549104862e+02 -2.663775122238636683e+01 -6.973728902633379967e+00 -1.703367004780629657e+02 -9.940227178483846160e+01
-6.000000000000000888e-01 2.214772655628329190e+01 1.404719283084513393e+02 -2.854560455331398927e+01 -7.770312940052300554e+00 -1.748353260570762870e+02 -9.799476935111682963e+01
-5.800000000000000711e-01 2.199773944957230754e+01 1.370016829659021482e+02 -3.043775864117183261e+01 -8.691077214723252453e+00 -1.794189900647058096e+02 -9.642135074701708675e+01
-5.600000000000000533e-01 2.183108438994097256e+01 1.334342796292606579e+02 -3.230199035773294014e+01 -9.674051314804323454e+00 -1.841531108887094774e+02 -9.465906446252611772e+01
-5.400000000000002576e-01 2.164746351894289944e+01 1.297881126005246131e+02 -3.412607657477032319e+01 -1.065726482845358625e+01 -1.891031069168450927e+02 -9.268495898763087837e+01
-5.200000000000002398e-01 2.144657897813172198e+01 1.260815761816918155e+02 -3.589779416405706769e+01 -1.157874734382915172e+01 -1.943343965368708837e+02 -9.047608281231822502e+01
-5.000000000000002220e-01 2.122727587166189522e+01 1.223198020313922001e+02 -3.760797185079811555e+01 -1.240163896606749461e+01 -1.999013645469271125e+02 -8.799569075338749258e+01
-4.800000000000002043e-01 2.098497115409124092e+01 1.184548712347840791e+02 -3.925964577392599608e+01 -1.318952186821867123e+01 -2.058142613866833699e+02 -8.515186293488729063e+01
-4.600000000000001865e-01 2.071422474257841273e+01 1.144256022336578411e+02 -4.085890392580517982e+01 -1.403108874031113373e+01 -2.120723039061917348e+02 -8.183888580767866472e+01
-4.400000000000001688e-01 2.040959655428208919e+01 1.101708134698039458e+02 -4.241183429880011602e+01 -1.501503227237334492e+01 -2.186747089555041725e+02 -7.795104582262261772e+01
-4.200000000000001510e-01 2.006564650636091329e+01 1.056293233850127393e+02 -4.392452488527523258e+01 -1.623004515443374274e+01 -2.256206933846726201e+02 -7.338262943058013832e+01
-4.000000000000001332e-01 1.967864517570930971e+01 1.007636038498489768e+02 -4.539598482907484112e+01 -1.773911599078084222e+01 -2.328925587091078739e+02 -6.805036215161879909e+01
-3.800000000000001155e-01 1.925170577816467699e+01 9.563074044997448198e+01 -4.679690787996252510e+01 -1.950241704274331056e+01 -2.404049451056555426e+02 -6.196072578263241581e+01
-3.600000000000000977e-01 1.878965218930020598e+01 9.031147219982550212e+01 -4.809090893918173037e+01 -2.145441648590988137e+01 -2.480555774165200944e+02 -5.514264118972141659e+01
-3.400000000000000799e-01 1.829730828468905202e+01 8.488653811383818493e+01 -4.924160290797588857e+01 -2.352958249586927053e+01 -2.557421804839058552e+02 -4.762502923898618690e+01
-3.200000000000000622e-01 1.777949793990438465e+01 7.943667720644867813e+01 -5.021260468758841711e+01 -2.566238324821020811e+01 -2.633624791500171796e+02 -3.943681079652711219e+01
-3.000000000000002665e-01 1.723907019536425267e+01 7.402187719705679569e+01 -5.097104712657603187e+01 -2.780345195668192559e+01 -2.707992879068044658e+02 -3.055416638419303510e+01
-2.800000000000002487e-01 1.667097475086618630e+01 6.861912062491641962e+01 -5.149813486274852892e+01 -2.996808198767588394e+01 -2.778757798452028283e+02 -2.074231514682580269e+01
-2.600000000000002309e-01 1.606818647105258080e+01 6.318463873424506971e+01 -5.177859048122891039e+01 -3.218773174574398155e+01 -2.844002177058931125e+02 -9.713735885015848837e+00
-2.400000000000002132e-01 1.542368022056585097e+01 5.767466276926029423e+01 -5.179713656714022818e+01 -3.449385963543816302e+01 -2.901808642295562208e+02 2.819092600646454727e+00
-2.200000000000001954e-01 1.473043086404839919e+01 5.204542397417960586e+01 -5.153849570560551285e+01 -3.691792406131036586e+01 -2.950259821568731695e+02 1.714369150957073984e+01
-2.000000000000001776e-01 1.398346661919006273e+01 4.627172289322777488e+01 -5.098756473369718378e+01 -3.946571966694227029e+01 -2.987063983421781472e+02 3.341059823300507503e+01
-1.800000000000001599e-01 1.318602911587037774e+01 4.040263727065845956e+01 -5.012993749628508056e+01 -4.204038605203440682e+01 -3.008431960944180332e+02 5.122241492955110687e+01
-1.600000000000001421e-01 1.234341333701631349e+01 3.450581415073252600e+01 -4.895138209018839603e+01 -4.451939905531705932e+01 -3.010200228361929362e+02 7.004475994964894880e+01
-1.400000000000001243e-01 1.146091426555483928e+01 2.864890057771089005e+01 -4.743766661222636571e+01 -4.678023451552052592e+01 -2.988205259901030217e+02 8.934325164373869654e+01
-1.200000000000001066e-01 1.054382688441291904e+01 2.289954359585442489e+01 -4.557455915921817535e+01 -4.870036827137504787e+01 -2.938283529787483417e+02 1.085835083622604174e+02
-1.000000000000000888e-01 9.596877008287604482e+00 1.731547516188656033e+01 -4.335018735510621468e+01 -5.017456593811294852e+01 -2.857687019627963991e+02 1.272394120967685467e+02
-8.000000000000007105e-02 8.622513778956266250e+00 1.191476688238086012e+01 -4.076211693232550459e+01 -5.116675223697462371e+01 -2.749329740551836494e+02 1.448178994032747084e+02
-6.000000000000005329e-02 7.622617169966361850e+00 6.705575276373417104e+00 -3.781027315043428416e+01 -5.165814166570245902e+01 -2.617541211069141696e+02 1.608341704789049800e+02
-4.000000000000003553e-02 6.599067154865341678e+00 1.696056862900322981e+00 -3.449458126899072141e+01 -5.162994872203884000e+01 -2.466650949689915819e+02 1.748034255207852539e+02
-2.000000000000001776e-02 5.553743707200663238e+00 -3.105631839002317207e+00 -3.081496654755306963e+01 -5.106338790372619485e+01 -2.300988474924199636e+02 1.862408647260415364e+02
0.000000000000000000e+00 4.491629023823027644e+00 -7.685067594362834598e+00 -2.679006662477639011e+01 -4.996579614272830128e+01 -2.125096000537374437e+02 1.948011124892823602e+02
