-2.200000000000000178e+00 1.229482323535129851e+01 2.378373858443854658e+02 1.299007910637064356e+02 1.252703970293768698e+01 1.277770076877834704e+01 -7.708092076157288375e+01
-2.180000000000000160e+00 1.252625806890847393e+01 2.380603556846327820e+02 1.284066797338048502e+02 1.222847142939035159e+01 1.143187306419560478e+01 -7.783340151837192877e+01
-2.160000000000000142e+00 1.276546245817290703e+01 2.382624753471883707e+02 1.268463908920724776e+02 1.197559618206952869e+01 1.009400457377107685e+01 -7.859015192049172072e+01
-2.140000000000000124e+00 1.301032838991191376e+01 2.384429400921480919e+02 1.252324682017940631e+02 1.176625873814719903e+01 8.761098267646190152e+00 -7.934679218107355325e+01
-2.120000000000000107e+00 1.325874785089279406e+01 2.386009451796079475e+02 1.235774553262544657e+02 1.159830387479533620e+01 7.430157115962376935e+00 -8.009894251325867742e+01
-2.100000000000000089e+00 1.350861282788286566e+01 2.387356858696638255e+02 1.218938959287384876e+02 1.146957636918592094e+01 6.098184088861068552e+00 -8.084222313018840111e+01
-2.080000000000000071e+00 1.375781530764943206e+01 2.388463574224116144e+02 1.201943336725309592e+02 1.137792099849093397e+01 4.762182156483693696e+00 -8.157225424500394695e+01
-2.060000000000000053e+00 1.400424727695980387e+01 2.389321550979472590e+02 1.184913122209166261e+02 1.132118253988234535e+01 3.419154288971681055e+00 -8.228465607084660860e+01
-2.040000000000000036e+00 1.424580072258129704e+01 2.389922741563667898e+02 1.167973752371804181e+02 1.129720577053214292e+01 2.066103456466465982e+00 -8.297504882085767974e+01
-2.020000000000000018e+00 1.448036763128121152e+01 2.390259098577659529e+02 1.151250663846070239e+02 1.130383546761229674e+01 7.000326291094760567e-01 -8.363905270817839721e+01
-2.000000000000000000e+00 1.470583998982685792e+01 2.390322574622407785e+02 1.134869293264813308e+02 1.133891640829478931e+01 -6.820552229578593639e-01 -8.427228794595005468e+01
-1.980000000000000204e+00 1.492120162658518723e+01 2.390105341614075201e+02 1.118893821318287394e+02 1.139733417402266369e+01 -2.081538328295219564e+00 -8.487316145081319974e+01
-1.960000000000000187e+00 1.512980373632167996e+01 2.389600448729637208e+02 1.103143404926371574e+02 1.146213756332323364e+01 -3.493319710266737488e+00 -8.545122695340550933e+01
-1.940000000000000169e+00 1.533608935540146945e+01 2.388801164461273743e+02 1.087375945066351193e+02 1.151341617899488412e+01 -4.910683590937659382e+00 -8.601882488786398540e+01
-1.920000000000000151e+00 1.554450152018967124e+01 2.387700757301163037e+02 1.071349342715510886e+02 1.153125962383598946e+01 -6.326914192373227941e+00 -8.658829568832554457e+01
-1.900000000000000133e+00 1.575948326705142044e+01 2.386292495741486448e+02 1.054821498851136852e+02 1.149575750064493818e+01 -7.735295736638684971e+00 -8.717197978892721721e+01
-1.880000000000000115e+00 1.598398574135613259e+01 2.384571705832210000e+02 1.037615632033426749e+02 1.139311862992666136e+01 -9.134085629226094127e+00 -8.777920243327577055e+01
-1.860000000000000098e+00 1.621499252449044448e+01 2.382541943854460840e+02 1.019816231154232469e+02 1.123402870301235623e+01 -1.054143400933477892e+01 -8.840722810285755884e+01
-1.840000000000000302e+00 1.644799530684527511e+01 2.380208823647152485e+02 1.001573102688319352e+02 1.103529262893975904e+01 -1.198046419959086961e+01 -8.905030608862871588e+01
-1.820000000000000284e+00 1.667848577881156302e+01 2.377577959049199023e+02 9.830360531104517463e+01 1.081371531674661668e+01 -1.347429952262051422e+01 -8.970268568154538968e+01
-1.800000000000000266e+00 1.690195563078023611e+01 2.374654963899515678e+02 9.643548888953952769e+01 1.058610167547067960e+01 -1.504606330104984835e+01 -9.035861617256377087e+01
-1.780000000000000249e+00 1.711514275618899816e+01 2.371443104926079570e+02 9.456511136491511138e+01 1.036683813019761757e+01 -1.670797319726369778e+01 -9.101387051992402633e+01
-1.760000000000000231e+00 1.731976986066271351e+01 2.367936260413123080e+02 9.269330195026678609e+01 1.016063717020485235e+01 -1.842862423268171312e+01 -9.167031635100251208e+01
-1.740000000000000213e+00 1.751880585287299752e+01 2.364125961533940767e+02 9.081805957181295241e+01 9.969792800817732115e+00 -2.016570576848220853e+01 -9.233134496045961725e+01
-1.720000000000000195e+00 1.771521964149148332e+01 2.360003739461827479e+02 8.893738315577212461e+01 9.796599027361599710e+00 -2.187690716584350881e+01 -9.300034764295568834e+01
-1.700000000000000178e+00 1.791198013518980048e+01 2.355561125370078344e+02 8.704927162836274590e+01 9.643349855161803319e+00 -2.351991778594395655e+01 -9.368071569315115710e+01
-1.680000000000000160e+00 1.811129301752340481e+01 2.350787355376111520e+02 8.515135689918385253e+01 9.511359249275034955e+00 -2.506869742295309678e+01 -9.437305519141364130e+01
-1.660000000000000142e+00 1.831231107158304283e+01 2.345662485373835580e+02 8.323980281135651182e+01 9.398021013683321101e+00 -2.656228760300537672e+01 -9.506683136093982966e+01
-1.640000000000000124e+00 1.851342385534326951e+01 2.340164276201281837e+02 8.131040619138238412e+01 9.299748912100037401e+00 -2.805600028522646383e+01 -9.574872421063366801e+01
-1.620000000000000107e+00 1.871302092677866469e+01 2.334270488696482460e+02 7.935896386576311556e+01 9.212956708238557724e+00 -2.960514742874203264e+01 -9.640541374939917318e+01
-1.600000000000000089e+00 1.890949184386379045e+01 2.327958883697468764e+02 7.738127266100030965e+01 9.134058165812254160e+00 -3.126504099267776127e+01 -9.702357998614027679e+01
-1.580000000000000071e+00 1.910150502309440412e+01 2.321224125558791229e+02 7.537683368011187213e+01 9.059075230739601636e+00 -3.307143338173650449e+01 -9.759460350205468160e+01
-1.560000000000000053e+00 1.928884431505100494e+01 2.314128492701073583e+02 7.335996513218061921e+01 8.982462577759484645e+00 -3.498183878292977766e+01 -9.812866716751481988e+01
-1.540000000000000036e+00 1.947157242883528028e+01 2.306751167061457863e+02 7.134868950280555566e+01 8.898283063815885185e+00 -3.693421182884630838e+01 -9.864065442518692350e+01
-1.520000000000000018e+00 1.964975207354893172e+01 2.299171330577087815e+02 6.936102927758575731e+01 8.800599545852795913e+00 -3.886650715207481710e+01 -9.914544871773719592e+01
-1.500000000000000000e+00 1.982344595829363953e+01 2.291468165185104624e+02 6.741500694212024314e+01 8.683474880814200603e+00 -4.071667938520399588e+01 -9.965793348783179795e+01
-1.480000000000000204e+00 1.999283019919567650e+01 2.283685767452875552e+02 6.552098251447978328e+01 8.543454979888984724e+00 -4.244432554120760415e+01 -1.001879916184806518e+02
-1.460000000000000187e+00 2.015853454047959303e+01 2.275727892468660798e+02 6.365866614262186118e+01 8.387017971245631642e+00 -4.409561215459949324e+01 -1.007255037540683986e+02
-1.440000000000000169e+00 2.032130213339451075e+01 2.267463209950944645e+02 6.180010550697570437e+01 8.223125037297515760e+00 -4.573834814027854634e+01 -1.012553499793232561e+02
-1.420000000000000151e+00 2.048187612918955836e+01 2.258760389618211377e+02 5.991734828797049772e+01 8.060737360458020362e+00 -4.744034241314366085e+01 -1.017624103789735557e+02
-1.400000000000000133e+00 2.064099967911386457e+01 2.249488101188945279e+02 5.798244216603546164e+01 7.908816123140524290e+00 -4.926940388809370575e+01 -1.022315650377476004e+02
-1.380000000000000115e+00 2.079915929426558208e+01 2.239547037554777944e+02 5.597506493946480788e+01 7.771835736784140636e+00 -5.127243176645417577e+01 -1.026535193161888486e+02
-1.360000000000000320e+00 2.095581492513901267e+01 2.228965984299927641e+02 5.390541487801277754e+01 7.636323528930921256e+00 -5.341268639525697637e+01 -1.030422796781016075e+02
-1.340000000000000302e+00 2.111016988207747147e+01 2.217805750181759947e+02 5.179132036929858884e+01 7.484320056148648703e+00 -5.563251840796062453e+01 -1.034176778631053111e+02
-1.320000000000000284e+00 2.126142747542428424e+01 2.206127143957640158e+02 4.965060980094147425e+01 7.297865875005107306e+00 -5.787427843802363725e+01 -1.037995456108193935e+02
-1.300000000000000266e+00 2.140879101552277319e+01 2.193990974384934418e+02 4.750111156056069461e+01 7.059001542068080504e+00 -6.008031711890451732e+01 -1.042077146608633313e+02
-1.280000000000000249e+00 2.155150455919972075e+01 2.181447291132771795e+02 4.535711453395867920e+01 6.757403427491219361e+00 -6.221054451465562352e+01 -1.046572809725885378e+02
-1.260000000000000231e+00 2.168897514921565417e+01 2.168503107517336446e+02 4.321874959967072272e+01 6.413291155771637442e+00 -6.429510841170470314e+01 -1.051443973842742992e+02
-1.240000000000000213e+00 2.182065057481458936e+01 2.155154677766579141e+02 4.108260813441535930e+01 6.054520164992315934e+00 -6.638171602707339503e+01 -1.056604809539319092e+02
-1.220000000000000195e+00 2.194597862524050669e+01 2.141398256108446674e+02 3.894528151491105206e+01 5.708945893236226254e+00 -6.851807457778329535e+01 -1.061969487395725764e+02
-1.200000000000000178e+00 2.206440708973740428e+01 2.127230096770889247e+02 3.680336111787632802e+01 5.404423778586353144e+00 -7.075189128085601453e+01 -1.067452177992076088e+02
-1.180000000000000160e+00 2.217578319912741591e+01 2.112636091539349366e+02 3.465341682236940812e+01 5.161047061579874473e+00 -7.311880604739501166e+01 -1.072930852727141513e+02
-1.160000000000000142e+00 2.228155195054521798e+01 2.097560682429241581e+02 3.249193251680733852e+01 4.967860192570769939e+00 -7.560618956483108377e+01 -1.078138686274330666e+02
-1.140000000000000124e+00 2.238355778270362251e+01 2.081937949013475588e+02 3.031537059194689121e+01 4.806145424367222141e+00 -7.818934521467683396e+01 -1.082772654125710261e+02
-1.120000000000000107e+00 2.248364513431544509e+01 2.065701970864960515e+02 2.812019343854483111e+01 4.657185009777413676e+00 -8.084357637844497901e+01 -1.086529731773348431e+02
-1.100000000000000089e+00 2.258365844409350132e+01 2.048786827556605488e+02 2.590286344735793023e+01 4.502261201609523589e+00 -8.354418643764807939e+01 -1.089106894709312172e+02
-1.080000000000000071e+00 2.268458355371925350e+01 2.031169247927284971e+02 2.366366629634611130e+01 4.326273020846405970e+00 -8.626847485572167784e+01 -1.090341744200879930e+02
-1.060000000000000053e+00 2.278397191674879707e+01 2.012996557879740180e+02 2.141818081228199233e+01 4.128586561169597324e+00 -8.900172542379284835e+01 -1.090634384616175652e+02
-1.040000000000000258e+00 2.287851638970684220e+01 1.994458732582676532e+02 1.918580910914134208e+01 3.912184684435308313e+00 -9.173121801491141980e+01 -1.090525546098533596e+02
-1.020000000000000240e+00 2.296490982911812040e+01 1.975745747204799443e+02 1.698595330089987598e+01 3.680050252499739827e+00 -9.444423250212733478e+01 -1.090555958791287736e+02
-1.000000000000000222e+00 2.303984509150736670e+01 1.957047576914815181e+02 1.483801550153338589e+01 3.435166127219102528e+00 -9.712804875849047903e+01 -1.091266352837773184e+02
-9.800000000000002043e-01 2.310109505667700347e+01 1.938470926097987501e+02 1.275341845675802865e+01 3.180076481518478548e+00 -9.978028633933153912e+01 -1.093005049321636761e+02
-9.600000000000001865e-01 2.315075269754019871e+01 1.919789416005806402e+02 1.071166743925151899e+01 2.915570732598441683e+00 -1.024399235291040924e+02 -1.095350733087774842e+02
-9.400000000000001688e-01 2.319199101028780419e+01 1.900693397106321072e+02 8.684288353431961482e+00 2.641999608728442972e+00 -1.051562782945424743e+02 -1.097689679921396078e+02
-9.200000000000001510e-01 2.322798299111068587e+01 1.880873219867578428e+02 6.642807103717466966e+00 2.359713838177932121e+00 -1.079786686023810773e+02 -1.099408165607710117e+02
-9.000000000000001332e-01 2.326190163619969553e+01 1.860019234757626521e+02 4.558749594526140037e+00 2.069064149216356174e+00 -1.109564124193541801e+02 -1.099892465931924761e+02
-8.800000000000001155e-01 2.329576162704032782e+01 1.837898424515275337e+02 2.411377906944854654e+00 1.766754736170361051e+00 -1.141262195246628011e+02 -1.098722673324167829e+02
-8.600000000000000977e-01 2.332694438629659928e+01 1.814584300962381462e+02 2.108988287355371416e-01 1.434903657595363535e+00 -1.174743669473743068e+02 -1.096254146794239404e+02
-8.400000000000000799e-01 2.335167302192716932e+01 1.790227008191562845e+02 -2.024744675671114269e+00 1.051982438103977957e+00 -1.209745235290227043e+02 -1.093036061996858734e+02
-8.200000000000000622e-01 2.336617064189069026e+01 1.764976690295438573e+02 -4.277609641844407840e+00 5.964626023088172024e-01 -1.246003581111420289e+02 -1.089617594586744218e+02
-8.000000000000000444e-01 2.336666035414581089e+01 1.738983491366625742e+02 -6.529753105353650611e+00 4.681567482249384543e-02 -1.283255395352662447e+02 -1.086547920218614678e+02
-7.800000000000002487e-01 2.335038462973694706e+01 1.712364856107073763e+02 -8.766437282011793286e+00 -6.071153945464453638e-01 -1.321307210772189933e+02 -1.084190099505122333e+02
-7.600000000000002309e-01 2.331866339205154404e+01 1.685107431656049073e+02 -1.098574510860655096e+01 -1.330001955205775577e+00 -1.360244937499826676e+02 -1.082162732890651995e+02
-7.400000000000002132e-01 2.327383592756279995e+01 1.657165165762148433e+02 -1.318896470216923333e+01 -2.075143931367323891e+00 -1.400224330008291815e+02 -1.079898305777520449e+02
-7.200000000000001954e-01 2.321824152274391651e+01 1.628492006173969457e+02 -1.537738417973117677e+01 -2.795841247242925043e+00 -1.441401142770304205e+02 -1.076829303568046470e+02
-7.000000000000001776e-01 2.315421946406809894e+01 1.599041900640108622e+02 -1.755229165832371763e+01 -3.445393827044413104e+00 -1.483931130258584403e+02 -1.072388211664547271e+02
-6.800000000000001599e-01 2.308327981513633631e+01 1.568757784010646219e+02 -1.971465846437813951e+01 -3.995423072993573577e+00 -1.527924993180612319e+02 -1.066114251648720597e+02
-6.600000000000001421e-01 2.300361574806079545e+01 1.537538539541597231e+02 -2.186418876192555416e+01 -4.490836299352001681e+00 -1.573313217182916333e+02 -1.057973589819784905e+02
-6.400000000000001243e-01 2.291259121208140925e+01 1.505272037590456762e+02 -2.400026992439701345e+01 -4.994862298391240962e+00 -1.619981234146783606e+02 -1.048039128656338193e+02
-6.200000000000001066e-01 2.280757015643813546e+01 1.471846148514722756e+02 -2.612228932522356217e+01 -5.570729862382837183e+00 -1.667814475953503575e+02 -1.036383770636978170e+02
-6.000000000000000888e-01 2.268591653037091760e+01 1.437148742671892307e+02 -2.822963433783626996e+01 -6.281667783598336108e+00 -1.716698374484364820e+02 -1.023080418240303260e+02
-5.800000000000000711e-01 2.254574024524810838e+01 1.401142149083988215e+02 -3.031880025640163012e+01 -7.168917785586784497e+00 -1.766569698348535553e+02 -1.008163233559799750e+02
-5.600000000000000533e-01 2.238813506095168293e+01 1.364086531431143499e+02 -3.237471405802798330e+01 -8.185773317007257077e+00 -1.817570563066705631e+02 -9.915114171485100769e+01
-5.400000000000000355e-01 2.221494069949202910e+01 1.326316512058016883e+02 -3.437941064055910800e+01 -9.263540757796324243e+00 -1.869894420887445108e+02 -9.729654291743644023e+01
-5.200000000000002398e-01 2.202799688287953117e+01 1.288166713309267095e+02 -3.631492490183875077e+01 -1.033352648789054662e+01 -1.923734724059322332e+02 -9.523657298052935971e+01
-5.000000000000002220e-01 2.182914333312456279e+01 1.249971757529552576e+02 -3.816329173971073629e+01 -1.132703688722652302e+01 -1.979284924830908494e+02 -9.295527792092276798e+01
-4.800000000000002043e-01 2.161900467304231910e+01 1.211906987309276218e+02 -3.991200064049093044e+01 -1.220082106763949881e+01 -2.036752072653364394e+02 -9.042441017681038318e+01
-4.600000000000001865e-01 2.139334512866712501e+01 1.173510626221811890e+02 -4.157035944438359110e+01 -1.301339906855943873e+01 -2.096397605788212957e+02 -8.756654787198829126e+01
-4.400000000000001688e-01 2.114671382683813050e+01 1.134161618086277059e+02 -4.315313058006505287e+01 -1.384873366131499317e+01 -2.158496559699568706e+02 -8.429197555165320921e+01
-4.200000000000001510e-01 2.087365989439447489e+01 1.093238906721789903e+02 -4.467507647621170008e+01 -1.479078761723481783e+01 -2.223323969851547020e+02 -8.051097776100189662e+01
-4.000000000000001332e-01 2.056873245817528328e+01 1.050121435947466608e+02 -4.615095956149983181e+01 -1.592352370764755065e+01 -2.291154871708261567e+02 -7.613383904523099943e+01
-3.800000000000001155e-01 2.022722615842574712e+01 1.004339356248074466e+02 -4.758772437180196135e+01 -1.731134140490889450e+01 -2.362145726542040620e+02 -7.107562017391357756e+01
-3.600000000000000977e-01 1.984741768901523429e+01 9.560276447709733816e+01 -4.896104387177494033e+01 -1.894038698548271427e+01 -2.435978698858068583e+02 -6.527048681412783537e+01
-3.400000000000000799e-01 1.942832925721916482e+01 9.054724853291736508e+01 -5.023877313327178484e+01 -2.077724342685992909e+01 -2.512217378969743322e+02 -5.865738085732827756e+01
-3.200000000000000622e-01 1.896898307031295161e+01 8.529600617356844339e+01 -5.138876722814548259e+01 -2.278849370653144746e+01 -2.590425357190462705e+02 -5.117524419496942301e+01
-3.000000000000000444e-01 1.846840133557200758e+01 7.987765578035153169e+01 -5.237888122824903547e+01 -2.494072080198819208e+01 -2.670166223833624031e+02 -4.276301871850576219e+01
-2.800000000000002487e-01 1.792557846409178168e+01 7.431727649495650212e+01 -5.317728531321126439e+01 -2.720451096254688395e+01 -2.750461433220262961e+02 -3.332185964778702214e+01
-2.600000000000002309e-01 1.733939768224777822e+01 6.862579050062865349e+01 -5.375341009376443679e+01 -2.956646352482768947e+01 -2.828163895701975434e+02 -2.260177551624290260e+01
-2.400000000000002132e-01 1.670871442023551978e+01 6.281058074100222655e+01 -5.407700128841656806e+01 -3.201718109727649875e+01 -2.899584385637988362e+02 -1.031498818569847309e+01
-2.200000000000001954e-01 1.603238410825054316e+01 5.687903015971151177e+01 -5.411780461567573042e+01 -3.454726628833926583e+01 -2.961033677387533771e+02 3.826280482021270135e+00
-2.000000000000001776e-01 1.530926217648837806e+01 5.083852170039074991e+01 -5.384556579404999610e+01 -3.714732170646192344e+01 -3.008822545309841985e+02 2.010980862509133260e+01
-1.800000000000001599e-01 1.453838773473407464e+01 4.470468383569349413e+01 -5.323081851435286183e+01 -3.978783838821193086e+01 -3.039181183326750784e+02 3.863686556383765947e+01
-1.600000000000001421e-01 1.371953461113074191e+01 3.852612715435049040e+01 -5.224724835661950806e+01 -4.235886108264277539e+01 -3.048017463610521531e+02 5.876268534718986558e+01
-1.400000000000001243e-01 1.285266031341100401e+01 3.235970777411180421e+01 -5.086932887319056107e+01 -4.473032296692945664e+01 -3.031158677896020208e+02 7.965599320622851565e+01
-1.200000000000001066e-01 1.193772234930749043e+01 2.626228181272747975e+01 -4.907153361640666844e+01 -4.677215721824700978e+01 -2.984432117918116774e+02 1.004855143720341744e+02
-1.000000000000000888e-01 1.097467822655282177e+01 2.029070538794757184e+01 -4.682833613860839961e+01 -4.835429701377039891e+01 -2.903665075411676639e+02 1.204199740756873638e+02
-8.000000000000007105e-02 9.967221555293042101e+00 1.450273987778683349e+01 -4.413452517376462936e+01 -4.937746907688476483e+01 -2.786983157414429684e+02 1.387248674348210216e+02
-6.000000000000005329e-02 8.933990355327839694e+00 8.959767701318758881e+00 -4.106615018235694237e+01 -4.986557431581555733e+01 -2.641705232175550009e+02 1.550527691132773782e+02
-4.000000000000003553e-02 7.897358748870313860e+00 3.724076537881551019e+00 -3.771957580649516473e+01 -4.987330718499838156e+01 -2.477448483247071351e+02 1.691530236614510443e+02
-2.000000000000001776e-02 6.879700858133567465e+00 -1.142045933186603079e+00 -3.419116668828908701e+01 -4.945536213886877874e+01 -2.303830094181027448e+02 1.807749756297365593e+02
0.000000000000000000e+00 5.903390805330702484e+00 -5.576312032547503073e+00 -3.057728746984854240e+01 -4.866643363186234694e+01 -2.130467248529454025e+02 1.896679695685285196e+02
