-1.860000000000000098e+00 1.904630064964294434e+00 3.543035984039306641e+00 -1.922241687774658203e+00 9.430731082486019101e-01 2.865571487711638721e+00 -9.013455362166408191e-01
-1.840000000000000080e+00 1.934492940932832195e+00 3.606165471645881748e+00 -1.944163011297620480e+00 9.767930291776746321e-01 2.866482350706168081e+00 -9.807328215934612015e-01
-1.820000000000000062e+00 1.961225770354698028e+00 3.664313679500010412e+00 -1.963186659793108468e+00 1.033396718410666493e+00 2.887790415643088693e+00 -1.013849765187200491e+00
-1.800000000000000044e+00 1.985371081069485344e+00 3.718515718646981938e+00 -1.979845923764053328e+00 1.106424053932589358e+00 2.924231859786515564e+00 -1.010377653969483314e+00
-1.780000000000000027e+00 2.007471400916789772e+00 3.769806700132085187e+00 -1.994674093713387775e+00 1.189414913728455758e+00 2.970542860400565477e+00 -9.799977749119355153e-01
-1.760000000000000009e+00 2.028069257736206055e+00 3.819221735000610352e+00 -2.008204460144042969e+00 1.275909175783277894e+00 3.021459594749354327e+00 -9.323914149861819434e-01
-1.740000000000000213e+00 2.047707179367328933e+00 3.867795934297845850e+00 -2.020970313558951403e+00 1.359446718082067740e+00 3.071718240096999342e+00 -8.772398611638480004e-01
-1.720000000000000195e+00 2.066927693649752928e+00 3.916564409069081432e+00 -2.033504944461043795e+00 1.433567418609837052e+00 3.116054973707615527e+00 -8.242244004165586446e-01
-1.700000000000000178e+00 2.086273328423073448e+00 3.966562270359608622e+00 -2.046341643353253748e+00 1.491811155351599139e+00 3.149205972845320112e+00 -7.830263197159399446e-01
-1.680000000000000160e+00 2.106286611526884567e+00 4.018824629214713617e+00 -2.060013700738512199e+00 1.527717806292365088e+00 3.165907414774228545e+00 -7.633269060336160816e-01
-1.660000000000000142e+00 2.127510070800781250e+00 4.074386596679687500e+00 -2.075054407119750977e+00 1.534827249417147099e+00 3.160895476758457168e+00 -7.748074463412129020e-01
-1.640000000000000124e+00 2.150325638503370218e+00 4.133935773844007677e+00 -2.091750984405539970e+00 1.509928289711092608e+00 3.133495868458035627e+00 -8.223407749962995394e-01
-1.620000000000000107e+00 2.174472864569300334e+00 4.196769721973903522e+00 -2.109406380126997327e+00 1.462805440159886894e+00 3.101392429116642813e+00 -8.915659159002193856e-01
-1.600000000000000089e+00 2.199530703352235328e+00 4.261838492379794729e+00 -2.127077473220880144e+00 1.406492140749350028e+00 3.086858530373872256e+00 -9.633134403402607848e-01
-1.580000000000000071e+00 2.225078109205835819e+00 4.328092136372096554e+00 -2.143821142623945075e+00 1.354021831465302306e+00 3.112167543869314823e+00 -1.018413919603710971e+00
-1.560000000000000053e+00 2.250694036483764648e+00 4.394480705261231357e+00 -2.158694267272949219e+00 1.318427952293564687e+00 3.199592841242566266e+00 -1.037697924977857955e+00
-1.540000000000000036e+00 2.275984021959768011e+00 4.460263323231396626e+00 -2.171063636392131624e+00 1.310033612499400535e+00 3.361843307538884051e+00 -1.008131334632647036e+00
-1.520000000000000018e+00 2.300659932087937509e+00 4.525935405961939217e+00 -2.181535680355672913e+00 1.328320598465853042e+00 3.573369881426205374e+00 -9.412212542686564376e-01
-1.500000000000000000e+00 2.324460215742448099e+00 4.592301442005980228e+00 -2.191026739825235214e+00 1.370060365855407580e+00 3.799059014978131366e+00 -8.546100964691226709e-01
-1.479999999999999982e+00 2.347123321797476070e+00 4.660165919916647859e+00 -2.200453155462482435e+00 1.432024370330551521e+00 4.003797160268265820e+00 -7.659402738172808034e-01
-1.459999999999999964e+00 2.368387699127197266e+00 4.730333328247070312e+00 -2.210731267929077148e+00 1.510984067553770682e+00 4.152470769370212089e+00 -6.928541988963677900e-01
-1.440000000000000169e+00 2.388134786642786000e+00 4.803442070315364631e+00 -2.222500834848319506e+00 1.601128785414996925e+00 4.220295479939147221e+00 -6.478387337226972909e-01
-1.420000000000000151e+00 2.406817983403413130e+00 4.879466208499631641e+00 -2.235295281690056424e+00 1.686319340713949178e+00 4.223803671956555483e+00 -6.227585380448962260e-01
-1.400000000000000133e+00 2.425033678505243540e+00 4.958213719942965447e+00 -2.248371450885770617e+00 1.747834422477788863e+00 4.189856910985496619e+00 -6.043227210446691089e-01
-1.380000000000000115e+00 2.443378261044445665e+00 5.039492581788455716e+00 -2.260986184866945248e+00 1.766952719733679178e+00 4.145316762589026816e+00 -5.792403919037207860e-01
-1.360000000000000098e+00 2.462448120117187500e+00 5.123110771179199219e+00 -2.272396326065063921e+00 1.724952921508784209e+00 4.117044792330207592e+00 -5.342206598037557708e-01
-1.340000000000000080e+00 2.482738678011443767e+00 5.209050258910462361e+00 -2.282102270888174189e+00 1.611167513904300241e+00 4.127130626335969055e+00 -4.612276275429180727e-01
-1.320000000000000062e+00 2.504341489782420105e+00 5.297988990386213182e+00 -2.290578631650582508e+00 1.447144171317561456e+00 4.178576132988737868e+00 -3.732453723851080207e-01
-1.300000000000000044e+00 2.527247143677130214e+00 5.390778904662590243e+00 -2.298543574643158838e+00 1.262484365219936011e+00 4.269611241234811061e+00 -2.885129652106647735e-01
-1.280000000000000249e+00 2.551446227942587353e+00 5.488271940795737436e+00 -2.306715266156774469e+00 1.086789567082792951e+00 4.398465880020490992e+00 -2.252694768999281838e-01
-1.260000000000000231e+00 2.576929330825805220e+00 5.591320037841795987e+00 -2.315811872482299805e+00 9.496612483774984348e-01 4.563369978292075579e+00 -2.017539783332368830e-01
-1.240000000000000213e+00 2.603659232924597777e+00 5.700282545593078787e+00 -2.326322533991563191e+00 8.744111390375569615e-01 4.760798569944938663e+00 -2.300157144233257733e-01
-1.220000000000000195e+00 2.631487484239978247e+00 5.813548456786573837e+00 -2.337820287380223405e+00 8.591920028450142910e-01 4.980207108670752447e+00 -2.973446262125095108e-01
-1.200000000000000178e+00 2.660237827123759669e+00 5.929014174895443468e+00 -2.349649143424896280e+00 8.958668620440517483e-01 5.209296153110261507e+00 -3.848408287754978563e-01
-1.180000000000000160e+00 2.689734003927757744e+00 6.044576103392850008e+00 -2.361153112902198092e+00 9.762987388788506582e-01 5.435766261904213970e+00 -4.736044371870006819e-01
-1.160000000000000142e+00 2.719799757003784624e+00 6.158130645751954013e+00 -2.371676206588745117e+00 1.092350655593592235e+00 5.647317993693352633e+00 -5.447355665217277210e-01
-1.140000000000000124e+00 2.750245825455570170e+00 6.268301881410097032e+00 -2.380740455236638464e+00 1.235016112721743831e+00 5.834401956747562679e+00 -5.843214016832973812e-01
-1.120000000000000107e+00 2.780830935394509762e+00 6.376624593661343710e+00 -2.388579969499913247e+00 1.391810523953922463e+00 5.998468957853257955e+00 -5.983974068909638788e-01
-1.100000000000000089e+00 2.811300809683910717e+00 6.485361241763939688e+00 -2.395606880008088524e+00 1.549379781270028289e+00 6.143719853425986699e+00 -5.979861161928893276e-01
-1.080000000000000071e+00 2.841401171187081687e+00 6.596774284976127056e+00 -2.402233317390684686e+00 1.694369776649963244e+00 6.274355499881299814e+00 -5.941100636372361743e-01
-1.060000000000000053e+00 2.870877742767333540e+00 6.713126182556153232e+00 -2.408871412277221680e+00 1.813426402073629040e+00 6.394576753634748201e+00 -5.977917832721669766e-01
-1.040000000000000036e+00 2.899581552014594443e+00 6.836093123499202839e+00 -2.415917009579096053e+00 1.895226718944007072e+00 6.509614664601481415e+00 -6.175087484712415975e-01
-1.020000000000000018e+00 2.927784845425269733e+00 6.965006215748230645e+00 -2.423700811335213867e+00 1.936572466356395461e+00 6.628821056695058722e+00 -6.515581899096093421e-01
-1.000000000000000000e+00 2.955865174222385594e+00 7.098610296983130397e+00 -2.432537233866359117e+00 1.936296552829171569e+00 6.762577947328642480e+00 -6.956922775878178200e-01
-9.800000000000000933e-01 2.984200089628967767e+00 7.235650204883796732e+00 -2.442740693493314907e+00 1.893231886880713644e+00 6.921267353915391496e+00 -7.456631815064136415e-01
-9.600000000000000755e-01 3.013167142868041992e+00 7.374870777130126065e+00 -2.454625606536865234e+00 1.806211377029398824e+00 7.115271293868469016e+00 -7.972230716659440830e-01
-9.400000000000000577e-01 3.043089505563810526e+00 7.515550523885084822e+00 -2.468394862617631969e+00 1.678693339643809512e+00 7.349624948302160732e+00 -8.466463200163940606e-01
-9.200000000000000400e-01 3.074072830945182577e+00 7.659102645243927476e+00 -2.483805244555593816e+00 1.532637722493344290e+00 7.607976153135258102e+00 -8.922961063055020459e-01
-9.000000000000001332e-01 3.106168392642245202e+00 7.807474013784984734e+00 -2.500502008470567361e+00 1.394629881197609222e+00 7.868625907987683910e+00 -9.330578122304444832e-01
-8.800000000000001155e-01 3.139427464285083236e+00 7.962611502086581972e+00 -2.518130410482368298e+00 1.291255171376204824e+00 8.109875212479355611e+00 -9.678168194883980391e-01
-8.600000000000000977e-01 3.173901319503784180e+00 8.126461982727052558e+00 -2.536335706710815430e+00 1.249098948648736940e+00 8.310025066230195989e+00 -9.954585097765396018e-01
-8.400000000000000799e-01 3.209597586603577302e+00 8.300246242905037874e+00 -2.554898366839413182e+00 1.286662023912039654e+00 8.455522615975880285e+00 -1.017040242327619470e+00
-8.200000000000000622e-01 3.246349312590265157e+00 8.482280728300473527e+00 -2.574139714806424006e+00 1.390107029171871122e+00 8.565399596915126423e+00 -1.042307286516686027e+00
-8.000000000000000444e-01 3.283945899144792069e+00 8.670155799213603132e+00 -2.594516288113798641e+00 1.537512051711219074e+00 8.666833891362408337e+00 -1.083176889254361175e+00
-7.800000000000000266e-01 3.322176747948106357e+00 8.861461815944677411e+00 -2.616484624263489156e+00 1.706955178813073459e+00 8.787003381632203514e+00 -1.151566297451268150e+00
-7.600000000000000089e-01 3.360831260681152344e+00 9.053789138793945312e+00 -2.640501260757446733e+00 1.876514497760421563e+00 8.953085950038987662e+00 -1.259392758018028635e+00
-7.399999999999999911e-01 3.399781695110502877e+00 9.245387295022105434e+00 -2.666954012782893901e+00 2.027312294464948650e+00 9.184258097358107165e+00 -1.413202062403488446e+00
-7.199999999999999734e-01 3.439231733345247566e+00 9.437142479731672751e+00 -2.695955806268149679e+00 2.152647649353124581e+00 9.467690798208396430e+00 -1.598054180209387942e+00
-7.000000000000001776e-01 3.479467913580098326e+00 9.630600054985606562e+00 -2.727550844826801768e+00 2.248863841480114534e+00 9.782553645669555209e+00 -1.793637625575687622e+00
-6.800000000000001599e-01 3.520776774009771071e+00 9.827305382846866166e+00 -2.761783332072439201e+00 2.312304149901085459e+00 1.010801623282129036e+01 -1.979640912642355088e+00
-6.600000000000001421e-01 3.563444852828979492e+00 1.002880382537841619e+01 -2.798697471618652788e+00 2.339311853671202535e+00 1.042324815274330696e+01 -2.135752555549350618e+00
-6.400000000000001243e-01 3.607603418446350574e+00 1.023629683164520543e+01 -2.838275370084430538e+00 2.329909946051586189e+00 1.071394115478585007e+01 -2.248520908501433713e+00
-6.200000000000001066e-01 3.652762660126156469e+00 1.044961019872010155e+01 -2.880250746110359028e+00 2.298840277127173870e+00 1.099187561338131403e+01 -2.331933685962539027e+00
-6.000000000000000888e-01 3.698277497346580844e+00 1.066822581067795994e+01 -2.924295221342424256e+00 2.264524411188856501e+00 1.127535405923264022e+01 -2.406838442461399108e+00
-5.800000000000000711e-01 3.743502849585808701e+00 1.089162555159364132e+01 -2.970080417426613550e+00 2.245383912527525450e+00 1.158267902304277541e+01 -2.494082732526744284e+00
-5.600000000000000533e-01 3.787793636322021040e+00 1.111929130554199219e+01 -3.017277956008911133e+00 2.259840345434072084e+00 1.193215303551464679e+01 -2.614514110687305326e+00
-5.400000000000000355e-01 3.830842554916960019e+00 1.135140372617539128e+01 -3.066037524457509988e+00 2.321396527449491654e+00 1.233661356677146159e+01 -2.785582182779469562e+00
-5.200000000000000178e-01 3.873693414266579982e+00 1.159093854545628055e+01 -3.118421073029428836e+00 2.423880289115193598e+00 1.278703784461745663e+01 -3.011144759870243881e+00
-5.000000000000000000e-01 3.917727801150397759e+00 1.184157026492461995e+01 -3.176968617703891606e+00 2.556200714222692572e+00 1.326893803627713808e+01 -3.291661704334290839e+00
-4.799999999999999822e-01 3.964327302347924409e+00 1.210697338612037122e+01 -3.244220174460121786e+00 2.707266886563501895e+00 1.376782630897500148e+01 -3.627592878546273436e+00
-4.599999999999999645e-01 4.014873504638672763e+00 1.239082241058349609e+01 -3.322715759277343750e+00 2.865987889929133559e+00 1.426921482993554946e+01 -4.019398144880854673e+00
-4.400000000000001688e-01 4.070339304390693691e+00 1.269533617319912366e+01 -3.414332483821977515e+00 3.022291078296693190e+00 1.476054694898202868e+01 -4.466964792063008893e+00
-4.200000000000001510e-01 4.130062836326199083e+00 1.301691084223309502e+01 -3.518295842509230109e+00 3.170176886385661419e+00 1.523699074633273121e+01 -4.967889814219004663e+00
-4.000000000000001332e-01 4.192973544755930426e+00 1.335048691929640619e+01 -3.633168425441497540e+00 3.304664019101102301e+00 1.569564548480466470e+01 -5.519197631825408124e+00
-3.800000000000001155e-01 4.258000873990637203e+00 1.369100490600006559e+01 -3.757512822721182033e+00 3.420771181348085221e+00 1.613361042721485816e+01 -6.117912665358793411e+00
-3.600000000000000977e-01 4.324074268341064453e+00 1.403340530395507990e+01 -3.889891624450683594e+00 3.513517078031679119e+00 1.654798483638034767e+01 -6.761059335295736439e+00
-3.400000000000000799e-01 4.390617694256102155e+00 1.437405061514674998e+01 -4.029789919404964671e+00 3.582318544653152692e+00 1.693848856782896917e+01 -7.451907729733504127e+00
-3.200000000000000622e-01 4.459033206737219146e+00 1.471499134305762269e+01 -4.180382791049251701e+00 3.644184939098591869e+00 1.731532384793189649e+01 -8.218710607252150524e+00
-3.000000000000000444e-01 4.531217382924023873e+00 1.505969999154453376e+01 -4.345767821521327789e+00 3.720523749850280559e+00 1.769131349577109447e+01 -9.095966394052423354e+00
-2.800000000000000266e-01 4.609066799956129223e+00 1.541164906446432070e+01 -4.530042592958981373e+00 3.832742465390503117e+00 1.807928033042854565e+01 -1.011817351633506412e+01
-2.600000000000000089e-01 4.694478034973145419e+00 1.577431106567382812e+01 -4.737304687500000000e+00 4.002248574201546560e+00 1.849204717098623973e+01 -1.131983040030082854e+01
-2.399999999999999911e-01 4.788619117803643910e+00 1.614965884546190722e+01 -4.971280093502003616e+00 4.242073859573140204e+00 1.892634365237413974e+01 -1.272435965628067045e+01
-2.199999999999999734e-01 4.889743889032054369e+00 1.653366663984548524e+01 -5.234208424201964860e+00 4.531747284024803868e+00 1.931452667291421577e+01 -1.431088063112644626e+01
-1.999999999999999556e-01 4.995377641931762369e+00 1.692080903127350311e+01 -5.527957699056685215e+00 4.842422104883500111e+00 1.957285994677640772e+01 -1.604743685582020518e+01
-1.800000000000001599e-01 5.103045669776154369e+00 1.730556060219488757e+01 -5.854395937522965276e+00 5.145251579476188830e+00 1.961760718813067328e+01 -1.790207186134399464e+01
-1.600000000000001421e-01 5.210273265838623047e+00 1.768239593505859375e+01 -6.215391159057617188e+00 5.411388965129842354e+00 1.936503211114696654e+01 -1.984282917867990648e+01
-1.400000000000001243e-01 5.315388199183861850e+00 1.804623699189722430e+01 -6.612869918989361828e+00 5.617243737895987188e+00 1.875290934612890936e+01 -2.182718298460016726e+01
-1.200000000000001066e-01 5.419928142041794850e+00 1.839379525307802155e+01 -7.048992916134593223e+00 5.760250248724410937e+00 1.780505718791479453e+01 -2.377033003903769171e+01
-1.000000000000000888e-01 5.526233242433650439e+00 1.872222957855191083e+01 -7.525979385181630121e+00 5.843099067289474036e+00 1.656680484747658966e+01 -2.557689774771557012e+01
-8.000000000000007105e-02 5.636643648380660565e+00 1.902869882826981041e+01 -8.046048560818785944e+00 5.868480763265532474e+00 1.508348153578625883e+01 -2.715151351635691412e+01
-6.000000000000005329e-02 5.753499507904053623e+00 1.931036186218262074e+01 -8.611419677734375000e+00 5.839085906326939579e+00 1.340041646381575902e+01 -2.839880475068480337e+01
-4.000000000000003553e-02 5.878061171093232673e+00 1.956475378265234255e+01 -9.221123828868190486e+00 5.758581520854274771e+00 1.157271578686343183e+01 -2.924807111648119928e+01
-2.000000000000001776e-02 6.007269796310289678e+00 1.979091466168521052e+01 -9.861439540165912732e+00 5.634540450052988980e+00 9.694593437533086444e+00 -2.972730131976347323e+01
0.000000000000000000e+00 6.136986743985493042e+00 1.998826081369855601e+01 -1.051545719582470895e+01 5.475511991834757453e+00 7.870040292754901579e+00 -2.988915632660787836e+01
