-1.860000000000000098e+00 2.463497598405874811e+01 2.778966733495651624e+02 5.852570695054973271e+01 4.157929883587248909e+00 -5.830117180485063244e+01 -7.743109832064935460e+01
-1.840000000000000080e+00 2.473161748784455227e+01 2.766505044611016615e+02 5.693632307516270430e+01 4.379597244910082843e+00 -5.962293828806157592e+01 -7.769763910082494363e+01
-1.820000000000000062e+00 2.482289148564536063e+01 2.754355989263577840e+02 5.539315949723120980e+01 4.479614568035998445e+00 -6.096547619984745836e+01 -7.797287994005674250e+01
-1.800000000000000044e+00 2.490936345976943045e+01 2.742379284330422138e+02 5.388334608967588224e+01 4.477165936554843739e+00 -6.232803089846967026e+01 -7.825353027073744272e+01
-1.780000000000000027e+00 2.499159889252503319e+01 2.730434646688635780e+02 5.239401272541736176e+01 4.391435434056470299e+00 -6.370984774218962343e+01 -7.853629952525966473e+01
-1.760000000000000009e+00 2.507016326622043323e+01 2.718381793215306175e+02 5.091228927737623877e+01 4.241607144130732365e+00 -6.511017208926870126e+01 -7.881789713601602898e+01
-1.740000000000000213e+00 2.514562206316389847e+01 2.706080440787518455e+02 4.942530561847317472e+01 4.046865150367478847e+00 -6.652824929796831555e+01 -7.909503253539915590e+01
-1.720000000000000195e+00 2.521854076566368619e+01 2.693390306282358893e+02 4.792019162162875290e+01 3.826393536356560876e+00 -6.796332472654985679e+01 -7.936441515580166595e+01
-1.700000000000000178e+00 2.528948485602807494e+01 2.680171106576917168e+02 4.638407715976364187e+01 3.599376385687831803e+00 -6.941464373327474391e+01 -7.962275442961625060e+01
-1.680000000000000160e+00 2.535901981656531845e+01 2.666282558548276143e+02 4.480409210579842494e+01 3.384997781951141427e+00 -7.088145167640436739e+01 -7.986675978923545927e+01
-1.660000000000000142e+00 2.542771112958368462e+01 2.651584379073524360e+02 4.316736633265374934e+01 3.202441808736341322e+00 -7.236299391420010352e+01 -8.009314066705196922e+01
-1.640000000000000124e+00 2.549590743362294276e+01 2.636003584627955547e+02 4.146759082771978200e+01 3.065047791038825853e+00 -7.385959163965874552e+01 -8.030032587454425652e+01
-1.620000000000000107e+00 2.556308999214883215e+01 2.619736390079694388e+02 3.972470103626493199e+01 2.962776019476152989e+00 -7.537586938471847020e+01 -8.049362173953421973e+01
-1.600000000000000089e+00 2.562852322485860768e+01 2.603046309895074160e+02 3.796519351802712805e+01 2.879742026071425709e+00 -7.691752751605284288e+01 -8.068005396892961301e+01
-1.580000000000000071e+00 2.569147155144949579e+01 2.586196858540425865e+02 3.621556483274432026e+01 2.800061342847744328e+00 -7.849026640033538627e+01 -8.086664826963817632e+01
-1.560000000000000053e+00 2.575119939161876914e+01 2.569451550482084485e+02 3.450231154015447999e+01 2.707849501828213157e+00 -8.009978640423970830e+01 -8.106043034856769225e+01
-1.540000000000000036e+00 2.580704508850389800e+01 2.552998591469211647e+02 3.284463928086404394e+01 2.590667178466029341e+00 -8.174811522353463999e+01 -8.126622484900109100e+01
-1.520000000000000018e+00 2.585864267900343094e+01 2.536724952382303115e+02 3.123259001895356590e+01 2.449855621934792005e+00 -8.342258987037054396e+01 -8.148005215972213477e+01
-1.500000000000000000e+00 2.590570012345612838e+01 2.520442295384682438e+02 2.964891479937209695e+01 2.290201224838193994e+00 -8.510687468599299166e+01 -8.169573160588977601e+01
-1.479999999999999982e+00 2.594792538220077205e+01 2.503962282639674868e+02 2.807636466706868461e+01 2.116490379779931263e+00 -8.678463401164762558e+01 -8.190708251266295292e+01
-1.459999999999999964e+00 2.598502641557614723e+01 2.487096576310606224e+02 2.649769066699239417e+01 1.933509479363698880e+00 -8.843953218858011667e+01 -8.210792420520066059e+01
-1.440000000000000169e+00 2.601689329192556599e+01 2.469706447960514026e+02 2.489996762345085202e+01 1.746501171442059741e+00 -9.006258761587284312e+01 -8.229345339852854124e+01
-1.420000000000000151e+00 2.604414451161054700e+01 2.451851606751294241e+02 2.328756547818601419e+01 1.562533124863052958e+00 -9.167423492395538176e+01 -8.246437636713939412e+01
-1.400000000000000133e+00 2.606758068299714637e+01 2.433641371244552829e+02 2.166917795229840138e+01 1.389129263723584584e+00 -9.330226280109410197e+01 -8.262277677539266563e+01
-1.380000000000000115e+00 2.608800241445141310e+01 2.415185060001897455e+02 2.005349876688854494e+01 1.233813512120562672e+00 -9.497445993555527366e+01 -8.277073828764781638e+01
-1.360000000000000098e+00 2.610621031433941752e+01 2.396591991584936352e+02 1.844922164305696910e+01 1.104109794150892387e+00 -9.671861501560530883e+01 -8.291034456826437804e+01
-1.340000000000000080e+00 2.612273599034488925e+01 2.377908024193238816e+02 1.686039880856312934e+01 1.002723829025484292e+00 -9.855540425255310311e+01 -8.304258640460476215e+01
-1.320000000000000062e+00 2.613703504742228390e+01 2.358925174578217820e+02 1.527251651780220953e+01 9.130885164112596541e-01 -1.004770539498778277e+02 -8.316408307604326922e+01
-1.300000000000000044e+00 2.614829408984374837e+01 2.339371999129250241e+02 1.366641953182831237e+01 8.138185510891413621e-01 -1.024686779341012794e+02 -8.327036098495720751e+01
-1.280000000000000249e+00 2.615569972188141890e+01 2.318977054235711250e+02 1.202295261169556184e+01 6.835286278400541926e-01 -1.045153900317452127e+02 -8.335694653372382845e+01
-1.260000000000000231e+00 2.615843854780743882e+01 2.297468896286976019e+02 1.032296051845804463e+01 5.008334414449204797e-01 -1.066023040693314385e+02 -8.341936612472044033e+01
-1.240000000000000213e+00 2.615587130276679773e+01 2.274685191181744131e+02 8.555544786981629457e+00 2.505485552313206354e-01 -1.087172748441996362e+02 -8.345452860636991943e+01
-1.220000000000000195e+00 2.614805524539589499e+01 2.250900042856003722e+02 6.742834047379177242e+00 -5.770699328654072674e-02 -1.108591210369611986e+02 -8.346487261127752788e+01
-1.200000000000000178e+00 2.613522176520398332e+01 2.226496664755067343e+02 4.915213703575291859e+00 -4.081132980478028305e-01 -1.130294022990454863e+02 -8.345421921809418109e+01
-1.180000000000000160e+00 2.611760225170032257e+01 2.201858270324247826e+02 3.103069159494586060e+00 -7.848504529916049410e-01 -1.152296782818819025e+02 -8.342638950547079446e+01
-1.160000000000000142e+00 2.609542809439415834e+01 2.177368073008856015e+02 1.336785819061669489e+00 -1.172098552057085907e+00 -1.174615086368997083e+02 -8.338520455205822657e+01
-1.140000000000000124e+00 2.606877568752790353e+01 2.153300709625183629e+02 -3.615893522267649707e-01 -1.555480186442175006e+00 -1.197249339101656034e+02 -8.333416537215062192e+01
-1.120000000000000107e+00 2.603710144427658335e+01 2.129496510473431954e+02 -2.003363142585752765e+00 -1.926387936379975407e+00 -1.220139182262953454e+02 -8.327549272261482827e+01
-1.100000000000000089e+00 2.599970678254835832e+01 2.105687229224780594e+02 -3.608180778658223620e+00 -2.277656879362375264e+00 -1.243209066045419036e+02 -8.321108729596086562e+01
-1.080000000000000071e+00 2.595589312025140671e+01 2.081604619550409723e+02 -5.195687487087119472e+00 -2.602122092881265392e+00 -1.266383440641583320e+02 -8.314284978469881082e+01
-1.060000000000000053e+00 2.590496187529389971e+01 2.056980435121499511e+02 -6.785528494515381759e+00 -2.892618654428536829e+00 -1.289586756243976140e+02 -8.307268088133872652e+01
-1.040000000000000036e+00 2.584646146883230955e+01 2.031616985759441718e+02 -8.392598636805411516e+00 -3.146931950089651764e+00 -1.312796588724191054e+02 -8.300102221203452757e+01
-1.020000000000000018e+00 2.578092833501627368e+01 2.005598805886475304e+02 -1.001279118669745394e+01 -3.382648600324357435e+00 -1.336203016670069985e+02 -8.292247913751539556e+01
-1.000000000000000000e+00 2.570914591124373416e+01 1.979080986075051385e+02 -1.163724902615123469e+01 -3.622305534185977560e+00 -1.360049244348518585e+02 -8.283019795215442116e+01
-9.800000000000000933e-01 2.563189763491262951e+01 1.952218616897620791e+02 -1.325711503712646255e+01 -3.888439680727832304e+00 -1.384578476026442218e+02 -8.271732495032463817e+01
-9.600000000000000755e-01 2.554996694342089825e+01 1.925166788926634922e+02 -1.486353210158284632e+01 -4.203587969003242719e+00 -1.410033915970746818e+02 -8.257700642639916566e+01
-9.400000000000000577e-01 2.546375455528824361e+01 1.897986314736967586e+02 -1.645159713602710383e+01 -4.583031994009277632e+00 -1.436629572458730308e+02 -8.240044621488449650e+01
-9.200000000000000400e-01 2.537213031352147752e+01 1.870360894913181937e+02 -1.803222319515393579e+01 -5.013032014517992963e+00 -1.464462669809263957e+02 -8.217107831082118707e+01
-9.000000000000001332e-01 2.527358134224918018e+01 1.841879952042266382e+02 -1.962027736820505197e+01 -5.472592955245199953e+00 -1.493601236351614148e+02 -8.187039424938329546e+01
-8.800000000000001155e-01 2.516659476559990694e+01 1.812132908711205630e+02 -2.123062674442217102e+01 -5.940719740906703628e+00 -1.524113300415045273e+02 -8.147988556574479446e+01
-8.600000000000000977e-01 2.504965770770225220e+01 1.780709187506988087e+02 -2.287813841304699736e+01 -6.396417296218314341e+00 -1.556066890328822865e+02 -8.098104379507977058e+01
-8.400000000000000799e-01 2.492156581209999544e+01 1.747360739264969425e+02 -2.457078729711126996e+01 -6.824870360307270012e+00 -1.589465161599467535e+02 -8.036354624276262371e+01
-8.200000000000000622e-01 2.478234879999778428e+01 1.712489627813987738e+02 -2.628897965480683041e+01 -7.235982929946536579e+00 -1.624051778442523357e+02 -7.964981329496953322e+01
-8.000000000000000444e-01 2.463234491201547272e+01 1.676660445231250378e+02 -2.800622957811554770e+01 -7.645838816320517317e+00 -1.659505532250791191e+02 -7.887045110807703452e+01
-7.800000000000000266e-01 2.447189238877292894e+01 1.640437783593965548e+02 -2.969605115901930503e+01 -8.070521830613614611e+00 -1.695505214417071613e+02 -7.805606583846173407e+01
-7.600000000000000089e-01 2.430132947089000695e+01 1.604386234979340600e+02 -3.133195848949996787e+01 -8.526115784010229959e+00 -1.731729616334164348e+02 -7.723726364250016729e+01
-7.399999999999999911e-01 2.412089631940680690e+01 1.568909356557899457e+02 -3.289446548037608409e+01 -9.025864440702706659e+00 -1.767976425646955363e+02 -7.643143699234177291e+01
-7.199999999999999734e-01 2.393044077704448469e+01 1.533766565873431773e+02 -3.439208531781294198e+01 -9.571651376915189857e+00 -1.804518915008673901e+02 -7.560312362322751767e+01
-7.000000000000001776e-01 2.372971260694442819e+01 1.498556245563043774e+02 -3.584033100681248385e+01 -1.016252012187975318e+01 -1.841749253324633457e+02 -7.470364758617118639e+01
-6.800000000000001599e-01 2.351846157224801104e+01 1.462876778263839981e+02 -3.725471555237667332e+01 -1.079751420482849511e+01 -1.880059609500148383e+02 -7.368433293218654967e+01
-6.600000000000001421e-01 2.329643743609663886e+01 1.426326546612926336e+02 -3.865075195950747400e+01 -1.147567715499349461e+01 -1.919842152440533596e+02 -7.249650371228743495e+01
-6.400000000000001243e-01 2.306342448842230297e+01 1.388604109303253722e+02 -4.003975552969954066e+01 -1.219469142820426022e+01 -1.961359284085659738e+02 -7.110552907052577609e+01
-6.200000000000001066e-01 2.281934512631939072e+01 1.349808729251149941e+02 -4.141625075041832815e+01 -1.294679518667997264e+01 -2.004354338513623475e+02 -6.953295852310591840e+01
-6.000000000000000888e-01 2.256415627367290355e+01 1.310139845428788590e+02 -4.277056440562201800e+01 -1.372286551923723330e+01 -2.048440882837077481e+02 -6.781438667927034203e+01
-5.800000000000000711e-01 2.229781485436784294e+01 1.269796896808342836e+02 -4.409302327926878462e+01 -1.451377951469265071e+01 -2.093232484168677274e+02 -6.598540814826155554e+01
-5.600000000000000533e-01 2.202027779228918902e+01 1.228979322361984856e+02 -4.537395415531676690e+01 -1.531041426186281740e+01 -2.138342709621073254e+02 -6.408161753932198224e+01
-5.400000000000000355e-01 2.173041398329635498e+01 1.187750545866537948e+02 -4.660572266518549611e+01 -1.611093793027039922e+01 -2.183664662640767062e+02 -6.211044414131320224e+01
-5.200000000000000178e-01 2.142274021114635474e+01 1.145629930317423373e+02 -4.778884983013974619e+01 -1.694268301226225049e+01 -2.230209592009642847e+02 -5.996665596157299660e+01
-5.000000000000000000e-01 2.109068523157062103e+01 1.102000823514712522e+02 -4.892589551890569055e+01 -1.784027308089128994e+01 -2.279268282843431166e+02 -5.751685568705825347e+01
-4.799999999999999822e-01 2.072767780030057949e+01 1.056246573258476076e+02 -5.001941960020945288e+01 -1.883833170921041855e+01 -2.332131520257863997e+02 -5.462764600472583965e+01
-4.599999999999999645e-01 2.032714667306765222e+01 1.007750527348784999e+02 -5.107198194277717107e+01 -1.997148247027256573e+01 -2.390090089368671613e+02 -5.116562960153260065e+01
-4.400000000000001688e-01 1.988465666694325762e+01 9.561382952695110760e+01 -5.208184377344464622e+01 -2.126436306942228427e+01 -2.453934748967870121e+02 -4.703044127831631727e+01
-4.200000000000001510e-01 1.940431684435875681e+01 9.020045332397236848e+01 -5.303007175148650987e+01 -2.270166774117087982e+01 -2.522456152552623792e+02 -4.225384429143787912e+01
-4.000000000000001332e-01 1.889237232908549302e+01 8.461861591622924550e+01 -5.389343389428695019e+01 -2.425810485232126013e+01 -2.593944927296378182e+02 -3.690063401113916086e+01
-3.800000000000001155e-01 1.835506824489480948e+01 7.895200909400873002e+01 -5.464869821923025484e+01 -2.590838276967636133e+01 -2.666691700372580272e+02 -3.103560580766198029e+01
-3.600000000000000977e-01 1.779864971555806008e+01 7.328432464759785603e+01 -5.527263274370066881e+01 -2.762720986003911960e+01 -2.738987098954679595e+02 -2.472355505124818009e+01
-3.400000000000000799e-01 1.722689695368234553e+01 6.767572438223149334e+01 -5.574345188438606158e+01 -2.939915075003249001e+01 -2.809415060509921886e+02 -1.797103597652606766e+01
-3.200000000000000622e-01 1.663373052721779999e+01 6.209225016293638078e+01 -5.604515565518889275e+01 -3.124819510555960989e+01 -2.877732763680763242e+02 -1.055163827566994250e+01
-3.000000000000000444e-01 1.601060609295030801e+01 5.647641386968712851e+01 -5.616319046931517533e+01 -3.320818885234362483e+01 -2.943990697403455101e+02 -2.180710505240574637e+00
-2.800000000000000266e-01 1.534897930766575946e+01 5.077072738245836092e+01 -5.608300273997097918e+01 -3.531297791610769110e+01 -3.008239350614251180e+02 7.426398778201253492e+00
-2.600000000000000089e-01 1.464030582815004067e+01 4.491770258122470949e+01 -5.579003888036235992e+01 -3.759640822257496495e+01 -3.070529212249405759e+02 1.855434101809476743e+01
-2.399999999999999911e-01 1.387798860935994760e+01 3.887890099034520119e+01 -5.526809360330236132e+01 -4.007307284042482109e+01 -3.129991646269900798e+02 3.141264152127069309e+01
-2.199999999999999734e-01 1.306321979893593266e+01 3.269208271171660840e+01 -5.449435482003215014e+01 -4.268055341016161464e+01 -3.182081516735638616e+02 4.591032104812586567e+01
-1.999999999999999556e-01 1.219913884268935966e+01 2.641405749162006700e+01 -5.344435874139985287e+01 -4.533717871524591203e+01 -3.221334562731248070e+02 6.188127422244861009e+01
-1.800000000000001599e-01 1.128888518643159777e+01 2.010163507633680524e+01 -5.209364157825361730e+01 -4.796127753913822289e+01 -3.242286523341359725e+02 7.915939566802703098e+01
-1.600000000000001421e-01 1.033559827597399483e+01 1.381162521214785421e+01 -5.041773954144158409e+01 -5.047117866529919894e+01 -3.239473137650604713e+02 9.757858000864985115e+01
-1.400000000000001243e-01 9.341681759760460224e+00 7.593292968286890599e+00 -4.839181102266418577e+01 -5.278180506517250592e+01 -3.208445509307487100e+02 1.168706837538845349e+02
-1.200000000000001066e-01 8.306596096765035853e+00 1.465724705797319061e+00 -4.598950313703082315e+01 -5.479445646213430621e+01 -3.148816200216008383e+02 1.363594109564158714e+02
-1.000000000000000888e-01 7.229065948594307400e+00 -4.559537891325007308e+00 -4.318408518050318179e+01 -5.640702676754390410e+01 -3.061213136844045266e+02 1.552664275547079455e+02
-8.000000000000007105e-02 6.107815976854862328e+00 -1.047095313908423719e+01 -3.994882644904296143e+01 -5.751740989276059679e+01 -2.946264245659475023e+02 1.728133994872248991e+02
-6.000000000000005329e-02 4.941570843153278325e+00 -1.625697935348451040e+01 -3.625699623861181209e+01 -5.802349974914367436e+01 -2.804597453130171516e+02 1.882219926924307742e+02
-4.000000000000003553e-02 3.733506920088478065e+00 -2.189498153448893092e+01 -3.210852654512226678e+01 -5.786251201787295173e+01 -2.638333501376695835e+02 2.008761758929512382e+02
-2.000000000000001776e-02 2.504607424228723733e+00 -2.731795141789643111e+01 -2.761000016429013471e+01 -5.712894945941027913e+01 -2.455564395130336663e+02 2.108091289480582020e+02
0.000000000000000000e+00 1.280307283134618501e+00 -3.244778742346488087e+01 -2.289466259178206897e+01 -5.595663660403808137e+01 -2.265874954775067920e+02 2.182163345011849742e+02
