-2.280000000000000249e+00 2.821865354222140354e+01 3.081492723738115274e+02 8.997975894323644752e+01 7.408799685969144733e+00 -3.502620821977809840e+01 -7.004661212002048387e+01
-2.260000000000000231e+00 2.837668759160294485e+01 3.074066499090630487e+02 8.854458756518032203e+01 7.303360109829919011e+00 -3.627041924957327979e+01 -7.045752588067563238e+01
-2.240000000000000213e+00 2.852243204304206969e+01 3.066789110937169767e+02 8.715002073631525548e+01 7.214997862200985601e+00 -3.739952414406783987e+01 -7.079169496373987158e+01
-2.220000000000000195e+00 2.865808670915124878e+01 3.059573962320881719e+02 8.578428293048014552e+01 7.138246168043527184e+00 -3.843790931393439081e+01 -7.106498815208409781e+01
-2.200000000000000178e+00 2.878585140254295993e+01 3.052334456284912108e+02 8.443559862151396089e+01 7.067638252318725556e+00 -3.940996116984556608e+01 -7.129327422857919316e+01
-2.180000000000000160e+00 2.890792593582968451e+01 3.044983995872409537e+02 8.309219228325562767e+01 6.997707339987759845e+00 -4.034006612247399914e+01 -7.149242197609603977e+01
-2.160000000000000142e+00 2.902651012162389677e+01 3.037435984126520339e+02 8.174228838954407195e+01 6.922986656011813622e+00 -4.125261058249231638e+01 -7.167830017750553395e+01
-2.140000000000000124e+00 2.914380377253807097e+01 3.029603824090391413e+02 8.037411141421820560e+01 6.838009425352065129e+00 -4.217198096057312995e+01 -7.186677761567855782e+01
-2.120000000000000107e+00 2.926200670118469915e+01 3.021400918807171934e+02 7.897588583111699734e+01 6.737308872969702378e+00 -4.312256366738910174e+01 -7.207372307348602192e+01
-2.100000000000000089e+00 2.938331872017624491e+01 3.012740671320006527e+02 7.753583611407935905e+01 6.615418223825901833e+00 -4.412874511361282259e+01 -7.231500533379879414e+01
-2.080000000000000071e+00 2.950993964212518961e+01 3.003536484672043798e+02 7.604218673694420261e+01 6.466870702881846178e+00 -4.521491170991693309e+01 -7.260649317948777082e+01
-2.060000000000000053e+00 2.964309637087904292e+01 2.993743179048622665e+02 7.448925609338859033e+01 6.290370037915302248e+00 -4.639622713458189907e+01 -7.295652983781478440e+01
-2.040000000000000036e+00 2.978012417522540645e+01 2.983481243203847839e+02 7.289573825644197314e+01 6.101301967970377937e+00 -4.765096413631951577e+01 -7.334335631360555396e+01
-2.020000000000000462e+00 2.991738541518692784e+01 2.972912583034017189e+02 7.128642121897192396e+01 5.919222734907766181e+00 -4.894817273144944636e+01 -7.373768805607669208e+01
-2.000000000000000000e+00 3.005124245078622636e+01 2.962199104435426307e+02 6.968609297384597312e+01 5.763688580588159915e+00 -5.025690293629130423e+01 -7.411024051444486815e+01
-1.980000000000000204e+00 3.017805764204596741e+01 2.951502713304374765e+02 6.811954151393177881e+01 5.654255746872255628e+00 -5.154620476716475252e+01 -7.443172913792675160e+01
-1.960000000000000187e+00 3.029524800591457989e+01 2.940939139524054440e+02 6.660467252971002949e+01 5.601960880291981582e+00 -5.279260240591825948e+01 -7.468316801619609180e+01
-1.940000000000000169e+00 3.040444918704381294e+01 2.930439408925248017e+02 6.513186250211467154e+01 5.583762246064241097e+00 -5.400251669651577657e+01 -7.488676580075539846e+01
-1.920000000000000373e+00 3.050835148701121824e+01 2.919888371325635603e+02 6.368460560969271000e+01 5.568098514077169270e+00 -5.518984264845005328e+01 -7.507502978356430390e+01
-1.900000000000000355e+00 3.060964520739435457e+01 2.909170876542896167e+02 6.224639603099122098e+01 5.523408354218905636e+00 -5.636847527121386747e+01 -7.528046725658242622e+01
-1.880000000000000338e+00 3.071102064977078072e+01 2.898171774394709246e+02 6.080072794455732321e+01 5.418130436377589731e+00 -5.755230957429998995e+01 -7.553558551176941194e+01
-1.860000000000000320e+00 3.081433285707968395e+01 2.886807664129611339e+02 5.933519258801011631e+01 5.231038364857814926e+00 -5.875115146334406546e+01 -7.586111945840153226e+01
-1.840000000000000302e+00 3.091809583770685066e+01 2.875122142719578164e+02 5.785376943525697158e+01 4.982245481630005912e+00 -5.995845042855334128e+01 -7.623071447502205444e+01
-1.820000000000000284e+00 3.101998834139967443e+01 2.863190556567438989e+02 5.636453501927731224e+01 4.702200063081037662e+00 -6.116356685627788892e+01 -7.660624355749078518e+01
-1.800000000000000266e+00 3.111768911790557013e+01 2.851088252076024787e+02 5.487556587305055444e+01 4.421350385597790478e+00 -6.235586113286779408e+01 -7.694957970166757377e+01
-1.780000000000000249e+00 3.120887691697194910e+01 2.838890575648167669e+02 5.339493852955612141e+01 4.170144725567141997e+00 -6.352469364467318513e+01 -7.722259590341231217e+01
-1.760000000000000231e+00 3.129204141305049447e+01 2.826629195750670647e+02 5.192631124433985690e+01 3.971750089197550793e+00 -6.466774652007870827e+01 -7.739976905454140876e+01
-1.740000000000000213e+00 3.136891597940996945e+01 2.814161069106222612e+02 5.045566916321329387e+01 3.820208401983798296e+00 -6.581598885560724455e+01 -7.750599163069756514e+01
-1.720000000000000195e+00 3.144204491402340906e+01 2.801299474501485065e+02 4.896457915455437160e+01 3.702280319242245543e+00 -6.700871148981623548e+01 -7.757876000347997092e+01
-1.700000000000000178e+00 3.151397251486385542e+01 2.787857690723119504e+02 4.743460808674107199e+01 3.604726496289254456e+00 -6.828520526126311552e+01 -7.765557054448785834e+01
-1.680000000000000160e+00 3.158724307990435065e+01 2.773648996557786290e+02 4.584732282815132720e+01 3.514307588441185626e+00 -6.968476100850537591e+01 -7.777391962532051650e+01
-1.660000000000000142e+00 3.166348813508106375e+01 2.758563261416104524e+02 4.419216105079732415e+01 3.419584731665298527e+00 -7.123056786584739086e+01 -7.796039007775232221e+01
-1.640000000000000124e+00 3.174068811818262503e+01 2.742796717204520291e+02 4.249004364122797028e+01 3.316320984532431737e+00 -7.288140815058139310e+01 -7.819791057425852898e+01
-1.620000000000000107e+00 3.181591069496083435e+01 2.726622186453437848e+02 4.076976228962642779e+01 3.202079886264322717e+00 -7.457996247574658355e+01 -7.845849624748954909e+01
-1.600000000000000089e+00 3.188622353116747021e+01 2.710312491693262587e+02 3.906010868617585174e+01 3.074424976082709371e+00 -7.626891145438219155e+01 -7.871416223009583746e+01
-1.580000000000000071e+00 3.194869429255430049e+01 2.694140455454397056e+02 3.738987452105936882e+01 2.930919793209327384e+00 -7.789093569952737539e+01 -7.893692365472780637e+01
-1.560000000000000275e+00 3.200129090113338037e+01 2.678299509744751390e+02 3.577982573465887839e+01 2.769041880609167006e+00 -7.940424893938811124e+01 -7.910690519284781885e+01
-1.540000000000000258e+00 3.204558230395777230e+01 2.662665524482246724e+02 3.421862526815112204e+01 2.585924796220213651e+00 -8.082919736283720624e+01 -7.923666967116571413e+01
-1.520000000000000240e+00 3.208403770434082247e+01 2.647034979062310640e+02 3.268691031291159987e+01 2.378616101723707299e+00 -8.220166027391424279e+01 -7.934688945520329639e+01
-1.500000000000000222e+00 3.211912630559584869e+01 2.631204352880367878e+02 3.116531806031581198e+01 2.144163358800886154e+00 -8.355751697665871802e+01 -7.945823691048236981e+01
-1.480000000000000204e+00 3.215331731103619006e+01 2.614970125331847157e+02 2.963448570173925489e+01 1.879614129132989975e+00 -8.493264677511024274e+01 -7.959138440252468172e+01
-1.460000000000000187e+00 3.218834529170734271e+01 2.598184253708239453e+02 2.808001519832526327e+01 1.586275129295938724e+00 -8.635668828210543779e+01 -7.976150817241207847e+01
-1.440000000000000391e+00 3.222300628958346635e+01 2.580920606885301254e+02 2.650736759028854550e+01 1.282489695444382960e+00 -8.783431734566936200e+01 -7.996179996346656083e+01
-1.420000000000000373e+00 3.225536171437085642e+01 2.563308531634853580e+02 2.492696868761162321e+01 9.908603186276493391e-01 -8.936396912262418368e+01 -8.017995539457017173e+01
-1.400000000000000355e+00 3.228347297577583674e+01 2.545477374728718019e+02 2.334924430027703934e+01 7.339894898950697355e-01 -9.094407876979200012e+01 -8.040367008460495413e+01
-1.380000000000000338e+00 3.230540148350472407e+01 2.527556482938715874e+02 2.178462023826733684e+01 5.344797002959742471e-01 -9.257308144399496541e+01 -8.062063965245297936e+01
-1.360000000000000320e+00 3.231974083825940625e+01 2.509608296509881313e+02 2.023854142139085965e+01 4.058033583188299098e-01 -9.425149357827669405e+01 -8.081969109422060171e+01
-1.340000000000000302e+00 3.232721340472409111e+01 2.491427629580095413e+02 1.869652920875913438e+01 3.249125422086491244e-01 -9.598815671056644305e+01 -8.099417691491154869e+01
-1.320000000000000284e+00 3.232907373857857181e+01 2.472742389760452681e+02 1.713912406930950638e+01 2.596292476495813961e-01 -9.779399365501500085e+01 -8.113858099675393021e+01
-1.300000000000000266e+00 3.232657639550263440e+01 2.453280484662044501e+02 1.554686647197928728e+01 1.777754703257750091e-01 -9.967992722577304221e+01 -8.124738722197575669e+01
-1.280000000000000249e+00 3.232097593117608625e+01 2.432769821895966800e+02 1.390029688570582245e+01 4.717320592137947549e-02 -1.016568802369913556e+02 -8.131507947280513804e+01
-1.260000000000000231e+00 3.231318288961639951e+01 2.411045854173495968e+02 1.218802524323258218e+01 -1.563312174361476681e-01 -1.037265662334922922e+02 -8.133999747796785584e+01
-1.240000000000000213e+00 3.230273176819195413e+01 2.388374214606642738e+02 1.043093933252756678e+01 -4.247941418461152474e-01 -1.058538616827848955e+02 -8.133590435218054893e+01
-1.220000000000000195e+00 3.228881305260878776e+01 2.365128081407603133e+02 8.657996405364929871e+00 -7.422475769645227039e-01 -1.079944337830497574e+02 -8.132041905665757042e+01
-1.200000000000000178e+00 3.227061722857298776e+01 2.341680632788572041e+02 6.898153713518810903e+00 -1.092723532447370749e+00 -1.101039497324675551e+02 -8.131116055261328768e+01
-1.180000000000000160e+00 3.224733478179059887e+01 2.318405046961744631e+02 5.180368508763356417e+00 -1.460254017950659122e+00 -1.121380767292189518e+02 -8.132574780126208225e+01
-1.160000000000000142e+00 3.221830388478527141e+01 2.295568298740967350e+02 3.525654364178266942e+00 -1.830828081600244461e+00 -1.140701198998256416e+02 -8.137418999848549106e+01
-1.140000000000000124e+00 3.218345345735097141e+01 2.273012549346698279e+02 1.923250138065469406e+00 -2.198262925401412549e+00 -1.159439360841739557e+02 -8.143605727883404199e+01
-1.120000000000000329e+00 3.214286010609924915e+01 2.250473756601045920e+02 3.544510100324623214e-01 -2.558332789829300236e+00 -1.178210200504911995e+02 -8.148331001152536146e+01
-1.100000000000000311e+00 3.209660043764163362e+01 2.227687878326117357e+02 -1.199447840313304425e+00 -2.906811915359056808e+00 -1.197628665670047639e+02 -8.148790856577713271e+01
-1.080000000000000293e+00 3.204475105858966799e+01 2.204390872344022227e+02 -2.757151233364329990e+00 -3.239474542465819784e+00 -1.218309704019419826e+02 -8.142181331080703899e+01
-1.060000000000000275e+00 3.198731655419967268e+01 2.180388384811271578e+02 -4.332609888581485436e+00 -3.553233711669846695e+00 -1.240664235256247423e+02 -8.126763329599090468e+01
-1.040000000000000258e+00 3.192401342430701305e+01 2.155764815221980939e+02 -5.920758121699039478e+00 -3.849557663671851593e+00 -1.264287067167528562e+02 -8.105057229133689134e+01
-1.020000000000000240e+00 3.185448614739182815e+01 2.130674251404669235e+02 -7.511776147519619862e+00 -4.131053439217663659e+00 -1.288568979561206049e+02 -8.080648274701127320e+01
-1.000000000000000222e+00 3.177837920193426413e+01 2.105270781187855391e+02 -9.095844180845853444e+00 -4.400328079053113406e+00 -1.312900752245223828e+02 -8.057121711318042401e+01
-9.800000000000002043e-01 3.169533706641443871e+01 2.079708492400056343e+02 -1.066314243648035642e+01 -4.659988623924028239e+00 -1.336673165027523567e+02 -8.038062784001057537e+01
-9.600000000000001865e-01 3.160483056839363769e+01 2.054052750812010402e+02 -1.220842937451166499e+01 -4.916213227245504136e+00 -1.359507659474556078e+02 -8.025706535829132804e+01
-9.400000000000001688e-01 3.150563593175762378e+01 2.028014033963330576e+02 -1.374477643617191447e+01 -5.189464493109689158e+00 -1.381948324186797379e+02 -8.016887202130520507e+01
-9.200000000000001510e-01 3.139635572947332776e+01 2.001214097335849829e+02 -1.528983330797914775e+01 -5.503776138277999941e+00 -1.404769909523232059e+02 -8.007088816295814127e+01
-9.000000000000001332e-01 3.127559253450764132e+01 1.973274696411400271e+02 -1.686124967645140060e+01 -5.883181879511852230e+00 -1.428747165842842435e+02 -7.991795411715592934e+01
-8.800000000000001155e-01 3.114194891982748103e+01 1.943817586671814581e+02 -1.847667522810672125e+01 -6.351715433572659997e+00 -1.454654843504612813e+02 -7.966491021780441883e+01
-8.600000000000003197e-01 3.099466307237601725e+01 1.912614720251640676e+02 -2.014616420595111990e+01 -6.921730635269792486e+00 -1.483024737325665399e+02 -7.927867247383370852e+01
-8.400000000000003020e-01 3.083551563500146742e+01 1.880038835896291118e+02 -2.184938907894265370e+01 -7.558861791604492453e+00 -1.513416819955681945e+02 -7.877445959427080879e+01
-8.200000000000002842e-01 3.066692286452828142e+01 1.846612869003891149e+02 -2.355842687252728496e+01 -8.217063327625936608e+00 -1.545148108502481534e+02 -7.817956596316687978e+01
-8.000000000000002665e-01 3.049130101778094470e+01 1.812859754972568282e+02 -2.524535461215102927e+01 -8.850289668383313213e+00 -1.577535620073884957e+02 -7.752128596457318110e+01
-7.800000000000002487e-01 3.031106635158392493e+01 1.779302429200450320e+02 -2.688224932325988092e+01 -9.412495238925814078e+00 -1.609896371777712432e+02 -7.682691398254092974e+01
-7.600000000000002309e-01 3.012772583589246267e+01 1.746314462943602734e+02 -2.844849923799891656e+01 -9.874238762069280639e+00 -1.641735306824701297e+02 -7.611769399331647890e+01
-7.400000000000002132e-01 2.993914929318493634e+01 1.713671970889853071e+02 -2.995273741530954581e+01 -1.027249615169622210e+01 -1.673309072837258782e+02 -7.539066834192678357e+01
-7.200000000000001954e-01 2.974229725907047595e+01 1.681001703584966549e+02 -3.141090812083224293e+01 -1.066084761945579551e+01 -1.705062243540708948e+02 -7.463682896559393498e+01
-7.000000000000001776e-01 2.953413026915821504e+01 1.647930411574709524e+02 -3.283895562020748571e+01 -1.109287337699716502e+01 -1.737439392660376427e+02 -7.384716780153996751e+01
-6.800000000000001599e-01 2.931160885905730140e+01 1.614084845404848068e+02 -3.425282417907576615e+01 -1.162215363596949302e+01 -1.770885093921585565e+02 -7.301267678698701502e+01
-6.600000000000001421e-01 2.907252568038791907e+01 1.579187141562303509e+02 -3.566435272702531734e+01 -1.228585903031848758e+01 -1.805748945566032262e+02 -7.212351586870123299e+01
-6.400000000000001243e-01 2.881800184881450022e+01 1.543340980298624174e+02 -3.706895884943550357e+01 -1.305552188317608575e+01 -1.842000643900906027e+02 -7.116651703162537501e+01
-6.200000000000001066e-01 2.854999059601251687e+01 1.506745427806513931e+02 -3.845795479563342667e+01 -1.388626493997075251e+01 -1.879514909749767071e+02 -7.012768027024618789e+01
-6.000000000000003109e-01 2.827044515365743749e+01 1.469599550278676077e+02 -3.982265281494616715e+01 -1.473321094613095283e+01 -1.918166463936174466e+02 -6.899300557905054632e+01
-5.800000000000002931e-01 2.798131875342473407e+01 1.432102413907813911e+02 -4.115436515670089079e+01 -1.555148264708518546e+01 -1.957830027283690413e+02 -6.774849295252519710e+01
-5.600000000000002753e-01 2.768309424120922202e+01 1.394323925749188220e+02 -4.244712850486764921e+01 -1.631268253169679738e+01 -1.998504968081057598e+02 -6.637418363041319935e+01
-5.400000000000002576e-01 2.737037291978299791e+01 1.355817356308284047e+02 -4.370587728198827193e+01 -1.705433206256860501e+01 -2.040689244477749469e+02 -6.482628383348212253e+01
-5.200000000000002398e-01 2.703628570613749460e+01 1.316006816953142788e+02 -4.493827034524755248e+01 -1.783043244573832098e+01 -2.085005462088421382e+02 -6.305504102775585551e+01
-5.000000000000002220e-01 2.667396351726414849e+01 1.274316419051806548e+02 -4.615196655183029861e+01 -1.869498488724365615e+01 -2.132076226527729546e+02 -6.101070267925819479e+01
-4.800000000000002043e-01 2.627653727015438179e+01 1.230170273972315584e+02 -4.735462475892126832e+01 -1.970199059312230361e+01 -2.182524143410329032e+02 -5.864351625401292978e+01
-4.600000000000001865e-01 2.583937663023053943e+01 1.183218305616982633e+02 -4.854864603867768125e+01 -2.088901541855574351e+01 -2.236725076847873197e+02 -5.591297571471981342e+01
-4.400000000000001688e-01 2.536680625663859345e+01 1.134013688025199542e+02 -4.971540032314631219e+01 -2.222788381530051183e+01 -2.294067924940005128e+02 -5.281556101078214738e+01
-4.200000000000001510e-01 2.486538955695543152e+01 1.083335407770629928e+02 -5.083099975934638337e+01 -2.367398488425694580e+01 -2.353694844283364205e+02 -4.935699858827918973e+01
-4.000000000000001332e-01 2.434168993875793063e+01 1.031962451426935843e+02 -5.187155649429708149e+01 -2.518270772632535071e+01 -2.414747991474590663e+02 -4.554301489329015595e+01
-3.800000000000001155e-01 2.380227080962297492e+01 9.806738055677804766e+01 -5.281318267501760033e+01 -2.670944144240603890e+01 -2.476369523110324167e+02 -4.137933637189428282e+01
-3.600000000000003197e-01 2.325134975166587736e+01 9.300218092331964215e+01 -5.363549166700607174e+01 -2.822552870776225831e+01 -2.537921417486055873e+02 -3.685511602792352193e+01
-3.400000000000003020e-01 2.268376104515562730e+01 8.796522113286927436e+01 -5.433210170967641517e+01 -2.976612649510908781e+01 -2.599644939692691992e+02 -3.189321309622026845e+01
-3.200000000000002842e-01 2.209199314489965005e+01 8.289841132261486223e+01 -5.490013226092143128e+01 -3.138234535152445659e+01 -2.662001176519983687e+02 -2.639991336937971766e+01
-3.000000000000002665e-01 2.146853450570536737e+01 7.774366162974432370e+01 -5.533670277863395626e+01 -3.312529582408634354e+01 -2.725451214757687239e+02 -2.028150263999703284e+01
-2.800000000000002487e-01 2.080587358238020812e+01 7.244288219144559093e+01 -5.563893272070679785e+01 -3.504608845987272048e+01 -2.790456141195558075e+02 -1.344426670066737017e+01
-2.600000000000002309e-01 2.009769788103807286e+01 6.695290798330455573e+01 -5.580176388713240954e+01 -3.718569769937358416e+01 -2.857129530137507913e+02 -5.779048508193004530e+00
-2.400000000000002132e-01 1.934249111301877022e+01 6.129027333449905512e+01 -5.581142744630153629e+01 -3.954455355672697436e+01 -2.924194905944075913e+02 2.885080323795297552e+00
-2.200000000000001954e-01 1.853993604096859826e+01 5.548643741260492845e+01 -5.565197690870449065e+01 -4.211294993948297360e+01 -2.990028280489958092e+02 1.273449101745965883e+01
-2.000000000000001776e-01 1.768971542753385862e+01 4.957285938519800794e+01 -5.530746578483166331e+01 -4.488118075519165728e+01 -3.053005665649852745e+02 2.395555479496221096e+01
-1.800000000000001599e-01 1.679151203536083159e+01 4.358099841985408318e+01 -5.476194758517333838e+01 -4.783953991140307238e+01 -3.111503073298453046e+02 3.673464287846505272e+01
-1.600000000000001421e-01 1.584307172952013509e+01 3.753417039275522882e+01 -5.398969477010977158e+01 -5.095927450389810076e+01 -3.162931556243045748e+02 5.119644879459194442e+01
-1.400000000000001243e-01 1.483439278477963263e+01 3.142311801450828668e+01 -5.292585559958063612e+01 -5.413544438138065118e+01 -3.200842331021267455e+02 6.721895528781307405e+01
-1.200000000000001066e-01 1.375353657833150045e+01 2.523044070432639074e+01 -5.149579728341551998e+01 -5.724406258078547438e+01 -3.217821655103344938e+02 8.461846740706029379e+01
-1.000000000000000888e-01 1.258856448736791656e+01 1.893873788142261105e+01 -4.962488703144395430e+01 -6.016114213904725716e+01 -3.206455785959500986e+02 1.032112902012653564e+02
-8.000000000000007105e-02 1.132753788908106074e+01 1.253060896501004429e+01 -4.723849205349552705e+01 -6.276269609310072184e+01 -3.159330981059962369e+02 1.228137287193601281e+02
-6.000000000000005329e-02 9.966531374659862053e+00 6.017248779961777316e+00 -4.429226242580651984e+01 -6.493568417759260569e+01 -3.071715054797186895e+02 1.430975835792461055e+02
-4.000000000000003553e-02 8.533672391280214597e+00 -4.757662262091661987e-01 -4.086297969023991072e+01 -6.661085291801745711e+01 -2.949602049252549705e+02 1.631566376747030915e+02
-2.000000000000001776e-02 7.065101600114779501e+00 -6.794264200329762637e+00 -3.705770825506548505e+01 -6.772989553758192471e+01 -2.801667563429663232e+02 1.819401694684808319e+02
0.000000000000000000e+00 5.596959662336201013e+00 -1.278407328922700081e+01 -3.298351252855292159e+01 -6.823450525949260737e+01 -2.636587196332135363e+02 1.983974574233288592e+02
