-2.280000000000000249e+00 1.180701482558967186e+01 2.497278091429755875e+02 1.298553295561085577e+02 1.165336214437482987e+01 1.160059504546853049e+01 -7.703426897734797762e+01
-2.260000000000000231e+00 1.203805084042091167e+01 2.499379326146046481e+02 1.282806574744203374e+02 1.191010722799462052e+01 9.862399557978127618e+00 -7.791239449399701300e+01
-2.240000000000000213e+00 1.226830445896839095e+01 2.501254419385585379e+02 1.267399764539175351e+02 1.204104937292006738e+01 8.344824140436109872e+00 -7.865174383141541625e+01
-2.220000000000000195e+00 1.249804552840880056e+01 2.502896800339601100e+02 1.252213445405694188e+02 1.206719827596946182e+01 7.006555166431996717e+00 -7.927821691568261997e+01
-2.200000000000000178e+00 1.272754389591883850e+01 2.504299898199321888e+02 1.237128197803453276e+02 1.200956363396108983e+01 5.806279009555311177e+00 -7.981771367287818464e+01
-2.180000000000000160e+00 1.295706940867520096e+01 2.505457142155976555e+02 1.222024602192145863e+02 1.188915514371324278e+01 4.702682043395574496e+00 -8.029613402908155706e+01
-2.160000000000000142e+00 1.318689191385458059e+01 2.506361961400792495e+02 1.206783239031465342e+02 1.172698250204421022e+01 3.654450641542309253e+00 -8.073937791037229772e+01
-2.140000000000000124e+00 1.341728125863367005e+01 2.507007785124998520e+02 1.191284688781104393e+02 1.154405540577227463e+01 2.620271177585032696e+00 -8.117334524282982500e+01
-2.120000000000000107e+00 1.364850729018917441e+01 2.507388042519824012e+02 1.175409531900756974e+02 1.136138355171573444e+01 1.558830025113269624e+00 -8.162393595253374201e+01
-2.100000000000000089e+00 1.388083985569777568e+01 2.507496162776495794e+02 1.159038348850115767e+02 1.119997663669287036e+01 4.288135577165402834e-01 -8.211704996556346714e+01
-2.080000000000000071e+00 1.411454880233617715e+01 2.507325575086242964e+02 1.142051720088873878e+02 1.108084435752197194e+01 -8.110918510156358563e-01 -8.267858720799853245e+01
-2.060000000000000053e+00 1.434966541615902003e+01 2.506872166137160036e+02 1.124391932693512075e+02 1.101903274107009878e+01 -2.188107530888689478e+00 -8.332468079233788671e+01
-2.040000000000000036e+00 1.458526673873275215e+01 2.506141652604804619e+02 1.106248100207658069e+02 1.100573313439936740e+01 -3.673085625287868528e+00 -8.403239657675821661e+01
-2.020000000000000462e+00 1.482019125050177166e+01 2.505142208661599739e+02 1.087871042791727518e+02 1.102617321462066791e+01 -5.222785980993378985e+00 -8.476903360585568237e+01
-2.000000000000000000e+00 1.505327743191047141e+01 2.503882008479969556e+02 1.069511580606135226e+02 1.106558065884488329e+01 -6.793968444785421390e+00 -8.550189092422641579e+01
-1.980000000000000204e+00 1.528336376340325486e+01 2.502369226232338519e+02 1.051420533811297418e+02 1.110918314418290898e+01 -8.343392863444195839e+00 -8.619826757646659132e+01
-1.960000000000000187e+00 1.550959012332881315e+01 2.500609122927773740e+02 1.033780551368525522e+02 1.114248941882082988e+01 -9.836765257023659004e+00 -8.683341268161282755e+01
-1.940000000000000169e+00 1.573230198165307669e+01 2.498595306921924362e+02 1.016501597442723295e+02 1.115213251524558835e+01 -1.127557633867277609e+01 -8.741437565646398866e+01
-1.920000000000000373e+00 1.595214620624627067e+01 2.496318473407084184e+02 9.994254649996904050e+01 1.112502653701931798e+01 -1.267026299481425333e+01 -8.795615599225932613e+01
-1.900000000000000355e+00 1.616976966497861667e+01 2.493769317575546154e+02 9.823939470052269485e+01 1.104808558770416127e+01 -1.403126211187081473e+01 -8.847375318023816249e+01
-1.880000000000000338e+00 1.638581922572034699e+01 2.490938534619604354e+02 9.652488364251334474e+01 1.090822377086226069e+01 -1.536901057626517364e+01 -8.898216671163983449e+01
-1.860000000000000320e+00 1.660067362316474870e+01 2.487820091921577443e+02 9.478717976394153766e+01 1.069952516466998382e+01 -1.669518409200314224e+01 -8.949341458280908057e+01
-1.840000000000000302e+00 1.681363905929739389e+01 2.484421045623888915e+02 9.303039806849025695e+01 1.044475374576063587e+01 -1.802641363342299030e+01 -9.000758881051277172e+01
-1.820000000000000284e+00 1.702375360292690942e+01 2.480751724058985701e+02 9.126264070126292438e+01 1.017384346538174178e+01 -1.938056899244607578e+01 -9.052179991662306691e+01
-1.800000000000000266e+00 1.723005532286191510e+01 2.476822455559316154e+02 8.949200980736306121e+01 9.916728274780830077e+00 -2.077551996099375486e+01 -9.103315842301225302e+01
-1.780000000000000249e+00 1.743158228791105557e+01 2.472643568457328627e+02 8.772660753189416027e+01 9.703342125205434598e+00 -2.222913633098740149e+01 -9.153877485155257432e+01
-1.760000000000000231e+00 1.762784640015214066e+01 2.468211875205941226e+02 8.596972813441726657e+01 9.555905474835716618e+00 -2.375367243648857851e+01 -9.203771437471448280e+01
-1.740000000000000213e+00 1.782025489473975099e+01 2.463470124739954485e+02 8.420543433232356278e+01 9.465784809582347137e+00 -2.533892078011963989e+01 -9.253686076736116206e+01
-1.720000000000000195e+00 1.801068884009764659e+01 2.458347550114638409e+02 8.241298095746178376e+01 9.416633122288631697e+00 -2.696905840664316045e+01 -9.304505245495401766e+01
-1.700000000000000178e+00 1.820102930464960522e+01 2.452773384385263569e+02 8.057162284168067856e+01 9.392103405797875837e+00 -2.862826236082168663e+01 -9.357112786295441254e+01
-1.680000000000000160e+00 1.839315735681939046e+01 2.446676860607100252e+02 7.866061481682898204e+01 9.375848652953385098e+00 -3.030070968741780746e+01 -9.412392541682378067e+01
-1.660000000000000142e+00 1.858824638305678434e+01 2.440018227862141487e+02 7.666806894275046602e+01 9.353405366476350125e+00 -3.197477589856170255e+01 -9.470803046570998163e+01
-1.640000000000000124e+00 1.878463904191560019e+01 2.432881799339267843e+02 7.461752619126895070e+01 9.317844088599493091e+00 -3.365563037585401673e+01 -9.531101605350674788e+01
-1.620000000000000107e+00 1.897997030997568046e+01 2.425382904254081495e+02 7.254138476220330745e+01 9.264118871433426605e+00 -3.535264096826303160e+01 -9.591620214779435116e+01
-1.600000000000000089e+00 1.917187516381685342e+01 2.417636871822186890e+02 7.047204285537242185e+01 9.187183767088763275e+00 -3.707517552475702871e+01 -9.650690871615309163e+01
-1.580000000000000071e+00 1.935798858001895084e+01 2.409759031259186202e+02 6.844189867059513688e+01 9.081992827676110380e+00 -3.883260189430427545e+01 -9.706645572616315576e+01
-1.560000000000000275e+00 1.953656425360819426e+01 2.401828525395785618e+02 6.647438251059327285e+01 8.946561109861660199e+00 -4.063009877583823481e+01 -9.757994275626995773e+01
-1.540000000000000258e+00 1.970833075339631435e+01 2.393779751523096309e+02 6.455705308970023282e+01 8.791147688533886395e+00 -4.245608826815308845e+01 -9.803958782837931096e+01
-1.520000000000000240e+00 1.987463536664141728e+01 2.385510920547332319e+02 6.266850122515239008e+01 8.629072643136845855e+00 -4.429480332000814968e+01 -9.843938857526217134e+01
-1.500000000000000222e+00 2.003682538060160923e+01 2.376920243374707979e+02 6.078731773418607531e+01 8.473656053114590136e+00 -4.613047688016276027e+01 -9.877334262968946632e+01
-1.480000000000000204e+00 2.019624808253501058e+01 2.367905930911436769e+02 5.889209343403764052e+01 8.338217997911176127e+00 -4.794734189737626906e+01 -9.903544762443215177e+01
-1.460000000000000187e+00 2.035380877086595675e+01 2.358396201247171007e+02 5.696684631735191573e+01 8.230001575550799586e+00 -4.973411240293606284e+01 -9.922768564209775377e+01
-1.440000000000000391e+00 2.050864478868365737e+01 2.348439301205313257e+02 5.501730307840756495e+01 8.131941958378222424e+00 -5.149742675824177951e+01 -9.938397656464013608e+01
-1.420000000000000373e+00 2.065945149024356198e+01 2.338113484792705208e+02 5.305461758689172314e+01 8.020897337318348974e+00 -5.324840440722112334e+01 -9.954622472384967580e+01
-1.400000000000000355e+00 2.080492422980111300e+01 2.327497006016186845e+02 5.108994371249150390e+01 7.873725903296085349e+00 -5.499816479380177014e+01 -9.975633445151676426e+01
-1.380000000000000338e+00 2.094375836161175641e+01 2.316668118882599856e+02 4.913443532489404930e+01 7.667285847236337659e+00 -5.675782736191143840e+01 -1.000562100794318781e+02
-1.360000000000000320e+00 2.107546278988530020e+01 2.305660230057967794e+02 4.719372265632068775e+01 7.388018335489231703e+00 -5.854114000111163563e+01 -1.004721036314974043e+02
-1.340000000000000302e+00 2.120280061864903232e+01 2.294327356845046495e+02 4.525134138912946469e+01 7.060696436105792451e+00 -6.037236438349922452e+01 -1.009676579000637702e+02
-1.320000000000000284e+00 2.132934850188463116e+01 2.282478669205777635e+02 4.328530356821264746e+01 6.719676192562268113e+00 -6.227839062680490656e+01 -1.014908633695935123e+02
-1.300000000000000266e+00 2.145868309357373960e+01 2.269923337102098344e+02 4.127362123846245368e+01 6.399313648334899796e+00 -6.428610884875934062e+01 -1.019897105245489826e+02
-1.280000000000000249e+00 2.159438104769803601e+01 2.256470530495949731e+02 3.919430644477115777e+01 6.133964846899936596e+00 -6.642240916709326370e+01 -1.024121898493927034e+02
-1.260000000000000231e+00 2.173842160999408435e+01 2.242005298572675827e+02 3.703479468213064507e+01 5.947608994706336638e+00 -6.870179296742458064e+01 -1.027211867398274592e+02
-1.240000000000000213e+00 2.188639439321811153e+01 2.226716207411238315e+02 3.482021524593150730e+01 5.822717950093900363e+00 -7.108920670692019428e+01 -1.029391662365174653e+02
-1.220000000000000195e+00 2.203229160188123359e+01 2.210867702314004077e+02 3.258512088166396126e+01 5.731386734375139902e+00 -7.353720811063421081e+01 -1.031034882913672135e+02
-1.200000000000000178e+00 2.217010544049459497e+01 2.194724228583339709e+02 3.036406433481826639e+01 5.645710368862570938e+00 -7.599835490362082169e+01 -1.032515128562813231e+02
-1.180000000000000160e+00 2.229382811356932237e+01 2.178550231521612091e+02 2.819159835088464661e+01 5.537783874868703826e+00 -7.842520481093413309e+01 -1.034205998831642859e+02
-1.160000000000000142e+00 2.239926926778805694e+01 2.162532196823260904e+02 2.609252951612472771e+01 5.386009961127882661e+00 -8.078421783739743489e+01 -1.036357275066733905e+02
-1.140000000000000124e+00 2.248950831851956877e+01 2.146544771751026417e+02 2.405267977988571104e+01 5.194022086061778509e+00 -8.309746310691070903e+01 -1.038723465924770153e+02
-1.120000000000000329e+00 2.256944212330412469e+01 2.130384643959718858e+02 2.204812493228618209e+01 4.971761395513889070e+00 -8.540091202314299323e+01 -1.040935261889961936e+02
-1.100000000000000311e+00 2.264396753968198794e+01 2.113848501104149875e+02 2.005494076344467658e+01 4.729169035327709381e+00 -8.773053598976345313e+01 -1.042623353446519729e+02
-1.080000000000000293e+00 2.271798142519345021e+01 2.096733030839131970e+02 1.804920306347979420e+01 4.476186151346741582e+00 -9.012230641044116908e+01 -1.043418431078654862e+02
-1.060000000000000275e+00 2.279505087148317699e+01 2.078890050326677965e+02 1.601342134721367216e+01 4.219490188748866721e+00 -9.260383326191777087e+01 -1.043092504721533089e+02
-1.040000000000000258e+00 2.287342390661346769e+01 2.060391894757597413e+02 1.395584002828269021e+01 3.952703790049491239e+00 -9.516928081322492972e+01 -1.041982862114141142e+02
-1.020000000000000240e+00 2.295001879275100620e+01 2.041366028829901609e+02 1.189113724502678338e+01 3.666185897098404478e+00 -9.780445190646678100e+01 -1.040568110446420604e+02
-1.000000000000000222e+00 2.302175379206249062e+01 2.021939917241601847e+02 9.833991135785895565e+00 3.350295451745397113e+00 -1.004951493837475454e+02 -1.039326856908314056e+02
-9.800000000000002043e-01 2.308554716671460127e+01 2.002241024690707150e+02 7.799079838899958261e+00 2.995391395840254045e+00 -1.032271760871713440e+02 -1.038737708689762371e+02
-9.600000000000001865e-01 2.313897933750053326e+01 1.982321678096468816e+02 5.794317362767621660e+00 2.596282465756706070e+00 -1.059932844869040736e+02 -1.039108747910022572e+02
-9.400000000000001688e-01 2.318227935971942699e+01 1.961933653263088502e+02 3.800561196022352206e+00 2.165576575964228923e+00 -1.088140255653582358e+02 -1.040065956405606187e+02
-9.200000000000001510e-01 2.321633844729692697e+01 1.940753588216009859e+02 1.791904697356332399e+00 1.720331435456239788e+00 -1.117168999330080794e+02 -1.041064790942340750e+02
-9.000000000000001332e-01 2.324204781415866705e+01 1.918458120980674551e+02 -2.575587745382605376e-01 1.277604753226154299e+00 -1.147294082003278106e+02 -1.041560708286052233e+02
-8.800000000000001155e-01 2.326029867423028463e+01 1.894723889582524521e+02 -2.373735860969249156e+00 8.544542382673879777e-01 -1.178790509777916213e+02 -1.041009165202567743e+02
-8.600000000000003197e-01 2.327184590495408756e+01 1.869353832488187379e+02 -4.571648169105022141e+00 4.620582382861908588e-01 -1.211828427670499480e+02 -1.039001845585393511e+02
-8.400000000000003020e-01 2.327689903783906544e+01 1.842656089929030259e+02 -6.822777169556428767e+00 8.807765584011641169e-02 -1.246158536344584320e+02 -1.035675341838756083e+02
-8.200000000000002842e-01 2.327553126791083926e+01 1.815065102577603113e+02 -9.087719298794828759e+00 -2.857059678004401637e-01 -1.281426675375486752e+02 -1.031302473494560843e+02
-8.000000000000002665e-01 2.326781579019506196e+01 1.787015311106457887e+02 -1.132707099329161515e+01 -6.775110913650875810e-01 -1.317278684338524499e+02 -1.026156060084714170e+02
-7.800000000000002487e-01 2.325382579971737584e+01 1.758941156188146522e+02 -1.350142868951817832e+01 -1.105556173583434720e+00 -1.353360402809015568e+02 -1.020508921141122158e+02
-7.600000000000002309e-01 2.323319015091038153e+01 1.731151811729967562e+02 -1.558175671262505269e+01 -1.582925684786247178e+00 -1.389445572202356516e+02 -1.014549953583486825e+02
-7.400000000000002132e-01 2.320376033583450948e+01 1.703455384578215046e+02 -1.758049094247938982e+01 -2.102168141708918192e+00 -1.425819541294266628e+02 -1.008132363882697291e+02
-7.200000000000001954e-01 2.316294350595714846e+01 1.675534714813929895e+02 -1.952043514762747378e+01 -2.650698072687997620e+00 -1.462895560700543172e+02 -1.001025435897437603e+02
-7.000000000000001776e-01 2.310814681274568372e+01 1.647072642518152463e+02 -2.142439309661560287e+01 -3.215930006060033985e+00 -1.501086881036983982e+02 -9.929984534863929468e+01
-6.800000000000001599e-01 2.303677740766750759e+01 1.617752007771924809e+02 -2.331516855799007359e+01 -3.785278470161578923e+00 -1.540806752919388316e+02 -9.838207005082480805e+01
-6.600000000000001421e-01 2.294731384084058234e+01 1.587336125471894945e+02 -2.520964315408376422e+01 -4.350454427465139773e+00 -1.582335158655499754e+02 -9.732998403358635642e+01
-6.400000000000001243e-01 2.284252025698524236e+01 1.555910209777143791e+02 -2.710100992237596884e+01 -4.920354576987062245e+00 -1.625419007320854519e+02 -9.613970543988051531e+01
-6.200000000000001066e-01 2.272623219947239548e+01 1.523639949662358504e+02 -2.897653975413256333e+01 -5.508172051879649977e+00 -1.669671939682933157e+02 -9.481119036408149725e+01
-6.000000000000003109e-01 2.260228521167293536e+01 1.490691034102227377e+02 -3.082350354061940934e+01 -6.127099985295197726e+00 -1.714707596509216785e+02 -9.334439490056338684e+01
-5.800000000000002931e-01 2.247451483695778052e+01 1.457229152071438136e+02 -3.262917217310242535e+01 -6.790331510386025116e+00 -1.760139618567188506e+02 -9.173927514370039660e+01
-5.600000000000002753e-01 2.234451836253552770e+01 1.423303533777235543e+02 -3.438490308979404375e+01 -7.512075005344155620e+00 -1.805832362198137275e+02 -8.998760262346711158e+01
-5.400000000000002576e-01 2.220494005096549728e+01 1.388497574357089661e+02 -3.609839991669292658e+01 -8.310599828520519594e+00 -1.852653046038583398e+02 -8.804841061223973497e+01
-5.200000000000002398e-01 2.204618590864470207e+01 1.352278210181026736e+02 -3.778145282674429950e+01 -9.205190583305782326e+00 -1.901719604298855586e+02 -8.587254781799487091e+01
-5.000000000000002220e-01 2.185866194197015844e+01 1.314112377619073868e+02 -3.944585199289340949e+01 -1.021513187309060555e+01 -1.954149971189282553e+02 -8.341086294870916618e+01
-4.800000000000002043e-01 2.163277415733886144e+01 1.273467013041256877e+02 -4.110338758808545379e+01 -1.135970830126564479e+01 -2.011062080920191306e+02 -8.061420471235915386e+01
-4.600000000000001865e-01 2.136206796677799957e+01 1.230015680931517750e+02 -4.275833367670428231e+01 -1.264830215378825606e+01 -2.073140814134313246e+02 -7.743290515315220546e+01
-4.400000000000001688e-01 2.105264640483536098e+01 1.184258458229456181e+02 -4.438489988888809989e+01 -1.405068644688255119e+01 -2.139338837203985122e+02 -7.381522966021830712e+01
-4.200000000000001510e-01 2.071375191168893437e+01 1.136902049988588601e+02 -4.594977974621374983e+01 -1.552673187933934607e+01 -2.208175762933946658e+02 -6.970892695891814128e+01
-4.000000000000001332e-01 2.035462692751668001e+01 1.088653161262429876e+02 -4.741966677025803278e+01 -1.703630914994944234e+01 -2.278171204128937006e+02 -6.506174577461243302e+01
-3.800000000000001155e-01 1.998451389249656529e+01 1.040218497104495441e+02 -4.876125448259776363e+01 -1.853928895750364703e+01 -2.347844773593695606e+02 -5.982143483266182926e+01
-3.600000000000003197e-01 1.960939839471937418e+01 9.921045587004107347e+01 -4.994611998206771375e+01 -2.001194412177197890e+01 -2.416057654437335032e+02 -5.393244787310825217e+01
-3.400000000000003020e-01 1.922223861392709310e+01 9.440170317642373732e+01 -5.096537467653450904e+01 -2.149615594644140515e+01 -2.483037310986469777e+02 -4.732605869471797178e+01
-3.200000000000002842e-01 1.881273587777452505e+01 8.954613981421469759e+01 -5.181501355112265372e+01 -2.305020785617805501e+01 -2.549352777872083777e+02 -3.993024611093853338e+01
-3.000000000000002665e-01 1.837059151391646239e+01 8.459431396803117309e+01 -5.249103159095667337e+01 -2.473238327564807548e+01 -2.615573089725162959e+02 -3.167298893521746805e+01
-2.800000000000002487e-01 1.788550685000771878e+01 7.949677382249032576e+01 -5.298942378116112906e+01 -2.660096562951762422e+01 -2.682267281176693814e+02 -2.248226598100229623e+01
-2.600000000000002309e-01 1.734947925630408605e+01 7.421801142719056088e+01 -5.330332774966156251e+01 -2.869637263924458281e+01 -2.749355654082567639e+02 -1.227193928023828384e+01
-2.400000000000002132e-01 1.676369027346535034e+01 6.877829429165520025e+01 -5.341445169558748063e+01 -3.098755921345365039e+01 -2.814163579198297498e+02 -8.994037388617238671e-01
-2.200000000000001954e-01 1.613161748475228663e+01 6.321183379038870953e+01 -5.330164646086941360e+01 -3.342561455756127486e+01 -2.873367694504300403e+02 1.179206251869335453e+01
-2.000000000000001776e-01 1.545673847342568585e+01 5.755284129789565384e+01 -5.294376288743790582e+01 -3.596162787698389707e+01 -2.923644637980995640e+02 2.595918136799291887e+01
-1.800000000000001599e-01 1.474253082274631765e+01 5.183552818868049883e+01 -5.231965181722344482e+01 -3.854668837713792584e+01 -2.961671047608799654e+02 4.175867468460291576e+01
-1.600000000000001421e-01 1.399031221137072301e+01 4.609028198353519201e+01 -5.140223701802116096e+01 -4.112100152844375600e+01 -2.983794611952473588e+02 5.922920796074410532e+01
-1.400000000000001243e-01 1.319276069953845187e+01 4.033219478840122463e+01 -5.014073396108455682e+01 -4.358123786133744204e+01 -2.985047221914145439e+02 7.793722115525629590e+01
-1.200000000000001066e-01 1.234039444288480780e+01 3.457253485550753425e+01 -4.847843104353173516e+01 -4.581318417125902442e+01 -2.960131818980285061e+02 9.733109784363409744e+01
-1.000000000000000888e-01 1.142373159704509078e+01 2.882257043708298738e+01 -4.635861666248076318e+01 -4.770262725364846546e+01 -2.903751344637361740e+02 1.168592216013720702e+02
-8.000000000000007105e-02 1.043329031765461146e+01 2.309356978535652161e+01 -4.372457921504974365e+01 -4.913535390394582691e+01 -2.810608740371847603e+02 1.359699760039648311e+02
-6.000000000000005329e-02 9.366886590689471603e+00 1.741318812434164442e+01 -4.054966370412564203e+01 -5.002417243892347898e+01 -2.678178662482897039e+02 1.541141804000094453e+02
-4.000000000000003553e-02 8.251527723488978339e+00 1.187462856519023724e+01 -3.692744155567075381e+01 -5.038997726068333805e+01 -2.515022626520403435e+02 1.707523972305126563e+02
-2.000000000000001776e-02 7.121518853733243226e+00 6.587481190838816225e+00 -3.298154080141632960e+01 -5.028068429265974970e+01 -2.332473862846949260e+02 1.853476247095838403e+02
0.000000000000000000e+00 6.011165119102370724e+00 1.661336084223867804e+00 -2.883558947309355247e+01 -4.974420945828700980e+01 -2.141865601825112719e+02 1.973628610513322599e+02
