-1.840000000000000080e+00 2.463497598405874811e+01 2.778966733495651624e+02 5.852570695054973271e+01 4.157929883587260456e+00 -5.830117180485065376e+01 -7.743109832065049147e+01
-1.820000000000000062e+00 2.473085823312024445e+01 2.766508546938769655e+02 5.693822372279241506e+01 4.379964525477927140e+00 -5.963715244899302803e+01 -7.770120797908428756e+01
-1.800000000000000044e+00 2.482171042552435125e+01 2.754360557403359735e+02 5.539581371762192674e+01 4.482135296090502763e+00 -6.098756411389364018e+01 -7.798215218907387225e+01
-1.780000000000000027e+00 2.490805525534269549e+01 2.742382801492183830e+02 5.388577439499353972e+01 4.483268808087580659e+00 -6.235301320326180985e+01 -7.827029115023540840e+01
-1.760000000000000009e+00 2.499041541664688637e+01 2.730435315808006749e+02 5.239540321486254726e+01 4.402191674131755939e+00 -6.373410612080686377e+01 -7.856198506218505884e+01
-1.739999999999999991e+00 2.506931360350855087e+01 2.718378136953592730e+02 5.091199763718424265e+01 4.257730506885620159e+00 -6.513144927023810737e+01 -7.885359412453902905e+01
-1.720000000000000195e+00 2.514527250999929109e+01 2.706071301531705444e+02 4.942285512191389074e+01 4.068711919011767542e+00 -6.654564905526488872e+01 -7.914147853691348189e+01
-1.700000000000000178e+00 2.521881483019073045e+01 2.693374846145107995e+02 4.791527312900677060e+01 3.853962523172789645e+00 -6.797731187959649901e+01 -7.942199849892458019e+01
-1.680000000000000160e+00 2.529046325815449592e+01 2.680148807396565758e+02 4.637654911841821104e+01 3.632308932031282023e+00 -6.942704414694230763e+01 -7.969151421018854364e+01
-1.660000000000000142e+00 2.536074048796217895e+01 2.666253221888840699e+02 4.479398055010344137e+01 3.422577758249836677e+00 -7.089545226101157027e+01 -7.994638587032150667e+01
-1.640000000000000124e+00 2.543016921368541361e+01 2.651548126224697626e+02 4.315486488401776910e+01 3.243595614491046053e+00 -7.238314262551365630e+01 -8.018297367893967476e+01
-1.620000000000000107e+00 2.549907283302185945e+01 2.635960649624157099e+02 4.145300760119491201e+01 3.108562309435104698e+00 -7.389121898565372248e+01 -8.039951663722425224e+01
-1.600000000000000089e+00 2.556697755817335604e+01 2.619686291776263829e+02 3.970824626698232862e+01 3.008170435832603129e+00 -7.542277445262028834e+01 -8.060176895261666630e+01
-1.580000000000000071e+00 2.563321030496778263e+01 2.602987644987321687e+02 3.794692646780591616e+01 2.927485782451733520e+00 -7.698139947909774605e+01 -8.079736363412334299e+01
-1.560000000000000053e+00 2.569709798923302202e+01 2.586127301563631136e+02 3.619539379009157898e+01 2.851574138060686270e+00 -7.857068451777043094e+01 -8.099393369075070837e+01
-1.540000000000000036e+00 2.575796752679697121e+01 2.569367853811497184e+02 3.447999382026522142e+01 2.765501291427654884e+00 -8.019422002132274940e+01 -8.119911213150525953e+01
-1.520000000000000018e+00 2.581519275199710961e+01 2.552896978728315673e+02 3.281980152841195775e+01 2.657288896578001935e+00 -8.185244920325907003e+01 -8.141827343172016640e+01
-1.500000000000000000e+00 2.586833517320942022e+01 2.536602692075874472e+02 3.120480941925401552e+01 2.526782068565789352e+00 -8.353322632036406503e+01 -8.164775793203585863e+01
-1.479999999999999982e+00 2.591700321731946488e+01 2.520298094307055692e+02 2.961773938117280380e+01 2.376781787702250792e+00 -8.522125839024232619e+01 -8.188164743941950974e+01
-1.459999999999999964e+00 2.596080531121280899e+01 2.503796285874740875e+02 2.804131330254974941e+01 2.210089034298619914e+00 -8.690125243049850212e+01 -8.211402376083825061e+01
-1.439999999999999947e+00 2.599934988177504280e+01 2.486910367231813836e+02 2.645825307176630048e+01 2.029504788666130821e+00 -8.855791545873724147e+01 -8.233896870325929740e+01
-1.420000000000000151e+00 2.603246497927834113e+01 2.469502380514200013e+02 2.485561715618328549e+01 1.839141235304998956e+00 -9.018327970536310545e+01 -8.255157709050224923e+01
-1.400000000000000133e+00 2.606085714754140170e+01 2.451630134590002967e+02 2.323781033907914306e+01 1.648355375471358686e+00 -9.179867825198040521e+01 -8.275099581379657820e+01
-1.380000000000000115e+00 2.608545255376948546e+01 2.433400380010368451e+02 2.161357398271170993e+01 1.467815414610326163e+00 -9.343276939299335027e+01 -8.293738478122418201e+01
-1.360000000000000098e+00 2.610717736516788179e+01 2.414919867326442784e+02 1.999164944933882282e+01 1.308189558167017097e+00 -9.511421142280613594e+01 -8.311090390086692992e+01
-1.340000000000000080e+00 2.612695774894189071e+01 2.396295347089372854e+02 1.838077810121831490e+01 1.180146011586547417e+00 -9.687166263582300019e+01 -8.327171308080674805e+01
-1.320000000000000062e+00 2.614542058308753880e+01 2.377570934828646330e+02 1.678504008047477569e+01 1.088383184602642828e+00 -9.872633752422993325e+01 -8.341963025621726047e+01
-1.300000000000000044e+00 2.616199558876387243e+01 2.358540205987116849e+02 1.518987064869980408e+01 1.013720304103472358e+00 -1.006696753713400483e+02 -8.355310547063898241e+01
-1.280000000000000027e+00 2.617581319792065742e+01 2.338934100985978262e+02 1.357604384735173397e+01 9.310068012658139214e-01 -1.026856716582482818e+02 -8.367024679470419812e+01
-1.260000000000000231e+00 2.618600384250769508e+01 2.318483560246426691e+02 1.192433371788892238e+01 8.150921072664473188e-01 -1.047583218660494992e+02 -8.376916229904513500e+01
-1.240000000000000213e+00 2.619169795447476190e+01 2.296919524189655988e+02 1.021551430176969610e+01 6.408256532821499096e-01 -1.068716214758386371e+02 -8.384796005429404886e+01
-1.220000000000000195e+00 2.619218368898174987e+01 2.274081309440859684e+02 8.438635112811095240e+00 3.905400405852466617e-01 -1.090125337172457165e+02 -8.390549720264668565e+01
-1.200000000000000178e+00 2.618738009402894207e+01 2.250241737441221517e+02 6.615847554264886909e+00 7.650055083024424885e-02 -1.111798928140411533e+02 -8.394362717255249606e+01
-1.180000000000000160e+00 2.617736394082671580e+01 2.225782005835924338e+02 4.777578501741534645e+00 -2.815443642328043228e-01 -1.133755007385304481e+02 -8.396495246402443513e+01
-1.160000000000000142e+00 2.616221200058546970e+01 2.201083312270150998e+02 2.954254830851497537e+00 -6.638462528538464635e-01 -1.156011594630191581e+02 -8.397207557707545789e+01
-1.140000000000000124e+00 2.614200104451558460e+01 2.176526854389084065e+02 1.176303417205234014e+00 -1.050656663282829140e+00 -1.178586709598127555e+02 -8.396759901171851936e+01
-1.120000000000000107e+00 2.611675010887491410e+01 2.152385790918500277e+02 -5.341989531113692236e-01 -1.424746576838041401e+00 -1.201482035605164640e+02 -8.395383814690042357e+01
-1.100000000000000089e+00 2.608624729011116017e+01 2.128501124906550217e+02 -2.188575852110790532e+00 -1.778964707111152510e+00 -1.224633910339340019e+02 -8.393195987730342722e+01
-1.080000000000000071e+00 2.605022294971948682e+01 2.104605820481978640e+02 -3.806500941330059895e+00 -2.108679200762168193e+00 -1.247962335081687115e+02 -8.390284397654356496e+01
-1.060000000000000053e+00 2.600840744919506164e+01 2.080432841773530015e+02 -5.407647882306219067e+00 -2.409258204451096397e+00 -1.271387311113239491e+02 -8.386737021823695670e+01
-1.040000000000000036e+00 2.596053115003305223e+01 2.055715152909949097e+02 -7.011690336576308802e+00 -2.676069864837946177e+00 -1.294828839715030995e+02 -8.382641837599966550e+01
-1.020000000000000018e+00 2.590641689012961635e+01 2.030255580315890427e+02 -8.633566547414323722e+00 -2.909439582364818921e+00 -1.318263767770196182e+02 -8.377994691594143717e+01
-1.000000000000000000e+00 2.584625741298489032e+01 2.004136399599645699e+02 -1.026927308504206060e+01 -3.129521772602187113e+00 -1.341896324570272725e+02 -8.372422907414643589e+01
-9.800000000000000933e-01 2.578033793849999711e+01 1.977509748665416964e+02 -1.191007110141829806e+01 -3.361428104902620895e+00 -1.365987585008899998e+02 -8.365461677919246597e+01
-9.600000000000000755e-01 2.570894368657606321e+01 1.950527765417404567e+02 -1.354722174850178718e+01 -3.630270248618685969e+00 -1.390798623979716240e+02 -8.356646195965733170e+01
-9.400000000000000577e-01 2.563235987711420805e+01 1.923342587759811408e+02 -1.517198617825128437e+01 -3.961159873102949813e+00 -1.416590516376360824e+02 -8.345511654411885161e+01
-9.200000000000000400e-01 2.555061795747395337e+01 1.896012793393495883e+02 -1.677954373583381908e+01 -4.370166591030505643e+00 -1.443591652623342725e+02 -8.331351916195360729e+01
-9.000000000000000222e-01 2.546273428484834156e+01 1.868222719205949716e+02 -1.838074653924946489e+01 -4.837191788366552281e+00 -1.471899685268650160e+02 -8.312495524573313332e+01
-8.800000000000001155e-01 2.536747144388881736e+01 1.839563141881323531e+02 -1.999036489970655950e+01 -5.333094794398813399e+00 -1.501579582391144072e+02 -8.287029692882785525e+01
-8.600000000000000977e-01 2.526359201924680420e+01 1.809624838103765399e+02 -2.162316912841345129e+01 -5.828734938415017552e+00 -1.532696312069682563e+02 -8.253041634460802811e+01
-8.400000000000000799e-01 2.514985859557374681e+01 1.777998584557425374e+02 -2.329392953657847798e+01 -6.294971549702887970e+00 -1.565314842383126006e+02 -8.208618562644404903e+01
-8.200000000000000622e-01 2.502528861929293313e+01 1.744437378088937294e+02 -2.501054190041181968e+01 -6.711636315618547677e+00 -1.599438168184104541e+02 -8.152657415499741944e+01
-8.000000000000000444e-01 2.488991898391501678e+01 1.709343096194871521e+02 -2.675340385613096217e+01 -7.094450355791703799e+00 -1.634821391420334464e+02 -8.087294030009411472e+01
-7.800000000000000266e-01 2.474404144472251232e+01 1.673279836534282765e+02 -2.849603850495523005e+01 -7.468107147920457933e+00 -1.671157640813303544e+02 -8.015473967885128559e+01
-7.600000000000000089e-01 2.458794775699794144e+01 1.636811696766226305e+02 -3.021196894810395506e+01 -7.857300169702918780e+00 -1.708140045084500116e+02 -7.940142790838615383e+01
-7.399999999999999911e-01 2.442192967602380804e+01 1.600502774549756566e+02 -3.187471828679645469e+01 -8.286722898837188822e+00 -1.745461732955411662e+02 -7.864246060581579911e+01
-7.199999999999999734e-01 2.424617490669804454e+01 1.564755286491023583e+02 -3.346480527070907129e+01 -8.775675426729199202e+00 -1.782928655192753240e+02 -7.789373791994545115e+01
-6.999999999999999556e-01 2.406045495238029019e+01 1.529323924984559824e+02 -3.499073124334628915e+01 -9.321884299616215230e+00 -1.820798050744152192e+02 -7.711693812633261302e+01
-6.800000000000001599e-01 2.386443726604559146e+01 1.493801501371992231e+02 -3.646799319666956052e+01 -9.917682677443314887e+00 -1.859439980602462299e+02 -7.626018403222275310e+01
-6.600000000000001421e-01 2.365778930066899122e+01 1.457780826994946324e+02 -3.791208812264037675e+01 -1.055540372015559214e+01 -1.899224505760538193e+02 -7.527159844486135398e+01
-6.400000000000001243e-01 2.344017850922554658e+01 1.420854713195049897e+02 -3.933851301322022209e+01 -1.122738058769813740e+01 -1.940521687211234223e+02 -7.409930417149395510e+01
-6.200000000000001066e-01 2.321132985416432959e+01 1.382717737603071271e+02 -4.075851758382039236e+01 -1.192736924068474735e+01 -1.983585856922409505e+02 -7.270715321178514046e+01
-6.000000000000000888e-01 2.297119833583046855e+01 1.343471543006342301e+02 -4.216636244365137998e+01 -1.265481684240405613e+01 -2.028208430761935972e+02 -7.112191433507580030e+01
-5.800000000000000711e-01 2.271979646404313513e+01 1.303319538481336224e+02 -4.355206092537348184e+01 -1.341059335681342191e+01 -2.074065095572691746e+02 -6.938608550312595469e+01
-5.600000000000000533e-01 2.245713674862147968e+01 1.262465133104527268e+02 -4.490562636164702326e+01 -1.419556874787019396e+01 -2.120831538197554096e+02 -6.754216467769555265e+01
-5.400000000000000355e-01 2.218323169938465611e+01 1.221111735952387676e+02 -4.621707208513229403e+01 -1.501061297953171270e+01 -2.168183445479399154e+02 -6.563264982054458585e+01
-5.200000000000000178e-01 2.189697135142258944e+01 1.179321648194420931e+02 -4.747855329859114448e+01 -1.586007675954362028e+01 -2.216060735334725109e+02 -6.366730465612637602e+01
-5.000000000000000000e-01 2.159275584090822164e+01 1.136592739372247394e+02 -4.869079268519153914e+01 -1.676223377080466292e+01 -2.265460249974509850e+02 -6.152495595966766473e+01
-4.799999999999999822e-01 2.126386282928528715e+01 1.092281771120518101e+02 -4.985665479820299595e+01 -1.773883844000187437e+01 -2.317643062683353037e+02 -5.905169626908853076e+01
-4.599999999999999645e-01 2.090356997799748839e+01 1.045745505073883095e+02 -5.097900419089504709e+01 -1.881164519382229017e+01 -2.373870246745852910e+02 -5.609361812230905286e+01
-4.399999999999999467e-01 2.050515494848853493e+01 9.963407028669927001e+01 -5.206070541653718209e+01 -2.000240845895293518e+01 -2.435402875446608277e+02 -5.249681405724929562e+01
-4.200000000000001510e-01 2.006406941592292625e+01 9.436753736804830339e+01 -5.309979765162279364e+01 -2.132728889924903726e+01 -2.503023373107509428e+02 -4.814547366731449074e+01
-4.000000000000001332e-01 1.958446111034817605e+01 8.883625168789293980e+01 -5.407501856554087993e+01 -2.278007212723869657e+01 -2.575599568199620535e+02 -4.307617476785011945e+01
-3.800000000000001155e-01 1.907265177553257374e+01 8.312663793728920325e+01 -5.496028045090421443e+01 -2.434894999261816295e+01 -2.651520640231292987e+02 -3.736359222968683014e+01
-3.600000000000000977e-01 1.853496315524441584e+01 7.732512080729324566e+01 -5.572949560032567007e+01 -2.602211434508370402e+01 -2.729175768710881584e+02 -3.108240092365528540e+01
-3.400000000000000799e-01 1.797771699325200601e+01 7.151812498896114789e+01 -5.635657630641809135e+01 -2.778775703433160160e+01 -2.806954133146741128e+02 -2.430727572058613362e+01
-3.200000000000000622e-01 1.740454469979441754e+01 6.576773011848177930e+01 -5.681685777841813945e+01 -2.964121479367610945e+01 -2.883407121762439260e+02 -1.703838924349647854e+01
-3.000000000000000444e-01 1.680831635099393395e+01 6.003863561257524850e+01 -5.709136689205800508e+01 -3.160640389090350411e+01 -2.957734957642414315e+02 -8.977905124149353711e+00
-2.800000000000000266e-01 1.617921168944363686e+01 5.427119583309440287e+01 -5.716255343969370983e+01 -3.371438547741803404e+01 -3.029300072586315764e+02 2.465152535057553995e-01
-2.600000000000000089e-01 1.550741045773659188e+01 4.840576514189209689e+01 -5.701286721368123267e+01 -3.599622070462395129e+01 -3.097464898393794783e+02 1.100721050551935676e+01
-2.399999999999999911e-01 1.478309239846587886e+01 4.238269790082123478e+01 -5.662475800637663070e+01 -3.848297072392553275e+01 -3.161591866864503118e+02 2.367651924794196461e+01
-2.199999999999999734e-01 1.399898965621115643e+01 3.616410316096744282e+01 -5.597907528407724698e+01 -4.117904494950592920e+01 -3.220047669841082438e+02 3.849680739390150563e+01
-1.999999999999999556e-01 1.315804398349845883e+01 2.979910873034753394e+01 -5.505026720884590219e+01 -4.398224584666410664e+01 -3.267216039338143787e+02 5.519055004483570315e+01
-1.799999999999999378e-01 1.226574953484040797e+01 2.335859710621107155e+01 -5.381118161668674560e+01 -4.676372414347790851e+01 -3.296484967413288132e+02 7.335024959925965504e+01
-1.600000000000001421e-01 1.132760046474962756e+01 1.691345078580770078e+01 -5.223466634360392646e+01 -4.939463056802514274e+01 -3.301242446124114167e+02 9.256840845568825671e+01
-1.400000000000001243e-01 1.034909092773871997e+01 1.053455226638686071e+01 -5.029356922560158694e+01 -5.174611584838373801e+01 -3.274876467528225135e+02 1.124375290126370857e+02
-1.200000000000001066e-01 9.335001213428270717e+00 4.283231905580908716e+00 -4.796447888152998473e+01 -5.370287888755014194e+01 -3.212620475421252308e+02 1.324899190120499384e+02
-1.000000000000000888e-01 8.287256151870654008e+00 -1.817388497447006035e+00 -4.523894706162367640e+01 -5.520381128819524008e+01 -3.117089720550946481e+02 1.520171075695863578e+02
-8.000000000000007105e-02 7.207066708226199658e+00 -7.753739283151030115e+00 -4.211226629896334828e+01 -5.620135282790852216e+01 -2.992744905403089319e+02 1.702504291443347313e+02
-6.000000000000005329e-02 6.095643847655236591e+00 -1.351225079198531098e+01 -3.857972912662965825e+01 -5.664794328427952053e+01 -2.844046732463464764e+02 1.864212181953835739e+02
-4.000000000000003553e-02 4.954198535318091068e+00 -1.907935336440398189e+01 -3.463662807770326424e+01 -5.649602243489768227e+01 -2.675455904217853345e+02 1.997608091818211733e+02
-2.000000000000001776e-02 3.787306490235762713e+00 -2.443449300899353815e+01 -3.030021477030565435e+01 -5.573122191488964461e+01 -2.491985791501714971e+02 2.097093349273481238e+02
0.000000000000000000e+00 2.613002446871905970e+00 -2.952917840686982842e+01 -2.567557716272156654e+01 -5.447194078953037888e+01 -2.300860438549218543e+02 2.165421217141131933e+02
