1.917152762413024902e+00 3.536961555480957031e+00 -1.924287080764770508e+00 9.810706973075866699e-01 2.260185003280639648e+00 -9.947921633720397949e-01
1.935321211814880371e+00 3.591228246688842773e+00 -1.942582607269287109e+00 9.149776697158813477e-01 2.189815044403076172e+00 -8.722757101058959961e-01
1.958416104316711426e+00 3.637483596801757812e+00 -1.960267186164855957e+00 1.059360623359680176e+00 2.348799943923950195e+00 -9.092228412628173828e-01
1.983278870582580566e+00 3.692062139511108398e+00 -1.977774620056152344e+00 9.211689829826354980e-01 2.532979726791381836e+00 -8.864558339118957520e-01
1.999447345733642578e+00 3.743813037872314453e+00 -1.995198488235473633e+00 8.974210619926452637e-01 2.458908796310424805e+00 -8.323916792869567871e-01
2.018489837646484375e+00 3.799557447433471680e+00 -2.010902404785156250e+00 8.203622102737426758e-01 2.368080377578735352e+00 -7.899134159088134766e-01
2.034212112426757812e+00 3.852224588394165039e+00 -2.026103258132934570e+00 7.803452610969543457e-01 2.332209587097167969e+00 -7.315522432327270508e-01
2.055183172225952148e+00 3.909528017044067383e+00 -2.040693283081054688e+00 5.530276894569396973e-01 2.487614393234252930e+00 -7.601318955421447754e-01
2.072143793106079102e+00 3.963971138000488281e+00 -2.054514884948730469e+00 6.039677858352661133e-01 2.493875980377197266e+00 -6.961375474929809570e-01
2.091014862060546875e+00 4.006449222564697266e+00 -2.067928552627563477e+00 7.835255861282348633e-01 2.587777376174926758e+00 -6.483423113822937012e-01
2.106609106063842773e+00 4.066264629364013672e+00 -2.081063985824584961e+00 7.400335669517517090e-01 2.396000862121582031e+00 -6.528751254081726074e-01
2.151029348373413086e+00 4.147148132324218750e+00 -2.100483417510986328e+00 9.414667487144470215e-01 2.935930013656616211e+00 -7.518849968910217285e-01
2.170621156692504883e+00 4.206428527832031250e+00 -2.114496231079101562e+00 7.522742748260498047e-01 2.965909242630004883e+00 -6.787387132644653320e-01
2.192399978637695312e+00 4.264702796936035156e+00 -2.128367662429809570e+00 7.938935756683349609e-01 3.092380285263061523e+00 -7.294517755508422852e-01
2.213163614273071289e+00 4.323719501495361328e+00 -2.142914533615112305e+00 8.775080442428588867e-01 3.293746471405029297e+00 -7.506189942359924316e-01
2.245465755462646484e+00 4.391551017761230469e+00 -2.156777858734130859e+00 8.060998320579528809e-01 3.720365524291992188e+00 -6.799119114875793457e-01
2.260933399200439453e+00 4.458768844604492188e+00 -2.169414281845092773e+00 8.709546923637390137e-01 3.658130168914794922e+00 -6.108970046043395996e-01
2.277404546737670898e+00 4.531943321228027344e+00 -2.181064844131469727e+00 7.878963351249694824e-01 3.704197645187377930e+00 -5.753006935119628906e-01
2.297077178955078125e+00 4.598734378814697266e+00 -2.191627979278564453e+00 9.806174039840698242e-01 3.814833164215087891e+00 -5.316021442413330078e-01
2.326047897338867188e+00 4.670490264892578125e+00 -2.202149152755737305e+00 1.089018702507019043e+00 4.078083515167236328e+00 -5.389546155929565430e-01
2.343119859695434570e+00 4.747364997863769531e+00 -2.212899684906005859e+00 1.017888784408569336e+00 3.942129373550415039e+00 -5.606561303138732910e-01
2.370040655136108398e+00 4.822974205017089844e+00 -2.223712921142578125e+00 1.115727305412292480e+00 4.059248447418212891e+00 -5.443655848503112793e-01
2.390638589859008789e+00 4.900835514068603516e+00 -2.234766244888305664e+00 1.155790209770202637e+00 4.141254425048828125e+00 -5.865982174873352051e-01
2.417398691177368164e+00 4.973846912384033203e+00 -2.245957851409912109e+00 1.172255396842956543e+00 4.431432723999023438e+00 -5.778295397758483887e-01
2.445014476776123047e+00 5.064608097076416016e+00 -2.256922960281372070e+00 1.079113245010375977e+00 4.617531776428222656e+00 -5.228398442268371582e-01
2.465302467346191406e+00 5.143490314483642578e+00 -2.266771316528320312e+00 1.160224795341491699e+00 4.665564537048339844e+00 -5.032120943069458008e-01
2.488327026367187500e+00 5.231113433837890625e+00 -2.275734663009643555e+00 1.115924715995788574e+00 4.620292186737060547e+00 -4.262552857398986816e-01
2.511394262313842773e+00 5.317727088928222656e+00 -2.285055160522460938e+00 1.353965044021606445e+00 4.784584522247314453e+00 -5.457118749618530273e-01
2.540556430816650391e+00 5.404850482940673828e+00 -2.296636581420898438e+00 1.493495345115661621e+00 5.080894470214843750e+00 -5.936593413352966309e-01
2.567835330963134766e+00 5.506933689117431641e+00 -2.308702468872070312e+00 1.284456253051757812e+00 5.208960056304931641e+00 -6.295379400253295898e-01
2.589707374572753906e+00 5.592645168304443359e+00 -2.320240736007690430e+00 1.514512419700622559e+00 5.175978660583496094e+00 -5.533388257026672363e-01
2.611648082733154297e+00 5.697880268096923828e+00 -2.330833435058593750e+00 1.257734537124633789e+00 5.116624832153320312e+00 -5.636393427848815918e-01
2.656828165054321289e+00 5.841068267822265625e+00 -2.346314668655395508e+00 1.454505562782287598e+00 5.489717483520507812e+00 -4.704450070858001709e-01
2.678860187530517578e+00 5.944590568542480469e+00 -2.354877710342407227e+00 1.381398320198059082e+00 5.589671611785888672e+00 -4.154478013515472412e-01
2.709502458572387695e+00 6.044894218444824219e+00 -2.363364934921264648e+00 1.571348190307617188e+00 5.851816654205322266e+00 -4.465988278388977051e-01
2.729365110397338867e+00 6.152531623840332031e+00 -2.371137619018554688e+00 1.588488459587097168e+00 5.750020027160644531e+00 -3.869541883468627930e-01
2.755838394165039062e+00 6.258195877075195312e+00 -2.378415107727050781e+00 1.779635667800903320e+00 5.876343250274658203e+00 -3.446774780750274658e-01
2.780011415481567383e+00 6.371058464050292969e+00 -2.385210990905761719e+00 1.738793134689331055e+00 5.853838920593261719e+00 -3.812694251537322998e-01
2.812443971633911133e+00 6.479377746582031250e+00 -2.392837047576904297e+00 1.877080917358398438e+00 6.081547737121582031e+00 -3.894547820091247559e-01
2.841938972473144531e+00 6.596569061279296875e+00 -2.400846958160400391e+00 1.834200263023376465e+00 6.347351074218750000e+00 -4.425701797008514404e-01
2.861003160476684570e+00 6.715281009674072266e+00 -2.409195184707641602e+00 1.850077867507934570e+00 6.117589473724365234e+00 -4.546442031860351562e-01
2.891783714294433594e+00 6.835484027862548828e+00 -2.419255256652832031e+00 1.983493089675903320e+00 6.309055805206298828e+00 -5.593615174293518066e-01
2.923027515411376953e+00 6.966957569122314453e+00 -2.430964708328247070e+00 1.805733680725097656e+00 6.648447990417480469e+00 -6.076497435569763184e-01
2.953072547912597656e+00 7.098978519439697266e+00 -2.442368984222412109e+00 1.906867980957031250e+00 6.770490646362304688e+00 -5.450268983840942383e-01
2.984501838684082031e+00 7.228885173797607422e+00 -2.452321529388427734e+00 2.008598566055297852e+00 6.996096611022949219e+00 -4.994110763072967529e-01
3.017114639282226562e+00 7.370439529418945312e+00 -2.461609125137329102e+00 1.841905474662780762e+00 7.143651008605957031e+00 -5.469951033592224121e-01
3.042354583740234375e+00 7.518542289733886719e+00 -2.474133968353271484e+00 1.620641350746154785e+00 7.182100296020507812e+00 -7.075373530387878418e-01
3.073683261871337891e+00 7.663021564483642578e+00 -2.488303184509277344e+00 1.630352973937988281e+00 7.287658214569091797e+00 -7.573122382164001465e-01
3.102664709091186523e+00 7.808121204376220703e+00 -2.503185272216796875e+00 1.668626546859741211e+00 7.358824253082275391e+00 -7.855953574180603027e-01
3.132021903991699219e+00 7.959047317504882812e+00 -2.518731117248535156e+00 1.661985039710998535e+00 7.626563072204589844e+00 -8.275161981582641602e-01
3.166779041290283203e+00 8.116821289062500000e+00 -2.535096406936645508e+00 1.657781124114990234e+00 7.899042606353759766e+00 -8.046034574508666992e-01
3.201089382171630859e+00 8.269276618957519531e+00 -2.550221443176269531e+00 1.866736412048339844e+00 8.242159843444824219e+00 -8.036445379257202148e-01
3.234730482101440430e+00 8.436319351196289062e+00 -2.566550970077514648e+00 1.792079210281372070e+00 8.487505912780761719e+00 -9.120831489562988281e-01
3.283352136611938477e+00 8.700488090515136719e+00 -2.596427202224731445e+00 1.536085486412048340e+00 8.816331863403320312e+00 -1.137318372726440430e+00
3.318016767501831055e+00 8.874592781066894531e+00 -2.619746208190917969e+00 1.809682011604309082e+00 9.079747200012207031e+00 -1.212560415267944336e+00
3.356538534164428711e+00 9.057240486145019531e+00 -2.644248247146606445e+00 1.818966031074523926e+00 9.454440116882324219e+00 -1.298024654388427734e+00
3.397879838943481445e+00 9.243505477905273438e+00 -2.669728517532348633e+00 1.813668370246887207e+00 9.719695091247558594e+00 -1.333842635154724121e+00
3.430505514144897461e+00 9.435213088989257812e+00 -2.696001291275024414e+00 1.973271250724792480e+00 9.774617195129394531e+00 -1.386734962463378906e+00
3.475007772445678711e+00 9.632989883422851562e+00 -2.724228858947753906e+00 2.010855674743652344e+00 1.018425369262695312e+01 -1.509634733200073242e+00
3.511869668960571289e+00 9.833304405212402344e+00 -2.756931781768798828e+00 1.978693246841430664e+00 1.032371616363525391e+01 -1.841564655303955078e+00
3.561568737030029297e+00 1.003084564208984375e+01 -2.794006109237670898e+00 2.155931949615478516e+00 1.073930835723876953e+01 -2.008000373840332031e+00
3.603346824645996094e+00 1.024461746215820312e+01 -2.833611488342285156e+00 2.043699264526367188e+00 1.088963794708251953e+01 -2.011780261993408203e+00
3.639490842819213867e+00 1.045493888854980469e+01 -2.874225854873657227e+00 2.173927068710327148e+00 1.104096221923828125e+01 -2.202385187149047852e+00
3.684823989868164062e+00 1.067090606689453125e+01 -2.919540166854858398e+00 2.337012529373168945e+00 1.142358398437500000e+01 -2.450167894363403320e+00
3.736840248107910156e+00 1.089875984191894531e+01 -2.967725276947021484e+00 2.261876583099365234e+00 1.183600425720214844e+01 -2.468569040298461914e+00
3.775904178619384766e+00 1.112853240966796875e+01 -3.017427682876586914e+00 2.378421068191528320e+00 1.197168540954589844e+01 -2.642373561859130859e+00
3.831733226776123047e+00 1.136720657348632812e+01 -3.070064306259155273e+00 2.358412981033325195e+00 1.259858322143554688e+01 -2.756394147872924805e+00
3.878468990325927734e+00 1.161372184753417969e+01 -3.125842094421386719e+00 2.443945646286010742e+00 1.294499397277832031e+01 -3.016772270202636719e+00
3.928761243820190430e+00 1.186464500427246094e+01 -3.186396598815917969e+00 2.647279262542724609e+00 1.343706417083740234e+01 -3.196409940719604492e+00
3.967010021209716797e+00 1.212421512603759766e+01 -3.252244949340820312e+00 2.547140359878540039e+00 1.363775825500488281e+01 -3.596213817596435547e+00
4.017278671264648438e+00 1.239358806610107422e+01 -3.326660156250000000e+00 2.540145397186279297e+00 1.391271686553955078e+01 -4.027307987213134766e+00
4.066346168518066406e+00 1.267205047607421875e+01 -3.409254074096679688e+00 2.685921907424926758e+00 1.431853675842285156e+01 -4.447931766510009766e+00
4.123666763305664062e+00 1.295538330078125000e+01 -3.499299287796020508e+00 2.887622117996215820e+00 1.487329864501953125e+01 -4.784731388092041016e+00
4.203556060791015625e+00 1.340539073944091797e+01 -3.649152994155883789e+00 2.949864864349365234e+00 1.539173126220703125e+01 -5.512061119079589844e+00
4.267723083496093750e+00 1.370756435394287109e+01 -3.761095523834228516e+00 3.279313087463378906e+00 1.599487400054931641e+01 -6.021749496459960938e+00
4.336332321166992188e+00 1.402895736694335938e+01 -3.884901046752929688e+00 3.277503967285156250e+00 1.662209510803222656e+01 -6.619013309478759766e+00
4.393815994262695312e+00 1.435695266723632812e+01 -4.019710540771484375e+00 3.464517354965209961e+00 1.692119789123535156e+01 -7.267348289489746094e+00
4.468749046325683594e+00 1.469730567932128906e+01 -4.170139312744140625e+00 3.562414646148681641e+00 1.749174499511718750e+01 -8.131856918334960938e+00
4.537581920623779297e+00 1.504675674438476562e+01 -4.337540626525878906e+00 3.697403192520141602e+00 1.785540008544921875e+01 -9.091881752014160156e+00
4.620076179504394531e+00 1.540246963500976562e+01 -4.524436473846435547e+00 4.007428169250488281e+00 1.842731475830078125e+01 -1.008184623718261719e+01
4.706826686859130859e+00 1.576446342468261719e+01 -4.732645511627197266e+00 4.324787139892578125e+00 1.901542091369628906e+01 -1.125105571746826172e+01
4.789832592010498047e+00 1.613190078735351562e+01 -4.964192390441894531e+00 4.727145671844482422e+00 1.932658958435058594e+01 -1.251714611053466797e+01
4.883458614349365234e+00 1.651703453063964844e+01 -5.222596168518066406e+00 4.858098030090332031e+00 1.963742065429687500e+01 -1.402696132659912109e+01
4.987840175628662109e+00 1.690547370910644531e+01 -5.514453887939453125e+00 5.055152893066406250e+00 1.988934898376464844e+01 -1.586214160919189453e+01
5.091188430786132812e+00 1.729100990295410156e+01 -5.844025135040283203e+00 5.387432575225830078e+00 1.982209777832031250e+01 -1.792618179321289062e+01
5.197684764862060547e+00 1.767391586303710938e+01 -6.213727951049804688e+00 5.494950294494628906e+00 1.953975677490234375e+01 -1.997817230224609375e+01
5.305489540100097656e+00 1.804939842224121094e+01 -6.624121189117431641e+00 5.462458133697509766e+00 1.882131958007812500e+01 -2.201598167419433594e+01
5.408643722534179688e+00 1.840228080749511719e+01 -7.072452545166015625e+00 5.621624946594238281e+00 1.761225318908691406e+01 -2.391420745849609375e+01
5.528900146484375000e+00 1.873476982116699219e+01 -7.556668281555175781e+00 5.700688838958740234e+00 1.665946197509765625e+01 -2.566746520996093750e+01
5.632626056671142578e+00 1.904481124877929688e+01 -8.072086334228515625e+00 5.787402629852294922e+00 1.493794918060302734e+01 -2.714052581787109375e+01
5.746435642242431641e+00 1.932380294799804688e+01 -8.614954948425292969e+00 5.887231826782226562e+00 1.337646102905273438e+01 -2.840332984924316406e+01
5.867132663726806641e+00 1.957004547119140625e+01 -9.178121566772460938e+00 5.927279472351074219e+00 1.180427455902099609e+01 -2.927507400512695312e+01
5.987569332122802734e+00 1.978515052795410156e+01 -9.755955696105957031e+00 5.977574348449707031e+00 1.031695842742919922e+01 -2.983514595031738281e+01
6.101234436035156250e+00 1.996473693847656250e+01 -1.034127330780029297e+01 5.820915222167968750e+00 8.722578048706054688e+00 -3.010528564453125000e+01
6.276644229888916016e+00 2.018572425842285156e+01 -1.122234630584716797e+01 5.675847053527832031e+00 6.694699287414550781e+00 -2.996445083618164062e+01
6.382730007171630859e+00 2.030215263366699219e+01 -1.180264091491699219e+01 5.417454242706298828e+00 5.639275550842285156e+00 -2.941821479797363281e+01
6.482273101806640625e+00 2.039604949951171875e+01 -1.237137699127197266e+01 5.085395336151123047e+00 4.475097656250000000e+00 -2.880008316040039062e+01
6.579792976379394531e+00 2.046967124938964844e+01 -1.292576980590820312e+01 4.864549160003662109e+00 3.608894586563110352e+00 -2.802153015136718750e+01
6.669024467468261719e+00 2.053404426574707031e+01 -1.346644687652587891e+01 4.379631519317626953e+00 2.637741327285766602e+00 -2.730181503295898438e+01
6.754475116729736328e+00 2.056851577758789062e+01 -1.399106407165527344e+01 4.429471969604492188e+00 1.763357281684875488e+00 -2.642286109924316406e+01
6.831846237182617188e+00 2.060164260864257812e+01 -1.449905967712402344e+01 4.111343383789062500e+00 9.443188309669494629e-01 -2.554707908630371094e+01
6.910760879516601562e+00 2.061710357666015625e+01 -1.498861598968505859e+01 3.879068613052368164e+00 5.043348073959350586e-01 -2.454556846618652344e+01
6.982257843017578125e+00 2.062543678283691406e+01 -1.545666313171386719e+01 3.508664608001708984e+00 -8.723393082618713379e-03 -2.339412498474121094e+01
7.051187038421630859e+00 2.061614990234375000e+01 -1.590421962738037109e+01 3.449582815170288086e+00 -5.662023425102233887e-01 -2.243133926391601562e+01
7.127981662750244141e+00 2.061090660095214844e+01 -1.633336448669433594e+01 3.197580099105834961e+00 -7.771252393722534180e-01 -2.155260086059570312e+01
7.188838005065917969e+00 2.058482551574707031e+01 -1.674565124511718750e+01 3.525130748748779297e+00 -1.097982406616210938e+00 -2.067398834228515625e+01
7.254018783569335938e+00 2.056438446044921875e+01 -1.714165496826171875e+01 3.336821317672729492e+00 -1.254472732543945312e+00 -1.985759925842285156e+01
7.316546916961669922e+00 2.054428863525390625e+01 -1.752168655395507812e+01 3.065627574920654297e+00 -1.394074440002441406e+00 -1.906392478942871094e+01
7.384920597076416016e+00 2.051311302185058594e+01 -1.788537788391113281e+01 3.111648082733154297e+00 -1.293440580368041992e+00 -1.821844863891601562e+01
7.437307834625244141e+00 2.048621749877929688e+01 -1.823456382751464844e+01 2.866300821304321289e+00 -1.581851720809936523e+00 -1.760968589782714844e+01
7.493315219879150391e+00 2.046675300598144531e+01 -1.857288551330566406e+01 2.554318904876708984e+00 -1.635169982910156250e+00 -1.697725105285644531e+01
7.551223754882812500e+00 2.042842674255371094e+01 -1.889814758300781250e+01 2.595968246459960938e+00 -1.648148298263549805e+00 -1.629094505310058594e+01
7.596742630004882812e+00 2.039631843566894531e+01 -1.920984268188476562e+01 2.480849981307983398e+00 -2.183709144592285156e+00 -1.571609210968017578e+01
7.651656627655029297e+00 2.035536575317382812e+01 -1.951123809814453125e+01 2.449449062347412109e+00 -2.129303216934204102e+00 -1.512249660491943359e+01
7.703050613403320312e+00 2.031027221679687500e+01 -1.980033683776855469e+01 2.348810672760009766e+00 -2.190195083618164062e+00 -1.453390884399414062e+01
7.773283004760742188e+00 2.023497581481933594e+01 -2.021454048156738281e+01 2.428053140640258789e+00 -2.435451984405517578e+00 -1.379265594482421875e+01
7.826252460479736328e+00 2.018951797485351562e+01 -2.047910881042480469e+01 2.329825162887573242e+00 -2.335874080657958984e+00 -1.333926773071289062e+01
7.869462013244628906e+00 2.013900184631347656e+01 -2.073610496520996094e+01 2.303524017333984375e+00 -2.503960371017456055e+00 -1.301071643829345703e+01
7.912472248077392578e+00 2.009513282775878906e+01 -2.098706817626953125e+01 2.112038135528564453e+00 -2.467279434204101562e+00 -1.262506008148193359e+01
7.955633163452148438e+00 2.004244804382324219e+01 -2.122789573669433594e+01 1.997934937477111816e+00 -2.425811052322387695e+00 -1.210961818695068359e+01
7.998077869415283203e+00 1.999551582336425781e+01 -2.145985984802246094e+01 1.837251543998718262e+00 -2.485263347625732422e+00 -1.166734313964843750e+01
8.028478622436523438e+00 1.994228363037109375e+01 -2.168314361572265625e+01 1.795072793960571289e+00 -2.689109802246093750e+00 -1.125407218933105469e+01
8.069543838500976562e+00 1.988773536682128906e+01 -2.189932632446289062e+01 1.618080854415893555e+00 -2.535979270935058594e+00 -1.088862895965576172e+01
8.096874237060546875e+00 1.983385848999023438e+01 -2.210678863525390625e+01 1.503864645957946777e+00 -2.798318862915039062e+00 -1.044472503662109375e+01
8.129610061645507812e+00 1.977496719360351562e+01 -2.230768013000488281e+01 1.554002165794372559e+00 -2.711301565170288086e+00 -1.017823886871337891e+01
8.153158187866210938e+00 1.972207641601562500e+01 -2.250279426574707031e+01 1.449377894401550293e+00 -3.024497985839843750e+00 -9.809695243835449219e+00
8.185921669006347656e+00 1.965996170043945312e+01 -2.269085884094238281e+01 1.646362543106079102e+00 -2.749842405319213867e+00 -9.459625244140625000e+00
8.219089508056640625e+00 1.960393524169921875e+01 -2.287281799316406250e+01 1.503121376037597656e+00 -2.644023180007934570e+00 -9.194640159606933594e+00
8.248248100280761719e+00 1.954607009887695312e+01 -2.304866790771484375e+01 1.608381271362304688e+00 -2.717932224273681641e+00 -8.881023406982421875e+00
8.276868820190429688e+00 1.949884986877441406e+01 -2.322140693664550781e+01 1.399766564369201660e+00 -2.667811155319213867e+00 -8.795063972473144531e+00
8.306097984313964844e+00 1.943962669372558594e+01 -2.338982200622558594e+01 1.613672137260437012e+00 -2.628628730773925781e+00 -8.509736061096191406e+00
8.333452224731445312e+00 1.937907409667968750e+01 -2.355563354492187500e+01 1.787075042724609375e+00 -2.598276615142822266e+00 -8.456823348999023438e+00
8.366810798645019531e+00 1.933719253540039062e+01 -2.371901512145996094e+01 1.488714694976806641e+00 -2.354449987411499023e+00 -8.273420333862304688e+00
8.391612052917480469e+00 1.928834915161132812e+01 -2.387900352478027344e+01 1.399229764938354492e+00 -2.425879240036010742e+00 -8.125916481018066406e+00
8.416416168212890625e+00 1.923766899108886719e+01 -2.403484153747558594e+01 1.388117671012878418e+00 -2.654749155044555664e+00 -7.843468189239501953e+00
8.444103240966796875e+00 1.918571090698242188e+01 -2.418525123596191406e+01 1.528746247291564941e+00 -2.674552440643310547e+00 -7.592828273773193359e+00
8.494034767150878906e+00 1.910228919982910156e+01 -2.440386199951171875e+01 1.693062067031860352e+00 -2.397170782089233398e+00 -7.288195610046386719e+00
8.523303031921386719e+00 1.906369590759277344e+01 -2.454434967041015625e+01 1.342384815216064453e+00 -2.364730596542358398e+00 -7.096256732940673828e+00
8.541934967041015625e+00 1.900958442687988281e+01 -2.468058776855468750e+01 1.467794656753540039e+00 -2.497580051422119141e+00 -6.852705001831054688e+00
8.572365760803222656e+00 1.896353340148925781e+01 -2.481108093261718750e+01 1.398932576179504395e+00 -2.420537471771240234e+00 -6.554096221923828125e+00
8.601979255676269531e+00 1.891251754760742188e+01 -2.493835449218750000e+01 1.558953642845153809e+00 -2.318072795867919922e+00 -6.449794292449951172e+00
8.625990867614746094e+00 1.886386680603027344e+01 -2.506283760070800781e+01 1.583232760429382324e+00 -2.335758686065673828e+00 -6.340695381164550781e+00
8.650243759155273438e+00 1.881978988647460938e+01 -2.518679237365722656e+01 1.493474602699279785e+00 -2.376260995864868164e+00 -6.371870994567871094e+00
8.679461479187011719e+00 1.877586174011230469e+01 -2.531051445007324219e+01 1.277776002883911133e+00 -2.273651599884033203e+00 -6.284295558929443359e+00
8.696690559387207031e+00 1.872779273986816406e+01 -2.543211936950683594e+01 1.271460890769958496e+00 -2.378538608551025391e+00 -6.211109638214111328e+00
8.718470573425292969e+00 1.868264389038085938e+01 -2.555262184143066406e+01 1.199148535728454590e+00 -2.424046039581298828e+00 -6.135869026184082031e+00
8.733670234680175781e+00 1.863619804382324219e+01 -2.567154884338378906e+01 1.302821159362792969e+00 -2.634643554687500000e+00 -6.039309501647949219e+00
8.760955810546875000e+00 1.859650611877441406e+01 -2.578891563415527344e+01 1.112470984458923340e+00 -2.461165189743041992e+00 -5.919009685516357422e+00
8.781400680541992188e+00 1.854784584045410156e+01 -2.590257072448730469e+01 1.290288567543029785e+00 -2.551551818847656250e+00 -5.731230735778808594e+00
8.807857513427734375e+00 1.849532127380371094e+01 -2.601344871520996094e+01 1.338894963264465332e+00 -2.608436822891235352e+00 -5.656349658966064453e+00
8.831464767456054688e+00 1.844961166381835938e+01 -2.612376022338867188e+01 1.399880051612854004e+00 -2.706384181976318359e+00 -5.603546142578125000e+00
8.861832618713378906e+00 1.840781402587890625e+01 -2.623260307312011719e+01 1.371917486190795898e+00 -2.474618673324584961e+00 -5.534115791320800781e+00
8.893178939819335938e+00 1.836272811889648438e+01 -2.634042549133300781e+01 1.288961172103881836e+00 -2.350955724716186523e+00 -5.506140708923339844e+00
8.913544654846191406e+00 1.831091499328613281e+01 -2.644754600524902344e+01 1.318880319595336914e+00 -2.499511241912841797e+00 -5.470495223999023438e+00
8.940682411193847656e+00 1.826733207702636719e+01 -2.655433082580566406e+01 1.153139829635620117e+00 -2.540409803390502930e+00 -5.385038375854492188e+00
8.961509704589843750e+00 1.822438430786132812e+01 -2.665885734558105469e+01 9.330734014511108398e-01 -2.672013998031616211e+00 -5.339820861816406250e+00
8.988979339599609375e+00 1.817933845520019531e+01 -2.676298332214355469e+01 7.427783608436584473e-01 -2.491416215896606445e+00 -5.305263042449951172e+00
9.007021903991699219e+00 1.810806465148925781e+01 -2.691638946533203125e+01 6.946081519126892090e-01 -2.804416656494140625e+00 -5.178956508636474609e+00
9.027622222900390625e+00 1.805439758300781250e+01 -2.701706314086914062e+01 8.431943058967590332e-01 -2.793904304504394531e+00 -5.161667823791503906e+00
9.049587249755859375e+00 1.800318717956542969e+01 -2.711832237243652344e+01 7.798445224761962891e-01 -2.667507410049438477e+00 -5.188493251800537109e+00
9.068456649780273438e+00 1.795103073120117188e+01 -2.721875572204589844e+01 7.189826369285583496e-01 -2.793376445770263672e+00 -5.083732128143310547e+00
9.083159446716308594e+00 1.789540481567382812e+01 -2.731702041625976562e+01 8.036343455314636230e-01 -2.811885118484497070e+00 -4.981363296508789062e+00
9.106946945190429688e+00 1.784253501892089844e+01 -2.741327857971191406e+01 8.163251280784606934e-01 -2.662153244018554688e+00 -4.887214183807373047e+00
9.125394821166992188e+00 1.778969573974609375e+01 -2.750791358947753906e+01 8.753861188888549805e-01 -2.846144914627075195e+00 -4.831455230712890625e+00
9.145999908447265625e+00 1.774071311950683594e+01 -2.760244941711425781e+01 7.611908316612243652e-01 -2.844898462295532227e+00 -4.841897010803222656e+00
9.165538787841796875e+00 1.768182754516601562e+01 -2.769707107543945312e+01 8.153578042984008789e-01 -3.039878845214843750e+00 -4.862659931182861328e+00
9.182726860046386719e+00 1.762697029113769531e+01 -2.779102325439453125e+01 7.426644563674926758e-01 -3.125620603561401367e+00 -4.738129615783691406e+00
9.210605621337890625e+00 1.756232833862304688e+01 -2.788431549072265625e+01 8.686186075210571289e-01 -2.863862752914428711e+00 -4.827624320983886719e+00
9.226319313049316406e+00 1.750572586059570312e+01 -2.797797775268554688e+01 7.171143293380737305e-01 -2.992695093154907227e+00 -4.800834178924560547e+00
9.243241310119628906e+00 1.743962860107421875e+01 -2.807145118713378906e+01 8.654382228851318359e-01 -3.135987520217895508e+00 -4.786164760589599609e+00
9.263369560241699219e+00 1.738386726379394531e+01 -2.816353988647460938e+01 7.955273985862731934e-01 -3.199894905090332031e+00 -4.601992607116699219e+00
9.279700279235839844e+00 1.732003974914550781e+01 -2.825258255004882812e+01 8.291975855827331543e-01 -3.139719247817993164e+00 -4.537124156951904297e+00
9.303463935852050781e+00 1.725409126281738281e+01 -2.834041404724121094e+01 7.882526516914367676e-01 -3.022088289260864258e+00 -4.477252960205078125e+00
9.320685386657714844e+00 1.719252586364746094e+01 -2.842679595947265625e+01 6.970037817955017090e-01 -3.167287588119506836e+00 -4.401396274566650391e+00
9.335412025451660156e+00 1.713656234741210938e+01 -2.851196861267089844e+01 6.468043923377990723e-01 -3.293636798858642578e+00 -4.297859191894531250e+00
9.356912612915039062e+00 1.706891059875488281e+01 -2.859503746032714844e+01 6.889246702194213867e-01 -3.196874141693115234e+00 -4.222128868103027344e+00
9.367409706115722656e+00 1.700502014160156250e+01 -2.867580604553222656e+01 6.695791482925415039e-01 -3.398782253265380859e+00 -4.048458576202392578e+00
9.391863822937011719e+00 1.693186759948730469e+01 -2.875292778015136719e+01 7.603900432586669922e-01 -3.257145881652832031e+00 -3.875582456588745117e+00
9.407908439636230469e+00 1.682798194885253906e+01 -2.886352348327636719e+01 5.187667608261108398e-01 -3.608590841293334961e+00 -3.653777837753295898e+00
9.421483039855957031e+00 1.675657653808593750e+01 -2.893536186218261719e+01 4.934544861316680908e-01 -3.591109037399291992e+00 -3.761759519577026367e+00
9.425947189331054688e+00 1.667714118957519531e+01 -2.900896072387695312e+01 6.073111891746520996e-01 -3.794135808944702148e+00 -3.739331722259521484e+00
9.444257736206054688e+00 1.660210990905761719e+01 -2.908229064941406250e+01 7.315104603767395020e-01 -3.546374559402465820e+00 -3.740675926208496094e+00
9.456520080566406250e+00 1.653686332702636719e+01 -2.915459442138671875e+01 5.532784461975097656e-01 -3.567341089248657227e+00 -3.667789459228515625e+00
9.464846611022949219e+00 1.646410751342773438e+01 -2.922401809692382812e+01 6.117368936538696289e-01 -3.711994647979736328e+00 -3.496729850769042969e+00
9.483863830566406250e+00 1.638625335693359375e+01 -2.929169082641601562e+01 6.708703041076660156e-01 -3.529985904693603516e+00 -3.430577039718627930e+00
9.499867439270019531e+00 1.631609535217285156e+01 -2.935666084289550781e+01 5.583359003067016602e-01 -3.361177444458007812e+00 -3.224077939987182617e+00
9.503022193908691406e+00 1.624491310119628906e+01 -2.941844940185546875e+01 6.001765727996826172e-01 -3.542941570281982422e+00 -3.147883415222167969e+00
9.516239166259765625e+00 1.616966056823730469e+01 -2.947940254211425781e+01 7.364168167114257812e-01 -3.511182546615600586e+00 -3.019994497299194336e+00
9.525320053100585938e+00 1.609886932373046875e+01 -2.953791236877441406e+01 8.507249951362609863e-01 -3.579225778579711914e+00 -3.016360521316528320e+00
9.535175323486328125e+00 1.602215957641601562e+01 -2.959554672241210938e+01 1.112237811088562012e+00 -3.696569919586181641e+00 -2.938998937606811523e+00
9.564801216125488281e+00 1.594985294342041016e+01 -2.965284919738769531e+01 1.189068555831909180e+00 -3.363649129867553711e+00 -2.941101312637329102e+00
9.575361251831054688e+00 1.588402462005615234e+01 -2.971095466613769531e+01 1.057054400444030762e+00 -3.585570096969604492e+00 -2.956998586654663086e+00
9.592382431030273438e+00 1.581597709655761719e+01 -2.976791954040527344e+01 8.913072347640991211e-01 -3.410910367965698242e+00 -2.879810810089111328e+00
9.601844787597656250e+00 1.574825859069824219e+01 -2.982248115539550781e+01 6.827291846275329590e-01 -3.502418041229248047e+00 -2.719082355499267578e+00
9.612647056579589844e+00 1.567873096466064453e+01 -2.987414741516113281e+01 5.670855641365051270e-01 -3.543168544769287109e+00 -2.544822692871093750e+00
9.616539955139160156e+00 1.560931873321533203e+01 -2.992251777648925781e+01 5.997264385223388672e-01 -3.684906721115112305e+00 -2.400687456130981445e+00
9.626332283020019531e+00 1.554454040527343750e+01 -2.996805381774902344e+01 5.821401476860046387e-01 -3.744372129440307617e+00 -2.287187099456787109e+00
9.628638267517089844e+00 1.547091388702392578e+01 -3.001095390319824219e+01 6.884765625000000000e-01 -3.972792625427246094e+00 -2.139505147933959961e+00
9.648335456848144531e+00 1.536426544189453125e+01 -3.007174110412597656e+01 6.154194474220275879e-01 -3.729143381118774414e+00 -2.005128383636474609e+00
9.655914306640625000e+00 1.528921222686767578e+01 -3.010901641845703125e+01 6.932230591773986816e-01 -3.787416934967041016e+00 -1.854109644889831543e+00
9.661941528320312500e+00 1.521798229217529297e+01 -3.014572906494140625e+01 6.982806324958801270e-01 -4.035993576049804688e+00 -1.913924932479858398e+00
9.674841880798339844e+00 1.514758205413818359e+01 -3.018337821960449219e+01 7.615966200828552246e-01 -3.941076755523681641e+00 -1.944207906723022461e+00
9.688106536865234375e+00 1.507806587219238281e+01 -3.022030830383300781e+01 6.505726575851440430e-01 -3.827032327651977539e+00 -1.819284558296203613e+00
9.702769279479980469e+00 1.500809001922607422e+01 -3.025387573242187500e+01 6.383332014083862305e-01 -3.735146522521972656e+00 -1.632420659065246582e+00
9.708439826965332031e+00 1.493404102325439453e+01 -3.028643608093261719e+01 7.453626394271850586e-01 -3.757271528244018555e+00 -1.676921129226684570e+00
9.720554351806640625e+00 1.486709213256835938e+01 -3.031812667846679688e+01 6.434899568557739258e-01 -3.692096233367919922e+00 -1.602244138717651367e+00
9.730121612548828125e+00 1.480842399597167969e+01 -3.035000228881835938e+01 4.211428463459014893e-01 -3.671124935150146484e+00 -1.635147571563720703e+00
9.740785598754882812e+00 1.473546981811523438e+01 -3.038112068176269531e+01 4.867167770862579346e-01 -3.496607780456542969e+00 -1.580558657646179199e+00
9.748185157775878906e+00 1.467451000213623047e+01 -3.041044044494628906e+01 3.154914081096649170e-01 -3.619448423385620117e+00 -1.390937805175781250e+00
9.754079818725585938e+00 1.461205101013183594e+01 -3.043711280822753906e+01 1.940741240978240967e-01 -3.547784328460693359e+00 -1.394112110137939453e+00
9.757472038269042969e+00 1.453849601745605469e+01 -3.046525764465332031e+01 3.598842918872833252e-01 -3.737929344177246094e+00 -1.432551503181457520e+00
9.769298553466796875e+00 1.448015403747558594e+01 -3.049109840393066406e+01 2.067280113697052002e-01 -3.714430093765258789e+00 -1.196434378623962402e+00
9.771423339843750000e+00 1.440779018402099609e+01 -3.051204490661621094e+01 3.830364942550659180e-01 -3.846120119094848633e+00 -1.022859811782836914e+00
9.784678459167480469e+00 1.433621883392333984e+01 -3.052992057800292969e+01 4.798817038536071777e-01 -3.658844470977783203e+00 -7.889612317085266113e-01
9.796325683593750000e+00 1.427829742431640625e+01 -3.054532051086425781e+01 2.891221344470977783e-01 -3.608456373214721680e+00 -7.039130926132202148e-01
9.808064460754394531e+00 1.421123695373535156e+01 -3.055736351013183594e+01 3.248924612998962402e-01 -3.469859838485717773e+00 -5.886904597282409668e-01
9.813206672668457031e+00 1.414715576171875000e+01 -3.056896781921386719e+01 2.158606648445129395e-01 -3.504823923110961914e+00 -5.951890945434570312e-01
9.822725296020507812e+00 1.408984375000000000e+01 -3.058012008666992188e+01 4.246613383293151855e-02 -3.289762735366821289e+00 -5.266049504280090332e-01
9.831365585327148438e+00 1.402441978454589844e+01 -3.058838653564453125e+01 1.708431541919708252e-01 -3.305240154266357422e+00 -3.325330317020416260e-01
9.836504936218261719e+00 1.392979717254638672e+01 -3.059317207336425781e+01 1.917220801115036011e-01 -3.193317651748657227e+00 3.709410876035690308e-02
9.837224960327148438e+00 1.387316608428955078e+01 -3.059147644042968750e+01 1.549339890480041504e-01 -3.215236902236938477e+00 1.447149813175201416e-01
9.845580101013183594e+00 1.381354522705078125e+01 -3.058794212341308594e+01 1.658200621604919434e-01 -3.057405948638916016e+00 1.521333605051040649e-01
9.854151725769042969e+00 1.375059223175048828e+01 -3.058259010314941406e+01 2.553845643997192383e-01 -2.971738338470458984e+00 4.183374941349029541e-01
9.854540824890136719e+00 1.369361782073974609e+01 -3.057294082641601562e+01 1.023470312356948853e-01 -3.022915124893188477e+00 5.659911036491394043e-01
9.858729362487792969e+00 1.363829231262207031e+01 -3.055928611755371094e+01 7.264327257871627808e-02 -2.779889583587646484e+00 8.181419968605041504e-01
9.859440803527832031e+00 1.359685516357421875e+01 -3.053997802734375000e+01 -2.186342775821685791e-01 -2.664509773254394531e+00 1.118590116500854492e+00
9.856012344360351562e+00 1.354224491119384766e+01 -3.051621246337890625e+01 1.356463041156530380e-02 -2.688129663467407227e+00 1.359810829162597656e+00
9.867329597473144531e+00 1.349702739715576172e+01 -3.048713111877441406e+01 -1.039713472127914429e-01 -2.281226158142089844e+00 1.674429655075073242e+00
9.874140739440917969e+00 1.344829750061035156e+01 -3.045149803161621094e+01 5.002085119485855103e-02 -2.064550876617431641e+00 1.983066439628601074e+00
9.872756958007812500e+00 1.341287994384765625e+01 -3.040986251831054688e+01 -1.276896297931671143e-01 -1.998677253723144531e+00 2.286679029464721680e+00
9.876537322998046875e+00 1.337550449371337891e+01 -3.036115074157714844e+01 -2.072138339281082153e-01 -1.805874943733215332e+00 2.705841302871704102e+00
9.871753692626953125e+00 1.333842849731445312e+01 -3.030387306213378906e+01 -1.958224922418594360e-02 -1.801785111427307129e+00 3.172389268875122070e+00
9.876055717468261719e+00 1.330821704864501953e+01 -3.023668670654296875e+01 -9.612942487001419067e-02 -1.344422817230224609e+00 3.715445995330810547e+00
9.880321502685546875e+00 1.327721500396728516e+01 -3.016041183471679688e+01 4.960291087627410889e-02 -8.488714694976806641e-01 4.114827156066894531e+00
9.878473281860351562e+00 1.326622676849365234e+01 -3.007490730285644531e+01 9.566787630319595337e-02 -3.180558383464813232e-01 4.629740238189697266e+00
9.882363319396972656e+00 1.326572322845458984e+01 -2.997873687744140625e+01 1.807964593172073364e-02 4.537872970104217529e-01 5.203530311584472656e+00
9.879732131958007812e+00 1.328326606750488281e+01 -2.987191772460937500e+01 -4.554845800157636404e-04 1.077398777008056641e+00 5.766407012939453125e+00
9.885502815246582031e+00 1.331121063232421875e+01 -2.975429534912109375e+01 7.814855314791202545e-03 2.241978883743286133e+00 6.269699573516845703e+00
9.883634567260742188e+00 1.336595630645751953e+01 -2.962594032287597656e+01 3.011186607182025909e-03 3.204586505889892578e+00 6.906450271606445312e+00
9.885997772216796875e+00 1.343814277648925781e+01 -2.948768043518066406e+01 6.590376049280166626e-02 4.464228153228759766e+00 7.200386047363281250e+00
9.894325256347656250e+00 1.360680961608886719e+01 -2.927553558349609375e+01 4.819270074367523193e-01 7.451244354248046875e+00 7.153826236724853516e+00
9.907264709472656250e+00 1.376317214965820312e+01 -2.913981056213378906e+01 8.598602414131164551e-01 9.450041770935058594e+00 6.669106006622314453e+00
9.921980857849121094e+00 1.396720409393310547e+01 -2.901790046691894531e+01 1.196287751197814941e+00 1.130913829803466797e+01 5.653195858001708984e+00
9.953682899475097656e+00 1.420395755767822266e+01 -2.891955184936523438e+01 1.537589192390441895e+00 1.321385860443115234e+01 4.400919437408447266e+00
9.985606193542480469e+00 1.446955394744873047e+01 -2.884621810913085938e+01 1.950923919677734375e+00 1.427336406707763672e+01 3.050132751464843750e+00
1.002793502807617188e+01 1.475616455078125000e+01 -2.879986381530761719e+01 2.289216279983520508e+00 1.505394554138183594e+01 1.721081376075744629e+00
1.006871795654296875e+01 1.504831790924072266e+01 -2.878020477294921875e+01 2.487226009368896484e+00 1.513069152832031250e+01 2.597629129886627197e-01
1.012052726745605469e+01 1.534197330474853516e+01 -2.878775405883789062e+01 2.544682979583740234e+00 1.508416843414306641e+01 -1.120477914810180664e+00
1.016801738739013672e+01 1.562818241119384766e+01 -2.882049560546875000e+01 2.751079082489013672e+00 1.470423316955566406e+01 -2.287915229797363281e+00
1.021869945526123047e+01 1.591152763366699219e+01 -2.887627983093261719e+01 2.585520267486572266e+00 1.399441051483154297e+01 -3.390253782272338867e+00
1.026781368255615234e+01 1.616729736328125000e+01 -2.894899559020996094e+01 2.712153196334838867e+00 1.295502662658691406e+01 -4.121430873870849609e+00
1.031652736663818359e+01 1.640387725830078125e+01 -2.903637886047363281e+01 2.829113721847534180e+00 1.179859733581542969e+01 -4.780050754547119141e+00
1.037035751342773438e+01 1.661890792846679688e+01 -2.913463020324707031e+01 2.912032365798950195e+00 1.100487995147705078e+01 -5.274601936340332031e+00
1.042083930969238281e+01 1.682169342041015625e+01 -2.924090576171875000e+01 2.780462265014648438e+00 1.001943492889404297e+01 -5.638481616973876953e+00
1.047410297393798828e+01 1.701164245605468750e+01 -2.935303306579589844e+01 2.677568674087524414e+00 9.305524826049804688e+00 -5.861682415008544922e+00
1.051502132415771484e+01 1.717911529541015625e+01 -2.946796798706054688e+01 2.468139648437500000e+00 8.275275230407714844e+00 -6.025004863739013672e+00
1.055073738098144531e+01 1.732333564758300781e+01 -2.958734130859375000e+01 2.475394010543823242e+00 7.186727046966552734e+00 -6.184838771820068359e+00
1.059392452239990234e+01 1.745726013183593750e+01 -2.971044349670410156e+01 2.321308851242065430e+00 6.423262119293212891e+00 -6.383089542388916016e+00
1.063197708129882812e+01 1.757295608520507812e+01 -2.983625030517578125e+01 2.306725978851318359e+00 5.682502746582031250e+00 -6.488098144531250000e+00
1.066739654541015625e+01 1.768293380737304688e+01 -2.996465492248535156e+01 2.015815973281860352e+00 4.991883754730224609e+00 -6.642603397369384766e+00
1.069983577728271484e+01 1.777425193786621094e+01 -3.009554290771484375e+01 2.178703069686889648e+00 4.190467357635498047e+00 -6.789240360260009766e+00
1.075580596923828125e+01 1.788895606994628906e+01 -3.029463768005371094e+01 2.165012598037719727e+00 3.219294071197509766e+00 -6.770236015319824219e+00
1.079220199584960938e+01 1.794689178466796875e+01 -3.042659378051757812e+01 2.199512004852294922e+00 2.793646335601806641e+00 -6.733231067657470703e+00
1.082902336120605469e+01 1.799958419799804688e+01 -3.055825424194335938e+01 2.174649715423583984e+00 2.341995716094970703e+00 -6.786557674407958984e+00
1.086357688903808594e+01 1.805174255371093750e+01 -3.069195556640625000e+01 1.988079547882080078e+00 1.981256127357482910e+00 -6.866394996643066406e+00
1.090091228485107422e+01 1.808901023864746094e+01 -3.082601165771484375e+01 1.978276610374450684e+00 1.616682052612304688e+00 -6.866815567016601562e+00
1.093461132049560547e+01 1.812601661682128906e+01 -3.096086692810058594e+01 1.855018138885498047e+00 1.207080006599426270e+00 -6.927330017089843750e+00
1.096792411804199219e+01 1.815488243103027344e+01 -3.109674644470214844e+01 1.719971060752868652e+00 9.986079931259155273e-01 -6.972994804382324219e+00
1.099732494354248047e+01 1.818024635314941406e+01 -3.123058509826660156e+01 1.598410964012145996e+00 5.897818207740783691e-01 -6.780807971954345703e+00
1.102261161804199219e+01 1.820251464843750000e+01 -3.136261940002441406e+01 1.480573296546936035e+00 2.369134277105331421e-01 -6.760872364044189453e+00
1.105766391754150391e+01 1.820384216308593750e+01 -3.149562835693359375e+01 1.611312747001647949e+00 2.796955034136772156e-02 -6.827816486358642578e+00
1.108952999114990234e+01 1.821485900878906250e+01 -3.162998008728027344e+01 1.279589414596557617e+00 -6.633125245571136475e-02 -6.933562278747558594e+00
1.111060523986816406e+01 1.821916007995605469e+01 -3.176580238342285156e+01 1.040112495422363281e+00 -5.910106301307678223e-01 -7.016582489013671875e+00
1.113196182250976562e+01 1.821287536621093750e+01 -3.190361404418945312e+01 1.159707069396972656e+00 -1.086572170257568359e+00 -7.057103157043457031e+00
1.115685462951660156e+01 1.819945335388183594e+01 -3.204018020629882812e+01 1.152875423431396484e+00 -1.327917814254760742e+00 -6.885784626007080078e+00
1.118131446838378906e+01 1.817882919311523438e+01 -3.217415618896484375e+01 1.317850232124328613e+00 -1.487710356712341309e+00 -6.892045974731445312e+00
1.121808815002441406e+01 1.815548515319824219e+01 -3.230844879150390625e+01 1.457705259323120117e+00 -1.304984807968139648e+00 -6.809957504272460938e+00
1.125274944305419922e+01 1.813938522338867188e+01 -3.244052124023437500e+01 1.324693679809570312e+00 -1.318884015083312988e+00 -6.695127487182617188e+00
1.128298568725585938e+01 1.812189292907714844e+01 -3.257163619995117188e+01 1.136730432510375977e+00 -1.344306349754333496e+00 -6.673079490661621094e+00
1.131569576263427734e+01 1.809154891967773438e+01 -3.270266723632812500e+01 1.137345910072326660e+00 -1.522705912590026855e+00 -6.806235313415527344e+00
1.134422111511230469e+01 1.806325721740722656e+01 -3.283472824096679688e+01 1.112037301063537598e+00 -1.603446722030639648e+00 -6.716117382049560547e+00
1.137373828887939453e+01 1.803846549987792969e+01 -3.296734619140625000e+01 1.020322442054748535e+00 -1.563731193542480469e+00 -6.836356639862060547e+00
1.140738296508789062e+01 1.799025344848632812e+01 -3.316425323486328125e+01 9.134955406188964844e-01 -1.847967386245727539e+00 -6.676521778106689453e+00
1.143403625488281250e+01 1.795287513732910156e+01 -3.329613113403320312e+01 7.410053610801696777e-01 -1.816610574722290039e+00 -6.781064510345458984e+00
1.145746040344238281e+01 1.791213035583496094e+01 -3.342649459838867188e+01 7.418133020401000977e-01 -2.016385316848754883e+00 -6.577573299407958984e+00
1.147858142852783203e+01 1.786253356933593750e+01 -3.355460357666015625e+01 8.313969969749450684e-01 -2.092967510223388672e+00 -6.517082214355468750e+00
1.149677085876464844e+01 1.781730270385742188e+01 -3.367872238159179688e+01 9.172385334968566895e-01 -2.385651350021362305e+00 -6.274888038635253906e+00
1.151889896392822266e+01 1.776505470275878906e+01 -3.380084609985351562e+01 9.561548233032226562e-01 -2.543039321899414062e+00 -6.207248687744140625e+00
1.154221820831298828e+01 1.771547698974609375e+01 -3.392115402221679688e+01 9.328843355178833008e-01 -2.544121265411376953e+00 -6.094407558441162109e+00
1.156873321533203125e+01 1.766250801086425781e+01 -3.403872299194335938e+01 9.857115149497985840e-01 -2.626586914062500000e+00 -5.895166873931884766e+00
1.159134197235107422e+01 1.760975456237792969e+01 -3.415270614624023438e+01 1.006671786308288574e+00 -2.754083871841430664e+00 -5.780312538146972656e+00
1.161792469024658203e+01 1.755498504638671875e+01 -3.426523590087890625e+01 1.205858826637268066e+00 -2.743285655975341797e+00 -5.814267635345458984e+00
1.164623737335205078e+01 1.748844909667968750e+01 -3.437885284423828125e+01 1.678358793258666992e+00 -2.646361827850341797e+00 -5.781799316406250000e+00
1.168197822570800781e+01 1.743026351928710938e+01 -3.449068069458007812e+01 1.815848350524902344e+00 -2.374028205871582031e+00 -5.746679306030273438e+00
1.171277809143066406e+01 1.738028526306152344e+01 -3.460384750366210938e+01 1.588438868522644043e+00 -2.159596681594848633e+00 -5.767127990722656250e+00
1.173787784576416016e+01 1.733091545104980469e+01 -3.471492004394531250e+01 1.324159026145935059e+00 -2.119843721389770508e+00 -5.660210132598876953e+00
1.175161743164062500e+01 1.728126716613769531e+01 -3.482766723632812500e+01 1.102387905120849609e+00 -2.439655542373657227e+00 -5.868625164031982422e+00
1.177177143096923828e+01 1.722364997863769531e+01 -3.494142150878906250e+01 1.172868251800537109e+00 -2.527944326400756836e+00 -5.769751071929931641e+00
1.179452228546142578e+01 1.717372703552246094e+01 -3.505274963378906250e+01 1.022080898284912109e+00 -2.375735521316528320e+00 -5.610991477966308594e+00
1.180702590942382812e+01 1.712241935729980469e+01 -3.516150283813476562e+01 9.977942705154418945e-01 -2.505997180938720703e+00 -5.568472862243652344e+00
1.182000350952148438e+01 1.706611633300781250e+01 -3.527047729492187500e+01 9.932872653007507324e-01 -2.562955856323242188e+00 -5.661428928375244141e+00
1.182180690765380859e+01 1.701010704040527344e+01 -3.538001632690429688e+01 9.632685780525207520e-01 -3.084771633148193359e+00 -5.563705444335937500e+00
1.182561302185058594e+01 1.695047187805175781e+01 -3.549011611938476562e+01 9.693189263343811035e-01 -3.545149087905883789e+00 -5.719727516174316406e+00
1.185030555725097656e+01 1.684210395812988281e+01 -3.566063308715820312e+01 1.386764883995056152e+00 -3.785838127136230469e+00 -5.847892761230468750e+00
1.188021945953369141e+01 1.677332115173339844e+01 -3.577611160278320312e+01 1.641744256019592285e+00 -3.560530185699462891e+00 -5.960711956024169922e+00
1.190183258056640625e+01 1.670883369445800781e+01 -3.589107513427734375e+01 1.840142965316772461e+00 -3.485656738281250000e+00 -5.835278034210205078e+00
1.192986202239990234e+01 1.665740203857421875e+01 -3.600568389892578125e+01 1.655219435691833496e+00 -3.269155740737915039e+00 -5.926169395446777344e+00
1.195775413513183594e+01 1.659754562377929688e+01 -3.612240600585937500e+01 1.654582262039184570e+00 -3.129658937454223633e+00 -5.985820293426513672e+00
1.197679519653320312e+01 1.654605674743652344e+01 -3.624024581909179688e+01 1.485172629356384277e+00 -3.303885221481323242e+00 -6.062572956085205078e+00
1.199839591979980469e+01 1.649178123474121094e+01 -3.635931777954101562e+01 1.433299064636230469e+00 -3.405781507492065430e+00 -6.079088687896728516e+00
1.202118492126464844e+01 1.643786430358886719e+01 -3.647706985473632812e+01 1.414550185203552246e+00 -3.488376379013061523e+00 -5.994421958923339844e+00
1.204735469818115234e+01 1.638060760498046875e+01 -3.659331130981445312e+01 1.383214473724365234e+00 -3.341643333435058594e+00 -5.926684379577636719e+00
1.206818294525146484e+01 1.632356643676757812e+01 -3.670885848999023438e+01 1.131910204887390137e+00 -3.353000164031982422e+00 -5.880583286285400391e+00
1.209026145935058594e+01 1.626374816894531250e+01 -3.682343292236328125e+01 9.809057116508483887e-01 -3.401646137237548828e+00 -5.784531593322753906e+00
1.211219596862792969e+01 1.620853614807128906e+01 -3.693492507934570312e+01 6.068753600120544434e-01 -3.105381011962890625e+00 -5.655830860137939453e+00
1.211703014373779297e+01 1.615678787231445312e+01 -3.704555130004882812e+01 2.850389182567596436e-01 -3.676724910736083984e+00 -5.646726131439208984e+00
1.212300395965576172e+01 1.609339714050292969e+01 -3.715565490722656250e+01 1.807865947484970093e-01 -3.917480945587158203e+00 -5.566233634948730469e+00
1.213233089447021484e+01 1.601894760131835938e+01 -3.726440048217773438e+01 3.457193672657012939e-01 -4.238566398620605469e+00 -5.540915012359619141e+00
1.214288520812988281e+01 1.594363975524902344e+01 -3.737350082397460938e+01 5.949427485466003418e-01 -4.551775455474853516e+00 -5.588487148284912109e+00
1.216151046752929688e+01 1.585988330841064453e+01 -3.748303222656250000e+01 9.299542903900146484e-01 -4.635274410247802734e+00 -5.610653877258300781e+00
1.219329357147216797e+01 1.577611446380615234e+01 -3.759199523925781250e+01 9.662051796913146973e-01 -4.418850898742675781e+00 -5.489381313323974609e+00
1.222522926330566406e+01 1.570008277893066406e+01 -3.769904708862304688e+01 8.200822472572326660e-01 -4.077220439910888672e+00 -5.437056541442871094e+00
1.224417591094970703e+01 1.562869453430175781e+01 -3.780470275878906250e+01 6.872172951698303223e-01 -4.004771232604980469e+00 -5.345427513122558594e+00
1.227167320251464844e+01 1.551028823852539062e+01 -3.796099853515625000e+01 7.502950429916381836e-01 -3.864477396011352539e+00 -5.299170970916748047e+00
1.229426288604736328e+01 1.543820381164550781e+01 -3.806441497802734375e+01 5.254780650138854980e-01 -3.790494441986083984e+00 -5.336990356445312500e+00
1.231289863586425781e+01 1.535909843444824219e+01 -3.816967010498046875e+01 3.887381851673126221e-01 -3.797838449478149414e+00 -5.364648342132568359e+00
1.232899379730224609e+01 1.528017044067382812e+01 -3.827612304687500000e+01 3.527933359146118164e-01 -3.980704307556152344e+00 -5.545818328857421875e+00
1.234382629394531250e+01 1.519998455047607422e+01 -3.838731765747070312e+01 4.328823089599609375e-01 -4.053504943847656250e+00 -5.786521911621093750e+00
1.236029529571533203e+01 1.511828708648681641e+01 -3.850090408325195312e+01 4.118039011955261230e-01 -4.024048328399658203e+00 -5.875538349151611328e+00
1.236755466461181641e+01 1.503944015502929688e+01 -3.861518478393554688e+01 1.472450494766235352e-01 -4.412666320800781250e+00 -5.805560588836669922e+00
1.236912250518798828e+01 1.494838809967041016e+01 -3.872648620605468750e+01 1.890983283519744873e-01 -4.699442386627197266e+00 -5.651308536529541016e+00
1.237333965301513672e+01 1.483836746215820312e+01 -3.883695602416992188e+01 4.557086229324340820e-01 -5.210844993591308594e+00 -5.662319183349609375e+00
1.238709068298339844e+01 1.471111488342285156e+01 -3.894757080078125000e+01 9.764932394027709961e-01 -5.380213737487792969e+00 -5.680341243743896484e+00
1.241839027404785156e+01 1.459679985046386719e+01 -3.905791854858398438e+01 1.039514899253845215e+00 -5.223223686218261719e+00 -5.652646541595458984e+00
1.244564533233642578e+01 1.448391437530517578e+01 -3.916838073730468750e+01 9.268791079521179199e-01 -5.377089023590087891e+00 -5.608290672302246094e+00
1.245911026000976562e+01 1.437164020538330078e+01 -3.927624511718750000e+01 6.907994747161865234e-01 -5.963599205017089844e+00 -5.460891246795654297e+00
1.246534252166748047e+01 1.424829196929931641e+01 -3.938060379028320312e+01 3.733071982860565186e-01 -6.623441219329833984e+00 -5.165878772735595703e+00
1.246873378753662109e+01 1.411085319519042969e+01 -3.947672653198242188e+01 2.799407243728637695e-01 -7.400403976440429688e+00 -4.641381740570068359e+00
1.247728252410888672e+01 1.395819091796875000e+01 -3.956375122070312500e+01 1.948103010654449463e-01 -8.012439727783203125e+00 -4.248661041259765625e+00
1.247844791412353516e+01 1.378753948211669922e+01 -3.963925170898437500e+01 4.029666781425476074e-01 -8.684663772583007812e+00 -3.472351789474487305e+00
1.248462581634521484e+01 1.360524368286132812e+01 -3.969802093505859375e+01 5.454255938529968262e-01 -9.120131492614746094e+00 -2.522688865661621094e+00
1.249755859375000000e+01 1.340958213806152344e+01 -3.973513793945312500e+01 6.281745433807373047e-01 -9.051025390625000000e+00 -1.241211652755737305e+00
1.250227260589599609e+01 1.322227954864501953e+01 -3.974464416503906250e+01 3.971275389194488525e-01 -8.775608062744140625e+00 2.743933498859405518e-01
1.249569225311279297e+01 1.305686569213867188e+01 -3.972299194335937500e+01 6.682988256216049194e-03 -8.230937004089355469e+00 1.925767660140991211e+00
1.248148155212402344e+01 1.283623409271240234e+01 -3.963986968994140625e+01 -3.899287283420562744e-01 -6.855114459991455078e+00 3.586632251739501953e+00
1.247469043731689453e+01 1.271047878265380859e+01 -3.956455230712890625e+01 -4.431569874286651611e-01 -5.535792827606201172e+00 4.074093341827392578e+00
1.246635913848876953e+01 1.261885833740234375e+01 -3.948541641235351562e+01 -1.000808596611022949e+00 -4.352714538574218750e+00 4.051192760467529297e+00
1.245252895355224609e+01 1.254857349395751953e+01 -3.940782546997070312e+01 -1.219536304473876953e+00 -3.514528989791870117e+00 3.899465084075927734e+00
1.242026901245117188e+01 1.248082828521728516e+01 -3.933667373657226562e+01 -1.200017213821411133e+00 -3.347292423248291016e+00 3.372345685958862305e+00
1.239542865753173828e+01 1.242672920227050781e+01 -3.927800369262695312e+01 -1.200637936592102051e+00 -3.137538433074951172e+00 2.672689199447631836e+00
1.237118911743164062e+01 1.236442089080810547e+01 -3.923199462890625000e+01 -5.658060312271118164e-01 -3.024167537689208984e+00 2.088008642196655273e+00
1.236951446533203125e+01 1.231473445892333984e+01 -3.919925689697265625e+01 1.486191153526306152e-01 -2.614485740661621094e+00 1.295383453369140625e+00
1.237855911254882812e+01 1.227358627319335938e+01 -3.918188858032226562e+01 4.761981666088104248e-01 -2.119365215301513672e+00 4.319756627082824707e-01
1.239376449584960938e+01 1.223635292053222656e+01 -3.918125534057617188e+01 9.805182814598083496e-01 -1.893339753150939941e+00 -3.647382557392120361e-01
1.242629241943359375e+01 1.219991588592529297e+01 -3.919675445556640625e+01 1.352022051811218262e+00 -1.321189641952514648e+00 -1.171529173851013184e+00
1.246685504913330078e+01 1.217954540252685547e+01 -3.922676849365234375e+01 1.514581084251403809e+00 -4.267545938491821289e-01 -1.836378216743469238e+00
1.250138568878173828e+01 1.217778110504150391e+01 -3.926668167114257812e+01 1.465713620185852051e+00 -6.101416656747460365e-04 -2.268270492553710938e+00
1.253400707244873047e+01 1.218427276611328125e+01 -3.931608581542968750e+01 1.183433771133422852e+00 4.026682078838348389e-01 -2.791697263717651367e+00
1.255516242980957031e+01 1.218898963928222656e+01 -3.937658309936523438e+01 1.099372506141662598e+00 4.459719657897949219e-01 -3.364490270614624023e+00
1.257569694519042969e+01 1.219257545471191406e+01 -3.944780349731445312e+01 9.370949268341064453e-01 5.715312361717224121e-01 -3.932584285736083984e+00
1.259320068359375000e+01 1.220476913452148438e+01 -3.953036499023437500e+01 5.282112956047058105e-01 7.437371015548706055e-01 -4.433490276336669922e+00
1.259907817840576172e+01 1.222088909149169922e+01 -3.961986923217773438e+01 1.523543745279312134e-01 5.510095357894897461e-01 -4.769951820373535156e+00
1.259193134307861328e+01 1.222764301300048828e+01 -3.971591949462890625e+01 3.117944486439228058e-02 -5.759923905134201050e-02 -4.971876621246337891e+00
1.258653354644775391e+01 1.221782684326171875e+01 -3.981460952758789062e+01 2.551085054874420166e-01 -6.485454440116882324e-01 -5.136810302734375000e+00
1.259883213043212891e+01 1.219771957397460938e+01 -3.991661453247070312e+01 7.314574718475341797e-01 -9.115830659866333008e-01 -5.320591449737548828e+00
1.263998985290527344e+01 1.217983722686767578e+01 -4.007648849487304688e+01 1.017776012420654297e+00 -7.065786123275756836e-01 -5.537846565246582031e+00
1.265875720977783203e+01 1.217078590393066406e+01 -4.018788146972656250e+01 1.281008720397949219e+00 -7.600920200347900391e-01 -5.786866664886474609e+00
1.268125247955322266e+01 1.215453720092773438e+01 -4.030280303955078125e+01 1.776971936225891113e+00 -6.785154938697814941e-01 -5.925809383392333984e+00
1.272114753723144531e+01 1.214495658874511719e+01 -4.042044448852539062e+01 2.337164878845214844e+00 -9.339912235736846924e-02 -6.160831451416015625e+00
1.277015399932861328e+01 1.215042877197265625e+01 -4.054361343383789062e+01 2.590808391571044922e+00 7.301400303840637207e-01 -6.456178188323974609e+00
1.281835174560546875e+01 1.216995048522949219e+01 -4.067280578613281250e+01 2.416802167892456055e+00 1.248156189918518066e+00 -6.769419193267822266e+00
1.286038112640380859e+01 1.219854450225830078e+01 -4.080745315551757812e+01 2.140147447586059570e+00 1.549518823623657227e+00 -6.914688587188720703e+00
1.289844226837158203e+01 1.222772693634033203e+01 -4.094352722167968750e+01 1.977006912231445312e+00 1.508547306060791016e+00 -7.022231578826904297e+00
1.293921566009521484e+01 1.225372600555419922e+01 -4.108263778686523438e+01 1.627315521240234375e+00 1.660747647285461426e+00 -7.178149223327636719e+00
1.296522140502929688e+01 1.228714752197265625e+01 -4.122323989868164062e+01 1.250702619552612305e+00 1.252775073051452637e+00 -7.200513362884521484e+00
1.298964214324951172e+01 1.231548976898193359e+01 -4.136468124389648438e+01 7.152112126350402832e-01 9.286765456199645996e-01 -7.180545806884765625e+00
1.298782634735107422e+01 1.232581043243408203e+01 -4.150495910644531250e+01 5.123472809791564941e-01 -3.061987273395061493e-02 -7.202437877655029297e+00
1.299473762512207031e+01 1.232150459289550781e+01 -4.164444732666015625e+01 6.213123202323913574e-01 -6.861655712127685547e-01 -7.029335498809814453e+00
1.301397800445556641e+01 1.230372714996337891e+01 -4.178264236450195312e+01 8.970670104026794434e-01 -1.115055799484252930e+00 -7.076135635375976562e+00
1.303779125213623047e+01 1.228039932250976562e+01 -4.192137527465820312e+01 1.187030434608459473e+00 -1.317797303199768066e+00 -7.087964057922363281e+00
1.306887626647949219e+01 1.224693775177001953e+01 -4.205937576293945312e+01 1.773144841194152832e+00 -1.349696755409240723e+00 -7.030838012695312500e+00
1.310845470428466797e+01 1.221719360351562500e+01 -4.219655609130859375e+01 2.006247758865356445e+00 -1.055231213569641113e+00 -6.957861423492431641e+00
1.315318584442138672e+01 1.219857597351074219e+01 -4.233118820190429688e+01 2.179726362228393555e+00 -6.662350893020629883e-01 -6.782656192779541016e+00
1.320347118377685547e+01 1.218413066864013672e+01 -4.246347045898437500e+01 2.116388559341430664e+00 -2.784637212753295898e-01 -6.722167015075683594e+00
1.324287796020507812e+01 1.217822933197021484e+01 -4.259384536743164062e+01 2.037551403045654297e+00 1.595029490999877453e-03 -6.594302177429199219e+00
1.328122043609619141e+01 1.217860984802246094e+01 -4.272392272949218750e+01 1.858879446983337402e+00 1.402677595615386963e-01 -6.591315746307373047e+00
1.333121013641357422e+01 1.218132209777832031e+01 -4.291876602172851562e+01 1.318614006042480469e+00 8.880275487899780273e-02 -6.678522586822509766e+00
1.335673427581787109e+01 1.218217182159423828e+01 -4.305089950561523438e+01 1.043276429176330566e+00 1.041479781270027161e-01 -6.765231132507324219e+00
1.337908077239990234e+01 1.218204402923583984e+01 -4.318335723876953125e+01 8.225620388984680176e-01 -1.636361330747604370e-01 -6.698745727539062500e+00
1.339573669433593750e+01 1.217290306091308594e+01 -4.331260681152343750e+01 6.919803023338317871e-01 -3.411531746387481689e-01 -6.507990837097167969e+00
1.341251945495605469e+01 1.215680503845214844e+01 -4.343879318237304688e+01 7.785071134567260742e-01 -5.870410799980163574e-01 -6.420667648315429688e+00
1.343208217620849609e+01 1.213411140441894531e+01 -4.356233215332031250e+01 9.926424622535705566e-01 -7.627263069152832031e-01 -6.237458229064941406e+00
1.345497608184814453e+01 1.210958290100097656e+01 -4.368397903442382812e+01 1.171524047851562500e+00 -7.916888594627380371e-01 -6.207127094268798828e+00
1.347765064239501953e+01 1.209142780303955078e+01 -4.380457687377929688e+01 1.303521871566772461e+00 -9.525501132011413574e-01 -6.114466190338134766e+00
1.350316238403320312e+01 1.206788635253906250e+01 -4.392286682128906250e+01 1.439844965934753418e+00 -8.629998564720153809e-01 -5.933270931243896484e+00
1.353012275695800781e+01 1.204332447052001953e+01 -4.403887176513671875e+01 1.751532316207885742e+00 -9.117516875267028809e-01 -5.870510578155517578e+00
1.356273841857910156e+01 1.202608489990234375e+01 -4.415291213989257812e+01 1.800912380218505859e+00 -5.238863229751586914e-01 -5.801300048828125000e+00
1.359810161590576172e+01 1.201917362213134766e+01 -4.426606369018554688e+01 1.852056980133056641e+00 -2.507272958755493164e-01 -5.838807582855224609e+00
1.363040065765380859e+01 1.201642799377441406e+01 -4.438112640380859375e+01 1.811978816986083984e+00 1.696560904383659363e-02 -5.932394981384277344e+00
1.365734386444091797e+01 1.201319789886474609e+01 -4.449726486206054688e+01 1.583254218101501465e+00 4.076787829399108887e-02 -5.954215049743652344e+00
1.368680000305175781e+01 1.200732994079589844e+01 -4.461295318603515625e+01 1.668043136596679688e+00 1.493943929672241211e-01 -5.891729354858398438e+00
1.371987628936767578e+01 1.200891017913818359e+01 -4.472995758056640625e+01 1.727414727210998535e+00 3.654262125492095947e-01 -6.096632957458496094e+00
1.375183773040771484e+01 1.201306819915771484e+01 -4.485067367553710938e+01 1.558861613273620605e+00 5.228096842765808105e-01 -6.177160263061523438e+00
1.377960586547851562e+01 1.202241039276123047e+01 -4.497282791137695312e+01 1.296989798545837402e+00 4.782008230686187744e-01 -6.273774623870849609e+00
1.380220794677734375e+01 1.202306747436523438e+01 -4.509674072265625000e+01 1.214389085769653320e+00 4.270799458026885986e-01 -6.321820735931396484e+00
1.381984043121337891e+01 1.202426338195800781e+01 -4.522059631347656250e+01 1.314870476722717285e+00 -6.085159257054328918e-02 -6.313775062561035156e+00
1.384044075012207031e+01 1.201643276214599609e+01 -4.534575653076171875e+01 1.581330776214599609e+00 -1.216376200318336487e-01 -6.429964065551757812e+00
1.388644409179687500e+01 1.201456642150878906e+01 -4.553793334960937500e+01 1.606657385826110840e+00 1.995022147893905640e-01 -6.571308612823486328e+00
1.390544033050537109e+01 1.202212810516357422e+01 -4.567036056518554688e+01 1.640685796737670898e+00 2.327546924352645874e-01 -6.884598255157470703e+00
1.393187999725341797e+01 1.202844810485839844e+01 -4.580974197387695312e+01 1.605989694595336914e+00 2.597707808017730713e-01 -7.171731472015380859e+00
1.396609497070312500e+01 1.202647399902343750e+01 -4.595318222045898438e+01 2.068372964859008789e+00 4.136718809604644775e-01 -7.464444637298583984e+00
1.400545597076416016e+01 1.203185749053955078e+01 -4.610220336914062500e+01 2.135478734970092773e+00 7.049904465675354004e-01 -7.746479034423828125e+00
1.404730796813964844e+01 1.204649639129638672e+01 -4.625857925415039062e+01 2.244627714157104492e+00 1.059977293014526367e+00 -8.176795005798339844e+00
1.408631134033203125e+01 1.207576274871826172e+01 -4.642333602905273438e+01 1.994397759437561035e+00 1.286028146743774414e+00 -8.635948181152343750e+00
1.411727523803710938e+01 1.210137081146240234e+01 -4.659802246093750000e+01 1.962277293205261230e+00 1.110829710960388184e+00 -9.070430755615234375e+00
1.415063190460205078e+01 1.211259651184082031e+01 -4.678207778930664062e+01 2.024923086166381836e+00 5.958338379859924316e-01 -9.611389160156250000e+00
1.418694400787353516e+01 1.211896705627441406e+01 -4.697492599487304688e+01 2.026435613632202148e+00 1.802647113800048828e-02 -1.009842014312744141e+01
1.421714782714843750e+01 1.211807060241699219e+01 -4.717823410034179688e+01 1.815574169158935547e+00 -8.622926473617553711e-01 -1.060375881195068359e+01
1.424289035797119141e+01 1.209606075286865234e+01 -4.739117813110351562e+01 1.528825402259826660e+00 -1.939730525016784668e+00 -1.107124328613281250e+01
1.426640224456787109e+01 1.204898452758789062e+01 -4.760872268676757812e+01 1.401245713233947754e+00 -3.486901283264160156e+00 -1.113318824768066406e+01
1.428800201416015625e+01 1.197021865844726562e+01 -4.782715225219726562e+01 1.346509337425231934e+00 -4.835048675537109375e+00 -1.104497528076171875e+01
1.431083393096923828e+01 1.186492061614990234e+01 -4.803892517089843750e+01 1.456440687179565430e+00 -5.970911979675292969e+00 -1.050027561187744141e+01
1.433904838562011719e+01 1.174303627014160156e+01 -4.823755645751953125e+01 1.546691417694091797e+00 -6.518479347229003906e+00 -9.675254821777343750e+00
1.437100696563720703e+01 1.161771965026855469e+01 -4.842139434814453125e+01 1.624138236045837402e+00 -6.553017139434814453e+00 -9.004981040954589844e+00
1.439716720581054688e+01 1.149813175201416016e+01 -4.859129714965820312e+01 1.304401159286499023e+00 -6.539401531219482422e+00 -8.201653480529785156e+00
1.442049980163574219e+01 1.138538074493408203e+01 -4.874677276611328125e+01 1.115517735481262207e+00 -6.232617855072021484e+00 -7.529743194580078125e+00
1.444219875335693359e+01 1.127326869964599609e+01 -4.888709640502929688e+01 1.115941643714904785e+00 -5.555436611175537109e+00 -6.840219020843505859e+00
1.446143913269042969e+01 1.117944049835205078e+01 -4.901778411865234375e+01 8.750860095024108887e-01 -5.038313865661621094e+00 -6.363705635070800781e+00
1.448938179016113281e+01 1.104696273803710938e+01 -4.919964599609375000e+01 8.238731622695922852e-01 -4.102840423583984375e+00 -5.902146339416503906e+00
1.450652980804443359e+01 1.097522830963134766e+01 -4.931372833251953125e+01 5.824200510978698730e-01 -3.562832832336425781e+00 -5.637310504913330078e+00
1.451652050018310547e+01 1.091427326202392578e+01 -4.942366409301757812e+01 2.670121192932128906e-01 -3.069023609161376953e+00 -5.445514202117919922e+00
1.452691555023193359e+01 1.085710906982421875e+01 -4.952969360351562500e+01 2.239575088024139404e-01 -2.792294502258300781e+00 -5.296261310577392578e+00
1.453821849822998047e+01 1.080407238006591797e+01 -4.963323593139648438e+01 4.542282521724700928e-01 -2.524958610534667969e+00 -5.084609031677246094e+00
1.454956912994384766e+01 1.075834751129150391e+01 -4.973308563232421875e+01 4.217155873775482178e-01 -2.441183805465698242e+00 -5.004880428314208984e+00
1.456184101104736328e+01 1.071424579620361328e+01 -4.982974243164062500e+01 4.861433506011962891e-01 -2.306502819061279297e+00 -4.698833942413330078e+00
1.457487678527832031e+01 1.066652297973632812e+01 -4.992057418823242188e+01 6.257222890853881836e-01 -2.534414529800415039e+00 -4.516907691955566406e+00
1.459073162078857422e+01 1.062262725830078125e+01 -5.000864791870117188e+01 6.768704056739807129e-01 -2.426626682281494141e+00 -4.302103519439697266e+00
1.460349845886230469e+01 1.058036708831787109e+01 -5.009199905395507812e+01 6.168130040168762207e-01 -2.271890163421630859e+00 -4.166805744171142578e+00
1.461995124816894531e+01 1.053076171875000000e+01 -5.017319107055664062e+01 8.924490213394165039e-01 -2.336382865905761719e+00 -4.052984237670898438e+00
1.464599132537841797e+01 1.048209857940673828e+01 -5.025320816040039062e+01 9.994238615036010742e-01 -1.953814983367919922e+00 -3.984834909439086914e+00
1.466959190368652344e+01 1.044918632507324219e+01 -5.032933807373046875e+01 9.534800052642822266e-01 -1.624085664749145508e+00 -3.712407350540161133e+00
1.468854808807373047e+01 1.041633033752441406e+01 -5.040063095092773438e+01 1.149228572845458984e+00 -1.657882094383239746e+00 -3.531390428543090820e+00
1.471014881134033203e+01 1.037846851348876953e+01 -5.046872711181640625e+01 1.321757197380065918e+00 -1.775590896606445312e+00 -3.371421098709106445e+00
1.474069786071777344e+01 1.034200000762939453e+01 -5.053540802001953125e+01 1.406599640846252441e+00 -1.395571589469909668e+00 -3.327008008956909180e+00
1.476929378509521484e+01 1.031373214721679688e+01 -5.060147476196289062e+01 1.449903845787048340e+00 -1.222295165061950684e+00 -3.381282806396484375e+00
1.479608154296875000e+01 1.029124546051025391e+01 -5.067011642456054688e+01 1.397939682006835938e+00 -1.022320151329040527e+00 -3.480711936950683594e+00
1.481972980499267578e+01 1.026757621765136719e+01 -5.073757934570312500e+01 1.422927021980285645e+00 -9.952939748764038086e-01 -3.387799263000488281e+00
1.484410572052001953e+01 1.025063514709472656e+01 -5.080427169799804688e+01 1.173746705055236816e+00 -8.741091489791870117e-01 -3.336721897125244141e+00
1.487553024291992188e+01 1.023058032989501953e+01 -5.090377044677734375e+01 9.223815798759460449e-01 -8.180859684944152832e-01 -3.328868389129638672e+00
1.489004516601562500e+01 1.021534252166748047e+01 -5.096878433227539062e+01 7.962071299552917480e-01 -9.109457135200500488e-01 -3.221486568450927734e+00
1.490481376647949219e+01 1.019178962707519531e+01 -5.103224945068359375e+01 8.830605745315551758e-01 -9.147631525993347168e-01 -3.083229064941406250e+00
1.491621971130371094e+01 1.017523765563964844e+01 -5.109261703491210938e+01 6.694940328598022461e-01 -9.063883423805236816e-01 -2.952526807785034180e+00
1.492740821838378906e+01 1.015481281280517578e+01 -5.114883041381835938e+01 6.316573023796081543e-01 -9.819599986076354980e-01 -2.786671400070190430e+00
1.493496322631835938e+01 1.013820075988769531e+01 -5.120210266113281250e+01 6.196200251579284668e-01 -9.016928672790527344e-01 -2.687549352645874023e+00
1.494368457794189453e+01 1.012256240844726562e+01 -5.125555038452148438e+01 6.384936571121215820e-01 -8.281886577606201172e-01 -2.663852930068969727e+00
1.495657444000244141e+01 1.010613346099853516e+01 -5.130712509155273438e+01 8.241386413574218750e-01 -4.921266734600067139e-01 -2.542580604553222656e+00
1.497350978851318359e+01 1.009755134582519531e+01 -5.135779953002929688e+01 8.407117724418640137e-01 -2.106077820062637329e-01 -2.448549509048461914e+00
1.497985458374023438e+01 1.009792804718017578e+01 -5.140517044067382812e+01 6.420009136199951172e-01 -7.580231875181198120e-02 -2.376279592514038086e+00
1.499315547943115234e+01 1.009928607940673828e+01 -5.145298385620117188e+01 5.486789941787719727e-01 9.566172212362289429e-02 -2.407643556594848633e+00
1.500475215911865234e+01 1.010652065277099609e+01 -5.150403594970703125e+01 6.551984548568725586e-01 2.865428328514099121e-01 -2.635082006454467773e+00
1.501253604888916016e+01 1.011916637420654297e+01 -5.155685043334960938e+01 4.276196062564849854e-01 3.350480198860168457e-01 -2.581468582153320312e+00
1.502113246917724609e+01 1.013609504699707031e+01 -5.161199951171875000e+01 4.452758133411407471e-01 3.535444736480712891e-01 -2.788573503494262695e+00
1.503065776824951172e+01 1.014540767669677734e+01 -5.166859436035156250e+01 6.756951808929443359e-01 5.569298863410949707e-01 -2.773690938949584961e+00
1.504717826843261719e+01 1.015637588500976562e+01 -5.172649765014648438e+01 9.053142666816711426e-01 5.357926487922668457e-01 -2.917945384979248047e+00
1.506851959228515625e+01 1.016713333129882812e+01 -5.178756713867187500e+01 1.124544024467468262e+00 5.760598778724670410e-01 -2.974842309951782227e+00
1.509032821655273438e+01 1.018458747863769531e+01 -5.184916687011718750e+01 1.311563014984130859e+00 6.572536826133728027e-01 -3.111472606658935547e+00
1.512100791931152344e+01 1.019689273834228516e+01 -5.191284179687500000e+01 1.897450447082519531e+00 6.433792710304260254e-01 -3.162219524383544922e+00
1.516060352325439453e+01 1.021190738677978516e+01 -5.197993087768554688e+01 2.066501617431640625e+00 8.886304497718811035e-01 -3.407163381576538086e+00
1.520362949371337891e+01 1.023619651794433594e+01 -5.205146789550781250e+01 2.138055324554443359e+00 1.348551273345947266e+00 -3.465428829193115234e+00
1.526568984985351562e+01 1.028456687927246094e+01 -5.215832901000976562e+01 1.797308564186096191e+00 1.645645260810852051e+00 -3.414976596832275391e+00
1.529894256591796875e+01 1.032126140594482422e+01 -5.222841644287109375e+01 1.411554336547851562e+00 1.722681760787963867e+00 -3.520348310470581055e+00
1.532885646820068359e+01 1.035872554779052734e+01 -5.230015563964843750e+01 8.624754548072814941e-01 1.760073661804199219e+00 -3.431473493576049805e+00
1.535013866424560547e+01 1.039426136016845703e+01 -5.237281799316406250e+01 5.464467406272888184e-01 1.670470356941223145e+00 -3.533218860626220703e+00
1.536056709289550781e+01 1.042146396636962891e+01 -5.244512176513671875e+01 3.237985670566558838e-01 1.385786294937133789e+00 -3.514582872390747070e+00
1.537133598327636719e+01 1.044663810729980469e+01 -5.251782608032226562e+01 2.543329000473022461e-01 1.241865277290344238e+00 -3.608063936233520508e+00
1.538195800781250000e+01 1.047033977508544922e+01 -5.259249496459960938e+01 3.005307018756866455e-01 1.187602639198303223e+00 -3.650987148284912109e+00
1.538840484619140625e+01 1.048967742919921875e+01 -5.266743469238281250e+01 3.350512683391571045e-01 8.897632360458374023e-01 -3.590341329574584961e+00
1.539617919921875000e+01 1.050140476226806641e+01 -5.274104690551757812e+01 4.868408739566802979e-01 5.945479273796081543e-01 -3.609478473663330078e+00
1.540972709655761719e+01 1.050890636444091797e+01 -5.281631851196289062e+01 8.411106467247009277e-01 4.753794968128204346e-01 -3.694696187973022461e+00
1.543628406524658203e+01 1.051293659210205078e+01 -5.289261245727539062e+01 1.216109037399291992e+00 8.073138594627380371e-01 -3.819922208786010742e+00
1.546871948242187500e+01 1.052607440948486328e+01 -5.296968460083007812e+01 1.414694309234619141e+00 1.021646857261657715e+00 -3.852246522903442383e+00
1.550287246704101562e+01 1.054833412170410156e+01 -5.304785919189453125e+01 1.641966581344604492e+00 1.418372511863708496e+00 -3.834417343139648438e+00
1.554135894775390625e+01 1.057725811004638672e+01 -5.312638473510742188e+01 1.966531753540039062e+00 2.059568881988525391e+00 -3.929286003112792969e+00
1.558094024658203125e+01 1.061951923370361328e+01 -5.320896911621093750e+01 2.057885646820068359e+00 2.615370035171508789e+00 -4.283885955810546875e+00
1.562447643280029297e+01 1.067241573333740234e+01 -5.330154418945312500e+01 2.111489534378051758e+00 3.212383985519409180e+00 -4.823788166046142578e+00
1.566401672363281250e+01 1.073525142669677734e+01 -5.340608978271484375e+01 2.083536624908447266e+00 3.591054439544677734e+00 -5.529660224914550781e+00
1.569955825805664062e+01 1.080187225341796875e+01 -5.352608108520507812e+01 1.847352743148803711e+00 3.640002489089965820e+00 -6.391538143157958984e+00
1.573321437835693359e+01 1.086772251129150391e+01 -5.366123580932617188e+01 1.731357812881469727e+00 3.244126796722412109e+00 -7.015407085418701172e+00
1.576311302185058594e+01 1.092533779144287109e+01 -5.380677032470703125e+01 1.574158787727355957e+00 2.753690958023071289e+00 -7.538562774658203125e+00
1.579166221618652344e+01 1.097026252746582031e+01 -5.395851135253906250e+01 1.385417580604553223e+00 2.034392356872558594e+00 -7.663353919982910156e+00
1.583046340942382812e+01 1.100833702087402344e+01 -5.418994903564453125e+01 1.257742285728454590e+00 8.576681017875671387e-01 -7.685172557830810547e+00
1.585560798645019531e+01 1.101559162139892578e+01 -5.434243392944335938e+01 1.224415183067321777e+00 2.590598762035369873e-01 -7.603178024291992188e+00
1.588030433654785156e+01 1.100543498992919922e+01 -5.449186325073242188e+01 1.292646527290344238e+00 -2.500838637351989746e-01 -7.436287403106689453e+00
1.590276336669921875e+01 1.099386501312255859e+01 -5.463602447509765625e+01 1.302242636680603027e+00 -8.687281608581542969e-01 -7.053714752197265625e+00
1.592502880096435547e+01 1.096790218353271484e+01 -5.477230453491210938e+01 1.445655226707458496e+00 -1.204997420310974121e+00 -6.717122554779052734e+00
1.595353317260742188e+01 1.093619441986083984e+01 -5.490525436401367188e+01 1.805501818656921387e+00 -1.560396790504455566e+00 -6.494162082672119141e+00
1.598391056060791016e+01 1.090864086151123047e+01 -5.503310394287109375e+01 1.729912519454956055e+00 -1.587949633598327637e+00 -6.189715862274169922e+00
1.601456642150878906e+01 1.088062763214111328e+01 -5.515588378906250000e+01 1.574629426002502441e+00 -1.468401432037353516e+00 -5.991080760955810547e+00
1.604645156860351562e+01 1.085304164886474609e+01 -5.527346420288085938e+01 1.700831651687622070e+00 -1.438926577568054199e+00 -5.742904663085937500e+00
1.607076644897460938e+01 1.082495403289794922e+01 -5.538832092285156250e+01 1.242698073387145996e+00 -1.372640252113342285e+00 -5.565191268920898438e+00
1.608718109130859375e+01 1.079212284088134766e+01 -5.549990463256835938e+01 1.266175031661987305e+00 -1.564123988151550293e+00 -5.429555892944335938e+00
