1.085601091384887695e+00 2.262486696243286133e+00 -6.494977325201034546e-02 6.794714331626892090e-01 2.566140413284301758e+00 4.567582160234451294e-02
1.101867318153381348e+00 2.297606706619262695e+00 -6.314317882061004639e-02 7.391752004623413086e-01 2.492983579635620117e+00 1.206798329949378967e-01
1.115747094154357910e+00 2.335054636001586914e+00 -6.068539991974830627e-02 7.102901935577392578e-01 2.580302000045776367e+00 1.510743945837020874e-01
1.128332018852233887e+00 2.367256402969360352e+00 -5.680682882666587830e-02 7.063407301902770996e-01 2.531303405761718750e+00 2.075668871402740479e-01
1.141620635986328125e+00 2.409649610519409180e+00 -5.222363770008087158e-02 6.382783651351928711e-01 2.464912414550781250e+00 2.602774202823638916e-01
1.149693727493286133e+00 2.439539670944213867e+00 -4.709912836551666260e-02 1.015581250190734863e+00 2.503568172454833984e+00 3.071161508560180664e-01
1.160186052322387695e+00 2.477411985397338867e+00 -4.099325463175773621e-02 1.014212489128112793e+00 2.480091333389282227e+00 3.139856159687042236e-01
1.174098849296569824e+00 2.514529228210449219e+00 -3.508253023028373718e-02 1.238900661468505859e+00 2.509006023406982422e+00 2.877203524112701416e-01
1.186527371406555176e+00 2.556680917739868164e+00 -2.859436161816120148e-02 1.283621668815612793e+00 2.447439193725585938e+00 3.372699916362762451e-01
1.201596856117248535e+00 2.597403287887573242e+00 -2.238857559859752655e-02 1.367982864379882812e+00 2.413493394851684570e+00 3.581820130348205566e-01
1.216885328292846680e+00 2.641423463821411133e+00 -1.565857231616973877e-02 1.416213750839233398e+00 2.474910259246826172e+00 3.317693769931793213e-01
1.238641262054443359e+00 2.709871053695678711e+00 -6.301767658442258835e-03 1.332913517951965332e+00 2.467552423477172852e+00 3.037668168544769287e-01
1.253525376319885254e+00 2.758436441421508789e+00 7.607286988786654547e-06 1.387580394744873047e+00 2.542318582534790039e+00 3.497020006179809570e-01
1.266580581665039062e+00 2.817761659622192383e+00 7.796205114573240280e-03 1.168668270111083984e+00 2.598077535629272461e+00 4.318170547485351562e-01
1.283386230468750000e+00 2.865085363388061523e+00 1.603407226502895355e-02 1.219183087348937988e+00 2.692300081253051758e+00 3.829106688499450684e-01
1.296566128730773926e+00 2.920939445495605469e+00 2.415839023888111115e-02 1.013427019119262695e+00 2.697458267211914062e+00 4.666672348976135254e-01
1.301926732063293457e+00 2.980291843414306641e+00 3.262468427419662476e-02 9.979850053787231445e-01 2.735909700393676758e+00 4.001379907131195068e-01
1.313429474830627441e+00 3.038352727890014648e+00 3.957287594676017761e-02 1.069750547409057617e+00 2.929357051849365234e+00 3.105313777923583984e-01
1.325629472732543945e+00 3.108134746551513672e+00 4.581404104828834534e-02 8.061700463294982910e-01 2.961865186691284180e+00 3.194985985755920410e-01
1.337032556533813477e+00 3.173601627349853516e+00 5.216326564550399780e-02 8.464838266372680664e-01 2.873720884323120117e+00 3.318638205528259277e-01
1.346239805221557617e+00 3.235609292984008789e+00 5.889818817377090454e-02 1.143758296966552734e+00 2.918442964553833008e+00 3.602727353572845459e-01
1.370544195175170898e+00 3.299621820449829102e+00 6.552144140005111694e-02 1.151471972465515137e+00 3.289383888244628906e+00 3.215837478637695312e-01
1.383924126625061035e+00 3.370452642440795898e+00 7.168317586183547974e-02 1.171040654182434082e+00 3.100123643875122070e+00 3.310259878635406494e-01
1.410563826560974121e+00 3.444715499877929688e+00 7.720124721527099609e-02 1.134494781494140625e+00 3.436463594436645508e+00 2.853511571884155273e-01
1.430325150489807129e+00 3.523251771926879883e+00 8.387544751167297363e-02 1.007870078086853027e+00 3.488835811614990234e+00 3.912261128425598145e-01
1.449306845664978027e+00 3.603233337402343750e+00 9.225361049175262451e-02 8.573692440986633301e-01 3.649898767471313477e+00 4.377689957618713379e-01
1.474418997764587402e+00 3.683382511138916016e+00 1.005069166421890259e-01 7.276527285575866699e-01 4.019438266754150391e+00 3.768087327480316162e-01
1.480164408683776855e+00 3.766705989837646484e+00 1.081568151712417603e-01 5.159883499145507812e-01 3.831384897232055664e+00 4.322582185268402100e-01
1.504537940025329590e+00 3.845212459564208984e+00 1.166917532682418823e-01 6.076552867889404297e-01 4.152862071990966797e+00 4.739490747451782227e-01
1.512231945991516113e+00 3.933092832565307617e+00 1.261775195598602295e-01 6.690528988838195801e-01 4.034587383270263672e+00 4.918680489063262939e-01
1.531700253486633301e+00 4.020997524261474609e+00 1.354191601276397705e-01 7.673573493957519531e-01 4.285144329071044922e+00 5.014951825141906738e-01
1.553717374801635742e+00 4.111790657043457031e+00 1.457082778215408325e-01 7.815535664558410645e-01 4.575551986694335938e+00 4.832945168018341064e-01
1.581648588180541992e+00 4.263633251190185547e+00 1.581405848264694214e-01 5.222649574279785156e-01 4.803003311157226562e+00 3.996951878070831299e-01
1.607905507087707520e+00 4.361474990844726562e+00 1.644289344549179077e-01 4.936697185039520264e-01 5.068606853485107422e+00 3.012017011642456055e-01
1.623285055160522461e+00 4.458007335662841797e+00 1.701632738113403320e-01 7.159896492958068848e-01 4.980464935302734375e+00 2.802846729755401611e-01
1.649662971496582031e+00 4.561459541320800781e+00 1.753994673490524292e-01 6.869308948516845703e-01 5.264549255371093750e+00 2.856609821319580078e-01
1.670819997787475586e+00 4.669629096984863281e+00 1.819434463977813721e-01 5.780074000358581543e-01 5.394305706024169922e+00 3.961132764816284180e-01
1.692444682121276855e+00 4.772215366363525391e+00 1.912226378917694092e-01 8.031536340713500977e-01 5.604305744171142578e+00 5.370306968688964844e-01
1.713890671730041504e+00 4.876400947570800781e+00 2.026134878396987915e-01 9.736824631690979004e-01 5.715247154235839844e+00 6.405844688415527344e-01
1.746503949165344238e+00 4.995127201080322266e+00 2.157624959945678711e-01 8.304582238197326660e-01 6.082643508911132812e+00 6.449522376060485840e-01
1.776116013526916504e+00 5.102927684783935547e+00 2.282396256923675537e-01 1.016410350799560547e+00 6.357340812683105469e+00 6.143913865089416504e-01
1.793546080589294434e+00 5.219750404357910156e+00 2.391851991415023804e-01 9.859753847122192383e-01 6.273132324218750000e+00 5.231870412826538086e-01
1.814630508422851562e+00 5.339201927185058594e+00 2.483937740325927734e-01 1.050055503845214844e+00 6.305817127227783203e+00 4.541784226894378662e-01
1.845137953758239746e+00 5.459249019622802734e+00 2.566179335117340088e-01 1.136371731758117676e+00 6.678115844726562500e+00 3.856554031372070312e-01
1.871100068092346191e+00 5.586447715759277344e+00 2.644302248954772949e-01 1.210778713226318359e+00 6.867923736572265625e+00 3.766184449195861816e-01
1.897691369056701660e+00 5.713761806488037109e+00 2.702854573726654053e-01 1.285619139671325684e+00 7.051808357238769531e+00 2.635915875434875488e-01
1.919202923774719238e+00 5.848007678985595703e+00 2.749744057655334473e-01 1.198307752609252930e+00 7.106051921844482422e+00 2.713488340377807617e-01
1.940447926521301270e+00 5.978828907012939453e+00 2.805830836296081543e-01 1.327812194824218750e+00 7.136891841888427734e+00 3.163020312786102295e-01
1.973469972610473633e+00 6.114445209503173828e+00 2.863065898418426514e-01 1.400570988655090332e+00 7.423402786254882812e+00 2.575283348560333252e-01
1.999091267585754395e+00 6.256962776184082031e+00 2.909228205680847168e-01 1.303809523582458496e+00 7.578371524810791016e+00 2.027591168880462646e-01
2.019677400588989258e+00 6.398582458496093750e+00 2.939780354499816895e-01 1.435138583183288574e+00 7.633002758026123047e+00 9.738325327634811401e-02
2.049484968185424805e+00 6.542811393737792969e+00 2.956525385379791260e-01 1.607642173767089844e+00 7.968474864959716797e+00 6.426552683115005493e-02
2.079914093017578125e+00 6.689933300018310547e+00 2.964364588260650635e-01 1.708799123764038086e+00 8.191889762878417969e+00 8.281254023313522339e-02
2.111723661422729492e+00 6.930766582489013672e+00 2.993156313896179199e-01 1.717044711112976074e+00 8.312453269958496094e+00 1.006294265389442444e-01
2.139753103256225586e+00 7.095871448516845703e+00 3.007918596267700195e-01 1.716276764869689941e+00 8.595336914062500000e+00 2.514695003628730774e-02
2.175148010253906250e+00 7.260470867156982422e+00 3.005292415618896484e-01 1.895591974258422852e+00 8.986180305480957031e+00 -1.052264794707298279e-01
2.201436758041381836e+00 7.441070079803466797e+00 2.972995638847351074e-01 1.782219052314758301e+00 9.111658096313476562e+00 -1.846553683280944824e-01
2.232141256332397461e+00 7.618140697479248047e+00 2.921083569526672363e-01 1.761721968650817871e+00 9.312503814697265625e+00 -3.203441798686981201e-01
2.259527444839477539e+00 7.800045490264892578e+00 2.843520045280456543e-01 1.972456693649291992e+00 9.293094635009765625e+00 -4.683303534984588623e-01
2.292111873626708984e+00 7.989463806152343750e+00 2.739861309528350830e-01 1.950694084167480469e+00 9.566993713378906250e+00 -6.000735759735107422e-01
2.334109544754028320e+00 8.176328659057617188e+00 2.613419294357299805e-01 2.095026969909667969e+00 1.005025196075439453e+01 -6.593570113182067871e-01
2.372250795364379883e+00 8.374300956726074219e+00 2.479415088891983032e-01 2.010560035705566406e+00 1.023399734497070312e+01 -7.404672503471374512e-01
2.399981021881103516e+00 8.578011512756347656e+00 2.331092506647109985e-01 2.154110431671142578e+00 1.029853153228759766e+01 -7.988123297691345215e-01
2.443863630294799805e+00 8.788743972778320312e+00 2.163222581148147583e-01 2.112825870513916016e+00 1.095723628997802734e+01 -9.349803328514099121e-01
2.481704235076904297e+00 9.003220558166503906e+00 1.949587911367416382e-01 2.142843246459960938e+00 1.124192619323730469e+01 -1.219599127769470215e+00
2.512999773025512695e+00 9.229111671447753906e+00 1.696965843439102173e-01 2.137151479721069336e+00 1.127690601348876953e+01 -1.319998145103454590e+00
2.557611703872680664e+00 9.459026336669921875e+00 1.418682187795639038e-01 2.265363216400146484e+00 1.171705341339111328e+01 -1.541436791419982910e+00
2.601509809494018555e+00 9.693034172058105469e+00 1.092121452093124390e-01 2.309593439102172852e+00 1.217794132232666016e+01 -1.804641246795654297e+00
2.633872270584106445e+00 9.943716049194335938e+00 7.111135870218276978e-02 2.076641321182250977e+00 1.226773738861083984e+01 -2.048766374588012695e+00
2.684036016464233398e+00 1.018760299682617188e+01 2.864648401737213135e-02 2.299551486968994141e+00 1.270058345794677734e+01 -2.262948036193847656e+00
2.726095438003540039e+00 1.044928646087646484e+01 -1.887704618275165558e-02 2.195268869400024414e+00 1.309180450439453125e+01 -2.566857576370239258e+00
2.764827013015747070e+00 1.071341514587402344e+01 -7.091092318296432495e-02 2.250328779220581055e+00 1.332798767089843750e+01 -2.791360139846801758e+00
2.813001394271850586e+00 1.098259162902832031e+01 -1.287080496549606323e-01 2.350651979446411133e+00 1.369620132446289062e+01 -3.158356666564941406e+00
2.890365600585937500e+00 1.140394210815429688e+01 -2.317579090595245361e-01 2.532576799392700195e+00 1.435547542572021484e+01 -3.924271821975708008e+00
2.953725576400756836e+00 1.169465732574462891e+01 -3.149544894695281982e-01 2.600094556808471680e+00 1.503324890136718750e+01 -4.538763999938964844e+00
3.011020898818969727e+00 1.199663066864013672e+01 -4.095365703105926514e-01 2.865759611129760742e+00 1.546023750305175781e+01 -5.160348892211914062e+00
3.069614648818969727e+00 1.230237388610839844e+01 -5.162628293037414551e-01 3.152564287185668945e+00 1.596554088592529297e+01 -5.781558990478515625e+00
3.135723829269409180e+00 1.262259197235107422e+01 -6.366490125656127930e-01 3.235875368118286133e+00 1.645944213867187500e+01 -6.522923946380615234e+00
3.209161281585693359e+00 1.294913005828857422e+01 -7.724872827529907227e-01 3.422919988632202148e+00 1.704739570617675781e+01 -7.388993740081787109e+00
3.283383846282958984e+00 1.328769683837890625e+01 -9.255897402763366699e-01 3.370111465454101562e+00 1.745221710205078125e+01 -8.296020507812500000e+00
3.354107618331909180e+00 1.362139606475830078e+01 -1.097787737846374512e+00 3.834677219390869141e+00 1.776495170593261719e+01 -9.360899925231933594e+00
3.430752038955688477e+00 1.398036861419677734e+01 -1.291598796844482422e+00 3.772135496139526367e+00 1.817570686340332031e+01 -1.050786685943603516e+01
3.513353586196899414e+00 1.433317661285400391e+01 -1.508742570877075195e+00 4.113634109497070312e+00 1.864562034606933594e+01 -1.175473690032958984e+01
3.596643447875976562e+00 1.469620513916015625e+01 -1.752552628517150879e+00 4.225368976593017578e+00 1.883149528503417969e+01 -1.324505519866943359e+01
3.684000730514526367e+00 1.506130409240722656e+01 -2.026468276977539062e+00 4.560675621032714844e+00 1.873262977600097656e+01 -1.484342002868652344e+01
3.783730745315551758e+00 1.542897224426269531e+01 -2.333192348480224609e+00 4.775585174560546875e+00 1.881213188171386719e+01 -1.660986137390136719e+01
3.877969503402709961e+00 1.578653049468994141e+01 -2.673936367034912109e+00 5.122980117797851562e+00 1.831116104125976562e+01 -1.833828735351562500e+01
3.980328321456909180e+00 1.613700294494628906e+01 -3.051911115646362305e+00 5.347344398498535156e+00 1.776279640197753906e+01 -2.027582168579101562e+01
4.089445114135742188e+00 1.647466468811035156e+01 -3.465481519699096680e+00 5.459761619567871094e+00 1.692774581909179688e+01 -2.214771080017089844e+01
4.201132297515869141e+00 1.678883361816406250e+01 -3.914640188217163086e+00 5.559088230133056641e+00 1.578422451019287109e+01 -2.377738761901855469e+01
4.308271884918212891e+00 1.707700157165527344e+01 -4.392124652862548828e+00 5.777236461639404297e+00 1.417687129974365234e+01 -2.505411911010742188e+01
4.421695232391357422e+00 1.734716224670410156e+01 -4.891535282135009766e+00 5.497096061706542969e+00 1.283523464202880859e+01 -2.610648918151855469e+01
4.526511669158935547e+00 1.757426643371582031e+01 -5.408281803131103516e+00 5.360310554504394531e+00 1.116932678222656250e+01 -2.678471946716308594e+01
4.633697986602783203e+00 1.777276229858398438e+01 -5.936841964721679688e+00 5.287901401519775391e+00 9.528758049011230469e+00 -2.731799125671386719e+01
4.787706375122070312e+00 1.801226234436035156e+01 -6.740961074829101562e+00 5.421500682830810547e+00 7.445079326629638672e+00 -2.741258049011230469e+01
4.891990184783935547e+00 1.814861488342285156e+01 -7.272134304046630859e+00 5.172778129577636719e+00 6.310062408447265625e+00 -2.698425674438476562e+01
4.988320827484130859e+00 1.826170349121093750e+01 -7.793447017669677734e+00 4.796056747436523438e+00 5.024337291717529297e+00 -2.633402633666992188e+01
5.074275970458984375e+00 1.834691047668457031e+01 -8.300907135009765625e+00 4.557265758514404297e+00 3.689492464065551758e+00 -2.561754989624023438e+01
5.162949562072753906e+00 1.840754508972167969e+01 -8.792271614074707031e+00 4.454258441925048828e+00 2.663455009460449219e+00 -2.468894004821777344e+01
5.244021415710449219e+00 1.845858955383300781e+01 -9.265645980834960938e+00 4.077574253082275391e+00 1.777531981468200684e+00 -2.375299644470214844e+01
5.322264194488525391e+00 1.848818588256835938e+01 -9.720378875732421875e+00 3.805254220962524414e+00 1.017371177673339844e+00 -2.277012825012207031e+01
5.393548011779785156e+00 1.850382804870605469e+01 -1.015559577941894531e+01 3.590560913085937500e+00 1.722712814807891846e-01 -2.176867103576660156e+01
5.464615345001220703e+00 1.851091003417968750e+01 -1.057104587554931641e+01 3.354619741439819336e+00 -4.878465235233306885e-01 -2.072857666015625000e+01
5.530883312225341797e+00 1.849997329711914062e+01 -1.096660137176513672e+01 3.267193317413330078e+00 -8.461359739303588867e-01 -1.974762153625488281e+01
5.591461658477783203e+00 1.847983932495117188e+01 -1.134248924255371094e+01 3.083111763000488281e+00 -1.263212561607360840e+00 -1.878432273864746094e+01
5.650736331939697266e+00 1.846293640136718750e+01 -1.170338535308837891e+01 2.734193086624145508e+00 -1.560191988945007324e+00 -1.810968971252441406e+01
5.711387157440185547e+00 1.843509292602539062e+01 -1.204830360412597656e+01 2.640152692794799805e+00 -1.605849266052246094e+00 -1.714628601074218750e+01
5.756515979766845703e+00 1.840856170654296875e+01 -1.237383079528808594e+01 2.426252126693725586e+00 -1.864276170730590820e+00 -1.622940063476562500e+01
5.809474945068359375e+00 1.837992095947265625e+01 -1.268121433258056641e+01 2.116371154785156250e+00 -1.741152524948120117e+00 -1.520260810852050781e+01
5.849637508392333984e+00 1.835052871704101562e+01 -1.296914196014404297e+01 1.829812765121459961e+00 -1.906525850296020508e+00 -1.436127471923828125e+01
5.896895885467529297e+00 1.831886482238769531e+01 -1.324315929412841797e+01 1.772499442100524902e+00 -1.961439847946166992e+00 -1.375728988647460938e+01
5.938280582427978516e+00 1.828346061706542969e+01 -1.350831699371337891e+01 1.814439058303833008e+00 -2.004538297653198242e+00 -1.334831142425537109e+01
5.986145496368408203e+00 1.825159645080566406e+01 -1.376360416412353516e+01 1.478256106376647949e+00 -1.826603055000305176e+00 -1.271789646148681641e+01
6.023616313934326172e+00 1.821113395690917969e+01 -1.400638866424560547e+01 1.417593955993652344e+00 -2.056585788726806641e+00 -1.217689609527587891e+01
6.061431884765625000e+00 1.817382812500000000e+01 -1.423921394348144531e+01 1.358357667922973633e+00 -2.120952367782592773e+00 -1.166686248779296875e+01
6.119370460510253906e+00 1.810090637207031250e+01 -1.456801700592041016e+01 1.321344256401062012e+00 -2.230661869049072266e+00 -1.077742004394531250e+01
6.156869888305664062e+00 1.804911231994628906e+01 -1.477416515350341797e+01 1.407082915306091309e+00 -2.320982694625854492e+00 -1.035210132598876953e+01
6.185283184051513672e+00 1.799393081665039062e+01 -1.497183704376220703e+01 1.502946496009826660e+00 -2.497421503067016602e+00 -9.953013420104980469e+00
6.221014022827148438e+00 1.793828964233398438e+01 -1.516139698028564453e+01 1.498748302459716797e+00 -2.547360181808471680e+00 -9.471706390380859375e+00
6.263822078704833984e+00 1.788453865051269531e+01 -1.534388637542724609e+01 1.529830217361450195e+00 -2.374816179275512695e+00 -9.245972633361816406e+00
6.296626091003417969e+00 1.782774925231933594e+01 -1.552034187316894531e+01 1.531682372093200684e+00 -2.276279687881469727e+00 -8.884354591369628906e+00
6.325316905975341797e+00 1.777811813354492188e+01 -1.569083118438720703e+01 1.306311130523681641e+00 -2.321539402008056641e+00 -8.566812515258789062e+00
6.353473663330078125e+00 1.771496200561523438e+01 -1.585484409332275391e+01 1.602604269981384277e+00 -2.261702299118041992e+00 -8.275621414184570312e+00
6.377571582794189453e+00 1.766398620605468750e+01 -1.601323127746582031e+01 1.546628236770629883e+00 -2.288058042526245117e+00 -8.011115074157714844e+00
6.404183387756347656e+00 1.761442756652832031e+01 -1.616730690002441406e+01 1.478411436080932617e+00 -2.303174257278442383e+00 -7.780648708343505859e+00
6.432681083679199219e+00 1.756167411804199219e+01 -1.631662750244140625e+01 1.463588356971740723e+00 -2.128829956054687500e+00 -7.514893054962158203e+00
6.448197841644287109e+00 1.751412391662597656e+01 -1.646129417419433594e+01 1.457309961318969727e+00 -2.523703336715698242e+00 -7.298199653625488281e+00
6.473090648651123047e+00 1.745531082153320312e+01 -1.659955978393554688e+01 1.542101144790649414e+00 -2.425695419311523438e+00 -6.934837341308593750e+00
6.494720458984375000e+00 1.740393066406250000e+01 -1.673172569274902344e+01 1.317101478576660156e+00 -2.620068311691284180e+00 -6.632668495178222656e+00
6.518421173095703125e+00 1.734684371948242188e+01 -1.685949325561523438e+01 1.414766192436218262e+00 -2.623553514480590820e+00 -6.435033321380615234e+00
6.535109043121337891e+00 1.728665733337402344e+01 -1.698234939575195312e+01 1.554515242576599121e+00 -2.728995084762573242e+00 -6.221334934234619141e+00
6.550797939300537109e+00 1.723246383666992188e+01 -1.710250282287597656e+01 1.538648724555969238e+00 -2.894189357757568359e+00 -6.059369087219238281e+00
6.578044891357421875e+00 1.717453575134277344e+01 -1.721884918212890625e+01 1.547457575798034668e+00 -2.636321544647216797e+00 -5.860650539398193359e+00
6.592263698577880859e+00 1.712348556518554688e+01 -1.733048820495605469e+01 1.394641757011413574e+00 -2.875644445419311523e+00 -5.592434883117675781e+00
6.612153053283691406e+00 1.706851768493652344e+01 -1.743686676025390625e+01 1.482555747032165527e+00 -2.910797595977783203e+00 -5.327474594116210938e+00
6.633402347564697266e+00 1.701320266723632812e+01 -1.753801536560058594e+01 1.564533114433288574e+00 -2.682521104812622070e+00 -5.095129489898681641e+00
6.663165569305419922e+00 1.693429946899414062e+01 -1.768382072448730469e+01 1.499494433403015137e+00 -2.738193511962890625e+00 -4.835862636566162109e+00
6.684903144836425781e+00 1.688555335998535156e+01 -1.777746582031250000e+01 1.404355645179748535e+00 -2.778431177139282227e+00 -4.762426376342773438e+00
6.702921867370605469e+00 1.683224296569824219e+01 -1.787087440490722656e+01 1.387198567390441895e+00 -2.742779016494750977e+00 -4.754066467285156250e+00
6.714849948883056641e+00 1.678672599792480469e+01 -1.796285247802734375e+01 1.238582491874694824e+00 -2.853400707244873047e+00 -4.651902675628662109e+00
6.726668357849121094e+00 1.673980140686035156e+01 -1.805254745483398438e+01 1.237598419189453125e+00 -3.012221813201904297e+00 -4.557860851287841797e+00
6.750353813171386719e+00 1.668862724304199219e+01 -1.814212417602539062e+01 1.291779518127441406e+00 -2.817597389221191406e+00 -4.560318470001220703e+00
6.767947196960449219e+00 1.663862991333007812e+01 -1.823232460021972656e+01 1.189092040061950684e+00 -2.736085653305053711e+00 -4.686291694641113281e+00
6.785049915313720703e+00 1.659304428100585938e+01 -1.832313537597656250e+01 8.993743658065795898e-01 -2.856546878814697266e+00 -4.597466945648193359e+00
6.794608592987060547e+00 1.655549812316894531e+01 -1.841326332092285156e+01 6.126131415367126465e-01 -2.995861053466796875e+00 -4.554641246795654297e+00
6.802433490753173828e+00 1.650319480895996094e+01 -1.850096511840820312e+01 6.297012567520141602e-01 -3.105065584182739258e+00 -4.432848453521728516e+00
6.813846588134765625e+00 1.644862747192382812e+01 -1.858702087402343750e+01 7.390952706336975098e-01 -3.132003545761108398e+00 -4.352846145629882812e+00
6.827575683593750000e+00 1.639402961730957031e+01 -1.867234420776367188e+01 8.194983005523681641e-01 -3.081764698028564453e+00 -4.380403518676757812e+00
6.839812755584716797e+00 1.634588241577148438e+01 -1.875678253173828125e+01 9.271094799041748047e-01 -3.149276494979858398e+00 -4.244327068328857422e+00
6.861561298370361328e+00 1.630188751220703125e+01 -1.883930015563964844e+01 7.719590067863464355e-01 -3.034582376480102539e+00 -4.152750015258789062e+00
6.876914501190185547e+00 1.624988937377929688e+01 -1.892042160034179688e+01 6.907004117965698242e-01 -3.182172060012817383e+00 -4.100951194763183594e+00
6.892234325408935547e+00 1.620196151733398438e+01 -1.899939537048339844e+01 5.097997784614562988e-01 -3.088058948516845703e+00 -3.984350204467773438e+00
6.907818794250488281e+00 1.615622520446777344e+01 -1.907784843444824219e+01 2.604702711105346680e-01 -3.042240142822265625e+00 -4.034022808074951172e+00
6.926242351531982422e+00 1.610196304321289062e+01 -1.915652656555175781e+01 3.245057463645935059e-01 -2.985759735107421875e+00 -3.981707334518432617e+00
6.937532424926757812e+00 1.604979896545410156e+01 -1.923320388793945312e+01 3.703262507915496826e-01 -3.197244882583618164e+00 -3.867704391479492188e+00
6.953475952148437500e+00 1.599558162689208984e+01 -1.930904579162597656e+01 4.360179603099822998e-01 -3.026648283004760742e+00 -3.833396911621093750e+00
6.972269535064697266e+00 1.594388771057128906e+01 -1.938288497924804688e+01 1.990881264209747314e-01 -2.940587043762207031e+00 -3.674328804016113281e+00
6.990703105926513672e+00 1.585179805755615234e+01 -1.948796653747558594e+01 3.006663918495178223e-01 -3.023281335830688477e+00 -3.526607751846313477e+00
7.003557682037353516e+00 1.579387760162353516e+01 -1.955777359008789062e+01 1.693569123744964600e-01 -3.104037523269653320e+00 -3.633689165115356445e+00
7.016958236694335938e+00 1.573447895050048828e+01 -1.963016510009765625e+01 2.825621366500854492e-01 -3.095870018005371094e+00 -3.698004245758056641e+00
7.029399871826171875e+00 1.567467117309570312e+01 -1.970292663574218750e+01 2.792984843254089355e-01 -2.992116689682006836e+00 -3.734128475189208984e+00
7.040281772613525391e+00 1.561314201354980469e+01 -1.977550125122070312e+01 2.930581271648406982e-01 -3.124112367630004883e+00 -3.682204961776733398e+00
7.062337875366210938e+00 1.555908584594726562e+01 -1.984656524658203125e+01 1.593523472547531128e-01 -2.997913599014282227e+00 -3.568958520889282227e+00
7.077884197235107422e+00 1.548773384094238281e+01 -1.991477775573730469e+01 2.962579131126403809e-01 -3.017701148986816406e+00 -3.392478704452514648e+00
7.091100215911865234e+00 1.542106342315673828e+01 -1.997968101501464844e+01 2.937970459461212158e-01 -3.173338413238525391e+00 -3.298592567443847656e+00
7.107629299163818359e+00 1.535017585754394531e+01 -2.004399490356445312e+01 3.715299665927886963e-01 -3.239062786102294922e+00 -3.291163921356201172e+00
7.118487834930419922e+00 1.528238391876220703e+01 -2.010727500915527344e+01 3.356697857379913330e-01 -3.155604600906372070e+00 -3.176425933837890625e+00
7.131836891174316406e+00 1.520414352416992188e+01 -2.016981697082519531e+01 5.241826176643371582e-01 -3.246067047119140625e+00 -3.164623498916625977e+00
7.144891738891601562e+00 1.514134025573730469e+01 -2.023098564147949219e+01 4.390785992145538330e-01 -3.238628149032592773e+00 -3.105788469314575195e+00
7.150289535522460938e+00 1.506758499145507812e+01 -2.029174041748046875e+01 5.064814686775207520e-01 -3.425079345703125000e+00 -3.125173330307006836e+00
7.169767856597900391e+00 1.499481010437011719e+01 -2.035231018066406250e+01 5.778596401214599609e-01 -3.282033920288085938e+00 -3.091909885406494141e+00
7.174934387207031250e+00 1.491992950439453125e+01 -2.041330718994140625e+01 5.547984838485717773e-01 -3.461562871932983398e+00 -3.104722023010253906e+00
7.185857295989990234e+00 1.484801864624023438e+01 -2.047436141967773438e+01 4.853135645389556885e-01 -3.543093919754028320e+00 -3.155522584915161133e+00
7.197399139404296875e+00 1.477276706695556641e+01 -2.053569602966308594e+01 3.968055844306945801e-01 -3.704492330551147461e+00 -3.076000213623046875e+00
7.206223487854003906e+00 1.468719387054443359e+01 -2.059500503540039062e+01 6.358553767204284668e-01 -3.706914663314819336e+00 -3.003649711608886719e+00
7.216257572174072266e+00 1.460712337493896484e+01 -2.065182685852050781e+01 6.848132014274597168e-01 -3.751767396926879883e+00 -2.852574825286865234e+00
7.227086067199707031e+00 1.453109359741210938e+01 -2.070702934265136719e+01 7.091138958930969238e-01 -3.825760841369628906e+00 -2.794584274291992188e+00
7.232556343078613281e+00 1.444767665863037109e+01 -2.076247787475585938e+01 8.122193217277526855e-01 -3.834211111068725586e+00 -2.870439052581787109e+00
7.249737739562988281e+00 1.433347225189208984e+01 -2.084648895263671875e+01 5.838087797164916992e-01 -3.812747001647949219e+00 -2.926707506179809570e+00
7.255865573883056641e+00 1.425422286987304688e+01 -2.090294837951660156e+01 5.881366729736328125e-01 -4.046276092529296875e+00 -2.789280652999877930e+00
7.263463497161865234e+00 1.416826820373535156e+01 -2.095611381530761719e+01 7.155890464782714844e-01 -4.148594379425048828e+00 -2.726939916610717773e+00
7.266798496246337891e+00 1.408229827880859375e+01 -2.100801467895507812e+01 6.577187180519104004e-01 -4.379755973815917969e+00 -2.590252399444580078e+00
7.279870033264160156e+00 1.398834514617919922e+01 -2.105842018127441406e+01 8.731755018234252930e-01 -4.176056385040283203e+00 -2.565571784973144531e+00
7.279430866241455078e+00 1.391118526458740234e+01 -2.110785102844238281e+01 7.007516622543334961e-01 -4.412589073181152344e+00 -2.502702951431274414e+00
7.288518428802490234e+00 1.383090114593505859e+01 -2.115534400939941406e+01 5.829483270645141602e-01 -4.458292484283447266e+00 -2.336984157562255859e+00
7.295903682708740234e+00 1.374185943603515625e+01 -2.120076560974121094e+01 8.362108469009399414e-01 -4.523258209228515625e+00 -2.334726572036743164e+00
7.306311607360839844e+00 1.365742588043212891e+01 -2.124500656127929688e+01 7.926236391067504883e-01 -4.239926338195800781e+00 -2.200888633728027344e+00
7.310228824615478516e+00 1.357907104492187500e+01 -2.128637123107910156e+01 4.399584829807281494e-01 -4.343377113342285156e+00 -2.001662254333496094e+00
7.316087245941162109e+00 1.349665069580078125e+01 -2.132414817810058594e+01 3.787374198436737061e-01 -4.397870540618896484e+00 -1.860326886177062988e+00
7.319822788238525391e+00 1.341120243072509766e+01 -2.135808753967285156e+01 4.883125722408294678e-01 -4.398202419281005859e+00 -1.685741424560546875e+00
7.320072650909423828e+00 1.332814598083496094e+01 -2.139127349853515625e+01 4.910584986209869385e-01 -4.565928459167480469e+00 -1.709247827529907227e+00
7.316403865814208984e+00 1.324748229980468750e+01 -2.142412185668945312e+01 4.984192252159118652e-01 -4.775272369384765625e+00 -1.608786582946777344e+00
7.326984405517578125e+00 1.316050815582275391e+01 -2.145436286926269531e+01 6.005443930625915527e-01 -4.615015029907226562e+00 -1.527971029281616211e+00
7.333384990692138672e+00 1.308020401000976562e+01 -2.148444175720214844e+01 4.842945635318756104e-01 -4.546055316925048828e+00 -1.482127785682678223e+00
7.338826656341552734e+00 1.299295043945312500e+01 -2.151249694824218750e+01 5.839528441429138184e-01 -4.675267219543457031e+00 -1.388975024223327637e+00
7.351448059082031250e+00 1.291747474670410156e+01 -2.153913307189941406e+01 4.148174822330474854e-01 -4.470879554748535156e+00 -1.298998117446899414e+00
7.361003875732421875e+00 1.283446025848388672e+01 -2.156316184997558594e+01 4.007783234119415283e-01 -4.378733158111572266e+00 -1.182886958122253418e+00
7.364555358886718750e+00 1.275680255889892578e+01 -2.158662986755371094e+01 2.211849093437194824e-01 -4.390653610229492188e+00 -1.114016771316528320e+00
7.370513916015625000e+00 1.263592243194580078e+01 -2.161790275573730469e+01 1.616785824298858643e-01 -4.375572681427001953e+00 -1.012843847274780273e+00
7.380409717559814453e+00 1.256178283691406250e+01 -2.163627433776855469e+01 -2.125635556876659393e-02 -4.142479419708251953e+00 -9.016285538673400879e-01
7.372981548309326172e+00 1.247945594787597656e+01 -2.165251731872558594e+01 1.933386549353599548e-02 -4.359693050384521484e+00 -7.647984623908996582e-01
7.382868766784667969e+00 1.240039157867431641e+01 -2.166680145263671875e+01 2.245079167187213898e-02 -4.074183940887451172e+00 -7.126082181930541992e-01
7.381745815277099609e+00 1.233117294311523438e+01 -2.168110275268554688e+01 -1.733744144439697266e-01 -4.090942382812500000e+00 -7.255359292030334473e-01
7.383674144744873047e+00 1.225029373168945312e+01 -2.169534683227539062e+01 -9.868414700031280518e-02 -4.207262039184570312e+00 -7.209227085113525391e-01
7.385502815246582031e+00 1.217126083374023438e+01 -2.170948791503906250e+01 1.338133960962295532e-01 -4.122505187988281250e+00 -7.190645337104797363e-01
7.388640403747558594e+00 1.209440708160400391e+01 -2.172202491760253906e+01 1.052665174938738346e-03 -4.119389057159423828e+00 -4.959613084793090820e-01
7.389974117279052734e+00 1.201453781127929688e+01 -2.173025131225585938e+01 5.041166394948959351e-02 -4.222856044769287109e+00 -3.721590340137481689e-01
7.399707317352294922e+00 1.193418502807617188e+01 -2.173683166503906250e+01 4.432984441518783569e-02 -3.956923961639404297e+00 -3.246254622936248779e-01
7.401427745819091797e+00 1.186539840698242188e+01 -2.174307632446289062e+01 -5.357373505830764771e-02 -3.973923683166503906e+00 -2.867158055305480957e-01
7.405814647674560547e+00 1.178653907775878906e+01 -2.174803161621093750e+01 4.579292982816696167e-02 -3.719698190689086914e+00 -1.729646623134613037e-01
7.411853790283203125e+00 1.171438217163085938e+01 -2.175078773498535156e+01 -1.065279543399810791e-01 -3.592604875564575195e+00 -1.009382158517837524e-01
7.410993099212646484e+00 1.164202022552490234e+01 -2.175218963623046875e+01 -1.154803335666656494e-01 -3.681997537612915039e+00 -7.791476696729660034e-02
7.412662506103515625e+00 1.157556247711181641e+01 -2.175284004211425781e+01 -3.345367312431335449e-01 -3.691222906112670898e+00 6.786432117223739624e-02
7.409268379211425781e+00 1.149736309051513672e+01 -2.174995803833007812e+01 -1.741481572389602661e-01 -3.754737138748168945e+00 2.404778748750686646e-01
7.404576778411865234e+00 1.142343711853027344e+01 -2.174382400512695312e+01 -1.772046685218811035e-01 -3.712562799453735352e+00 3.940443396568298340e-01
7.405929088592529297e+00 1.134778976440429688e+01 -2.173454093933105469e+01 -1.584717631340026855e-01 -3.642130613327026367e+00 5.846866965293884277e-01
7.406264305114746094e+00 1.127730846405029297e+01 -2.172231101989746094e+01 -1.177549511194229126e-01 -3.568036317825317383e+00 6.828811764717102051e-01
7.401391506195068359e+00 1.121000003814697266e+01 -2.170733833312988281e+01 -8.828054368495941162e-02 -3.618915081024169922e+00 8.831506967544555664e-01
7.405673503875732422e+00 1.113521194458007812e+01 -2.168893241882324219e+01 -4.645464196801185608e-02 -3.360409736633300781e+00 1.013031721115112305e+00
7.409103870391845703e+00 1.103671073913574219e+01 -2.165501022338867188e+01 -2.412052601575851440e-01 -3.167236328125000000e+00 1.397021174430847168e+00
7.405264854431152344e+00 1.097064399719238281e+01 -2.162492179870605469e+01 -3.653407990932464600e-01 -3.102915048599243164e+00 1.632532715797424316e+00
7.397584915161132812e+00 1.090737915039062500e+01 -2.159140777587890625e+01 -3.485089242458343506e-01 -3.217200279235839844e+00 1.841335535049438477e+00
7.395903587341308594e+00 1.084389591217041016e+01 -2.155308532714843750e+01 -3.754945099353790283e-01 -2.982301712036132812e+00 2.080475091934204102e+00
7.388952732086181641e+00 1.078039360046386719e+01 -2.151052284240722656e+01 -2.460639476776123047e-01 -3.022534847259521484e+00 2.265268325805664062e+00
7.383561134338378906e+00 1.071715450286865234e+01 -2.146399879455566406e+01 -1.377781033515930176e-01 -2.984735488891601562e+00 2.533807754516601562e+00
7.378399372100830078e+00 1.066195678710937500e+01 -2.141120719909667969e+01 -2.804097533226013184e-01 -2.878976106643676758e+00 2.871756315231323242e+00
7.377564907073974609e+00 1.060046291351318359e+01 -2.135122871398925781e+01 -2.358936369419097900e-01 -2.625692367553710938e+00 3.264803409576416016e+00
7.373501777648925781e+00 1.055092716217041016e+01 -2.128493690490722656e+01 -3.096178174018859863e-01 -2.507185935974121094e+00 3.533272027969360352e+00
7.361788749694824219e+00 1.049562740325927734e+01 -2.121265602111816406e+01 -1.849753856658935547e-01 -2.398620605468750000e+00 3.856280803680419922e+00
7.359724521636962891e+00 1.045021915435791016e+01 -2.113396263122558594e+01 -1.789920479059219360e-01 -1.901708960533142090e+00 4.259624958038330078e+00
7.356978893280029297e+00 1.041076660156250000e+01 -2.104699516296386719e+01 -1.741654574871063232e-01 -1.415047407150268555e+00 4.657823085784912109e+00
7.353096008300781250e+00 1.038493061065673828e+01 -2.095130348205566406e+01 -1.676240712404251099e-01 -9.959490299224853516e-01 5.134439945220947266e+00
7.339931011199951172e+00 1.037090110778808594e+01 -2.084688186645507812e+01 -2.536927759647369385e-01 -6.651493310928344727e-01 5.592379570007324219e+00
7.336859703063964844e+00 1.036159324645996094e+01 -2.073218154907226562e+01 -1.750949174165725708e-01 6.810030341148376465e-02 6.125213623046875000e+00
7.323449611663818359e+00 1.037501811981201172e+01 -2.060680961608886719e+01 -4.114039540290832520e-01 6.076999902725219727e-01 6.773838043212890625e+00
7.317281246185302734e+00 1.038752365112304688e+01 -2.046751594543457031e+01 -1.748590171337127686e-01 1.591326713562011719e+00 7.469323635101318359e+00
7.314998626708984375e+00 1.043260574340820312e+01 -2.031438064575195312e+01 -2.705078125000000000e-01 2.855807781219482422e+00 8.183853149414062500e+00
7.306931018829345703e+00 1.049952888488769531e+01 -2.014878845214843750e+01 -1.256013661623001099e-01 4.324311256408691406e+00 8.739305496215820312e+00
7.299988746643066406e+00 1.059986782073974609e+01 -1.997503852844238281e+01 1.263172179460525513e-01 6.269381523132324219e+00 9.008272171020507812e+00
7.305139541625976562e+00 1.074863624572753906e+01 -1.979999160766601562e+01 3.745076954364776611e-01 8.674987792968750000e+00 8.799487113952636719e+00
7.325949192047119141e+00 1.105674457550048828e+01 -1.956105804443359375e+01 1.136190772056579590e+00 1.224225139617919922e+01 7.280909061431884766e+00
7.354465484619140625e+00 1.131081867218017578e+01 -1.943362617492675781e+01 1.598661184310913086e+00 1.424074649810791016e+01 5.725704669952392578e+00
7.383864879608154297e+00 1.160393905639648438e+01 -1.933841896057128906e+01 1.717840790748596191e+00 1.537293148040771484e+01 3.956516504287719727e+00
7.417280197143554688e+00 1.190312862396240234e+01 -1.927977943420410156e+01 2.110307931900024414e+00 1.585792446136474609e+01 2.112846612930297852e+00
7.457865715026855469e+00 1.221689510345458984e+01 -1.925560760498046875e+01 2.173028469085693359e+00 1.590713310241699219e+01 3.201344609260559082e-01
7.498549938201904297e+00 1.251892757415771484e+01 -1.926485061645507812e+01 2.333958625793457031e+00 1.538297557830810547e+01 -1.188691377639770508e+00
7.535584449768066406e+00 1.279543495178222656e+01 -1.929990386962890625e+01 2.668998479843139648e+00 1.415412044525146484e+01 -2.341129064559936523e+00
7.579941749572753906e+00 1.305405044555664062e+01 -1.935485839843750000e+01 2.826847314834594727e+00 1.287908744812011719e+01 -3.319126605987548828e+00
7.634092330932617188e+00 1.328532314300537109e+01 -1.942663764953613281e+01 3.054585933685302734e+00 1.160747241973876953e+01 -4.003366947174072266e+00
7.682853221893310547e+00 1.349289989471435547e+01 -1.950910568237304688e+01 3.228850126266479492e+00 1.016130733489990234e+01 -4.511504650115966797e+00
7.742760658264160156e+00 1.367389202117919922e+01 -1.959978103637695312e+01 3.144443750381469727e+00 9.087350845336914062e+00 -4.767641067504882812e+00
7.788678646087646484e+00 1.383328437805175781e+01 -1.969688034057617188e+01 2.915328979492187500e+00 7.703505039215087891e+00 -5.165149688720703125e+00
7.832070350646972656e+00 1.396188068389892578e+01 -1.979873275756835938e+01 2.811714410781860352e+00 6.301921367645263672e+00 -5.240670680999755859e+00
7.877388477325439453e+00 1.406049823760986328e+01 -1.990109252929687500e+01 2.886533737182617188e+00 5.196820259094238281e+00 -5.266456604003906250e+00
7.913514137268066406e+00 1.415175628662109375e+01 -2.000417137145996094e+01 2.473814964294433594e+00 4.117477416992187500e+00 -5.279595851898193359e+00
7.938511848449707031e+00 1.421676540374755859e+01 -2.010671424865722656e+01 2.446809768676757812e+00 2.960239887237548828e+00 -5.188205242156982422e+00
7.975271224975585938e+00 1.427671527862548828e+01 -2.020857238769531250e+01 2.052008152008056641e+00 2.389511346817016602e+00 -5.263167858123779297e+00
7.997414112091064453e+00 1.431734275817871094e+01 -2.031100845336914062e+01 1.903750419616699219e+00 1.486268043518066406e+00 -5.227270603179931641e+00
8.020558357238769531e+00 1.434620761871337891e+01 -2.041403198242187500e+01 1.883126378059387207e+00 8.794045448303222656e-01 -5.302685260772705078e+00
8.031688690185546875e+00 1.436612033843994141e+01 -2.051787376403808594e+01 1.710554480552673340e+00 1.566408425569534302e-01 -5.334261894226074219e+00
8.058470726013183594e+00 1.437177371978759766e+01 -2.062336158752441406e+01 1.693604588508605957e+00 -1.626870930194854736e-01 -5.427895545959472656e+00
8.091558456420898438e+00 1.439038085937500000e+01 -2.078441619873046875e+01 1.242454648017883301e+00 -7.133370637893676758e-01 -5.533327102661132812e+00
8.109416007995605469e+00 1.438715744018554688e+01 -2.089348793029785156e+01 1.267790913581848145e+00 -1.118908643722534180e+00 -5.636174678802490234e+00
8.131225585937500000e+00 1.438377189636230469e+01 -2.100455856323242188e+01 1.100102305412292480e+00 -1.353227138519287109e+00 -5.716564178466796875e+00
8.150281906127929688e+00 1.437533378601074219e+01 -2.111817932128906250e+01 9.627991318702697754e-01 -1.585008382797241211e+00 -5.876711368560791016e+00
8.173005104064941406e+00 1.435938549041748047e+01 -2.123370361328125000e+01 9.143471121788024902e-01 -1.585415959358215332e+00 -5.930307388305664062e+00
8.187251091003417969e+00 1.434961795806884766e+01 -2.134948730468750000e+01 5.537878870964050293e-01 -2.002199411392211914e+00 -5.870053291320800781e+00
8.212042808532714844e+00 1.433536434173583984e+01 -2.146442031860351562e+01 3.716053664684295654e-01 -2.073971748352050781e+00 -5.844870090484619141e+00
8.232479095458984375e+00 1.430855560302734375e+01 -2.157823944091796875e+01 4.804286062717437744e-01 -2.116998195648193359e+00 -5.796527385711669922e+00
8.255747795104980469e+00 1.428709888458251953e+01 -2.169227790832519531e+01 2.135355174541473389e-01 -1.977787733078002930e+00 -5.823332786560058594e+00
8.276422500610351562e+00 1.426370620727539062e+01 -2.180706024169921875e+01 -1.602345332503318787e-02 -2.050961256027221680e+00 -5.882534503936767578e+00
8.295466423034667969e+00 1.423400878906250000e+01 -2.192034339904785156e+01 3.555589541792869568e-02 -2.213120460510253906e+00 -5.703577995300292969e+00
8.316417694091796875e+00 1.419553565979003906e+01 -2.203058624267578125e+01 2.184469997882843018e-01 -2.275223970413208008e+00 -5.552575588226318359e+00
8.343172073364257812e+00 1.416207218170166016e+01 -2.213827896118164062e+01 1.780631989240646362e-01 -2.302694559097290039e+00 -5.516090869903564453e+00
8.372403144836425781e+00 1.412177562713623047e+01 -2.224603271484375000e+01 2.075464427471160889e-01 -2.120742082595825195e+00 -5.486863613128662109e+00
8.404057502746582031e+00 1.408350086212158203e+01 -2.235313606262207031e+01 2.587115578353404999e-02 -1.816451072692871094e+00 -5.415585517883300781e+00
8.423278808593750000e+00 1.404395484924316406e+01 -2.245784378051757812e+01 -6.642339378595352173e-02 -1.953619837760925293e+00 -5.361754894256591797e+00
8.444025993347167969e+00 1.400306129455566406e+01 -2.256244659423828125e+01 -4.857011139392852783e-03 -1.918094038963317871e+00 -5.380646705627441406e+00
8.464563369750976562e+00 1.395550346374511719e+01 -2.266736793518066406e+01 9.474311769008636475e-02 -1.924018502235412598e+00 -5.378043174743652344e+00
8.490766525268554688e+00 1.391099739074707031e+01 -2.277279281616210938e+01 8.707246184349060059e-02 -1.916270494461059570e+00 -5.452960014343261719e+00
8.507831573486328125e+00 1.385552597045898438e+01 -2.287890052795410156e+01 3.261571228504180908e-01 -2.081609010696411133e+00 -5.431718349456787109e+00
8.531517028808593750e+00 1.380524921417236328e+01 -2.298491287231445312e+01 3.535609543323516846e-01 -2.021762371063232422e+00 -5.440336704254150391e+00
8.567972183227539062e+00 1.372473526000976562e+01 -2.314666175842285156e+01 4.407338500022888184e-01 -1.932311177253723145e+00 -5.584899902343750000e+00
8.593836784362792969e+00 1.366739940643310547e+01 -2.325493240356445312e+01 6.420603394508361816e-01 -1.943669438362121582e+00 -5.559471130371093750e+00
8.616754531860351562e+00 1.360839080810546875e+01 -2.336258316040039062e+01 8.158156871795654297e-01 -1.896534085273742676e+00 -5.488986015319824219e+00
8.647230148315429688e+00 1.354716873168945312e+01 -2.346974754333496094e+01 8.963123559951782227e-01 -1.705573558807373047e+00 -5.494485855102539062e+00
8.663977622985839844e+00 1.349132537841796875e+01 -2.357386016845703125e+01 8.095683455467224121e-01 -1.996768116950988770e+00 -5.244044780731201172e+00
8.676258087158203125e+00 1.342389678955078125e+01 -2.367574501037597656e+01 9.825927019119262695e-01 -2.465124368667602539e+00 -5.232720851898193359e+00
8.695107460021972656e+00 1.335375022888183594e+01 -2.377705383300781250e+01 1.146915674209594727e+00 -2.376386165618896484e+00 -5.222446441650390625e+00
8.716272354125976562e+00 1.327937698364257812e+01 -2.387801170349121094e+01 1.304874777793884277e+00 -2.410377502441406250e+00 -5.179571151733398438e+00
8.734642982482910156e+00 1.320817375183105469e+01 -2.397847175598144531e+01 1.419357180595397949e+00 -2.460104465484619141e+00 -5.189115047454833984e+00
8.749493598937988281e+00 1.313536548614501953e+01 -2.407983779907226562e+01 1.572721600532531738e+00 -2.560334205627441406e+00 -5.224596023559570312e+00
8.754843711853027344e+00 1.306869792938232422e+01 -2.418081092834472656e+01 1.430222749710083008e+00 -2.919784069061279297e+00 -5.172383308410644531e+00
8.772644996643066406e+00 1.299517154693603516e+01 -2.428078651428222656e+01 1.589804291725158691e+00 -2.937728166580200195e+00 -5.101075649261474609e+00
8.786814689636230469e+00 1.291919422149658203e+01 -2.438058090209960938e+01 1.791046738624572754e+00 -3.030301570892333984e+00 -5.176507949829101562e+00
8.806193351745605469e+00 1.284982490539550781e+01 -2.448057174682617188e+01 1.699510693550109863e+00 -3.011354684829711914e+00 -5.097720146179199219e+00
8.810321807861328125e+00 1.278040981292724609e+01 -2.457954406738281250e+01 1.698840379714965820e+00 -3.270385980606079102e+00 -5.098831176757812500e+00
8.815511703491210938e+00 1.270472240447998047e+01 -2.467848777770996094e+01 1.756422996520996094e+00 -3.570306301116943359e+00 -5.070168972015380859e+00
8.836872100830078125e+00 1.262575054168701172e+01 -2.477793884277343750e+01 1.859885334968566895e+00 -3.408464193344116211e+00 -5.078104972839355469e+00
8.845808029174804688e+00 1.255551910400390625e+01 -2.487670898437500000e+01 1.931679010391235352e+00 -3.582626342773437500e+00 -5.145904064178466797e+00
8.864800453186035156e+00 1.249499607086181641e+01 -2.497881698608398438e+01 1.805640220642089844e+00 -3.431002378463745117e+00 -5.304405689239501953e+00
8.871439933776855469e+00 1.242680454254150391e+01 -2.508295822143554688e+01 1.663517117500305176e+00 -3.661201238632202148e+00 -5.321789264678955078e+00
8.878557205200195312e+00 1.235405349731445312e+01 -2.518678283691406250e+01 1.715678095817565918e+00 -3.935514688491821289e+00 -5.353091716766357422e+00
8.909253120422363281e+00 1.225116157531738281e+01 -2.534622001647949219e+01 1.942719697952270508e+00 -3.903512716293334961e+00 -5.551392555236816406e+00
8.923417091369628906e+00 1.219097995758056641e+01 -2.545613098144531250e+01 1.721688270568847656e+00 -4.086081504821777344e+00 -5.704513549804687500e+00
8.939947128295898438e+00 1.212451457977294922e+01 -2.556892585754394531e+01 1.557549953460693359e+00 -4.138878822326660156e+00 -5.835321903228759766e+00
8.952533721923828125e+00 1.204991626739501953e+01 -2.568531799316406250e+01 1.627699494361877441e+00 -4.319385528564453125e+00 -6.080075263977050781e+00
8.968297004699707031e+00 1.197968387603759766e+01 -2.580516052246093750e+01 1.493477582931518555e+00 -4.384399890899658203e+00 -6.132671356201171875e+00
8.983105659484863281e+00 1.190987682342529297e+01 -2.592487716674804688e+01 1.351352810859680176e+00 -4.612801551818847656e+00 -6.104291915893554688e+00
9.000423431396484375e+00 1.183541202545166016e+01 -2.604441070556640625e+01 1.207684874534606934e+00 -4.752842903137207031e+00 -6.061736106872558594e+00
9.019621849060058594e+00 1.175948715209960938e+01 -2.616118049621582031e+01 9.771314859390258789e-01 -4.851873874664306641e+00 -5.921477794647216797e+00
9.031306266784667969e+00 1.167917919158935547e+01 -2.627641487121582031e+01 9.794933199882507324e-01 -5.097215175628662109e+00 -5.814528465270996094e+00
9.039875030517578125e+00 1.159335613250732422e+01 -2.638958740234375000e+01 1.124065041542053223e+00 -5.265901088714599609e+00 -5.771081447601318359e+00
9.053779602050781250e+00 1.149981880187988281e+01 -2.650127410888671875e+01 1.191151618957519531e+00 -5.252266407012939453e+00 -5.640881061553955078e+00
9.074803352355957031e+00 1.141568088531494141e+01 -2.661163330078125000e+01 9.390783905982971191e-01 -5.221842288970947266e+00 -5.648465633392333984e+00
9.093344688415527344e+00 1.133303451538085938e+01 -2.672285652160644531e+01 7.353372573852539062e-01 -5.287902832031250000e+00 -5.661365032196044922e+00
9.107309341430664062e+00 1.125244235992431641e+01 -2.683292198181152344e+01 5.853934884071350098e-01 -5.445713996887207031e+00 -5.500219345092773438e+00
9.112349510192871094e+00 1.116241168975830078e+01 -2.694066429138183594e+01 3.907240033149719238e-01 -5.771696567535400391e+00 -5.528602600097656250e+00
9.113735198974609375e+00 1.106195068359375000e+01 -2.704953002929687500e+01 5.394966006278991699e-01 -6.102472305297851562e+00 -5.532391548156738281e+00
9.128179550170898438e+00 1.095547389984130859e+01 -2.715608787536621094e+01 8.394379019737243652e-01 -6.093147277832031250e+00 -5.335337162017822266e+00
9.158488273620605469e+00 1.085335159301757812e+01 -2.726087188720703125e+01 9.596468210220336914e-01 -5.795680999755859375e+00 -5.329640865325927734e+00
9.184270858764648438e+00 1.076233673095703125e+01 -2.736516952514648438e+01 7.385898232460021973e-01 -5.725588321685791016e+00 -5.273595809936523438e+00
9.200324058532714844e+00 1.068474769592285156e+01 -2.746931457519531250e+01 -1.383347343653440475e-02 -5.759109973907470703e+00 -5.305993556976318359e+00
9.198506355285644531e+00 1.052612876892089844e+01 -2.762247276306152344e+01 1.252969959750771523e-03 -6.620642185211181641e+00 -5.208517551422119141e+00
9.215381622314453125e+00 1.039596843719482422e+01 -2.772476387023925781e+01 4.158510565757751465e-01 -6.698900699615478516e+00 -5.292160511016845703e+00
9.239978790283203125e+00 1.027728080749511719e+01 -2.782822608947753906e+01 5.227820277214050293e-01 -6.842177867889404297e+00 -5.241011619567871094e+00
9.262017250061035156e+00 1.016641998291015625e+01 -2.792942237854003906e+01 2.031195759773254395e-01 -6.766609668731689453e+00 -5.036044120788574219e+00
9.275248527526855469e+00 1.004981327056884766e+01 -2.802739715576171875e+01 -3.830227255821228027e-01 -7.143294334411621094e+00 -4.896252155303955078e+00
9.272106170654296875e+00 9.917450904846191406e+00 -2.812135314941406250e+01 -5.462250113487243652e-01 -7.927031517028808594e+00 -4.647330284118652344e+00
9.272390365600585938e+00 9.761436462402343750e+00 -2.820813560485839844e+01 -4.725629687309265137e-01 -8.662830352783203125e+00 -4.171182632446289062e+00
9.285655975341796875e+00 9.588399887084960938e+00 -2.828320884704589844e+01 -3.014585077762603760e-01 -9.198472023010253906e+00 -3.358049392700195312e+00
9.311839103698730469e+00 9.415060043334960938e+00 -2.833953666687011719e+01 -5.043694972991943359e-01 -9.203731536865234375e+00 -2.315489530563354492e+00
9.310111999511718750e+00 9.236052513122558594e+00 -2.836816215515136719e+01 -1.180507302284240723e+00 -9.768036842346191406e+00 -5.270674824714660645e-01
9.286495208740234375e+00 9.052773475646972656e+00 -2.835739326477050781e+01 -1.860633492469787598e+00 -1.027253150939941406e+01 1.754127383232116699e+00
9.262574195861816406e+00 8.851054191589355469e+00 -2.830166816711425781e+01 -1.819200277328491211e+00 -9.733399391174316406e+00 3.905863285064697266e+00
9.244274139404296875e+00 8.661279678344726562e+00 -2.820668983459472656e+01 -1.389893174171447754e+00 -8.386358261108398438e+00 5.692168712615966797e+00
9.232043266296386719e+00 8.515082359313964844e+00 -2.808525848388671875e+01 -1.287024021148681641e+00 -6.446382045745849609e+00 6.584602355957031250e+00
9.230197906494140625e+00 8.409555435180664062e+00 -2.795607185363769531e+01 -1.325889825820922852e+00 -4.417968750000000000e+00 6.611730575561523438e+00
9.213637351989746094e+00 8.351481437683105469e+00 -2.783396530151367188e+01 -1.707889080047607422e+00 -2.984992265701293945e+00 5.906702995300292969e+00
9.181981086730957031e+00 8.297971725463867188e+00 -2.772891426086425781e+01 -1.491733193397521973e+00 -2.169114351272583008e+00 4.864885807037353516e+00
9.165737152099609375e+00 8.255895614624023438e+00 -2.764485740661621094e+01 -9.830185174942016602e-01 -1.515212416648864746e+00 3.707432985305786133e+00
9.177742958068847656e+00 8.223786354064941406e+00 -2.758480262756347656e+01 -3.551846444606781006e-01 -4.380548596382141113e-01 2.438835382461547852e+00
9.195000648498535156e+00 8.215225219726562500e+00 -2.754992866516113281e+01 -2.027953565120697021e-01 3.321033716201782227e-01 1.088784337043762207e+00
9.202886581420898438e+00 8.217308044433593750e+00 -2.753896713256835938e+01 -1.556781381368637085e-01 6.765143871307373047e-01 -6.603346765041351318e-02
9.209197044372558594e+00 8.207532882690429688e+00 -2.756284141540527344e+01 4.323056340217590332e-01 4.943868219852447510e-01 -1.605979442596435547e+00
9.237025260925292969e+00 8.197680473327636719e+00 -2.760159683227539062e+01 1.153613448143005371e+00 9.234161972999572754e-01 -2.451556682586669922e+00
9.259986877441406250e+00 8.204852104187011719e+00 -2.765541839599609375e+01 1.086307525634765625e+00 8.838413953781127930e-01 -3.172414541244506836e+00
9.288761138916015625e+00 8.206815719604492188e+00 -2.772344207763671875e+01 1.235190987586975098e+00 8.363574147224426270e-01 -3.810796976089477539e+00
9.302258491516113281e+00 8.195590972900390625e+00 -2.780193519592285156e+01 1.582457065582275391e+00 5.507746338844299316e-01 -4.335442543029785156e+00
9.327571868896484375e+00 8.184127807617187500e+00 -2.788908386230468750e+01 1.985342741012573242e+00 4.593784511089324951e-01 -4.582835674285888672e+00
9.368814468383789062e+00 8.178704261779785156e+00 -2.798096466064453125e+01 2.179692983627319336e+00 9.316440820693969727e-01 -4.887864589691162109e+00
9.402503967285156250e+00 8.184966087341308594e+00 -2.807882499694824219e+01 1.989889860153198242e+00 1.198562979698181152e+00 -5.162475585937500000e+00
9.429821014404296875e+00 8.187773704528808594e+00 -2.818009376525878906e+01 2.019689321517944336e+00 1.128021597862243652e+00 -5.290083885192871094e+00
9.460254669189453125e+00 8.187484741210937500e+00 -2.828294181823730469e+01 2.123839378356933594e+00 1.031951189041137695e+00 -5.309204101562500000e+00
9.496247291564941406e+00 8.193227767944335938e+00 -2.838615608215332031e+01 2.193740844726562500e+00 1.340991258621215820e+00 -5.291034698486328125e+00
9.524280548095703125e+00 8.206765174865722656e+00 -2.848874282836914062e+01 1.952739953994750977e+00 1.322721242904663086e+00 -5.255813121795654297e+00
9.543310165405273438e+00 8.220248222351074219e+00 -2.859135818481445312e+01 1.511402249336242676e+00 1.103131890296936035e+00 -5.269517898559570312e+00
9.545580863952636719e+00 8.217420578002929688e+00 -2.869368171691894531e+01 1.735743761062622070e+00 5.516114234924316406e-01 -5.243463039398193359e+00
9.561656951904296875e+00 8.211205482482910156e+00 -2.879620170593261719e+01 2.036258935928344727e+00 6.894142627716064453e-01 -5.332798957824707031e+00
9.583866119384765625e+00 8.211814880371093750e+00 -2.889952850341796875e+01 2.146826267242431641e+00 8.507220745086669922e-01 -5.258754730224609375e+00
9.604366302490234375e+00 8.240627288818359375e+00 -2.900221824645996094e+01 1.765295863151550293e+00 9.057662487030029297e-01 -5.234057903289794922e+00
9.620799064636230469e+00 8.261712074279785156e+00 -2.910564994812011719e+01 1.543072819709777832e+00 8.059954643249511719e-01 -5.334957122802734375e+00
9.629620552062988281e+00 8.274266242980957031e+00 -2.921099662780761719e+01 1.774615287780761719e+00 4.522107541561126709e-01 -5.507390022277832031e+00
9.650793075561523438e+00 8.289690017700195312e+00 -2.932057952880859375e+01 1.885889053344726562e+00 2.998674511909484863e-01 -5.712951660156250000e+00
9.675683021545410156e+00 8.296311378479003906e+00 -2.943493270874023438e+01 2.091891527175903320e+00 1.006625443696975708e-01 -5.933034420013427734e+00
9.718055725097656250e+00 8.309176445007324219e+00 -2.961172676086425781e+01 1.990922093391418457e+00 -6.438516825437545776e-02 -6.072485446929931641e+00
9.739876747131347656e+00 8.314965248107910156e+00 -2.973306846618652344e+01 2.040615797042846680e+00 -5.214455127716064453e-01 -6.286023616790771484e+00
9.770954132080078125e+00 8.316668510437011719e+00 -2.985540199279785156e+01 1.965360164642333984e+00 -7.265250086784362793e-01 -6.250843048095703125e+00
9.803049087524414062e+00 8.318045616149902344e+00 -2.997733879089355469e+01 1.750659704208374023e+00 -7.998650670051574707e-01 -6.183568000793457031e+00
9.830419540405273438e+00 8.321766853332519531e+00 -3.009688758850097656e+01 1.533209085464477539e+00 -9.775292873382568359e-01 -6.062074661254882812e+00
9.848249435424804688e+00 8.320110321044921875e+00 -3.021770668029785156e+01 1.238444566726684570e+00 -1.371289014816284180e+00 -6.137299537658691406e+00
9.862109184265136719e+00 8.310702323913574219e+00 -3.033646965026855469e+01 1.048388838768005371e+00 -1.759282112121582031e+00 -6.097643852233886719e+00
9.880511283874511719e+00 8.294352531433105469e+00 -3.045586967468261719e+01 1.102017998695373535e+00 -1.949248552322387695e+00 -5.989462375640869141e+00
9.915655136108398438e+00 8.281395912170410156e+00 -3.057257080078125000e+01 1.100260972976684570e+00 -1.708706259727478027e+00 -5.870630741119384766e+00
9.943142890930175781e+00 8.267681121826171875e+00 -3.068747329711914062e+01 1.056321859359741211e+00 -1.647230982780456543e+00 -5.870295524597167969e+00
9.972568511962890625e+00 8.258877754211425781e+00 -3.080365180969238281e+01 8.446493744850158691e-01 -1.522680282592773438e+00 -5.923685550689697266e+00
9.994820594787597656e+00 8.252190589904785156e+00 -3.091903877258300781e+01 6.897369027137756348e-01 -1.503947734832763672e+00 -5.856023311614990234e+00
1.001799583435058594e+01 8.227352142333984375e+00 -3.103298568725585938e+01 9.366484284400939941e-01 -1.399442672729492188e+00 -5.796925067901611328e+00
1.005215072631835938e+01 8.215765953063964844e+00 -3.114679718017578125e+01 7.551863789558410645e-01 -1.070163011550903320e+00 -5.738770961761474609e+00
1.008278751373291016e+01 8.209479331970214844e+00 -3.125732231140136719e+01 5.845482349395751953e-01 -7.243538498878479004e-01 -5.662849903106689453e+00
1.010477447509765625e+01 8.216251373291015625e+00 -3.136748886108398438e+01 9.473227895796298981e-03 -8.016230463981628418e-01 -5.457440376281738281e+00
1.012163543701171875e+01 8.211071014404296875e+00 -3.147300720214843750e+01 -1.644778698682785034e-01 -1.093181490898132324e+00 -5.325883388519287109e+00
1.013626861572265625e+01 8.198267936706542969e+00 -3.157557678222656250e+01 -1.830766350030899048e-01 -1.458072900772094727e+00 -5.166732788085937500e+00
1.015144538879394531e+01 8.173998832702636719e+00 -3.167710685729980469e+01 3.785606101155281067e-02 -1.861962318420410156e+00 -5.131886959075927734e+00
1.017145061492919922e+01 8.139738082885742188e+00 -3.177460670471191406e+01 5.771712064743041992e-01 -1.947566628456115723e+00 -4.920344352722167969e+00
1.020897579193115234e+01 8.101179122924804688e+00 -3.186995315551757812e+01 1.040521740913391113e+00 -1.545372843742370605e+00 -4.756929874420166016e+00
1.026675605773925781e+01 8.065729141235351562e+00 -3.200674438476562500e+01 9.864811897277832031e-01 -8.396751880645751953e-01 -4.663362979888916016e+00
1.030202579498291016e+01 8.043658256530761719e+00 -3.209662246704101562e+01 7.395073175430297852e-01 -4.429211616516113281e-01 -4.511456012725830078e+00
1.032952690124511719e+01 8.027791023254394531e+00 -3.218235015869140625e+01 5.541223883628845215e-01 -2.756657898426055908e-01 -4.324978828430175781e+00
1.035214996337890625e+01 8.011614799499511719e+00 -3.226543045043945312e+01 6.033395528793334961e-01 -2.246419191360473633e-01 -4.248269081115722656e+00
1.037623310089111328e+01 7.997281551361083984e+00 -3.234955215454101562e+01 6.595166921615600586e-01 -1.881254911422729492e-01 -4.447479248046875000e+00
1.040573024749755859e+01 7.991573333740234375e+00 -3.243637466430664062e+01 5.930804610252380371e-01 2.155312150716781616e-01 -4.474064350128173828e+00
1.042834949493408203e+01 7.992116928100585938e+00 -3.252492904663085938e+01 4.386121332645416260e-01 5.986477136611938477e-01 -4.637248516082763672e+00
1.044068050384521484e+01 7.983343601226806641e+00 -3.261662673950195312e+01 4.756596982479095459e-01 7.216442227363586426e-01 -4.846444606781005859e+00
1.045755863189697266e+01 7.978416919708251953e+00 -3.271276092529296875e+01 4.361246526241302490e-01 9.889168739318847656e-01 -5.060200691223144531e+00
1.047279262542724609e+01 7.982913494110107422e+00 -3.281126785278320312e+01 1.817691177129745483e-01 9.248725175857543945e-01 -5.149893283843994141e+00
1.047701358795166016e+01 7.985519886016845703e+00 -3.291491699218750000e+01 9.220717847347259521e-02 3.582129180431365967e-01 -5.546254158020019531e+00
1.048637771606445312e+01 7.980279445648193359e+00 -3.302571868896484375e+01 3.790636658668518066e-01 -2.471839264035224915e-02 -5.864418506622314453e+00
1.050206851959228516e+01 7.963846683502197266e+00 -3.314445114135742188e+01 1.087754964828491211e+00 -3.807607293128967285e-01 -6.378234386444091797e+00
1.053131389617919922e+01 7.937564849853515625e+00 -3.327387237548828125e+01 2.167607545852661133e+00 -4.923623204231262207e-01 -7.049020290374755859e+00
1.058127689361572266e+01 7.920989513397216797e+00 -3.342007446289062500e+01 2.581574916839599609e+00 -2.034160494804382324e-01 -8.012897491455078125e+00
1.062348270416259766e+01 7.900080680847167969e+00 -3.358821105957031250e+01 2.702988386154174805e+00 -5.746106505393981934e-01 -9.242026329040527344e+00
1.066881084442138672e+01 7.858138084411621094e+00 -3.377726745605468750e+01 2.597923755645751953e+00 -1.887737989425659180e+00 -1.011758136749267578e+01
1.069733619689941406e+01 7.785989761352539062e+00 -3.397345733642578125e+01 2.310891389846801758e+00 -3.688646078109741211e+00 -9.952162742614746094e+00
1.073660850524902344e+01 7.696350574493408203e+00 -3.416087341308593750e+01 1.799615621566772461e+00 -4.472148895263671875e+00 -9.252566337585449219e+00
1.076578044891357422e+01 7.601276397705078125e+00 -3.433121490478515625e+01 1.318662524223327637e+00 -4.674395084381103516e+00 -8.214856147766113281e+00
1.076913642883300781e+01 7.501729011535644531e+00 -3.448022460937500000e+01 8.715311884880065918e-01 -4.864229679107666016e+00 -7.132904052734375000e+00
1.076505851745605469e+01 7.364484310150146484e+00 -3.466407012939453125e+01 2.535742521286010742e-01 -4.687440395355224609e+00 -5.508862495422363281e+00
1.075895023345947266e+01 7.274672508239746094e+00 -3.476210403442382812e+01 2.911332249641418457e-01 -4.205132007598876953e+00 -4.583234310150146484e+00
1.074165725708007812e+01 7.206726074218750000e+00 -3.484415054321289062e+01 3.111863434314727783e-01 -4.292646408081054688e+00 -3.857146024703979492e+00
1.073679924011230469e+01 7.134183406829833984e+00 -3.491672515869140625e+01 7.108488082885742188e-01 -3.991927146911621094e+00 -3.558298349380493164e+00
1.073919582366943359e+01 7.061281204223632812e+00 -3.498272323608398438e+01 1.376585602760314941e+00 -3.805865287780761719e+00 -3.179759263992309570e+00
1.076804924011230469e+01 7.010095119476318359e+00 -3.504547500610351562e+01 1.673209667205810547e+00 -2.908002376556396484e+00 -3.151276826858520508e+00
1.080118083953857422e+01 6.981918811798095703e+00 -3.510726165771484375e+01 1.605228543281555176e+00 -2.064779281616210938e+00 -3.103121995925903320e+00
1.082593345642089844e+01 6.964014530181884766e+00 -3.517007446289062500e+01 1.371212959289550781e+00 -1.665949225425720215e+00 -3.263676404953002930e+00
1.084388542175292969e+01 6.947136878967285156e+00 -3.523689651489257812e+01 1.367138266563415527e+00 -1.374085545539855957e+00 -3.412200450897216797e+00
1.086916828155517578e+01 6.933372497558593750e+00 -3.530440521240234375e+01 1.517602562904357910e+00 -8.849384188652038574e-01 -3.435458660125732422e+00
1.089546012878417969e+01 6.931106567382812500e+00 -3.537174224853515625e+01 1.455298781394958496e+00 -7.105191349983215332e-01 -3.359961748123168945e+00
1.092104434967041016e+01 6.936244010925292969e+00 -3.543859100341796875e+01 1.090704679489135742e+00 -3.420775830745697021e-01 -3.405139684677124023e+00
1.093191909790039062e+01 6.943025588989257812e+00 -3.550480651855468750e+01 4.616004824638366699e-01 -4.364052712917327881e-01 -3.363262414932250977e+00
1.093962287902832031e+01 6.936203479766845703e+00 -3.557106399536132812e+01 4.660084247589111328e-01 -7.342584729194641113e-01 -3.337904214859008789e+00
1.095960998535156250e+01 6.924995899200439453e+00 -3.563665771484375000e+01 5.612319707870483398e-01 -6.821488142013549805e-01 -3.378631830215454102e+00
1.098138523101806641e+01 6.921824932098388672e+00 -3.570373916625976562e+01 3.816568478941917419e-02 -7.139509320259094238e-01 -3.437261581420898438e+00
1.098409652709960938e+01 6.906294345855712891e+00 -3.576941299438476562e+01 -1.549454331398010254e-01 -1.289681315422058105e+00 -3.340808391571044922e+00
1.098879432678222656e+01 6.876375675201416016e+00 -3.583269882202148438e+01 8.553215116262435913e-02 -1.788726806640625000e+00 -3.179178714752197266e+00
1.099732208251953125e+01 6.844152450561523438e+00 -3.589488220214843750e+01 3.440863490104675293e-01 -2.019596099853515625e+00 -3.186831235885620117e+00
1.101813125610351562e+01 6.806690692901611328e+00 -3.595571517944335938e+01 8.035870194435119629e-01 -1.871294617652893066e+00 -3.192907810211181641e+00
1.104588413238525391e+01 6.777416229248046875e+00 -3.601866912841796875e+01 8.623192310333251953e-01 -1.693578839302062988e+00 -3.234736442565917969e+00
1.108070468902587891e+01 6.729754924774169922e+00 -3.611071777343750000e+01 8.117852807044982910e-01 -1.612650632858276367e+00 -3.083091259002685547e+00
1.110643005371093750e+01 6.695861816406250000e+00 -3.616723632812500000e+01 6.700692772865295410e-01 -1.511026501655578613e+00 -2.765125751495361328e+00
1.113208675384521484e+01 6.668157100677490234e+00 -3.622031784057617188e+01 7.627021074295043945e-01 -1.148651123046875000e+00 -2.681776523590087891e+00
1.116430568695068359e+01 6.643361091613769531e+00 -3.627103424072265625e+01 8.107569813728332520e-01 -6.774035096168518066e-01 -2.560861110687255859e+00
1.119025707244873047e+01 6.631189823150634766e+00 -3.632122802734375000e+01 3.773793876171112061e-01 -4.509007930755615234e-01 -2.567328453063964844e+00
1.120798301696777344e+01 6.626801967620849609e+00 -3.637082672119140625e+01 -1.408578827977180481e-03 -3.183006346225738525e-01 -2.479281902313232422e+00
1.120909500122070312e+01 6.611714363098144531e+00 -3.641823577880859375e+01 -4.107860326766967773e-01 -6.685516238212585449e-01 -2.413343429565429688e+00
1.120678901672363281e+01 6.588599205017089844e+00 -3.646559143066406250e+01 -1.981929093599319458e-01 -1.058646798133850098e+00 -2.503326416015625000e+00
1.119751262664794922e+01 6.557228088378906250e+00 -3.651359176635742188e+01 -2.153210341930389404e-02 -1.402303218841552734e+00 -2.466402053833007812e+00
1.120716762542724609e+01 6.522264003753662109e+00 -3.656068801879882812e+01 4.829001128673553467e-01 -1.415904402732849121e+00 -2.332305192947387695e+00
1.121551036834716797e+01 6.485467910766601562e+00 -3.660475158691406250e+01 9.271258711814880371e-01 -1.275051236152648926e+00 -2.273248672485351562e+00
1.123960018157958984e+01 6.460139274597167969e+00 -3.664847946166992188e+01 1.149192452430725098e+00 -7.739629745483398438e-01 -2.213061571121215820e+00
1.126655673980712891e+01 6.424500942230224609e+00 -3.669223403930664062e+01 1.642737388610839844e+00 -2.275943756103515625e-01 -2.456623315811157227e+00
1.129888725280761719e+01 6.411456584930419922e+00 -3.674137115478515625e+01 1.531202316284179688e+00 3.261766433715820312e-01 -2.625303983688354492e+00
1.132915115356445312e+01 6.409554958343505859e+00 -3.679389190673828125e+01 1.541332721710205078e+00 6.947187185287475586e-01 -2.843093156814575195e+00
1.134171390533447266e+01 6.426303386688232422e+00 -3.685008239746093750e+01 1.251044154167175293e+00 7.086583375930786133e-01 -2.917506217956542969e+00
1.135812091827392578e+01 6.429054737091064453e+00 -3.690747451782226562e+01 1.330765485763549805e+00 7.326806187629699707e-01 -3.106072425842285156e+00
1.138023281097412109e+01 6.436242580413818359e+00 -3.696845245361328125e+01 1.512094616889953613e+00 9.855182766914367676e-01 -3.245599746704101562e+00
1.139770030975341797e+01 6.449459075927734375e+00 -3.703312683105468750e+01 1.243715763092041016e+00 7.250449061393737793e-01 -3.350333690643310547e+00
1.141025352478027344e+01 6.467879295349121094e+00 -3.709972381591796875e+01 7.064399719238281250e-01 5.004267692565917969e-01 -3.369742631912231445e+00
1.140888404846191406e+01 6.452162265777587891e+00 -3.719722747802734375e+01 1.053799867630004883e+00 -2.562575638294219971e-01 -3.380362510681152344e+00
1.141880416870117188e+01 6.436007022857666016e+00 -3.726086807250976562e+01 1.278474688529968262e+00 -5.795661211013793945e-01 -3.154108047485351562e+00
1.143639087677001953e+01 6.421738147735595703e+00 -3.732073593139648438e+01 1.344410061836242676e+00 -3.946071565151214600e-01 -3.086658716201782227e+00
1.144695854187011719e+01 6.408757686614990234e+00 -3.737939071655273438e+01 1.447092056274414062e+00 -7.941448688507080078e-01 -2.945882320404052734e+00
1.146165752410888672e+01 6.391177654266357422e+00 -3.743545913696289062e+01 1.674293041229248047e+00 -9.137367010116577148e-01 -2.811636447906494141e+00
1.149667453765869141e+01 6.379342555999755859e+00 -3.749097061157226562e+01 1.851196646690368652e+00 -5.566288828849792480e-01 -2.828654050827026367e+00
1.153163528442382812e+01 6.381429195404052734e+00 -3.754759216308593750e+01 1.654176354408264160e+00 -5.038795620203018188e-02 -2.854145050048828125e+00
1.155140304565429688e+01 6.394872188568115234e+00 -3.760307312011718750e+01 1.080467343330383301e+00 2.871414124965667725e-01 -2.832316398620605469e+00
1.155900001525878906e+01 6.403779506683349609e+00 -3.765911865234375000e+01 1.044175267219543457e+00 2.278781235218048096e-01 -2.829303503036499023e+00
1.157356643676757812e+01 6.419954299926757812e+00 -3.771564483642578125e+01 9.250385165214538574e-01 3.764722347259521484e-01 -2.945184230804443359e+00
1.159482383728027344e+01 6.425797462463378906e+00 -3.777529525756835938e+01 1.368870139122009277e+00 1.132537245750427246e+00 -3.319294691085815430e+00
1.162029457092285156e+01 6.472906589508056641e+00 -3.784668350219726562e+01 1.072177052497863770e+00 1.955695271492004395e+00 -3.931714773178100586e+00
1.163747024536132812e+01 6.530367374420166016e+00 -3.793431472778320312e+01 8.222874402999877930e-01 1.822044849395751953e+00 -4.911451339721679688e+00
1.164709854125976562e+01 6.567267417907714844e+00 -3.803813934326171875e+01 1.012078166007995605e+00 1.080456018447875977e+00 -5.571763515472412109e+00
1.167372703552246094e+01 6.584930896759033203e+00 -3.815069198608398438e+01 1.525376439094543457e+00 4.974372982978820801e-01 -5.898300170898437500e+00
1.171842288970947266e+01 6.591567993164062500e+00 -3.826696777343750000e+01 1.846942663192749023e+00 3.380941152572631836e-01 -5.988077163696289062e+00
1.175894451141357422e+01 6.603071212768554688e+00 -3.838361358642578125e+01 1.522489905357360840e+00 4.935676231980323792e-02 -5.913305282592773438e+00
1.178922367095947266e+01 6.604599952697753906e+00 -3.849702835083007812e+01 1.306922435760498047e+00 -3.907812833786010742e-01 -5.658787727355957031e+00
1.181190395355224609e+01 6.598963737487792969e+00 -3.860551834106445312e+01 1.007301449775695801e+00 -1.110293507575988770e+00 -5.464024066925048828e+00
1.184254264831542969e+01 6.569642066955566406e+00 -3.871035766601562500e+01 1.319103837013244629e+00 -1.322072148323059082e+00 -5.295345783233642578e+00
1.188026905059814453e+01 6.533516407012939453e+00 -3.880929183959960938e+01 1.575944662094116211e+00 -1.190718770027160645e+00 -4.935998916625976562e+00
1.192607784271240234e+01 6.512201309204101562e+00 -3.895090103149414062e+01 7.825442552566528320e-01 -9.972972273826599121e-01 -4.709671974182128906e+00
1.194536972045898438e+01 6.490233898162841797e+00 -3.904106521606445312e+01 4.173259735107421875e-01 -1.269391894340515137e+00 -4.616257667541503906e+00
1.195347595214843750e+01 6.459774494171142578e+00 -3.913034057617187500e+01 4.798784255981445312e-01 -1.655685424804687500e+00 -4.518605709075927734e+00
1.197537326812744141e+01 6.430349826812744141e+00 -3.921697998046875000e+01 2.621887624263763428e-01 -1.663974165916442871e+00 -4.255044937133789062e+00
1.197824573516845703e+01 6.391215801239013672e+00 -3.929817199707031250e+01 4.006967544555664062e-01 -1.939743041992187500e+00 -4.120120048522949219e+00
1.198773670196533203e+01 6.351018905639648438e+00 -3.937655258178710938e+01 4.068948626518249512e-01 -2.104434251785278320e+00 -4.002134323120117188e+00
1.199723911285400391e+01 6.307972908020019531e+00 -3.945266723632812500e+01 6.388806700706481934e-01 -2.284882068634033203e+00 -3.774002552032470703e+00
1.202159214019775391e+01 6.256703376770019531e+00 -3.952457427978515625e+01 1.074503302574157715e+00 -2.137290716171264648e+00 -3.671037912368774414e+00
1.206173992156982422e+01 6.204111099243164062e+00 -3.959687423706054688e+01 1.421731829643249512e+00 -1.641285419464111328e+00 -3.775204896926879883e+00
1.209428787231445312e+01 6.177030086517333984e+00 -3.966946411132812500e+01 1.008588075637817383e+00 -1.426550269126892090e+00 -3.683687448501586914e+00
1.211644554138183594e+01 6.144069671630859375e+00 -3.974037933349609375e+01 8.442558050155639648e-01 -1.433871626853942871e+00 -3.630454301834106445e+00
1.214437103271484375e+01 6.104961872100830078e+00 -3.981093597412109375e+01 9.955134987831115723e-01 -1.374412298202514648e+00 -3.660487890243530273e+00
1.216864681243896484e+01 6.067521095275878906e+00 -3.988208389282226562e+01 1.205268740653991699e+00 -1.303036451339721680e+00 -3.670144319534301758e+00
1.219192600250244141e+01 6.039495944976806641e+00 -3.995114898681640625e+01 9.282308816909790039e-01 -1.252634406089782715e+00 -3.476224660873413086e+00
1.220227146148681641e+01 6.015666007995605469e+00 -4.001844787597656250e+01 3.916092813014984131e-01 -1.502201080322265625e+00 -3.413045883178710938e+00
1.220286941528320312e+01 5.981572628021240234e+00 -4.008443832397460938e+01 2.050460726022720337e-01 -1.718861460685729980e+00 -3.377123832702636719e+00
1.219962406158447266e+01 5.949392318725585938e+00 -4.015122222900390625e+01 -1.721776872873306274e-01 -2.224216461181640625e+00 -3.348134517669677734e+00
1.220142841339111328e+01 5.889004707336425781e+00 -4.021643066406250000e+01 2.480314970016479492e-01 -2.702757358551025391e+00 -3.352077960968017578e+00
1.221458816528320312e+01 5.831552505493164062e+00 -4.028144073486328125e+01 4.340576827526092529e-01 -2.784748554229736328e+00 -3.343029499053955078e+00
1.223236846923828125e+01 5.770463466644287109e+00 -4.034631347656250000e+01 6.940411329269409180e-01 -2.947985410690307617e+00 -3.379050731658935547e+00
1.225156688690185547e+01 5.712687969207763672e+00 -4.041258621215820312e+01 8.314990401268005371e-01 -2.720134019851684570e+00 -3.413889408111572266e+00
1.227622890472412109e+01 5.626752853393554688e+00 -4.051061248779296875e+01 1.017750382423400879e+00 -2.626353740692138672e+00 -3.424350500106811523e+00
1.230077362060546875e+01 5.570950031280517578e+00 -4.057711791992187500e+01 1.158022403717041016e+00 -2.475795269012451172e+00 -3.431685686111450195e+00
1.232999420166015625e+01 5.526335716247558594e+00 -4.064329147338867188e+01 1.346499085426330566e+00 -1.942961573600769043e+00 -3.365914344787597656e+00
1.235889339447021484e+01 5.496876716613769531e+00 -4.071025466918945312e+01 1.128048300743103027e+00 -1.475505948066711426e+00 -3.436964750289916992e+00
1.237922191619873047e+01 5.477822780609130859e+00 -4.077814102172851562e+01 1.083691835403442383e+00 -1.162976026535034180e+00 -3.545603036880493164e+00
1.239314174652099609e+01 5.453952312469482422e+00 -4.084632492065429688e+01 8.256070017814636230e-01 -1.191356897354125977e+00 -3.498917341232299805e+00
1.240698432922363281e+01 5.430024623870849609e+00 -4.091482543945312500e+01 7.275552153587341309e-01 -1.273622155189514160e+00 -3.520734310150146484e+00
1.242354583740234375e+01 5.395660400390625000e+00 -4.098207855224609375e+01 7.046459913253784180e-01 -1.311976671218872070e+00 -3.529482603073120117e+00
1.243009376525878906e+01 5.370645046234130859e+00 -4.105238342285156250e+01 5.454479455947875977e-01 -1.639742255210876465e+00 -3.657455205917358398e+00
1.243552017211914062e+01 5.342966079711914062e+00 -4.112319183349609375e+01 4.206692874431610107e-01 -1.771153330802917480e+00 -3.670953035354614258e+00
1.244174289703369141e+01 5.311100482940673828e+00 -4.119532012939453125e+01 3.782627284526824951e-01 -1.973831653594970703e+00 -3.645600795745849609e+00
