1.893706466635911578e+00 3.533105865551657843e+00 -1.931905148670378436e+00
1.924321318169698758e+00 3.611673180058124988e+00 -1.934776330568071856e+00
1.947119404018752720e+00 3.650925381749145160e+00 -1.957755635979436581e+00
1.967068791899941660e+00 3.697773775125352991e+00 -1.990621035135995198e+00
1.987546263788633416e+00 3.750018715027626293e+00 -1.987910885223755253e+00
2.013705689651358099e+00 3.821234663278429533e+00 -2.011339111220320053e+00
2.038630187255009663e+00 3.862362846138856387e+00 -2.036473999922151723e+00
2.053179803876169274e+00 3.921164037029774008e+00 -2.038116239204115665e+00
2.065065536972204185e+00 3.986816851392754213e+00 -2.059939990110466468e+00
2.088841570572645967e+00 4.008695795557127184e+00 -2.072636996199860526e+00
2.112146707041595572e+00 4.077673792360545946e+00 -2.082666727345786839e+00
2.158580569319306530e+00 4.154610266148842435e+00 -2.094394456379819580e+00
2.187690273409550912e+00 4.210101692632219894e+00 -2.109455001278872199e+00
2.214862208083772988e+00 4.267599097972914812e+00 -2.120266699428063895e+00
2.224435711243393232e+00 4.322389243704868989e+00 -2.144272957732051399e+00
2.253104945392513603e+00 4.386832480618614305e+00 -2.159659291069561338e+00
2.273760608918350634e+00 4.450443152662286295e+00 -2.170199105406729334e+00
2.287432867762685618e+00 4.529776308008839791e+00 -2.182562844382659240e+00
2.316439114283092682e+00 4.586826632454710229e+00 -2.177991070454832645e+00
2.339206477306469356e+00 4.660384204955018816e+00 -2.204544012452361645e+00
2.367180285189574906e+00 4.736987463719179559e+00 -2.220813290655731187e+00
2.377194743932460774e+00 4.838009690186402700e+00 -2.209295808953672502e+00
2.390786449241792955e+00 4.890175865079302575e+00 -2.233107939021254484e+00
2.408348061037232313e+00 4.955848972928300178e+00 -2.243299192055184577e+00
2.431798300270133328e+00 5.047825663868116486e+00 -2.251649454657072891e+00
2.454105920340171387e+00 5.117475507200921925e+00 -2.259719012743180322e+00
2.482901055229856269e+00 5.213962863919256563e+00 -2.264662581668545727e+00
2.511777079573679572e+00 5.308119557512769759e+00 -2.279741006142179671e+00
2.525300309852702263e+00 5.384912832732693388e+00 -2.295041859699329390e+00
2.567687778107365038e+00 5.507204739593751341e+00 -2.308243557675579094e+00
2.585644633511666957e+00 5.586458816161500529e+00 -2.314815761680371509e+00
2.603002839200065921e+00 5.675098392580666840e+00 -2.339965555278693543e+00
2.637142264450117679e+00 5.850087928288594696e+00 -2.344380942495086995e+00
2.676188672371536459e+00 5.927400845305110799e+00 -2.356466946749348867e+00
2.691613889827497275e+00 6.053059526245340827e+00 -2.358994432208480596e+00
2.731542024638400346e+00 6.157917298715763543e+00 -2.374517234103532548e+00
2.748252262666666113e+00 6.260273209443789177e+00 -2.381307793614387602e+00
2.784096533031050313e+00 6.369053822577052770e+00 -2.392508684655338058e+00
2.790671995913606818e+00 6.485296338731358468e+00 -2.395283670827251132e+00
2.833676123335907349e+00 6.597323489502423755e+00 -2.396872191319228573e+00
2.867636463881587883e+00 6.703461944015923102e+00 -2.396480842621178109e+00
2.891697141607719956e+00 6.840393590398444523e+00 -2.424777912210486885e+00
2.943942541485616626e+00 6.968642981508359924e+00 -2.433466955406867971e+00
2.947561097888498960e+00 7.104148169848251371e+00 -2.440232895157819382e+00
2.976731522802470664e+00 7.237306841063785079e+00 -2.447911177798840043e+00
3.014816256122196947e+00 7.378689922979660309e+00 -2.449138632820872186e+00
3.038466750396743521e+00 7.518230046997428140e+00 -2.469553463703985319e+00
3.085585426224259908e+00 7.660293222958203252e+00 -2.478436439188616003e+00
3.115776669667257526e+00 7.811895867813969829e+00 -2.509397126681976786e+00
3.142826130111729288e+00 7.970783460467559145e+00 -2.523807034711061270e+00
3.166626185048444952e+00 8.134302700942463105e+00 -2.525904367425930719e+00
3.201937389117503585e+00 8.278655313881312594e+00 -2.555652525004317610e+00
3.237072470398097312e+00 8.428429539680793781e+00 -2.568843298864120328e+00
3.286847046033384512e+00 8.691353929947251089e+00 -2.603817214779914568e+00
3.329939222976683766e+00 8.869753577609916562e+00 -2.617844097483812860e+00
3.355521558339455090e+00 9.069236288333568652e+00 -2.635380483960694686e+00
3.411030266161990898e+00 9.232446030584648966e+00 -2.672066220007510484e+00
3.441974648811365167e+00 9.436717187256610018e+00 -2.698725279897264073e+00
3.479892480410074818e+00 9.638189755962907057e+00 -2.731465565704151999e+00
3.522275265576279679e+00 9.841773125586037452e+00 -2.762006390805162415e+00
3.552292060668931661e+00 1.002889926683567801e+01 -2.782241269374776227e+00
3.601943124287099174e+00 1.023420457361578961e+01 -2.834510293525448255e+00
3.649477294779774894e+00 1.045599819977739031e+01 -2.880787342985950072e+00
3.672046319821741456e+00 1.066652989866951273e+01 -2.922432054219979314e+00
3.735927943342594482e+00 1.089414649517550338e+01 -2.971366391676315999e+00
3.777837323492640120e+00 1.111556144852387895e+01 -3.012223168368671544e+00
3.839945692088102103e+00 1.135188697644226252e+01 -3.083198619884088387e+00
3.884500033425486887e+00 1.161277737934393706e+01 -3.123521640357765694e+00
3.920851974034319287e+00 1.188010076262199277e+01 -3.187660223690488959e+00
3.958342734252339845e+00 1.210714756183695862e+01 -3.261071516009089510e+00
4.005664624218310266e+00 1.240188702006678056e+01 -3.330359721227011072e+00
4.061992318409394898e+00 1.265991593642319124e+01 -3.398332772052377049e+00
4.114120850544419561e+00 1.295458825549619419e+01 -3.499069413852228028e+00
4.205489259601009167e+00 1.341712290631605242e+01 -3.657494910111487307e+00
4.256290911511995567e+00 1.373074218926345047e+01 -3.774076283313466007e+00
4.330775263510903805e+00 1.403804878663575018e+01 -3.877799928413963038e+00
4.412634726078235481e+00 1.435487853776852241e+01 -4.029330829546133863e+00
4.477191238813384544e+00 1.469454706836989821e+01 -4.168171658890106102e+00
4.554008431093738984e+00 1.504768036425689282e+01 -4.333950941501928611e+00
4.624625859712022447e+00 1.540395859876264950e+01 -4.516163337219421869e+00
4.704645161838842959e+00 1.578310027289974471e+01 -4.730653947298955053e+00
4.760149076887814523e+00 1.612006721714912771e+01 -4.956385052661065771e+00
4.875181746650377512e+00 1.651311625548652273e+01 -5.226542621607512373e+00
4.994690741806043555e+00 1.690530783563090367e+01 -5.511490729183297077e+00
5.110312857168223033e+00 1.729844039656880383e+01 -5.838944531097578050e+00
5.196459858704762347e+00 1.769491152901859365e+01 -6.211291794443169145e+00
5.303888344819373657e+00 1.805287829984703407e+01 -6.632284736893784505e+00
5.414930302407416463e+00 1.842570721030599756e+01 -7.071994919384144040e+00
5.527446310704682730e+00 1.873060563196134254e+01 -7.549661965662980201e+00
5.639754815684542955e+00 1.904520065728773304e+01 -8.071628090440849945e+00
5.759283233885673425e+00 1.930854742754986120e+01 -8.599254500530028267e+00
5.878525979325016415e+00 1.956375463180016538e+01 -9.185387465374974525e+00
5.979450333009141083e+00 1.977903328904321612e+01 -9.776616226864735637e+00
6.109991009461666955e+00 1.993908638295728508e+01 -1.033243597434374017e+01
6.273337879525029415e+00 2.017571869445851718e+01 -1.122640121583954276e+01
6.388629128651374778e+00 2.029511292139034495e+01 -1.180548402813848341e+01
6.478243181048094712e+00 2.039900785037448472e+01 -1.236286274191996704e+01
6.574380317778667049e+00 2.046891349299694340e+01 -1.291865433444019295e+01
6.670487408696208931e+00 2.052267716552214694e+01 -1.345939819167842622e+01
6.748416668936035201e+00 2.056215306234718909e+01 -1.398766732150838443e+01
6.831184423874318234e+00 2.059613192611586285e+01 -1.450777097307068786e+01
6.893584286160086450e+00 2.061377041059457937e+01 -1.498127548132714892e+01
6.959733174358971652e+00 2.062033323214686931e+01 -1.544646585828411567e+01
7.044195173375396912e+00 2.061413001099804987e+01 -1.589961643919522594e+01
7.138383738159325809e+00 2.059745431326207310e+01 -1.633275900531405966e+01
7.188490681720778319e+00 2.059102877904143014e+01 -1.674631377244126185e+01
7.243354133687917695e+00 2.057303646781306838e+01 -1.713332229015332686e+01
7.313347303158134416e+00 2.053699502073926908e+01 -1.752555589211085163e+01
7.380903172363224130e+00 2.051446139502991173e+01 -1.788682270074945180e+01
7.443343078601999174e+00 2.049858410866679037e+01 -1.824320215320321381e+01
7.486319490035645785e+00 2.047318132137164071e+01 -1.857568302267662119e+01
7.549013948637280258e+00 2.043272977745793284e+01 -1.888815478193676967e+01
7.601900227626687823e+00 2.041917978564278968e+01 -1.921742534618360665e+01
7.639641504230417546e+00 2.037249887535498161e+01 -1.951166616670820986e+01
7.707699856622721057e+00 2.029740084947877676e+01 -1.979239674552841066e+01
7.795161056955914880e+00 2.024041454897379211e+01 -2.021747417020519677e+01
7.845041497029204614e+00 2.019695713864218689e+01 -2.048741987139507970e+01
7.874116404552858661e+00 2.014489455223755243e+01 -2.073293346890751820e+01
7.908960450008606813e+00 2.010284388490259389e+01 -2.098685931412127559e+01
7.958194976074750571e+00 2.003321588493309235e+01 -2.122204557486447740e+01
7.992696053675267365e+00 2.000637492451583554e+01 -2.146090818436368153e+01
8.034393666993770111e+00 1.993654003018695420e+01 -2.169710045833189938e+01
8.061531903271378141e+00 1.988140646737686623e+01 -2.190387181921062876e+01
8.088042345933370569e+00 1.983544235659765675e+01 -2.209392597677324588e+01
8.130000594689699156e+00 1.978789006310670118e+01 -2.230994776684660152e+01
8.168836302158648977e+00 1.970999616599720383e+01 -2.249966840945954161e+01
8.178103965320056901e+00 1.963940825850338712e+01 -2.269291694382111402e+01
8.208852287169726480e+00 1.958736510990569002e+01 -2.288123702187246167e+01
8.245963179065315174e+00 1.953428821893889022e+01 -2.304731079244384162e+01
8.277224992960457328e+00 1.950040630313162993e+01 -2.322452574000754311e+01
8.310514837111377062e+00 1.945032013619522004e+01 -2.339111415844151765e+01
8.325844848070280690e+00 1.938690705971008299e+01 -2.355800620205689810e+01
8.363956118741443291e+00 1.933594570155077363e+01 -2.371947189535267597e+01
8.401153374612473357e+00 1.927263118461511837e+01 -2.386659439953460904e+01
8.428596469768558919e+00 1.923184675096079133e+01 -2.403097354390241946e+01
8.439093751778068864e+00 1.919641981279744769e+01 -2.419215593314758550e+01
8.498256883270459028e+00 1.910630158406562629e+01 -2.441080608565535570e+01
8.525233097427419082e+00 1.906415846264618352e+01 -2.454192028455018715e+01
8.545273965256061643e+00 1.901116082469939172e+01 -2.468561100234467531e+01
8.578876757178978352e+00 1.896417510520498695e+01 -2.481047316149060578e+01
8.593173419610952379e+00 1.891960088466641565e+01 -2.493051160461756410e+01
8.610748111375325919e+00 1.886194482152105323e+01 -2.506276774655072970e+01
8.645561174309396080e+00 1.882347526817729388e+01 -2.517885349754573099e+01
8.673009671123024233e+00 1.878778389217026401e+01 -2.531370445442187389e+01
8.696379289968108495e+00 1.874498353533152795e+01 -2.542195810351697460e+01
8.702682289278879324e+00 1.868387426239642934e+01 -2.556352108169842552e+01
8.730622419552185320e+00 1.863663650707844255e+01 -2.566335174734055258e+01
8.770945949313482259e+00 1.858729115867264170e+01 -2.578626038853925451e+01
8.790767006115210336e+00 1.855135978208541658e+01 -2.590567939483365834e+01
8.805088732316095346e+00 1.849212715787315631e+01 -2.601493738199307160e+01
8.842358782668346961e+00 1.846130956230858544e+01 -2.613269678960533327e+01
8.869961668488004491e+00 1.840620121709328316e+01 -2.622453564545305582e+01
8.897912732126878055e+00 1.835578855786709696e+01 -2.634970713267548348e+01
8.913411096200805517e+00 1.830052850376099371e+01 -2.645275915239399467e+01
8.938501628910071162e+00 1.826537034642401736e+01 -2.654835312006987280e+01
8.968162270329674612e+00 1.820732882787926954e+01 -2.665481937071552920e+01
9.000115415534430952e+00 1.817584456185319297e+01 -2.676559181235741747e+01
9.020216261256670975e+00 1.811277354489897817e+01 -2.690384121623776181e+01
9.021088462874981673e+00 1.805823730315766440e+01 -2.700313634049877365e+01
9.057262345442534723e+00 1.800155652224659875e+01 -2.712293204431223259e+01
9.066603325215339737e+00 1.793694332547769221e+01 -2.721512304576410202e+01
9.074803163069621093e+00 1.789539677019154951e+01 -2.731573281198037861e+01
9.111409852794665198e+00 1.783379412453647817e+01 -2.740968366177233762e+01
9.113896354816427348e+00 1.777832440872437658e+01 -2.750782253811502898e+01
9.141692684308248218e+00 1.771461347048404988e+01 -2.761321955813239981e+01
9.180195832577616954e+00 1.767577684155104834e+01 -2.770237203368084522e+01
9.191871510501172793e+00 1.763137289947490061e+01 -2.780617468057683794e+01
9.204599111212667495e+00 1.757489576585297897e+01 -2.787968724026181633e+01
9.216005280018181978e+00 1.749286439611963573e+01 -2.799104459913912635e+01
9.235686228693907651e+00 1.743800174051737883e+01 -2.807824146216826477e+01
9.255499977793839150e+00 1.738667128974009302e+01 -2.815539324552849365e+01
9.253634578207432071e+00 1.731167750718453036e+01 -2.825432931663619485e+01
9.302508147093009327e+00 1.724211016887387160e+01 -2.833831340498359097e+01
9.324796639423272637e+00 1.717629650849771039e+01 -2.843862538015136465e+01
9.352500838319409482e+00 1.713178554812155951e+01 -2.853401919395685482e+01
9.367680327102812399e+00 1.707508605298445303e+01 -2.857987474848071230e+01
9.365107905145166001e+00 1.700397757321992032e+01 -2.867803062461176822e+01
9.368799441460318178e+00 1.693387191152007176e+01 -2.876693156479660729e+01
9.408203226055793067e+00 1.683859707621817137e+01 -2.884917096515501811e+01
9.403737952957213153e+00 1.675757015582428977e+01 -2.894616028421574327e+01
9.413243832978235304e+00 1.668391000377405931e+01 -2.901633239216803872e+01
9.427261707315443218e+00 1.660264892321369956e+01 -2.905620655273145658e+01
9.462261929225658008e+00 1.652128823204374442e+01 -2.914498158287914364e+01
9.460925320110327164e+00 1.646941391934596055e+01 -2.921105893175415602e+01
9.480469215993933219e+00 1.639462625930503137e+01 -2.929527910095995580e+01
9.486138882756694812e+00 1.630407223034334052e+01 -2.936791592797254324e+01
9.504215566916391467e+00 1.624260090961891123e+01 -2.942388336215617883e+01
9.511914140074434698e+00 1.616021735246950541e+01 -2.947943731547022139e+01
9.530725643484142751e+00 1.610534123049961508e+01 -2.953329690940319807e+01
9.544402260350272726e+00 1.604605495562237394e+01 -2.958471143556308647e+01
9.567831023719174155e+00 1.594799978521004569e+01 -2.964998085486121226e+01
9.570699599624344245e+00 1.588781329552996802e+01 -2.971068028726663002e+01
9.585842210938523067e+00 1.580895812362654063e+01 -2.977584888173095834e+01
9.601563322895215080e+00 1.574116872733712036e+01 -2.983200062019052723e+01
9.624988982623644773e+00 1.567696460964191374e+01 -2.987259348695961236e+01
9.625684439674799364e+00 1.560723487341995686e+01 -2.992652752726783305e+01
9.632834232613388892e+00 1.556275911367247389e+01 -2.996281790924811617e+01
9.633167451356646538e+00 1.547837030784769397e+01 -3.001279305680251497e+01
9.642476502994730581e+00 1.536738182604964109e+01 -3.006737936436676861e+01
9.641075834205738104e+00 1.527957864873871152e+01 -3.010618887581832936e+01
9.668171895255282422e+00 1.521384879530735290e+01 -3.013767518751822294e+01
9.679400427127593076e+00 1.514467850124198556e+01 -3.019091901676128487e+01
9.679206704966313524e+00 1.506189481620856441e+01 -3.021376427315256663e+01
9.710783103584018860e+00 1.500202049628111567e+01 -3.024272827829153698e+01
9.718110031461691278e+00 1.493634554445096185e+01 -3.027934608580666520e+01
9.724026517779412515e+00 1.486976968205180150e+01 -3.032222190909423531e+01
9.738056881426443212e+00 1.481195350388404997e+01 -3.034228274667414027e+01
9.761115837017710462e+00 1.475442883600593902e+01 -3.039574704651512249e+01
9.751344759519669836e+00 1.467491268015549011e+01 -3.040274683056818006e+01
9.751689637356163232e+00 1.459658523298037736e+01 -3.044641341583205119e+01
9.765655963961979324e+00 1.455252480288963923e+01 -3.048086918858774297e+01
9.771544439025047879e+00 1.448519463698059795e+01 -3.047432245760466429e+01
9.774614770992355872e+00 1.439194060964882560e+01 -3.052469036407353187e+01
9.780109340225237702e+00 1.433682432546079255e+01 -3.053091812718676223e+01
9.808887297361449598e+00 1.427892250891271431e+01 -3.055209542287026281e+01
9.813056036863780918e+00 1.421004010710698040e+01 -3.055645167373192095e+01
9.814678362317954097e+00 1.413388260362157034e+01 -3.056362161121546350e+01
9.832260935219904852e+00 1.405497401009404079e+01 -3.058293771673265482e+01
9.846361395642693637e+00 1.402359446841438206e+01 -3.058822046853636678e+01
9.858164735315568805e+00 1.393293312857194977e+01 -3.059205025307229064e+01
9.838518368265107839e+00 1.386923747983015964e+01 -3.058189094074484515e+01
9.831951729374885929e+00 1.380326633685213800e+01 -3.057672943182463143e+01
9.853276426478313255e+00 1.373899054387532992e+01 -3.058634426015907337e+01
9.856872008953338593e+00 1.368847696805737080e+01 -3.056970307953679722e+01
9.871269710824847721e+00 1.363739732397009163e+01 -3.056541469050830173e+01
9.868720346528158771e+00 1.358825207796500578e+01 -3.054247155823026816e+01
9.863098539835037926e+00 1.352867263159526345e+01 -3.051272846344334866e+01
9.875894440317955159e+00 1.348212634369747320e+01 -3.048249034418249082e+01
9.873308868745619193e+00 1.346113448719023253e+01 -3.044265174846976407e+01
9.873544425260558199e+00 1.340999050060202435e+01 -3.040963568755600477e+01
9.900515596589555045e+00 1.337266115191515503e+01 -3.036668828605149884e+01
9.891611757477905442e+00 1.333816834024126230e+01 -3.029939867342656612e+01
9.869150477857393966e+00 1.330103422004154190e+01 -3.022810934125302040e+01
9.885086881908138778e+00 1.327840004915422512e+01 -3.017598742097024456e+01
9.869460602433608898e+00 1.328951077929793279e+01 -3.007449119288381212e+01
9.872060407924999836e+00 1.326126618785111155e+01 -2.998585024067122617e+01
9.871408858853902402e+00 1.327631945278128534e+01 -2.987513202090353914e+01
9.892093754767461888e+00 1.329748321169865832e+01 -2.975690427165137919e+01
9.890737582607128431e+00 1.335830288921745534e+01 -2.963130676403540775e+01
9.899308753674327832e+00 1.344790340121076433e+01 -2.949300129268445048e+01
9.885387422963171744e+00 1.363972125319494921e+01 -2.926689441638608713e+01
9.903622915006589977e+00 1.376298181698724044e+01 -2.914912827168803133e+01
9.910255787450335418e+00 1.397604839626040452e+01 -2.902665513949513354e+01
9.959804178100513994e+00 1.421333449453243247e+01 -2.891317349128442515e+01
9.987149653654446624e+00 1.446251570653474694e+01 -2.884705325038336809e+01
1.002792484700825781e+01 1.475468336170323802e+01 -2.879447158196043688e+01
1.006851951228676967e+01 1.505311196092020865e+01 -2.878047784052211355e+01
1.013688232969644254e+01 1.535966857738245750e+01 -2.878499911117362231e+01
1.015802151826847499e+01 1.565990477154759830e+01 -2.879892296478687896e+01
1.022677755513776887e+01 1.589964208648591892e+01 -2.887880620050828639e+01
1.026398970290146551e+01 1.616949029134207194e+01 -2.896440030607386262e+01
1.032491149710495648e+01 1.641522850896986441e+01 -2.903497222612540085e+01
1.036588850173665932e+01 1.661247976975438334e+01 -2.913809756992154121e+01
1.041805071765218393e+01 1.682171880240743889e+01 -2.924153702193741466e+01
1.047425977376756023e+01 1.701700829454869890e+01 -2.935641406779094353e+01
1.050368224956688756e+01 1.718271105212128447e+01 -2.947470966344722854e+01
1.056179919818226409e+01 1.731720473864534426e+01 -2.958535644157664635e+01
1.059663058982020267e+01 1.745653625246518104e+01 -2.972113679565827837e+01
1.064308637830909099e+01 1.759743647457382920e+01 -2.983491632621142031e+01
1.066593471307993646e+01 1.767808924540199911e+01 -2.997092326583397082e+01
1.070703791933194360e+01 1.778475301212373338e+01 -3.008537466575595332e+01
1.075898895054103122e+01 1.791128808753004265e+01 -3.028838118021452175e+01
1.080058595983783576e+01 1.796723272288931383e+01 -3.042910595276855901e+01
1.082909660763143478e+01 1.798815614533037888e+01 -3.056589477839781210e+01
1.085467715043846049e+01 1.804782276245144956e+01 -3.069139035555394912e+01
1.090367202231905530e+01 1.808653511330532382e+01 -3.081337251049927417e+01
1.093197768881916687e+01 1.814741116390086617e+01 -3.097248018092372490e+01
1.096695920835840354e+01 1.815164061048587740e+01 -3.108000393117793791e+01
1.099179620249853606e+01 1.817998368325760339e+01 -3.122480028229689708e+01
1.102672245650044580e+01 1.820987477990713188e+01 -3.137922847751510602e+01
1.106078905325973949e+01 1.822638798100253510e+01 -3.148766432880313815e+01
1.107797191513767565e+01 1.822914929387343719e+01 -3.162178518322987486e+01
1.110923519605515430e+01 1.822922955944390822e+01 -3.175990612747222741e+01
1.114024848247575150e+01 1.822558405451825436e+01 -3.190314161171484741e+01
1.115610834658567896e+01 1.821838471601337517e+01 -3.203690583993646612e+01
1.119240594923766707e+01 1.819682604155239503e+01 -3.218133943702277833e+01
1.120720240189224626e+01 1.816339927675300814e+01 -3.231521955916749533e+01
1.126274380775472217e+01 1.815010484894512288e+01 -3.242936011707114830e+01
1.129841004905901158e+01 1.809808274233056480e+01 -3.255821830821364671e+01
1.133157985750847985e+01 1.809285857559633470e+01 -3.269889259329067954e+01
1.136600914441118704e+01 1.807016501079301563e+01 -3.283186560005096766e+01
1.139219702335161166e+01 1.804287332428308588e+01 -3.298732574862021494e+01
1.142549562957840514e+01 1.797922176553828422e+01 -3.316919952324703047e+01
1.143797346232933165e+01 1.795069772968211197e+01 -3.328136010240029208e+01
1.144172522992092844e+01 1.792020393296541414e+01 -3.342829686286826529e+01
1.146952655832703805e+01 1.786698830343802769e+01 -3.356413099004707590e+01
1.149736491288611795e+01 1.780501791767893494e+01 -3.366988939555992744e+01
1.151471618174995371e+01 1.775702288220826475e+01 -3.380377538903623247e+01
1.154264395026120127e+01 1.770795900572240100e+01 -3.391369712953752469e+01
1.156422865042370773e+01 1.766128263465407144e+01 -3.402608431573857928e+01
1.160658607829691569e+01 1.758797715743876822e+01 -3.415740221824276546e+01
1.162104982488477489e+01 1.755218792730703825e+01 -3.427023451426386202e+01
1.165492885408182744e+01 1.750179318770346271e+01 -3.436047972696623987e+01
1.165802256589195274e+01 1.744514742464575008e+01 -3.449501210313530208e+01
1.168206088861601977e+01 1.738366424954410405e+01 -3.459346737682815132e+01
1.170575384225062621e+01 1.732671715080621411e+01 -3.470882986612942744e+01
1.173383812328930986e+01 1.727398516682798402e+01 -3.480822413717104524e+01
1.175970887853923585e+01 1.722520115693403397e+01 -3.494115991589241332e+01
1.178428509102520927e+01 1.718753956459500287e+01 -3.506204500723724493e+01
1.179467699985258911e+01 1.714487176794385448e+01 -3.515943871972616819e+01
1.179963515282887165e+01 1.707956161375600956e+01 -3.526128101284071192e+01
1.181962764784870501e+01 1.701514348584640501e+01 -3.539008362295092525e+01
1.181536067523322053e+01 1.694665242851800713e+01 -3.549021653106228058e+01
1.183910120263907828e+01 1.685246735607759305e+01 -3.565906566157667612e+01
1.189246838174000587e+01 1.678469743201347697e+01 -3.576235533106388687e+01
1.188811879315433018e+01 1.672102061922603156e+01 -3.588448692623475011e+01
1.190498780130521439e+01 1.667679438389422941e+01 -3.600992653715591985e+01
1.194251518977731408e+01 1.660059870796325754e+01 -3.611043348815895371e+01
1.198644470970327802e+01 1.653444875536299108e+01 -3.622617770373983603e+01
1.201277263541155804e+01 1.648848727950436910e+01 -3.636362391374737513e+01
1.203889833019788647e+01 1.644076280500988929e+01 -3.647738002875682639e+01
1.206366791580318676e+01 1.639095355722660941e+01 -3.658761970713801048e+01
1.207014949802682580e+01 1.632222565284176952e+01 -3.671714993725746012e+01
1.206268963865601940e+01 1.627200723596901710e+01 -3.682235618899794360e+01
1.208967270034391817e+01 1.619705432373559972e+01 -3.693566347666463656e+01
1.211522216838420540e+01 1.613657539046480593e+01 -3.704669674954858039e+01
1.213751955462796239e+01 1.608705188389814822e+01 -3.715474738691865753e+01
1.214877810013725501e+01 1.601089216039750696e+01 -3.724466144224374631e+01
1.217153525667461089e+01 1.595232624911773733e+01 -3.737970086935845160e+01
1.216175697493098085e+01 1.586802790780871497e+01 -3.748296600478057172e+01
1.219650571857641808e+01 1.578663117712234154e+01 -3.759604050097977535e+01
1.221837566675599440e+01 1.570302398442014535e+01 -3.768461351753811073e+01
1.223866268675802083e+01 1.562860573289336408e+01 -3.779715356733105835e+01
1.227361721366299641e+01 1.550017132141346821e+01 -3.796252507539836074e+01
1.230863479664743032e+01 1.542915057356310271e+01 -3.805278821215384966e+01
1.232710631432271775e+01 1.535877944334058220e+01 -3.816152237681391313e+01
1.236027358716891911e+01 1.527997575492785032e+01 -3.827081783644390356e+01
1.236818038102259187e+01 1.519815208297801590e+01 -3.837013915917830786e+01
1.236249754220003894e+01 1.514311360745091939e+01 -3.850840720979518039e+01
1.236397914747709770e+01 1.504766454823485589e+01 -3.860765526726719798e+01
1.236364772990220118e+01 1.494816352002372994e+01 -3.872556144981115978e+01
1.236915753886579417e+01 1.481381843133471499e+01 -3.883539542122608879e+01
1.238069613408531389e+01 1.470538072856908407e+01 -3.892943688991306317e+01
1.240166738731368845e+01 1.457179250673643445e+01 -3.904330965593982938e+01
1.243563121087484724e+01 1.446653111515188073e+01 -3.916704629161156959e+01
1.246353839834786470e+01 1.436153677718354338e+01 -3.926899683358391258e+01
1.248706474420108492e+01 1.423326283105412315e+01 -3.937565193477855985e+01
1.246755322555691770e+01 1.409913889691057953e+01 -3.947665529435160892e+01
1.247372417928622390e+01 1.395560735526064455e+01 -3.955188407110408377e+01
1.247438767936242598e+01 1.379603550452073968e+01 -3.961923702440063977e+01
1.247205079079796519e+01 1.364314506147221806e+01 -3.968926865945988425e+01
1.245818755954523205e+01 1.342301486345036565e+01 -3.973245680516980372e+01
1.247586686715711046e+01 1.322529050159210406e+01 -3.974533420450801913e+01
1.247800410752812716e+01 1.303699080728472381e+01 -3.972085740156682476e+01
1.248625888168942133e+01 1.280489014475877951e+01 -3.962132302803973261e+01
1.247810415932239536e+01 1.270464627663976209e+01 -3.956364701088966740e+01
1.246790500614350883e+01 1.261336042913955247e+01 -3.946180507955646277e+01
1.246672170349167708e+01 1.253941543581854923e+01 -3.940406257542409207e+01
1.245167901518860276e+01 1.248649508630689553e+01 -3.933491866248250091e+01
1.240070201966137198e+01 1.244236557126183840e+01 -3.928100752132406370e+01
1.238016721892306293e+01 1.237226654694658379e+01 -3.924074872365285671e+01
1.235917418792785050e+01 1.234778592227148586e+01 -3.918519185055521348e+01
1.236889789334711232e+01 1.228319851054314249e+01 -3.916957923211985815e+01
1.236384749410215811e+01 1.222127712483133521e+01 -3.915988863925353058e+01
1.241225050285209619e+01 1.218651837880815414e+01 -3.919357543206167804e+01
1.247401139819249494e+01 1.216849776234376534e+01 -3.920978579574232725e+01
1.249496042713193411e+01 1.216688999430050266e+01 -3.926375101139055346e+01
1.253211078441280257e+01 1.218091510559776758e+01 -3.930202890977966490e+01
1.256717919427738295e+01 1.220296225696603187e+01 -3.936243046212035779e+01
1.257788459839445139e+01 1.222452171270490595e+01 -3.944071601594530563e+01
1.258158758704883873e+01 1.220028862812915094e+01 -3.952995378616015643e+01
1.259756851373282238e+01 1.222848006950011168e+01 -3.960560402154796833e+01
1.260166897434820044e+01 1.222231471296713678e+01 -3.970535023946978725e+01
1.259491874591123661e+01 1.222398263978060129e+01 -3.981132934816501745e+01
1.260639668394232515e+01 1.219386979855231345e+01 -3.991419563631240663e+01
1.264337352000189441e+01 1.218199318855063140e+01 -4.007147781769770489e+01
1.265036710133416520e+01 1.216488749598372365e+01 -4.017684541316811675e+01
1.268906734000335135e+01 1.216319706403147727e+01 -4.028874308523995751e+01
1.273592062922376300e+01 1.215516899605711565e+01 -4.042774091322047525e+01
1.276890275041171918e+01 1.217931147812706172e+01 -4.055175127876275809e+01
1.280648039102288926e+01 1.217928039123292372e+01 -4.065642311215511029e+01
1.285768904805163082e+01 1.217331616216409351e+01 -4.078812241754269508e+01
1.292017975962710885e+01 1.221837983192520660e+01 -4.094580878729820483e+01
1.294395352152121959e+01 1.226097073882431587e+01 -4.108108377877003647e+01
1.297884681351267488e+01 1.229663125640044719e+01 -4.121162134308029579e+01
1.300865832023457003e+01 1.231273661184904356e+01 -4.135930889162870727e+01
1.299948345338766487e+01 1.231648375048363597e+01 -4.150091949345204512e+01
1.301069213264491431e+01 1.232129776334308424e+01 -4.163671464902835595e+01
1.301863037777846088e+01 1.231063486539162533e+01 -4.178609364796912473e+01
1.303752851830996562e+01 1.229364721942075001e+01 -4.190600986686826701e+01
1.305432088230258003e+01 1.225001097192805943e+01 -4.204766464064517351e+01
1.310540007787550998e+01 1.222891721888911398e+01 -4.217359931301271558e+01
1.315249937946769343e+01 1.218519996131144900e+01 -4.230757351801370447e+01
1.319994629500468264e+01 1.217014705851117995e+01 -4.244140592590786554e+01
1.324792836998889101e+01 1.217600394758260052e+01 -4.259999014183500776e+01
1.329170504284848064e+01 1.217742252152759264e+01 -4.271153416215805976e+01
1.333260467340931754e+01 1.219374057959909941e+01 -4.291525186168588846e+01
1.335790766770438154e+01 1.220218055286388292e+01 -4.305543621748946492e+01
1.336863281626757782e+01 1.219668492175953212e+01 -4.317720677902273252e+01
1.339119815823130644e+01 1.217172507591023667e+01 -4.329698146486801136e+01
1.339537130652915842e+01 1.213323720195492328e+01 -4.342684125514266924e+01
1.343242986125495797e+01 1.214507634745369735e+01 -4.356896038069559296e+01
1.345888574465379861e+01 1.210326036528156912e+01 -4.366883231153156686e+01
1.347448313865952407e+01 1.207987119581261659e+01 -4.379258076627319696e+01
1.350483981546014967e+01 1.205682881712366417e+01 -4.391033881019619400e+01
1.353653824393384397e+01 1.203617143782340371e+01 -4.401981038658858125e+01
1.355741158833951587e+01 1.202819046057589780e+01 -4.414694671795475500e+01
1.358967914985814751e+01 1.201362112588264885e+01 -4.424915890942629204e+01
1.361591009602741309e+01 1.201664682862529787e+01 -4.439423759523071311e+01
1.364880907421254363e+01 1.199814427761355518e+01 -4.447360952598868522e+01
1.370626075600892868e+01 1.200287188938620453e+01 -4.460469052130118683e+01
1.370416352551688099e+01 1.202321672437830813e+01 -4.471940202905623352e+01
1.373423344378280930e+01 1.201082694187146949e+01 -4.484172418492119050e+01
1.376997605729151886e+01 1.201759913370899469e+01 -4.495885571874747200e+01
1.379237881050126369e+01 1.201540454329792951e+01 -4.509198368198105555e+01
1.382474039997540238e+01 1.202058227538208079e+01 -4.520931858146745697e+01
1.384206917500937628e+01 1.203100944903203562e+01 -4.534277085410128905e+01
1.388140469828360857e+01 1.203348336666365093e+01 -4.552944512142931899e+01
1.389210826660766251e+01 1.202354463249724681e+01 -4.565909967966438643e+01
1.392880138869711004e+01 1.202438319412174650e+01 -4.579175619042093359e+01
1.396735191237701912e+01 1.203975351974006536e+01 -4.594166362507107237e+01
1.399414427355281987e+01 1.204908497505737053e+01 -4.609862602878761351e+01
1.403624753434246131e+01 1.204724089080929872e+01 -4.623975382607927287e+01
1.407358955602106221e+01 1.207435861888059137e+01 -4.642545238062178470e+01
1.412207765365170609e+01 1.208844076785855215e+01 -4.659085885286091866e+01
1.417575400062555246e+01 1.211778715685958829e+01 -4.677725027785336209e+01
1.420431293153371577e+01 1.210949466585156387e+01 -4.698054166020922651e+01
1.421104556901524596e+01 1.212934125407816133e+01 -4.715920865975538590e+01
1.423631308727308564e+01 1.209989411577154073e+01 -4.738115651423793651e+01
1.426566301526680292e+01 1.204764011027736537e+01 -4.760507336744812790e+01
1.429964848252185661e+01 1.195668551174784433e+01 -4.781265562126290547e+01
1.431350144111293687e+01 1.185847593512622034e+01 -4.804044519793151835e+01
1.433184800833894101e+01 1.174611810671017054e+01 -4.822786960021235103e+01
1.436810082179161085e+01 1.162031774838250442e+01 -4.842602681307669599e+01
1.440632490428875201e+01 1.147586398407946007e+01 -4.859676371679532991e+01
1.442619018812183818e+01 1.138692835819798788e+01 -4.873653380882693398e+01
1.445462350816867492e+01 1.129216712676472234e+01 -4.887467666344392825e+01
1.449203958610727661e+01 1.117629031573076936e+01 -4.899559176575361619e+01
1.450174531627120089e+01 1.104170192521768357e+01 -4.919308461177170244e+01
1.452169964378443012e+01 1.098430659592887437e+01 -4.929913801272751073e+01
1.451257498241359833e+01 1.092177054709093120e+01 -4.941025390101303572e+01
1.453405774718136811e+01 1.087289878877544247e+01 -4.951389397973552065e+01
1.453312060250236826e+01 1.080494400124188559e+01 -4.961841793982716808e+01
1.454076995358837188e+01 1.076200222757076652e+01 -4.971062995809977991e+01
1.456833539744505224e+01 1.069334863570151484e+01 -4.983084351238399279e+01
1.458686750839100732e+01 1.064825997378335565e+01 -4.990346867561459732e+01
1.459356113007777900e+01 1.062552308387039623e+01 -5.001092436565446064e+01
1.461788373463440749e+01 1.057989621845411499e+01 -5.009942527898108011e+01
1.461073967159224551e+01 1.053053169689619928e+01 -5.015408981444043235e+01
1.464489393150043917e+01 1.049120010669553338e+01 -5.024094632898385271e+01
1.466185134141460722e+01 1.044987203669343678e+01 -5.029893420003575244e+01
1.467540979671522727e+01 1.041583643834325024e+01 -5.039673281354681222e+01
1.473865957675638683e+01 1.038350832126432266e+01 -5.044108022063122831e+01
1.474301524790078943e+01 1.035238315498808603e+01 -5.050704219148087759e+01
1.476406068696163842e+01 1.032798779793597888e+01 -5.058302975540489399e+01
1.477941377884280527e+01 1.029121673873040876e+01 -5.067105102580106291e+01
1.481788275901293339e+01 1.025740844132017138e+01 -5.073835623867100963e+01
1.483708884006209772e+01 1.025078501656316377e+01 -5.078606643339509219e+01
1.489074199213868077e+01 1.023460275076589987e+01 -5.088606882969467193e+01
1.488430031399469833e+01 1.023064019757987886e+01 -5.094790307831565457e+01
1.489974298537883790e+01 1.018770164246846299e+01 -5.102225325510804765e+01
1.491171918420016596e+01 1.019483592819286066e+01 -5.108530208382649107e+01
1.494382657927606495e+01 1.014817690232813518e+01 -5.113682148323265864e+01
1.491391755475699732e+01 1.014754861830721566e+01 -5.117449895356623557e+01
1.495398106515209236e+01 1.011692248336832378e+01 -5.123200274429317602e+01
1.494724414818667135e+01 1.010641431303213977e+01 -5.128424298612454635e+01
1.495918960546187826e+01 1.011318392800475863e+01 -5.132674068390628719e+01
1.498696768770955678e+01 1.009379790467302307e+01 -5.137847535159995971e+01
1.500497309762934073e+01 1.009571267943804251e+01 -5.144454416453231715e+01
1.499134340167368329e+01 1.011169337258217737e+01 -5.149176853284846089e+01
1.501063822683618376e+01 1.011992620728962677e+01 -5.154921050684569650e+01
1.503888860275086437e+01 1.014954788905967042e+01 -5.160405585759016844e+01
1.503066958223739569e+01 1.015748596193990494e+01 -5.166208203181952285e+01
1.505410041791482634e+01 1.014255003601080496e+01 -5.173253456146066753e+01
1.507866329189652177e+01 1.017776051193891185e+01 -5.176524487897383864e+01
1.508338518735808620e+01 1.017973525852638694e+01 -5.181678953369115703e+01
1.512101616218569333e+01 1.019165249599886813e+01 -5.190706713953270679e+01
1.514909140834907397e+01 1.019813492825645440e+01 -5.196718177828928731e+01
1.519405182822078793e+01 1.024406115298822861e+01 -5.203453981074622448e+01
1.527511356531456599e+01 1.028362465058699016e+01 -5.215900358412218907e+01
1.531004765716861904e+01 1.031181277793998952e+01 -5.221167940455928402e+01
1.533304614917941144e+01 1.035260331062704786e+01 -5.228814617660024311e+01
1.533964052822237534e+01 1.037554685339368810e+01 -5.235356657098864730e+01
1.536402005207751387e+01 1.041207585011884262e+01 -5.241201934206855384e+01
1.538525019965262075e+01 1.045676714858764988e+01 -5.249842378218087902e+01
1.537814114400640086e+01 1.047200200470911824e+01 -5.258151141344920632e+01
1.538290289341446027e+01 1.048424201842625969e+01 -5.265761869090935932e+01
1.539774949984411911e+01 1.049556005675009374e+01 -5.273549855186212199e+01
1.540818239006399537e+01 1.052409022852383913e+01 -5.280864972478319430e+01
1.542839613800150644e+01 1.051213116222019117e+01 -5.289148930635033707e+01
1.547192316910761889e+01 1.051959824702604962e+01 -5.296862351059689900e+01
1.551943427981974644e+01 1.052028864985072687e+01 -5.303958224310427028e+01
1.554487759757857290e+01 1.057217650235191719e+01 -5.311282735776538289e+01
1.558583737199167096e+01 1.061408910050137955e+01 -5.318218542319828401e+01
1.561629721087891021e+01 1.067070438971391511e+01 -5.327814067355528493e+01
1.566285565897302234e+01 1.072081213335002658e+01 -5.340669764713187107e+01
1.570544173207765404e+01 1.079865198102669055e+01 -5.352682453210618974e+01
1.572551704719489329e+01 1.086246821628876624e+01 -5.365300322450724479e+01
1.575844745281556669e+01 1.093354864455423048e+01 -5.380091815508654207e+01
1.577860713459632436e+01 1.095744752848847625e+01 -5.395770014532832448e+01
1.581362522347061450e+01 1.101806197964104328e+01 -5.417568444932300764e+01
1.586303555185275904e+01 1.100694605065098131e+01 -5.432521404146600474e+01
1.586262458203355230e+01 1.100162646584977111e+01 -5.448618801745016071e+01
1.588008975520804889e+01 1.099128758725761656e+01 -5.462712948359524034e+01
1.593298998470744188e+01 1.097707730494224165e+01 -5.476146865769700156e+01
1.596191576881086860e+01 1.094200132799632286e+01 -5.490065959172516585e+01
1.597534456862819319e+01 1.091547052439481114e+01 -5.503188152609956063e+01
1.602156831559943129e+01 1.087597711194574934e+01 -5.515691712558459159e+01
1.603965874085996290e+01 1.086233347574559716e+01 -5.525807221175351458e+01
1.605854201645565027e+01 1.083462081925595122e+01 -5.538137949715642350e+01
1.609436659345941578e+01 1.079691966160146599e+01 -5.549174162238719532e+01
