1.895255446434020996e+00 3.547525644302368164e+00 -1.907352209091186523e+00
1.914381623268127441e+00 3.611252069473266602e+00 -1.938674092292785645e+00
1.944072842597961426e+00 3.649330854415893555e+00 -1.956492304801940918e+00
1.977095723152160645e+00 3.704063177108764648e+00 -1.967080116271972656e+00
1.995840191841125488e+00 3.749145269393920898e+00 -1.996332883834838867e+00
2.021817445755004883e+00 3.815046072006225586e+00 -2.000835180282592773e+00
2.027957916259765625e+00 3.876518964767456055e+00 -2.024090766906738281e+00
2.053418874740600586e+00 3.937669515609741211e+00 -2.040037155151367188e+00
2.071460008621215820e+00 3.988263368606567383e+00 -2.062772750854492188e+00
2.097608566284179688e+00 4.007941722869873047e+00 -2.060566425323486328e+00
2.111424922943115234e+00 4.081401348114013672e+00 -2.071388721466064453e+00
2.169364452362060547e+00 4.160614013671875000e+00 -2.108262777328491211e+00
2.182009696960449219e+00 4.219574928283691406e+00 -2.113949060440063477e+00
2.204900979995727539e+00 4.278384685516357422e+00 -2.129477977752685547e+00
2.218377113342285156e+00 4.325179576873779297e+00 -2.140805482864379883e+00
2.273547172546386719e+00 4.389785766601562500e+00 -2.163146972656250000e+00
2.279376029968261719e+00 4.450543403625488281e+00 -2.168915271759033203e+00
2.290050745010375977e+00 4.528997421264648438e+00 -2.179536342620849609e+00
2.305820941925048828e+00 4.587144851684570312e+00 -2.187830924987792969e+00
2.342788219451904297e+00 4.652195453643798828e+00 -2.202808141708374023e+00
2.350430488586425781e+00 4.727563858032226562e+00 -2.212010860443115234e+00
2.386840105056762695e+00 4.808811664581298828e+00 -2.215460062026977539e+00
2.396141767501831055e+00 4.897406578063964844e+00 -2.238516807556152344e+00
2.421596050262451172e+00 4.957131385803222656e+00 -2.255022764205932617e+00
2.450630903244018555e+00 5.059897422790527344e+00 -2.261494636535644531e+00
2.457846641540527344e+00 5.121060371398925781e+00 -2.271970272064208984e+00
2.491995334625244141e+00 5.210112094879150391e+00 -2.266669511795043945e+00
2.511089086532592773e+00 5.304476261138916016e+00 -2.297472000122070312e+00
2.538707494735717773e+00 5.388491153717041016e+00 -2.300843954086303711e+00
2.563920259475708008e+00 5.503190040588378906e+00 -2.314766645431518555e+00
2.576075553894042969e+00 5.565319538116455078e+00 -2.311692953109741211e+00
2.597555398941040039e+00 5.692922592163085938e+00 -2.328104496002197266e+00
2.653314113616943359e+00 5.836491584777832031e+00 -2.361775636672973633e+00
2.672214984893798828e+00 5.945980072021484375e+00 -2.354285955429077148e+00
2.714347839355468750e+00 6.042221546173095703e+00 -2.366719961166381836e+00
2.723919868469238281e+00 6.152110099792480469e+00 -2.360589981079101562e+00
2.753005981445312500e+00 6.251066684722900391e+00 -2.387421846389770508e+00
2.769676446914672852e+00 6.369416713714599609e+00 -2.382426738739013672e+00
2.811531782150268555e+00 6.471326828002929688e+00 -2.392419099807739258e+00
2.845446825027465820e+00 6.589109420776367188e+00 -2.397984266281127930e+00
2.857682704925537109e+00 6.711112022399902344e+00 -2.410684823989868164e+00
2.896101951599121094e+00 6.830980300903320312e+00 -2.417110681533813477e+00
2.931706666946411133e+00 6.976756572723388672e+00 -2.430225133895874023e+00
2.954868078231811523e+00 7.111961364746093750e+00 -2.452825546264648438e+00
2.980774164199829102e+00 7.228649616241455078e+00 -2.443560123443603516e+00
3.018637657165527344e+00 7.370821475982666016e+00 -2.451313972473144531e+00
3.035736083984375000e+00 7.528540611267089844e+00 -2.476430177688598633e+00
3.074534654617309570e+00 7.665807247161865234e+00 -2.495459794998168945e+00
3.107224464416503906e+00 7.807739257812500000e+00 -2.497005701065063477e+00
3.138771772384643555e+00 7.965463161468505859e+00 -2.513826608657836914e+00
3.178348064422607422e+00 8.130958557128906250e+00 -2.532648563385009766e+00
3.208067178726196289e+00 8.268376350402832031e+00 -2.557409524917602539e+00
3.240423202514648438e+00 8.434160232543945312e+00 -2.576750755310058594e+00
3.289172887802124023e+00 8.706827163696289062e+00 -2.595175981521606445e+00
3.324032545089721680e+00 8.875374794006347656e+00 -2.623332023620605469e+00
3.364342689514160156e+00 9.055521965026855469e+00 -2.638309478759765625e+00
3.414694547653198242e+00 9.235398292541503906e+00 -2.679038047790527344e+00
3.435592889785766602e+00 9.431229591369628906e+00 -2.702910661697387695e+00
3.483554840087890625e+00 9.629923820495605469e+00 -2.725390195846557617e+00
3.508238554000854492e+00 9.832688331604003906e+00 -2.750922203063964844e+00
3.573087215423583984e+00 1.001616001129150391e+01 -2.796185016632080078e+00
3.613714694976806641e+00 1.024351215362548828e+01 -2.831591844558715820e+00
3.634214878082275391e+00 1.045250892639160156e+01 -2.863277673721313477e+00
3.677178859710693359e+00 1.065910625457763672e+01 -2.919677495956420898e+00
3.742795944213867188e+00 1.089048004150390625e+01 -2.957508325576782227e+00
3.770497798919677734e+00 1.112322807312011719e+01 -3.011222124099731445e+00
3.844329118728637695e+00 1.136534023284912109e+01 -3.068332433700561523e+00
3.886114120483398438e+00 1.161876869201660156e+01 -3.134600400924682617e+00
3.935530900955200195e+00 1.186473560333251953e+01 -3.177184104919433594e+00
3.944839954376220703e+00 1.211622714996337891e+01 -3.252467155456542969e+00
4.005414485931396484e+00 1.238335323333740234e+01 -3.335963249206542969e+00
4.056578636169433594e+00 1.266941642761230469e+01 -3.415288209915161133e+00
4.123476028442382812e+00 1.295096397399902344e+01 -3.493938684463500977e+00
4.190949916839599609e+00 1.341627025604248047e+01 -3.646316528320312500e+00
4.261518955230712891e+00 1.370812225341796875e+01 -3.760574817657470703e+00
4.337514400482177734e+00 1.403621006011962891e+01 -3.872271299362182617e+00
4.379870414733886719e+00 1.435650539398193359e+01 -4.017981052398681641e+00
4.471261978149414062e+00 1.470272064208984375e+01 -4.177493095397949219e+00
4.537401676177978516e+00 1.506438827514648438e+01 -4.334453582763671875e+00
4.625182151794433594e+00 1.542854118347167969e+01 -4.523340702056884766e+00
4.708322048187255859e+00 1.578289794921875000e+01 -4.733093261718750000e+00
4.776959419250488281e+00 1.612673950195312500e+01 -4.967321395874023438e+00
4.880344390869140625e+00 1.651332664489746094e+01 -5.214678287506103516e+00
5.005573272705078125e+00 1.690506172180175781e+01 -5.505849838256835938e+00
5.104576110839843750e+00 1.729457855224609375e+01 -5.830415725708007812e+00
5.206252098083496094e+00 1.767717742919921875e+01 -6.217426300048828125e+00
5.312459468841552734e+00 1.805506324768066406e+01 -6.622959613800048828e+00
5.402402400970458984e+00 1.839814376831054688e+01 -7.071914196014404297e+00
5.545650959014892578e+00 1.872478103637695312e+01 -7.557243347167968750e+00
5.636499404907226562e+00 1.904281425476074219e+01 -8.071511268615722656e+00
5.744022369384765625e+00 1.932509231567382812e+01 -8.607644081115722656e+00
5.869557380676269531e+00 1.957015991210937500e+01 -9.171832084655761719e+00
5.992147922515869141e+00 1.978281974792480469e+01 -9.745080947875976562e+00
6.099768161773681641e+00 1.995187568664550781e+01 -1.034260368347167969e+01
6.290365219116210938e+00 2.018256950378417969e+01 -1.122751045227050781e+01
6.381559371948242188e+00 2.030099678039550781e+01 -1.179060077667236328e+01
6.476334571838378906e+00 2.038429069519042969e+01 -1.235812759399414062e+01
6.581909179687500000e+00 2.044897079467773438e+01 -1.292784214019775391e+01
6.673848152160644531e+00 2.052812385559082031e+01 -1.346216869354248047e+01
6.761043071746826172e+00 2.055636215209960938e+01 -1.399201202392578125e+01
6.821797370910644531e+00 2.061183929443359375e+01 -1.451559829711914062e+01
6.893518447875976562e+00 2.062252616882324219e+01 -1.497588253021240234e+01
6.960484981536865234e+00 2.062619400024414062e+01 -1.545186042785644531e+01
7.034322738647460938e+00 2.060344505310058594e+01 -1.589971160888671875e+01
7.141673564910888672e+00 2.062089157104492188e+01 -1.633310508728027344e+01
7.186003684997558594e+00 2.059215354919433594e+01 -1.673646163940429688e+01
7.238351821899414062e+00 2.057096672058105469e+01 -1.715196037292480469e+01
7.300947189331054688e+00 2.055187225341796875e+01 -1.753124046325683594e+01
7.382186889648437500e+00 2.050675964355468750e+01 -1.787720870971679688e+01
7.423683643341064453e+00 2.047760200500488281e+01 -1.824319839477539062e+01
7.488700866699218750e+00 2.047938156127929688e+01 -1.856744575500488281e+01
7.562516689300537109e+00 2.042694282531738281e+01 -1.889792442321777344e+01
7.594481468200683594e+00 2.041242599487304688e+01 -1.920505523681640625e+01
7.648584365844726562e+00 2.037187004089355469e+01 -1.951916885375976562e+01
7.700726985931396484e+00 2.031745338439941406e+01 -1.980128669738769531e+01
7.774567127227783203e+00 2.022873497009277344e+01 -2.021216583251953125e+01
7.838908672332763672e+00 2.019178199768066406e+01 -2.048723411560058594e+01
7.876808166503906250e+00 2.014056205749511719e+01 -2.073060798645019531e+01
7.912064075469970703e+00 2.010424804687500000e+01 -2.098860931396484375e+01
7.959475517272949219e+00 2.003753471374511719e+01 -2.122249603271484375e+01
8.010557174682617188e+00 1.999849128723144531e+01 -2.146025848388671875e+01
8.023183822631835938e+00 1.994441986083984375e+01 -2.167332267761230469e+01
8.076902389526367188e+00 1.988444709777832031e+01 -2.190824890136718750e+01
8.096912384033203125e+00 1.982812118530273438e+01 -2.210600852966308594e+01
8.137869834899902344e+00 1.976229286193847656e+01 -2.230418014526367188e+01
8.155423164367675781e+00 1.972490501403808594e+01 -2.249496459960937500e+01
8.186085700988769531e+00 1.965606498718261719e+01 -2.268281936645507812e+01
8.223368644714355469e+00 1.959294128417968750e+01 -2.287308502197265625e+01
8.256064414978027344e+00 1.953057479858398438e+01 -2.303817749023437500e+01
8.285341262817382812e+00 1.950522232055664062e+01 -2.322002983093261719e+01
8.312074661254882812e+00 1.944162750244140625e+01 -2.337572479248046875e+01
8.327524185180664062e+00 1.936893844604492188e+01 -2.355877685546875000e+01
8.364321708679199219e+00 1.934061050415039062e+01 -2.371624183654785156e+01
8.382281303405761719e+00 1.928715324401855469e+01 -2.387844657897949219e+01
8.411211013793945312e+00 1.923635292053222656e+01 -2.403414344787597656e+01
8.437384605407714844e+00 1.919093322753906250e+01 -2.418844223022460938e+01
8.496643066406250000e+00 1.909453964233398438e+01 -2.440865898132324219e+01
8.528530120849609375e+00 1.907872962951660156e+01 -2.453546333312988281e+01
8.530093193054199219e+00 1.901492691040039062e+01 -2.469320678710937500e+01
8.572643280029296875e+00 1.897234725952148438e+01 -2.480632781982421875e+01
8.606049537658691406e+00 1.891650199890136719e+01 -2.494760322570800781e+01
8.623090744018554688e+00 1.886034011840820312e+01 -2.506794548034667969e+01
8.641878128051757812e+00 1.881899261474609375e+01 -2.518971252441406250e+01
8.685503005981445312e+00 1.877795982360839844e+01 -2.530931091308593750e+01
8.694880485534667969e+00 1.872628021240234375e+01 -2.543349266052246094e+01
8.723664283752441406e+00 1.868177795410156250e+01 -2.554690551757812500e+01
8.724536895751953125e+00 1.863805198669433594e+01 -2.566876411437988281e+01
8.761738777160644531e+00 1.860991477966308594e+01 -2.578665542602539062e+01
8.781668663024902344e+00 1.855353546142578125e+01 -2.589799308776855469e+01
8.814370155334472656e+00 1.849113464355468750e+01 -2.601669120788574219e+01
8.837265968322753906e+00 1.845474433898925781e+01 -2.612243843078613281e+01
8.864324569702148438e+00 1.842323493957519531e+01 -2.624065017700195312e+01
8.897491455078125000e+00 1.837266159057617188e+01 -2.633618545532226562e+01
8.907527923583984375e+00 1.829923629760742188e+01 -2.644955062866210938e+01
8.944497108459472656e+00 1.825759887695312500e+01 -2.655302619934082031e+01
8.963572502136230469e+00 1.822089195251464844e+01 -2.666389846801757812e+01
9.006665229797363281e+00 1.818175888061523438e+01 -2.676452827453613281e+01
9.008601188659667969e+00 1.811199569702148438e+01 -2.690753364562988281e+01
9.028160095214843750e+00 1.805632781982421875e+01 -2.701976013183593750e+01
9.047954559326171875e+00 1.800019836425781250e+01 -2.711429405212402344e+01
9.068359375000000000e+00 1.793977355957031250e+01 -2.722549247741699219e+01
9.077696800231933594e+00 1.787837982177734375e+01 -2.730382728576660156e+01
9.114715576171875000e+00 1.782316970825195312e+01 -2.742297363281250000e+01
9.130106925964355469e+00 1.777428627014160156e+01 -2.750811386108398438e+01
9.149705886840820312e+00 1.773818206787109375e+01 -2.760298919677734375e+01
9.167589187622070312e+00 1.767898559570312500e+01 -2.769220352172851562e+01
9.173872947692871094e+00 1.763318634033203125e+01 -2.779057121276855469e+01
9.210277557373046875e+00 1.755499649047851562e+01 -2.787508201599121094e+01
9.220453262329101562e+00 1.750058937072753906e+01 -2.796780776977539062e+01
9.241875648498535156e+00 1.742375946044921875e+01 -2.807462120056152344e+01
9.262763023376464844e+00 1.738655471801757812e+01 -2.815263366699218750e+01
9.265202522277832031e+00 1.732219505310058594e+01 -2.824617576599121094e+01
9.296661376953125000e+00 1.724305152893066406e+01 -2.833676147460937500e+01
9.317980766296386719e+00 1.717599296569824219e+01 -2.843141746520996094e+01
9.333436012268066406e+00 1.714205169677734375e+01 -2.850590705871582031e+01
9.361004829406738281e+00 1.707197952270507812e+01 -2.858963203430175781e+01
9.352078437805175781e+00 1.701159858703613281e+01 -2.867642784118652344e+01
9.387439727783203125e+00 1.692477035522460938e+01 -2.874084663391113281e+01
9.400915145874023438e+00 1.681476402282714844e+01 -2.886703109741210938e+01
9.425885200500488281e+00 1.675624275207519531e+01 -2.893745422363281250e+01
9.416692733764648438e+00 1.667353820800781250e+01 -2.901601219177246094e+01
9.443719863891601562e+00 1.660027694702148438e+01 -2.907340812683105469e+01
9.451230049133300781e+00 1.654575347900390625e+01 -2.915513610839843750e+01
9.452646255493164062e+00 1.647247505187988281e+01 -2.922535324096679688e+01
9.483337402343750000e+00 1.638312149047851562e+01 -2.929715919494628906e+01
9.510264396667480469e+00 1.631235122680664062e+01 -2.935389137268066406e+01
9.502692222595214844e+00 1.624023628234863281e+01 -2.941111755371093750e+01
9.526686668395996094e+00 1.616125869750976562e+01 -2.948512458801269531e+01
9.536462783813476562e+00 1.610341453552246094e+01 -2.954231262207031250e+01
9.531493186950683594e+00 1.602136993408203125e+01 -2.959057426452636719e+01
9.576563835144042969e+00 1.594467544555664062e+01 -2.965882492065429688e+01
9.566035270690917969e+00 1.588697528839111328e+01 -2.971085166931152344e+01
9.585440635681152344e+00 1.581902694702148438e+01 -2.977050781250000000e+01
9.590955734252929688e+00 1.574595260620117188e+01 -2.982546806335449219e+01
9.609626770019531250e+00 1.567255115509033203e+01 -2.986705017089843750e+01
9.617796897888183594e+00 1.559912967681884766e+01 -2.991288757324218750e+01
9.632674217224121094e+00 1.554878997802734375e+01 -2.995932006835937500e+01
9.620491981506347656e+00 1.547904586791992188e+01 -3.001915359497070312e+01
9.641965866088867188e+00 1.537547016143798828e+01 -3.006133651733398438e+01
9.651690483093261719e+00 1.527592563629150391e+01 -3.010844993591308594e+01
9.656998634338378906e+00 1.520599746704101562e+01 -3.015419578552246094e+01
9.674938201904296875e+00 1.514097309112548828e+01 -3.018366050720214844e+01
9.694165229797363281e+00 1.507792758941650391e+01 -3.023240089416503906e+01
9.718719482421875000e+00 1.501303005218505859e+01 -3.025257682800292969e+01
9.714972496032714844e+00 1.493318653106689453e+01 -3.027033424377441406e+01
9.728748321533203125e+00 1.486540222167968750e+01 -3.031574249267578125e+01
9.732064247131347656e+00 1.482058620452880859e+01 -3.035307121276855469e+01
9.740280151367187500e+00 1.472608757019042969e+01 -3.039245223999023438e+01
9.756047248840332031e+00 1.466722488403320312e+01 -3.041850852966308594e+01
9.762597084045410156e+00 1.461848354339599609e+01 -3.044163703918457031e+01
9.759616851806640625e+00 1.453070449829101562e+01 -3.045894432067871094e+01
9.781389236450195312e+00 1.448514556884765625e+01 -3.049232864379882812e+01
9.766168594360351562e+00 1.440493297576904297e+01 -3.051134681701660156e+01
9.782404899597167969e+00 1.432307434082031250e+01 -3.052341270446777344e+01
9.798325538635253906e+00 1.427705287933349609e+01 -3.053652191162109375e+01
9.808039665222167969e+00 1.420795726776123047e+01 -3.055794715881347656e+01
9.809862136840820312e+00 1.413553237915039062e+01 -3.057857322692871094e+01
9.835394859313964844e+00 1.408024501800537109e+01 -3.057799530029296875e+01
9.855922698974609375e+00 1.401638603210449219e+01 -3.060191917419433594e+01
9.848383903503417969e+00 1.392272949218750000e+01 -3.058784103393554688e+01
9.841717720031738281e+00 1.386933422088623047e+01 -3.058033370971679688e+01
9.852112770080566406e+00 1.380856895446777344e+01 -3.058901786804199219e+01
9.860760688781738281e+00 1.373751354217529297e+01 -3.058179473876953125e+01
9.848858833312988281e+00 1.368122768402099609e+01 -3.056491088867187500e+01
9.860140800476074219e+00 1.361819934844970703e+01 -3.054940223693847656e+01
9.867764472961425781e+00 1.359263610839843750e+01 -3.054608917236328125e+01
9.855403900146484375e+00 1.353249549865722656e+01 -3.051165390014648438e+01
9.879973411560058594e+00 1.350184059143066406e+01 -3.049406051635742188e+01
9.881730079650878906e+00 1.344737243652343750e+01 -3.044779968261718750e+01
9.864360809326171875e+00 1.341595077514648438e+01 -3.040688133239746094e+01
9.880022048950195312e+00 1.337083053588867188e+01 -3.036036491394042969e+01
9.867941856384277344e+00 1.333424091339111328e+01 -3.030607414245605469e+01
9.874714851379394531e+00 1.331367015838623047e+01 -3.024190521240234375e+01
9.875808715820312500e+00 1.327169513702392578e+01 -3.016020011901855469e+01
9.862948417663574219e+00 1.326481056213378906e+01 -3.008255577087402344e+01
9.874213218688964844e+00 1.325462722778320312e+01 -2.997755813598632812e+01
9.868700981140136719e+00 1.328059673309326172e+01 -2.988198661804199219e+01
9.890337944030761719e+00 1.330162239074707031e+01 -2.975669479370117188e+01
9.891140937805175781e+00 1.336807155609130859e+01 -2.961411666870117188e+01
9.893279075622558594e+00 1.344319725036621094e+01 -2.947682762145996094e+01
9.899923324584960938e+00 1.362137699127197266e+01 -2.927225112915039062e+01
9.914985656738281250e+00 1.376737308502197266e+01 -2.913845825195312500e+01
9.918252944946289062e+00 1.398137760162353516e+01 -2.901140594482421875e+01
9.959774017333984375e+00 1.420717525482177734e+01 -2.890756607055664062e+01
9.989805221557617188e+00 1.446206092834472656e+01 -2.884875297546386719e+01
1.004378700256347656e+01 1.475058364868164062e+01 -2.880046463012695312e+01
1.007527542114257812e+01 1.504833221435546875e+01 -2.878291893005371094e+01
1.012598991394042969e+01 1.535244464874267578e+01 -2.879603576660156250e+01
1.016226291656494141e+01 1.563185882568359375e+01 -2.881684684753417969e+01
1.021746063232421875e+01 1.591929149627685547e+01 -2.888477706909179688e+01
1.026916408538818359e+01 1.616737556457519531e+01 -2.894975662231445312e+01
1.031511592864990234e+01 1.640330505371093750e+01 -2.904187965393066406e+01
1.036833953857421875e+01 1.662087059020996094e+01 -2.913391494750976562e+01
1.040884971618652344e+01 1.682913208007812500e+01 -2.924768829345703125e+01
1.047027397155761719e+01 1.702529525756835938e+01 -2.935060691833496094e+01
1.050723838806152344e+01 1.718821907043457031e+01 -2.947059631347656250e+01
1.054222488403320312e+01 1.732088851928710938e+01 -2.958852767944335938e+01
1.060150432586669922e+01 1.746483612060546875e+01 -2.971092414855957031e+01
1.063157558441162109e+01 1.757820892333984375e+01 -2.983519363403320312e+01
1.066514873504638672e+01 1.769121932983398438e+01 -2.996664237976074219e+01
1.069274711608886719e+01 1.777936744689941406e+01 -3.009734344482421875e+01
1.075144386291503906e+01 1.790563774108886719e+01 -3.028535842895507812e+01
1.077779674530029297e+01 1.796112442016601562e+01 -3.042149162292480469e+01
1.081200313568115234e+01 1.800443840026855469e+01 -3.055003738403320312e+01
1.085452938079833984e+01 1.805650329589843750e+01 -3.068870925903320312e+01
1.090323162078857422e+01 1.807909584045410156e+01 -3.082233619689941406e+01
1.093613433837890625e+01 1.812826156616210938e+01 -3.096894073486328125e+01
1.096580123901367188e+01 1.815412712097167969e+01 -3.110287857055664062e+01
1.099276828765869141e+01 1.817928695678710938e+01 -3.122395706176757812e+01
1.101028537750244141e+01 1.821453285217285156e+01 -3.135705184936523438e+01
1.105239677429199219e+01 1.820223999023437500e+01 -3.148833465576171875e+01
1.108700656890869141e+01 1.822000503540039062e+01 -3.162649726867675781e+01
1.110961914062500000e+01 1.822287559509277344e+01 -3.176777076721191406e+01
1.113558387756347656e+01 1.821819877624511719e+01 -3.190386390686035156e+01
1.117026805877685547e+01 1.820924568176269531e+01 -3.203011703491210938e+01
1.118287563323974609e+01 1.819899368286132812e+01 -3.217710876464843750e+01
1.121307945251464844e+01 1.816651344299316406e+01 -3.231418609619140625e+01
1.124449253082275391e+01 1.813805961608886719e+01 -3.244614791870117188e+01
1.128237533569335938e+01 1.811192512512207031e+01 -3.256739807128906250e+01
1.133212757110595703e+01 1.807222175598144531e+01 -3.271671676635742188e+01
1.136256504058837891e+01 1.805547142028808594e+01 -3.283573150634765625e+01
1.138703727722167969e+01 1.803663253784179688e+01 -3.296801757812500000e+01
1.140688705444335938e+01 1.799081230163574219e+01 -3.316186904907226562e+01
1.143518638610839844e+01 1.794885253906250000e+01 -3.328038406372070312e+01
1.145689487457275391e+01 1.791264152526855469e+01 -3.342586898803710938e+01
1.146709632873535156e+01 1.784632492065429688e+01 -3.355159378051757812e+01
1.148238658905029297e+01 1.780304145812988281e+01 -3.367885208129882812e+01
1.150853157043457031e+01 1.774942779541015625e+01 -3.379710388183593750e+01
1.152725315093994141e+01 1.769875144958496094e+01 -3.392230987548828125e+01
1.156262779235839844e+01 1.763990783691406250e+01 -3.403274917602539062e+01
1.158947372436523438e+01 1.759885215759277344e+01 -3.415607452392578125e+01
1.162261486053466797e+01 1.756856727600097656e+01 -3.425869369506835938e+01
1.163856220245361328e+01 1.750483322143554688e+01 -3.437431716918945312e+01
1.165612030029296875e+01 1.745013427734375000e+01 -3.450000000000000000e+01
1.167196178436279297e+01 1.738890266418457031e+01 -3.460736465454101562e+01
1.170886611938476562e+01 1.731106185913085938e+01 -3.470573043823242188e+01
1.173193168640136719e+01 1.727528953552246094e+01 -3.482234573364257812e+01
1.175930213928222656e+01 1.722379112243652344e+01 -3.495369720458984375e+01
1.178520870208740234e+01 1.719131851196289062e+01 -3.504172897338867188e+01
1.179079627990722656e+01 1.713516616821289062e+01 -3.516709518432617188e+01
1.180533981323242188e+01 1.706925201416015625e+01 -3.526601409912109375e+01
1.180731201171875000e+01 1.700534439086914062e+01 -3.538277435302734375e+01
1.181401252746582031e+01 1.695262336730957031e+01 -3.548814010620117188e+01
1.184513473510742188e+01 1.684840774536132812e+01 -3.565652084350585938e+01
1.187792682647705078e+01 1.678208541870117188e+01 -3.577485656738281250e+01
1.188523387908935547e+01 1.671148872375488281e+01 -3.588371658325195312e+01
1.191416549682617188e+01 1.667395210266113281e+01 -3.599449157714843750e+01
1.195595264434814453e+01 1.659634590148925781e+01 -3.611963272094726562e+01
1.196590518951416016e+01 1.653595352172851562e+01 -3.622567749023437500e+01
1.200934028625488281e+01 1.647979927062988281e+01 -3.634954452514648438e+01
1.202973270416259766e+01 1.644819831848144531e+01 -3.647340393066406250e+01
1.204944324493408203e+01 1.639639663696289062e+01 -3.658896636962890625e+01
1.205593681335449219e+01 1.633942604064941406e+01 -3.670971298217773438e+01
1.206727409362792969e+01 1.627787971496582031e+01 -3.681639099121093750e+01
1.209536266326904297e+01 1.619887924194335938e+01 -3.692988967895507812e+01
1.210272312164306641e+01 1.613778877258300781e+01 -3.705078887939453125e+01
1.213243865966796875e+01 1.607651901245117188e+01 -3.714012145996093750e+01
1.215944862365722656e+01 1.600063514709472656e+01 -3.726221084594726562e+01
1.216950702667236328e+01 1.594445228576660156e+01 -3.735904312133789062e+01
1.217218971252441406e+01 1.587331104278564453e+01 -3.746935653686523438e+01
1.218668556213378906e+01 1.578786754608154297e+01 -3.758835983276367188e+01
1.221904468536376953e+01 1.569843769073486328e+01 -3.768382263183593750e+01
1.223374080657958984e+01 1.562795448303222656e+01 -3.779321670532226562e+01
1.226547145843505859e+01 1.548869800567626953e+01 -3.794712448120117188e+01
1.230368709564208984e+01 1.542603397369384766e+01 -3.806739425659179688e+01
1.233434200286865234e+01 1.534070777893066406e+01 -3.815609359741210938e+01
1.236037158966064453e+01 1.527493095397949219e+01 -3.826679611206054688e+01
1.236508750915527344e+01 1.521355247497558594e+01 -3.839729690551757812e+01
1.236567974090576172e+01 1.513276195526123047e+01 -3.849932098388671875e+01
1.234943771362304688e+01 1.505669212341308594e+01 -3.860845184326171875e+01
1.234796524047851562e+01 1.495459461212158203e+01 -3.870765686035156250e+01
1.236479663848876953e+01 1.482709693908691406e+01 -3.882530975341796875e+01
1.237968921661376953e+01 1.469602394104003906e+01 -3.893162536621093750e+01
1.241918468475341797e+01 1.458487701416015625e+01 -3.905189132690429688e+01
1.245329761505126953e+01 1.446170806884765625e+01 -3.916316986083984375e+01
1.246255874633789062e+01 1.435987758636474609e+01 -3.926352310180664062e+01
1.246590423583984375e+01 1.424378204345703125e+01 -3.937317657470703125e+01
1.246551799774169922e+01 1.410588264465332031e+01 -3.947292327880859375e+01
1.248249530792236328e+01 1.396369361877441406e+01 -3.956556320190429688e+01
1.247489356994628906e+01 1.380659294128417969e+01 -3.962888717651367188e+01
1.246550559997558594e+01 1.363898468017578125e+01 -3.968095397949218750e+01
1.247913265228271484e+01 1.342934036254882812e+01 -3.973125457763671875e+01
1.247845935821533203e+01 1.321705818176269531e+01 -3.972851181030273438e+01
1.246982860565185547e+01 1.303639316558837891e+01 -3.972237777709960938e+01
1.248628330230712891e+01 1.282443809509277344e+01 -3.962656021118164062e+01
1.247426033020019531e+01 1.270302391052246094e+01 -3.955553817749023438e+01
1.246302223205566406e+01 1.262002658843994141e+01 -3.947797393798828125e+01
1.246203804016113281e+01 1.254563808441162109e+01 -3.938821792602539062e+01
1.242774581909179688e+01 1.247523403167724609e+01 -3.932769012451171875e+01
1.241130161285400391e+01 1.244005107879638672e+01 -3.926554107666015625e+01
1.236652851104736328e+01 1.237863922119140625e+01 -3.923281478881835938e+01
1.236334800720214844e+01 1.232994174957275391e+01 -3.920405197143554688e+01
1.235926628112792969e+01 1.228111934661865234e+01 -3.917617034912109375e+01
1.237406921386718750e+01 1.223286628723144531e+01 -3.916705322265625000e+01
1.242151641845703125e+01 1.219184207916259766e+01 -3.919081878662109375e+01
1.246781253814697266e+01 1.217288970947265625e+01 -3.921781158447265625e+01
1.249541854858398438e+01 1.217936515808105469e+01 -3.926404190063476562e+01
1.254946708679199219e+01 1.218073654174804688e+01 -3.930644607543945312e+01
1.257113933563232422e+01 1.219495201110839844e+01 -3.936916732788085938e+01
1.257144165039062500e+01 1.220729541778564453e+01 -3.944232940673828125e+01
1.259251308441162109e+01 1.221483612060546875e+01 -3.952095794677734375e+01
1.260703182220458984e+01 1.222452259063720703e+01 -3.961246871948242188e+01
1.260377597808837891e+01 1.222505569458007812e+01 -3.971093368530273438e+01
1.258950233459472656e+01 1.222178363800048828e+01 -3.979779815673828125e+01
1.259407711029052734e+01 1.220653533935546875e+01 -3.990460586547851562e+01
1.263926696777343750e+01 1.217674922943115234e+01 -4.006903457641601562e+01
1.266876506805419922e+01 1.216736888885498047e+01 -4.017668533325195312e+01
1.269232559204101562e+01 1.216159725189208984e+01 -4.028806304931640625e+01
1.273376655578613281e+01 1.217356681823730469e+01 -4.041261672973632812e+01
1.276203727722167969e+01 1.217423725128173828e+01 -4.052824783325195312e+01
1.281121158599853516e+01 1.216621112823486328e+01 -4.066191482543945312e+01
1.286525058746337891e+01 1.218043422698974609e+01 -4.078441238403320312e+01
1.290481662750244141e+01 1.221745395660400391e+01 -4.094017028808593750e+01
1.295327472686767578e+01 1.224609184265136719e+01 -4.107606887817382812e+01
1.297563076019287109e+01 1.228575325012207031e+01 -4.120871734619140625e+01
1.300521755218505859e+01 1.231796550750732422e+01 -4.135446548461914062e+01
1.299681282043457031e+01 1.231949615478515625e+01 -4.149113082885742188e+01
1.299885749816894531e+01 1.233099079132080078e+01 -4.163334274291992188e+01
1.302091598510742188e+01 1.231188488006591797e+01 -4.176942825317382812e+01
1.303518581390380859e+01 1.229230213165283203e+01 -4.191043090820312500e+01
1.305707359313964844e+01 1.225473213195800781e+01 -4.204943466186523438e+01
1.309511852264404297e+01 1.221550178527832031e+01 -4.218694305419921875e+01
1.314239883422851562e+01 1.219771671295166016e+01 -4.232671356201171875e+01
1.321007728576660156e+01 1.217777538299560547e+01 -4.244594573974609375e+01
1.325056934356689453e+01 1.216860294342041016e+01 -4.258198547363281250e+01
1.329178619384765625e+01 1.217072105407714844e+01 -4.271294403076171875e+01
1.333054924011230469e+01 1.218519115447998047e+01 -4.289919281005859375e+01
1.335179233551025391e+01 1.217858314514160156e+01 -4.304359817504882812e+01
1.337471866607666016e+01 1.218113136291503906e+01 -4.317055892944335938e+01
1.337976264953613281e+01 1.217530727386474609e+01 -4.329552841186523438e+01
1.340841484069824219e+01 1.215185070037841797e+01 -4.342996597290039062e+01
1.343430995941162109e+01 1.213459968566894531e+01 -4.355900192260742188e+01
1.345534133911132812e+01 1.210068702697753906e+01 -4.367221832275390625e+01
1.348361396789550781e+01 1.209191513061523438e+01 -4.379389572143554688e+01
1.351845645904541016e+01 1.205892372131347656e+01 -4.391657257080078125e+01
1.354195404052734375e+01 1.203877258300781250e+01 -4.402184677124023438e+01
1.355502510070800781e+01 1.202817249298095703e+01 -4.414596939086914062e+01
1.358969211578369141e+01 1.201885604858398438e+01 -4.425705718994140625e+01
1.363118839263916016e+01 1.200290298461914062e+01 -4.437990188598632812e+01
1.365681934356689453e+01 1.201019954681396484e+01 -4.448500823974609375e+01
1.367541122436523438e+01 1.201076698303222656e+01 -4.461056518554687500e+01
1.371120929718017578e+01 1.201931571960449219e+01 -4.472854232788085938e+01
1.373805141448974609e+01 1.201435184478759766e+01 -4.484466934204101562e+01
1.377383899688720703e+01 1.202303981781005859e+01 -4.496282196044921875e+01
1.379617786407470703e+01 1.200580215454101562e+01 -4.509321975708007812e+01
1.383428573608398438e+01 1.201443004608154297e+01 -4.521913528442382812e+01
1.384026145935058594e+01 1.202135753631591797e+01 -4.534001541137695312e+01
1.388953399658203125e+01 1.201404476165771484e+01 -4.553373718261718750e+01
1.389211940765380859e+01 1.201607513427734375e+01 -4.564927291870117188e+01
1.392578125000000000e+01 1.203321552276611328e+01 -4.580567550659179688e+01
1.396747779846191406e+01 1.201791477203369141e+01 -4.595007705688476562e+01
1.399632930755615234e+01 1.203540992736816406e+01 -4.609360122680664062e+01
1.403118515014648438e+01 1.205169391632080078e+01 -4.624904251098632812e+01
1.407222366333007812e+01 1.208054351806640625e+01 -4.642239379882812500e+01
1.411757278442382812e+01 1.209775638580322266e+01 -4.658385467529296875e+01
1.415766429901123047e+01 1.210630989074707031e+01 -4.677509689331054688e+01
1.418984889984130859e+01 1.211361789703369141e+01 -4.696527862548828125e+01
1.421781539916992188e+01 1.212215328216552734e+01 -4.716742706298828125e+01
1.424215221405029297e+01 1.210272312164306641e+01 -4.737668609619140625e+01
1.426552772521972656e+01 1.205827903747558594e+01 -4.759493255615234375e+01
1.429523658752441406e+01 1.196595573425292969e+01 -4.780875778198242188e+01
1.431094932556152344e+01 1.187088394165039062e+01 -4.802452468872070312e+01
1.433275604248046875e+01 1.174210834503173828e+01 -4.823155975341796875e+01
1.436110496520996094e+01 1.160704517364501953e+01 -4.841063308715820312e+01
1.439153099060058594e+01 1.148964595794677734e+01 -4.858190536499023438e+01
1.443111419677734375e+01 1.140019512176513672e+01 -4.874013137817382812e+01
1.444742488861083984e+01 1.127600860595703125e+01 -4.887443161010742188e+01
1.447769832611083984e+01 1.119064331054687500e+01 -4.901253128051757812e+01
1.450350952148437500e+01 1.105985164642333984e+01 -4.918671417236328125e+01
1.451576900482177734e+01 1.098469066619873047e+01 -4.930924987792968750e+01
1.452085781097412109e+01 1.091710376739501953e+01 -4.941057586669921875e+01
1.453311252593994141e+01 1.086089611053466797e+01 -4.952028656005859375e+01
1.453284931182861328e+01 1.079709434509277344e+01 -4.963108062744140625e+01
1.454274559020996094e+01 1.074669456481933594e+01 -4.972421264648437500e+01
1.456546688079833984e+01 1.070779418945312500e+01 -4.982260894775390625e+01
1.457525348663330078e+01 1.066145992279052734e+01 -4.990254974365234375e+01
1.458937358856201172e+01 1.061824607849121094e+01 -4.998636245727539062e+01
1.460207748413085938e+01 1.057876300811767578e+01 -5.007571411132812500e+01
1.462364578247070312e+01 1.052703762054443359e+01 -5.016497039794921875e+01
1.464626693725585938e+01 1.047963905334472656e+01 -5.024013137817382812e+01
1.466961860656738281e+01 1.044430732727050781e+01 -5.031482696533203125e+01
1.467932987213134766e+01 1.040457439422607422e+01 -5.038800811767578125e+01
1.470732212066650391e+01 1.037485408782958984e+01 -5.045642089843750000e+01
1.473599338531494141e+01 1.034612846374511719e+01 -5.052254486083984375e+01
1.476349639892578125e+01 1.031035041809082031e+01 -5.058297729492187500e+01
1.479462337493896484e+01 1.029004096984863281e+01 -5.065955734252929688e+01
1.481560230255126953e+01 1.025993919372558594e+01 -5.072007369995117188e+01
1.483113574981689453e+01 1.024806880950927734e+01 -5.079256820678710938e+01
1.488334560394287109e+01 1.023414516448974609e+01 -5.088090896606445312e+01
1.488542079925537109e+01 1.022619438171386719e+01 -5.096406173706054688e+01
1.490723991394042969e+01 1.019922351837158203e+01 -5.102242279052734375e+01
1.491533470153808594e+01 1.018462753295898438e+01 -5.107636260986328125e+01
1.493600654602050781e+01 1.015560531616210938e+01 -5.113372421264648438e+01
1.493715953826904297e+01 1.014177799224853516e+01 -5.118515014648437500e+01
1.494438648223876953e+01 1.013088417053222656e+01 -5.124342727661132812e+01
1.494610214233398438e+01 1.010225009918212891e+01 -5.129081344604492188e+01
1.497431468963623047e+01 1.009155941009521484e+01 -5.134444427490234375e+01
1.497113132476806641e+01 1.009540748596191406e+01 -5.138594818115234375e+01
1.501107883453369141e+01 1.010367965698242188e+01 -5.144054412841796875e+01
1.501511859893798828e+01 1.010824775695800781e+01 -5.148770141601562500e+01
1.501408576965332031e+01 1.011157512664794922e+01 -5.154043579101562500e+01
1.503703880310058594e+01 1.014108180999755859e+01 -5.160379409790039062e+01
1.505068969726562500e+01 1.015735530853271484e+01 -5.165848922729492188e+01
1.505017375946044922e+01 1.016812419891357422e+01 -5.171340560913085938e+01
1.506229114532470703e+01 1.016999530792236328e+01 -5.177307510375976562e+01
1.509051227569580078e+01 1.018512916564941406e+01 -5.183028411865234375e+01
1.512061882019042969e+01 1.019242763519287109e+01 -5.189733886718750000e+01
1.516285800933837891e+01 1.021332073211669922e+01 -5.196632385253906250e+01
1.519746589660644531e+01 1.022785663604736328e+01 -5.203951644897460938e+01
1.526599597930908203e+01 1.027389144897460938e+01 -5.214679336547851562e+01
1.528681564331054688e+01 1.031182861328125000e+01 -5.221447753906250000e+01
1.532301139831542969e+01 1.035104274749755859e+01 -5.228348922729492188e+01
1.535777854919433594e+01 1.039464092254638672e+01 -5.236330413818359375e+01
1.536075305938720703e+01 1.042167949676513672e+01 -5.242410659790039062e+01
1.537481021881103516e+01 1.045649051666259766e+01 -5.250018310546875000e+01
1.537705039978027344e+01 1.048442459106445312e+01 -5.258621978759765625e+01
1.538982582092285156e+01 1.048704910278320312e+01 -5.265889739990234375e+01
1.539809989929199219e+01 1.049467945098876953e+01 -5.272835159301757812e+01
1.541094779968261719e+01 1.051803302764892578e+01 -5.280609130859375000e+01
1.542363929748535156e+01 1.051240921020507812e+01 -5.288486862182617188e+01
1.546980285644531250e+01 1.051914787292480469e+01 -5.296082687377929688e+01
1.551089191436767578e+01 1.054644775390625000e+01 -5.303250503540039062e+01
1.555478477478027344e+01 1.057629680633544922e+01 -5.310636520385742188e+01
1.558317852020263672e+01 1.061825561523437500e+01 -5.319914245605468750e+01
1.562953948974609375e+01 1.067790508270263672e+01 -5.328663253784179688e+01
1.566246414184570312e+01 1.073781299591064453e+01 -5.340243911743164062e+01
1.569823455810546875e+01 1.079654598236083984e+01 -5.351619720458984375e+01
1.573623085021972656e+01 1.086524963378906250e+01 -5.364002609252929688e+01
1.576145172119140625e+01 1.092758560180664062e+01 -5.379711151123046875e+01
1.579597568511962891e+01 1.097207069396972656e+01 -5.394513320922851562e+01
1.582773494720458984e+01 1.100839900970458984e+01 -5.417322921752929688e+01
1.584943866729736328e+01 1.102356433868408203e+01 -5.433920288085937500e+01
1.587135219573974609e+01 1.099673080444335938e+01 -5.447975540161132812e+01
1.589862823486328125e+01 1.099495792388916016e+01 -5.462856292724609375e+01
1.591982173919677734e+01 1.096419429779052734e+01 -5.476013946533203125e+01
1.595512008666992188e+01 1.092921066284179688e+01 -5.489871978759765625e+01
1.597982883453369141e+01 1.091487026214599609e+01 -5.502567291259765625e+01
1.601651000976562500e+01 1.088478374481201172e+01 -5.514923095703125000e+01
1.605027580261230469e+01 1.086207103729248047e+01 -5.526297760009765625e+01
1.606842613220214844e+01 1.083321380615234375e+01 -5.538451385498046875e+01
1.608282661437988281e+01 1.079356670379638672e+01 -5.549265670776367188e+01
