1.904630064964294434e+00 3.543035984039306641e+00 -1.922241687774658203e+00
1.913169264793395996e+00 3.598162174224853516e+00 -1.937194466590881348e+00
1.945902705192565918e+00 3.649206161499023438e+00 -1.959106802940368652e+00
1.962740302085876465e+00 3.700908899307250977e+00 -1.979540348052978516e+00
1.984071016311645508e+00 3.756370067596435547e+00 -1.994510054588317871e+00
2.028069257736206055e+00 3.819221735000610352e+00 -2.008204460144042969e+00
2.039792060852050781e+00 3.876009702682495117e+00 -2.020604610443115234e+00
2.058742284774780273e+00 3.923421621322631836e+00 -2.040045022964477539e+00
2.068669795989990234e+00 3.986687660217285156e+00 -2.053730726242065430e+00
2.088110685348510742e+00 4.025850296020507812e+00 -2.070980072021484375e+00
2.127510070800781250e+00 4.074386596679687500e+00 -2.075054407119750977e+00
2.152869701385498047e+00 4.151965141296386719e+00 -2.103877782821655273e+00
2.187744379043579102e+00 4.208523273468017578e+00 -2.111235857009887695e+00
2.212789535522460938e+00 4.266778469085693359e+00 -2.122016906738281250e+00
2.230288982391357422e+00 4.325860500335693359e+00 -2.149187326431274414e+00
2.250694036483764648e+00 4.394480705261230469e+00 -2.158694267272949219e+00
2.273933410644531250e+00 4.464931964874267578e+00 -2.172574758529663086e+00
2.290783166885375977e+00 4.519016265869140625e+00 -2.187834262847900391e+00
2.309471607208251953e+00 4.589397430419921875e+00 -2.189014196395874023e+00
2.339131355285644531e+00 4.661536216735839844e+00 -2.196482419967651367e+00
2.368387699127197266e+00 4.730333328247070312e+00 -2.210731267929077148e+00
2.393488168716430664e+00 4.824253559112548828e+00 -2.222255706787109375e+00
2.394481897354125977e+00 4.897973537445068359e+00 -2.229611396789550781e+00
2.418471097946166992e+00 4.970479965209960938e+00 -2.247512102127075195e+00
2.434702157974243164e+00 5.049577713012695312e+00 -2.254713058471679688e+00
2.462448120117187500e+00 5.123110771179199219e+00 -2.272396326065063477e+00
2.491158485412597656e+00 5.211394786834716797e+00 -2.271111011505126953e+00
2.504433631896972656e+00 5.307291030883789062e+00 -2.285181999206542969e+00
2.530503749847412109e+00 5.403272628784179688e+00 -2.299083232879638672e+00
2.557641983032226562e+00 5.500252246856689453e+00 -2.309613704681396484e+00
2.576929330825805664e+00 5.591320037841796875e+00 -2.315811872482299805e+00
2.613438367843627930e+00 5.682967662811279297e+00 -2.325809001922607422e+00
2.652182102203369141e+00 5.839380741119384766e+00 -2.347393751144409180e+00
2.671609878540039062e+00 5.947678565979003906e+00 -2.354192495346069336e+00
2.700852870941162109e+00 6.047693729400634766e+00 -2.369112968444824219e+00
2.719799757003784180e+00 6.158130645751953125e+00 -2.371676206588745117e+00
2.746492147445678711e+00 6.263234138488769531e+00 -2.377896785736083984e+00
2.770984411239624023e+00 6.359396934509277344e+00 -2.381751537322998047e+00
2.808282136917114258e+00 6.482862949371337891e+00 -2.390711784362792969e+00
2.831452369689941406e+00 6.598752975463867188e+00 -2.396842479705810547e+00
2.870877742767333984e+00 6.713126182556152344e+00 -2.408871412277221680e+00
2.897823572158813477e+00 6.848677158355712891e+00 -2.419669389724731445e+00
2.921931266784667969e+00 6.978234767913818359e+00 -2.435459136962890625e+00
2.950229644775390625e+00 7.112550258636474609e+00 -2.438677549362182617e+00
2.979051351547241211e+00 7.239321708679199219e+00 -2.446331024169921875e+00
3.013167142868041992e+00 7.374870777130126953e+00 -2.454625606536865234e+00
3.042689085006713867e+00 7.517894744873046875e+00 -2.472350597381591797e+00
3.085100650787353516e+00 7.656873226165771484e+00 -2.495301246643066406e+00
3.115578413009643555e+00 7.817656040191650391e+00 -2.508042335510253906e+00
3.143715858459472656e+00 7.970809936523437500e+00 -2.522791385650634766e+00
3.173901319503784180e+00 8.126461982727050781e+00 -2.536335706710815430e+00
3.199109315872192383e+00 8.280985832214355469e+00 -2.551277637481689453e+00
3.237826824188232422e+00 8.438481330871582031e+00 -2.563873291015625000e+00
3.293442010879516602e+00 8.694394111633300781e+00 -2.594202995300292969e+00
3.329353094100952148e+00 8.881655693054199219e+00 -2.627839326858520508e+00
3.360831260681152344e+00 9.053789138793945312e+00 -2.640501260757446289e+00
3.406509637832641602e+00 9.235487937927246094e+00 -2.665760755538940430e+00
3.436353206634521484e+00 9.437568664550781250e+00 -2.698992729187011719e+00
3.472031116485595703e+00 9.630043983459472656e+00 -2.726785421371459961e+00
3.520781755447387695e+00 9.824916839599609375e+00 -2.758096218109130859e+00
3.563444852828979492e+00 1.002880382537841797e+01 -2.798697471618652344e+00
3.609760761260986328e+00 1.024193382263183594e+01 -2.827337026596069336e+00
3.634871959686279297e+00 1.044795703887939453e+01 -2.876752853393554688e+00
3.688858270645141602e+00 1.066706371307373047e+01 -2.918700933456420898e+00
3.733359813690185547e+00 1.088087177276611328e+01 -2.964807748794555664e+00
3.787793636322021484e+00 1.111929130554199219e+01 -3.017277956008911133e+00
3.837220430374145508e+00 1.135557174682617188e+01 -3.064922332763671875e+00
3.884297847747802734e+00 1.161915683746337891e+01 -3.126233100891113281e+00
3.913125753402709961e+00 1.187567424774169922e+01 -3.185912609100341797e+00
3.960160017013549805e+00 1.212726402282714844e+01 -3.250390529632568359e+00
4.014873504638671875e+00 1.239082241058349609e+01 -3.322715759277343750e+00
4.064177989959716797e+00 1.268244838714599609e+01 -3.413328409194946289e+00
4.112957954406738281e+00 1.295843029022216797e+01 -3.501540660858154297e+00
4.197571277618408203e+00 1.340733432769775391e+01 -3.650084495544433594e+00
4.263253688812255859e+00 1.372259616851806641e+01 -3.764095067977905273e+00
4.324074268341064453e+00 1.403340530395507812e+01 -3.889891624450683594e+00
4.395149230957031250e+00 1.436111545562744141e+01 -4.020243167877197266e+00
4.466389656066894531e+00 1.469782352447509766e+01 -4.174415111541748047e+00
4.552359580993652344e+00 1.505124282836914062e+01 -4.342330932617187500e+00
4.617034912109375000e+00 1.541414451599121094e+01 -4.523214340209960938e+00
4.694478034973144531e+00 1.577431106567382812e+01 -4.737304687500000000e+00
4.784847259521484375e+00 1.613993644714355469e+01 -4.960732460021972656e+00
4.896915912628173828e+00 1.651870155334472656e+01 -5.220812320709228516e+00
5.002126693725585938e+00 1.691273498535156250e+01 -5.512486457824707031e+00
5.103823661804199219e+00 1.730403900146484375e+01 -5.840462207794189453e+00
5.210273265838623047e+00 1.768239593505859375e+01 -6.215391159057617188e+00
5.312306404113769531e+00 1.805110740661621094e+01 -6.623062610626220703e+00
5.408030033111572266e+00 1.840595054626464844e+01 -7.072890281677246094e+00
5.526937484741210938e+00 1.873480033874511719e+01 -7.552777767181396484e+00
5.644667148590087891e+00 1.903579139709472656e+01 -8.074452400207519531e+00
5.753499507904052734e+00 1.931036186218261719e+01 -8.611419677734375000e+00
5.876183032989501953e+00 1.957314109802246094e+01 -9.182270050048828125e+00
5.997252464294433594e+00 1.977938461303710938e+01 -9.751606941223144531e+00
6.109839916229248047e+00 1.994605064392089844e+01 -1.034359455108642578e+01
6.283860206604003906e+00 2.018241500854492188e+01 -1.121871662139892578e+01
6.381391048431396484e+00 2.029417419433593750e+01 -1.179695987701416016e+01
6.487126827239990234e+00 2.038610267639160156e+01 -1.236838340759277344e+01
6.569076538085937500e+00 2.045680427551269531e+01 -1.291928577423095703e+01
6.670421123504638672e+00 2.051561546325683594e+01 -1.346258640289306641e+01
6.757788181304931641e+00 2.056741714477539062e+01 -1.398892974853515625e+01
6.836832523345947266e+00 2.060871696472167969e+01 -1.450768566131591797e+01
6.892958164215087891e+00 2.062024116516113281e+01 -1.498473548889160156e+01
6.970186233520507812e+00 2.061677742004394531e+01 -1.545148468017578125e+01
7.050093650817871094e+00 2.060474205017089844e+01 -1.589600563049316406e+01
7.135030269622802734e+00 2.060931587219238281e+01 -1.632922363281250000e+01
7.189267158508300781e+00 2.060387229919433594e+01 -1.675097846984863281e+01
7.253476619720458984e+00 2.057470321655273438e+01 -1.714213752746582031e+01
7.317677974700927734e+00 2.054222106933593750e+01 -1.751826477050781250e+01
7.381745338439941406e+00 2.051647949218750000e+01 -1.788789558410644531e+01
7.440435886383056641e+00 2.048550224304199219e+01 -1.823955154418945312e+01
7.493019104003906250e+00 2.047454071044921875e+01 -1.857551765441894531e+01
7.548605442047119141e+00 2.043284416198730469e+01 -1.889717292785644531e+01
7.609177589416503906e+00 2.041338729858398438e+01 -1.921191024780273438e+01
7.647228240966796875e+00 2.036116981506347656e+01 -1.951387214660644531e+01
7.691547393798828125e+00 2.030564117431640625e+01 -1.979965782165527344e+01
7.790235519409179688e+00 2.023557662963867188e+01 -2.021147727966308594e+01
7.841326236724853516e+00 2.018869018554687500e+01 -2.048133277893066406e+01
7.883685588836669922e+00 2.014303398132324219e+01 -2.074206733703613281e+01
7.918723583221435547e+00 2.009520912170410156e+01 -2.099287414550781250e+01
7.955902099609375000e+00 2.003765296936035156e+01 -2.122876930236816406e+01
8.005894660949707031e+00 1.999472808837890625e+01 -2.145901298522949219e+01
8.036704063415527344e+00 1.994867515563964844e+01 -2.168183517456054688e+01
8.065131187438964844e+00 1.988466644287109375e+01 -2.189840507507324219e+01
8.103891372680664062e+00 1.982986259460449219e+01 -2.210610389709472656e+01
8.130428314208984375e+00 1.977126121520996094e+01 -2.231302642822265625e+01
8.160126686096191406e+00 1.972644042968750000e+01 -2.250295257568359375e+01
8.181574821472167969e+00 1.966326332092285156e+01 -2.269246482849121094e+01
8.212802886962890625e+00 1.959744644165039062e+01 -2.287607002258300781e+01
8.242994308471679688e+00 1.953411674499511719e+01 -2.305561828613281250e+01
8.285593986511230469e+00 1.949003219604492188e+01 -2.322113418579101562e+01
8.302167892456054688e+00 1.944084739685058594e+01 -2.339265632629394531e+01
8.330433845520019531e+00 1.939404487609863281e+01 -2.356022644042968750e+01
8.357561111450195312e+00 1.933225059509277344e+01 -2.371753120422363281e+01
8.387563705444335938e+00 1.928091621398925781e+01 -2.387587547302246094e+01
8.422740936279296875e+00 1.922746086120605469e+01 -2.403579711914062500e+01
8.446879386901855469e+00 1.919338989257812500e+01 -2.418028450012207031e+01
8.493193626403808594e+00 1.910888481140136719e+01 -2.440662002563476562e+01
8.518075942993164062e+00 1.905894279479980469e+01 -2.454296112060546875e+01
8.535631179809570312e+00 1.901425743103027344e+01 -2.467881202697753906e+01
8.571650505065917969e+00 1.896642875671386719e+01 -2.480865478515625000e+01
8.597186088562011719e+00 1.891856956481933594e+01 -2.493802070617675781e+01
8.630410194396972656e+00 1.886726570129394531e+01 -2.506085205078125000e+01
8.650351524353027344e+00 1.883423995971679688e+01 -2.518865394592285156e+01
8.685786247253417969e+00 1.877573585510253906e+01 -2.531345558166503906e+01
8.693583488464355469e+00 1.873798751831054688e+01 -2.543101692199707031e+01
8.718379974365234375e+00 1.869367790222167969e+01 -2.555757141113281250e+01
8.737126350402832031e+00 1.864707756042480469e+01 -2.567520713806152344e+01
8.760197639465332031e+00 1.859511184692382812e+01 -2.578832054138183594e+01
8.782403945922851562e+00 1.855050468444824219e+01 -2.590194320678710938e+01
8.817634582519531250e+00 1.850302314758300781e+01 -2.601423072814941406e+01
8.849775314331054688e+00 1.845969963073730469e+01 -2.612619590759277344e+01
8.863477706909179688e+00 1.841431427001953125e+01 -2.623158836364746094e+01
8.890748977661132812e+00 1.837032699584960938e+01 -2.633989143371582031e+01
8.913670539855957031e+00 1.830744743347167969e+01 -2.644992828369140625e+01
8.944098472595214844e+00 1.825998306274414062e+01 -2.655827713012695312e+01
8.979132652282714844e+00 1.822089958190917969e+01 -2.665755462646484375e+01
9.000774383544921875e+00 1.817917633056640625e+01 -2.676852035522460938e+01
9.019707679748535156e+00 1.811359786987304688e+01 -2.692046356201171875e+01
9.027828216552734375e+00 1.806811714172363281e+01 -2.701896858215332031e+01
9.046312332153320312e+00 1.799949264526367188e+01 -2.711448097229003906e+01
9.062843322753906250e+00 1.793409156799316406e+01 -2.721585083007812500e+01
9.078945159912109375e+00 1.789201164245605469e+01 -2.731665420532226562e+01
9.100188255310058594e+00 1.782711601257324219e+01 -2.740993309020996094e+01
9.127034187316894531e+00 1.777911567687988281e+01 -2.750966835021972656e+01
9.145684242248535156e+00 1.773239707946777344e+01 -2.759940338134765625e+01
9.177009582519531250e+00 1.768147277832031250e+01 -2.769289588928222656e+01
9.192024230957031250e+00 1.762870979309082031e+01 -2.779121971130371094e+01
9.196814537048339844e+00 1.756529808044433594e+01 -2.788126182556152344e+01
9.213641166687011719e+00 1.749179840087890625e+01 -2.797961235046386719e+01
9.238179206848144531e+00 1.743604660034179688e+01 -2.807834625244140625e+01
9.264953613281250000e+00 1.739167976379394531e+01 -2.816268730163574219e+01
9.271882057189941406e+00 1.731262016296386719e+01 -2.824984550476074219e+01
9.303101539611816406e+00 1.724360275268554688e+01 -2.833945083618164062e+01
9.322343826293945312e+00 1.718083763122558594e+01 -2.842750167846679688e+01
9.346819877624511719e+00 1.713021469116210938e+01 -2.851923942565917969e+01
9.359516143798828125e+00 1.706661796569824219e+01 -2.858927345275878906e+01
9.360295295715332031e+00 1.700450325012207031e+01 -2.867760467529296875e+01
9.374566078186035156e+00 1.693339157104492188e+01 -2.875208663940429688e+01
9.406500816345214844e+00 1.682807159423828125e+01 -2.885344314575195312e+01
9.414134979248046875e+00 1.675094985961914062e+01 -2.893880462646484375e+01
9.423083305358886719e+00 1.667049598693847656e+01 -2.901345825195312500e+01
9.434590339660644531e+00 1.660587310791015625e+01 -2.908707618713378906e+01
9.447853088378906250e+00 1.653710556030273438e+01 -2.915244674682617188e+01
9.465255737304687500e+00 1.646310234069824219e+01 -2.922952270507812500e+01
9.474364280700683594e+00 1.638965225219726562e+01 -2.929262161254882812e+01
9.495739936828613281e+00 1.631151962280273438e+01 -2.934973907470703125e+01
9.503254890441894531e+00 1.624351501464843750e+01 -2.942097282409667969e+01
9.519456863403320312e+00 1.616250038146972656e+01 -2.947311401367187500e+01
9.527634620666503906e+00 1.610234832763671875e+01 -2.953145027160644531e+01
9.540788650512695312e+00 1.603003120422363281e+01 -2.959458732604980469e+01
9.561210632324218750e+00 1.595763683319091797e+01 -2.965000152587890625e+01
9.567022323608398438e+00 1.588142871856689453e+01 -2.970445060729980469e+01
9.586039543151855469e+00 1.581908226013183594e+01 -2.977191543579101562e+01
9.596028327941894531e+00 1.573241615295410156e+01 -2.982172393798828125e+01
9.611000061035156250e+00 1.567111110687255859e+01 -2.987152862548828125e+01
9.625747680664062500e+00 1.560073757171630859e+01 -2.991541481018066406e+01
9.634619712829589844e+00 1.555206108093261719e+01 -2.997147941589355469e+01
9.632960319519042969e+00 1.548539352416992188e+01 -3.000844955444335938e+01
9.631564140319824219e+00 1.536756134033203125e+01 -3.006431198120117188e+01
9.648323059082031250e+00 1.528558158874511719e+01 -3.010930252075195312e+01
9.673936843872070312e+00 1.520978355407714844e+01 -3.014475059509277344e+01
9.678685188293457031e+00 1.514598369598388672e+01 -3.019000244140625000e+01
9.688028335571289062e+00 1.506792354583740234e+01 -3.021979522705078125e+01
9.714274406433105469e+00 1.500732421875000000e+01 -3.024673080444335938e+01
9.717754364013671875e+00 1.493482494354248047e+01 -3.028388786315917969e+01
9.732896804809570312e+00 1.486375522613525391e+01 -3.031667327880859375e+01
9.739578247070312500e+00 1.481428432464599609e+01 -3.035472297668457031e+01
9.744104385375976562e+00 1.473853015899658203e+01 -3.038799858093261719e+01
9.755681991577148438e+00 1.467468738555908203e+01 -3.040651702880859375e+01
9.760553359985351562e+00 1.460562992095947266e+01 -3.044157028198242188e+01
9.761981964111328125e+00 1.454143142700195312e+01 -3.046455574035644531e+01
9.776836395263671875e+00 1.447999954223632812e+01 -3.048461151123046875e+01
9.773969650268554688e+00 1.441167831420898438e+01 -3.051399421691894531e+01
9.785716056823730469e+00 1.433307552337646484e+01 -3.052935981750488281e+01
9.798640251159667969e+00 1.427651786804199219e+01 -3.054416656494140625e+01
9.806367874145507812e+00 1.420077514648437500e+01 -3.056406784057617188e+01
9.815124511718750000e+00 1.414174938201904297e+01 -3.056960678100585938e+01
9.830100059509277344e+00 1.406572628021240234e+01 -3.058518791198730469e+01
9.844909667968750000e+00 1.400854015350341797e+01 -3.059184646606445312e+01
9.849569320678710938e+00 1.393280029296875000e+01 -3.059813880920410156e+01
9.837603569030761719e+00 1.387343788146972656e+01 -3.058604431152343750e+01
9.845911979675292969e+00 1.380639743804931641e+01 -3.058913230895996094e+01
9.845983505249023438e+00 1.374325656890869141e+01 -3.058462333679199219e+01
9.853912353515625000e+00 1.368934059143066406e+01 -3.057059478759765625e+01
9.856244087219238281e+00 1.364115905761718750e+01 -3.056110191345214844e+01
9.859173774719238281e+00 1.358786201477050781e+01 -3.053505897521972656e+01
9.860392570495605469e+00 1.353445720672607422e+01 -3.051642799377441406e+01
9.869269371032714844e+00 1.348695659637451172e+01 -3.048310470581054688e+01
9.875120162963867188e+00 1.344975376129150391e+01 -3.045488929748535156e+01
9.873306274414062500e+00 1.341347885131835938e+01 -3.040326881408691406e+01
9.884911537170410156e+00 1.336027145385742188e+01 -3.035763359069824219e+01
9.873815536499023438e+00 1.332695293426513672e+01 -3.030131912231445312e+01
9.878333091735839844e+00 1.330902099609375000e+01 -3.023495101928710938e+01
9.873394966125488281e+00 1.327632904052734375e+01 -3.016876220703125000e+01
9.875363349914550781e+00 1.326113319396972656e+01 -3.007596969604492188e+01
9.881772994995117188e+00 1.325059127807617188e+01 -2.997681617736816406e+01
9.881343841552734375e+00 1.327616977691650391e+01 -2.987415313720703125e+01
9.893471717834472656e+00 1.330941963195800781e+01 -2.975346755981445312e+01
9.898569107055664062e+00 1.336530590057373047e+01 -2.962367439270019531e+01
9.899730682373046875e+00 1.344794082641601562e+01 -2.949339485168457031e+01
9.878646850585937500e+00 1.362195777893066406e+01 -2.927159500122070312e+01
9.897760391235351562e+00 1.376497268676757812e+01 -2.914103698730468750e+01
9.906400680541992188e+00 1.397104454040527344e+01 -2.901282882690429688e+01
9.959390640258789062e+00 1.420146369934082031e+01 -2.891585731506347656e+01
9.992491722106933594e+00 1.446998786926269531e+01 -2.884320068359375000e+01
1.002621364593505859e+01 1.475679683685302734e+01 -2.879946708679199219e+01
1.007584285736083984e+01 1.505047988891601562e+01 -2.878239059448242188e+01
1.012664031982421875e+01 1.535041809082031250e+01 -2.878128051757812500e+01
1.015708732604980469e+01 1.564523887634277344e+01 -2.882247543334960938e+01
1.021556758880615234e+01 1.591210556030273438e+01 -2.887982749938964844e+01
1.027490806579589844e+01 1.616644287109375000e+01 -2.894982910156250000e+01
1.033069133758544922e+01 1.640075111389160156e+01 -2.903673744201660156e+01
1.036028003692626953e+01 1.662520217895507812e+01 -2.912949562072753906e+01
1.041724014282226562e+01 1.682468605041503906e+01 -2.924578475952148438e+01
1.046205711364746094e+01 1.701373100280761719e+01 -2.935786247253417969e+01
1.050609779357910156e+01 1.718254852294921875e+01 -2.946503448486328125e+01
1.055879306793212891e+01 1.731563186645507812e+01 -2.959000968933105469e+01
1.059488201141357422e+01 1.745473098754882812e+01 -2.971406364440917969e+01
1.063111686706542969e+01 1.758380699157714844e+01 -2.983256340026855469e+01
1.066635227203369141e+01 1.768656921386718750e+01 -2.996110534667968750e+01
1.069836235046386719e+01 1.778587532043457031e+01 -3.009690475463867188e+01
1.074558067321777344e+01 1.790127563476562500e+01 -3.029273223876953125e+01
1.077914333343505859e+01 1.795398712158203125e+01 -3.042466735839843750e+01
1.082333660125732422e+01 1.800105094909667969e+01 -3.055903434753417969e+01
1.085710048675537109e+01 1.804304885864257812e+01 -3.068485641479492188e+01
1.090022277832031250e+01 1.808952903747558594e+01 -3.082677268981933594e+01
1.092922019958496094e+01 1.812936019897460938e+01 -3.096205520629882812e+01
1.096604633331298828e+01 1.816155052185058594e+01 -3.109540176391601562e+01
1.099105262756347656e+01 1.818809318542480469e+01 -3.123412513732910156e+01
1.102274894714355469e+01 1.820570373535156250e+01 -3.136694717407226562e+01
1.105844688415527344e+01 1.821870040893554688e+01 -3.149973106384277344e+01
1.108383560180664062e+01 1.821868705749511719e+01 -3.162765693664550781e+01
1.111110496520996094e+01 1.821778488159179688e+01 -3.176398468017578125e+01
1.113303947448730469e+01 1.822489929199218750e+01 -3.190744972229003906e+01
1.116470336914062500e+01 1.821232795715332031e+01 -3.203505706787109375e+01
1.118671703338623047e+01 1.820948410034179688e+01 -3.217091369628906250e+01
1.121152877807617188e+01 1.817075157165527344e+01 -3.231379699707031250e+01
1.124359130859375000e+01 1.813643836975097656e+01 -3.244416809082031250e+01
1.128414344787597656e+01 1.810485267639160156e+01 -3.257215499877929688e+01
1.133200359344482422e+01 1.808610916137695312e+01 -3.269976425170898438e+01
1.136495399475097656e+01 1.806485939025878906e+01 -3.283130645751953125e+01
1.138298225402832031e+01 1.803856658935546875e+01 -3.296591567993164062e+01
1.141202449798583984e+01 1.798938560485839844e+01 -3.315636825561523438e+01
1.142826080322265625e+01 1.794414901733398438e+01 -3.329799270629882812e+01
1.144487667083740234e+01 1.791199684143066406e+01 -3.342414474487304688e+01
1.146663093566894531e+01 1.786274337768554688e+01 -3.355352401733398438e+01
1.148698139190673828e+01 1.781090354919433594e+01 -3.368149948120117188e+01
1.151013851165771484e+01 1.775710105895996094e+01 -3.379705810546875000e+01
1.154137229919433594e+01 1.770054244995117188e+01 -3.391664505004882812e+01
1.156898117065429688e+01 1.764415740966796875e+01 -3.403916549682617188e+01
1.159857940673828125e+01 1.760158157348632812e+01 -3.414528656005859375e+01
1.162834167480468750e+01 1.755801582336425781e+01 -3.426385879516601562e+01
1.164765834808349609e+01 1.749642944335937500e+01 -3.437519836425781250e+01
1.165825557708740234e+01 1.744777488708496094e+01 -3.449563217163085938e+01
1.167481708526611328e+01 1.738493728637695312e+01 -3.460383224487304688e+01
1.171303749084472656e+01 1.732651138305664062e+01 -3.470876693725585938e+01
1.174577999114990234e+01 1.727311706542968750e+01 -3.482925415039062500e+01
1.176981163024902344e+01 1.722687721252441406e+01 -3.493228149414062500e+01
1.178004264831542969e+01 1.718673896789550781e+01 -3.505033111572265625e+01
1.179559421539306641e+01 1.713557624816894531e+01 -3.515223312377929688e+01
1.180163764953613281e+01 1.707523536682128906e+01 -3.526760101318359375e+01
1.181230258941650391e+01 1.702378654479980469e+01 -3.537480926513671875e+01
1.181794166564941406e+01 1.695026969909667969e+01 -3.548500442504882812e+01
1.185144805908203125e+01 1.684873580932617188e+01 -3.565387725830078125e+01
1.186732959747314453e+01 1.678880119323730469e+01 -3.576681518554687500e+01
1.188350105285644531e+01 1.671962928771972656e+01 -3.588286209106445312e+01
1.192084503173828125e+01 1.666720581054687500e+01 -3.600014114379882812e+01
1.194787883758544922e+01 1.659733390808105469e+01 -3.612051773071289062e+01
1.198002052307128906e+01 1.653991889953613281e+01 -3.623173904418945312e+01
1.201903533935546875e+01 1.648854255676269531e+01 -3.635229110717773438e+01
1.204177474975585938e+01 1.644410133361816406e+01 -3.647493743896484375e+01
1.205562877655029297e+01 1.638768768310546875e+01 -3.658466720581054688e+01
1.205964756011962891e+01 1.633844375610351562e+01 -3.670396041870117188e+01
1.207504558563232422e+01 1.627820777893066406e+01 -3.681607437133789062e+01
1.208851718902587891e+01 1.620714950561523438e+01 -3.692879867553710938e+01
1.211325454711914062e+01 1.613670349121093750e+01 -3.704565048217773438e+01
1.211865901947021484e+01 1.607887649536132812e+01 -3.714995574951171875e+01
1.214157390594482422e+01 1.601126670837402344e+01 -3.725642776489257812e+01
1.216307353973388672e+01 1.593826007843017578e+01 -3.737369918823242188e+01
1.216175079345703125e+01 1.586896896362304688e+01 -3.748263931274414062e+01
1.218153381347656250e+01 1.578024005889892578e+01 -3.759091186523437500e+01
1.221794128417968750e+01 1.570424461364746094e+01 -3.769464111328125000e+01
1.223107528686523438e+01 1.563111972808837891e+01 -3.778895950317382812e+01
1.226612567901611328e+01 1.549442481994628906e+01 -3.795361709594726562e+01
1.230862712860107422e+01 1.541728878021240234e+01 -3.806270599365234375e+01
1.233750057220458984e+01 1.534388256072998047e+01 -3.816403579711914062e+01
1.235802078247070312e+01 1.527705764770507812e+01 -3.827680206298828125e+01
1.236588096618652344e+01 1.522093200683593750e+01 -3.838370513916015625e+01
1.235947513580322266e+01 1.513344478607177734e+01 -3.849881362915039062e+01
1.235574054718017578e+01 1.505569839477539062e+01 -3.860693740844726562e+01
1.234911251068115234e+01 1.494886970520019531e+01 -3.872197341918945312e+01
1.236151695251464844e+01 1.482558727264404297e+01 -3.882183074951171875e+01
1.238305473327636719e+01 1.470583438873291016e+01 -3.893257141113281250e+01
1.241381645202636719e+01 1.457723617553710938e+01 -3.905144882202148438e+01
1.244192790985107422e+01 1.446104049682617188e+01 -3.915109252929687500e+01
1.247026443481445312e+01 1.435335731506347656e+01 -3.927471923828125000e+01
1.247642612457275391e+01 1.423323726654052734e+01 -3.937354278564453125e+01
1.247504329681396484e+01 1.411356163024902344e+01 -3.946828460693359375e+01
1.247521591186523438e+01 1.396234989166259766e+01 -3.955182266235351562e+01
1.248283958435058594e+01 1.379510593414306641e+01 -3.962820434570312500e+01
1.247874450683593750e+01 1.363329696655273438e+01 -3.969206237792968750e+01
1.246746921539306641e+01 1.342653274536132812e+01 -3.972134017944335938e+01
1.246776294708251953e+01 1.321970844268798828e+01 -3.973170852661132812e+01
1.247835063934326172e+01 1.303689575195312500e+01 -3.971303176879882812e+01
1.249162197113037109e+01 1.281467342376708984e+01 -3.962645721435546875e+01
1.247662067413330078e+01 1.270464992523193359e+01 -3.955738449096679688e+01
1.247246932983398438e+01 1.261214733123779297e+01 -3.947194671630859375e+01
1.245949554443359375e+01 1.254649257659912109e+01 -3.939308929443359375e+01
1.242926406860351562e+01 1.248427200317382812e+01 -3.932593154907226562e+01
1.239868831634521484e+01 1.242836666107177734e+01 -3.927180862426757812e+01
1.237428855895996094e+01 1.237429428100585938e+01 -3.922912597656250000e+01
1.236276626586914062e+01 1.233708477020263672e+01 -3.919576644897460938e+01
1.236383819580078125e+01 1.227373504638671875e+01 -3.917609786987304688e+01
1.238230133056640625e+01 1.222033882141113281e+01 -3.917780303955078125e+01
1.241647243499755859e+01 1.219639682769775391e+01 -3.918875885009765625e+01
1.246832752227783203e+01 1.217106246948242188e+01 -3.922079086303710938e+01
1.250309562683105469e+01 1.216662120819091797e+01 -3.925399780273437500e+01
1.254390621185302734e+01 1.218007755279541016e+01 -3.930687332153320312e+01
1.256867218017578125e+01 1.220359420776367188e+01 -3.936672592163085938e+01
1.257962703704833984e+01 1.221761608123779297e+01 -3.943300628662109375e+01
1.258808898925781250e+01 1.221443843841552734e+01 -3.952556228637695312e+01
1.259188556671142578e+01 1.222160625457763672e+01 -3.961281204223632812e+01
1.259428977966308594e+01 1.221976661682128906e+01 -3.970439529418945312e+01
1.259493160247802734e+01 1.222343635559082031e+01 -3.980339813232421875e+01
1.260094165802001953e+01 1.220438671112060547e+01 -3.991137313842773438e+01
1.262760066986083984e+01 1.218182182312011719e+01 -4.006342697143554688e+01
1.266243934631347656e+01 1.217358493804931641e+01 -4.018207550048828125e+01
1.269460105895996094e+01 1.216797256469726562e+01 -4.028513717651367188e+01
1.272951889038085938e+01 1.217145729064941406e+01 -4.040616226196289062e+01
1.276909923553466797e+01 1.217539978027343750e+01 -4.053133773803710938e+01
1.280966472625732422e+01 1.217280673980712891e+01 -4.066284561157226562e+01
1.285751533508300781e+01 1.219422626495361328e+01 -4.079425048828125000e+01
1.292116641998291016e+01 1.222220802307128906e+01 -4.093022155761718750e+01
1.295258045196533203e+01 1.225632953643798828e+01 -4.107705688476562500e+01
1.297480773925781250e+01 1.229559040069580078e+01 -4.121693420410156250e+01
1.298435497283935547e+01 1.231110000610351562e+01 -4.135625839233398438e+01
1.299625301361083984e+01 1.232534027099609375e+01 -4.148667526245117188e+01
1.301252937316894531e+01 1.231970214843750000e+01 -4.163470077514648438e+01
1.301698493957519531e+01 1.231424236297607422e+01 -4.177419662475585938e+01
1.303478240966796875e+01 1.229115295410156250e+01 -4.191287994384765625e+01
1.305225658416748047e+01 1.224708557128906250e+01 -4.204814529418945312e+01
1.309166526794433594e+01 1.221766567230224609e+01 -4.218650054931640625e+01
1.314585304260253906e+01 1.219564533233642578e+01 -4.232043838500976562e+01
1.320665550231933594e+01 1.217394161224365234e+01 -4.245292663574218750e+01
1.324952316284179688e+01 1.216870021820068359e+01 -4.257886886596679688e+01
1.328844261169433594e+01 1.217343139648437500e+01 -4.271764373779296875e+01
1.333555221557617188e+01 1.218778514862060547e+01 -4.291462326049804688e+01
1.335603237152099609e+01 1.218792629241943359e+01 -4.304128265380859375e+01
1.337652111053466797e+01 1.218188381195068359e+01 -4.316905593872070312e+01
1.339584255218505859e+01 1.217763900756835938e+01 -4.329709243774414062e+01
1.340391921997070312e+01 1.216026306152343750e+01 -4.343219757080078125e+01
1.342237854003906250e+01 1.213173866271972656e+01 -4.355701065063476562e+01
1.344544696807861328e+01 1.210179805755615234e+01 -4.368130111694335938e+01
1.346953201293945312e+01 1.208481025695800781e+01 -4.379384994506835938e+01
1.350366401672363281e+01 1.205680847167968750e+01 -4.391735839843750000e+01
1.353644466400146484e+01 1.204310321807861328e+01 -4.402553176879882812e+01
1.355815792083740234e+01 1.202857017517089844e+01 -4.414117050170898438e+01
1.359795761108398438e+01 1.201301002502441406e+01 -4.425661468505859375e+01
1.362291622161865234e+01 1.200559425354003906e+01 -4.437458419799804688e+01
1.365935325622558594e+01 1.200300121307373047e+01 -4.448825454711914062e+01
1.368502616882324219e+01 1.200560474395751953e+01 -4.460543060302734375e+01
1.370414257049560547e+01 1.201390647888183594e+01 -4.472348403930664062e+01
1.373696994781494141e+01 1.200853824615478516e+01 -4.484485626220703125e+01
1.376048183441162109e+01 1.202206325531005859e+01 -4.496372604370117188e+01
1.379640769958496094e+01 1.201220607757568359e+01 -4.509177017211914062e+01
1.383474254608154297e+01 1.200891208648681641e+01 -4.520598983764648438e+01
1.384503650665283203e+01 1.202667999267578125e+01 -4.532988357543945312e+01
1.388914775848388672e+01 1.202460384368896484e+01 -4.552656173706054688e+01
1.390499973297119141e+01 1.202413654327392578e+01 -4.565860748291015625e+01
1.392879295349121094e+01 1.202973937988281250e+01 -4.580097579956054688e+01
1.395458698272705078e+01 1.202137088775634766e+01 -4.594640731811523438e+01
1.400087738037109375e+01 1.204062366485595703e+01 -4.608698654174804688e+01
1.404260635375976562e+01 1.205098724365234375e+01 -4.624512100219726562e+01
1.407453727722167969e+01 1.207425212860107422e+01 -4.641486358642578125e+01
1.412280464172363281e+01 1.209474945068359375e+01 -4.659439086914062500e+01
1.415878963470458984e+01 1.210486125946044922e+01 -4.676941680908203125e+01
1.419242286682128906e+01 1.212524700164794922e+01 -4.696667480468750000e+01
1.421817302703857422e+01 1.212220668792724609e+01 -4.716856002807617188e+01
1.424902343750000000e+01 1.210753440856933594e+01 -4.737750625610351562e+01
1.426580715179443359e+01 1.205245399475097656e+01 -4.759625625610351562e+01
1.429068946838378906e+01 1.197733879089355469e+01 -4.782433319091796875e+01
1.430094623565673828e+01 1.187228012084960938e+01 -4.802698516845703125e+01
1.433404445648193359e+01 1.175021648406982422e+01 -4.822127151489257812e+01
1.436318111419677734e+01 1.161822700500488281e+01 -4.841021728515625000e+01
1.439652347564697266e+01 1.148880481719970703e+01 -4.858951568603515625e+01
1.443234062194824219e+01 1.138478279113769531e+01 -4.873667526245117188e+01
1.444775295257568359e+01 1.128665637969970703e+01 -4.887374496459960938e+01
1.446938133239746094e+01 1.117988967895507812e+01 -4.900429153442382812e+01
1.449459934234619141e+01 1.105567932128906250e+01 -4.918568038940429688e+01
1.450810241699218750e+01 1.098258590698242188e+01 -4.930897521972656250e+01
1.451389408111572266e+01 1.092116641998291016e+01 -4.940996170043945312e+01
1.452238178253173828e+01 1.086355686187744141e+01 -4.952238845825195312e+01
1.453196430206298828e+01 1.080712795257568359e+01 -4.962533569335937500e+01
1.455139255523681641e+01 1.074729824066162109e+01 -4.972750091552734375e+01
1.456177520751953125e+01 1.070680141448974609e+01 -4.981448745727539062e+01
1.458209800720214844e+01 1.066370582580566406e+01 -4.990541839599609375e+01
1.458897686004638672e+01 1.062806320190429688e+01 -4.999766159057617188e+01
1.461018848419189453e+01 1.058029365539550781e+01 -5.007634735107421875e+01
1.462357902526855469e+01 1.053672313690185547e+01 -5.015985488891601562e+01
1.464522838592529297e+01 1.048569488525390625e+01 -5.023964691162109375e+01
1.466586208343505859e+01 1.044919300079345703e+01 -5.031516647338867188e+01
1.468644714355468750e+01 1.041032314300537109e+01 -5.038260269165039062e+01
1.471434497833251953e+01 1.037068271636962891e+01 -5.045492172241210938e+01
1.472653770446777344e+01 1.035142040252685547e+01 -5.052225875854492188e+01
1.476723003387451172e+01 1.031714916229248047e+01 -5.059099578857421875e+01
1.479347896575927734e+01 1.029179763793945312e+01 -5.065681838989257812e+01
1.481979084014892578e+01 1.026849746704101562e+01 -5.072597885131835938e+01
1.484110832214355469e+01 1.024378585815429688e+01 -5.079280853271484375e+01
1.487284851074218750e+01 1.023285007476806641e+01 -5.089697265625000000e+01
1.489365577697753906e+01 1.022425174713134766e+01 -5.096120452880859375e+01
1.491519355773925781e+01 1.019731235504150391e+01 -5.102451324462890625e+01
1.491670513153076172e+01 1.018684864044189453e+01 -5.108209991455078125e+01
1.493392181396484375e+01 1.015930747985839844e+01 -5.113254547119140625e+01
1.493193149566650391e+01 1.014274692535400391e+01 -5.118473815917968750e+01
1.495035743713378906e+01 1.012147998809814453e+01 -5.124427032470703125e+01
1.495263957977294922e+01 1.010286331176757812e+01 -5.129514694213867188e+01
1.496953105926513672e+01 1.009566593170166016e+01 -5.134270095825195312e+01
1.497276973724365234e+01 1.009918403625488281e+01 -5.139004516601562500e+01
1.498434257507324219e+01 1.009856510162353516e+01 -5.144005203247070312e+01
1.500736141204833984e+01 1.010578918457031250e+01 -5.148357009887695312e+01
1.501261997222900391e+01 1.011297416687011719e+01 -5.153847503662109375e+01
1.503368854522705078e+01 1.014756965637207031e+01 -5.159957504272460938e+01
1.504403018951416016e+01 1.015953445434570312e+01 -5.165677261352539062e+01
1.505569648742675781e+01 1.016762065887451172e+01 -5.171657180786132812e+01
1.505945110321044922e+01 1.017341518402099609e+01 -5.177564239501953125e+01
1.508893013000488281e+01 1.018069553375244141e+01 -5.183635711669921875e+01
1.511992168426513672e+01 1.018698215484619141e+01 -5.190194702148437500e+01
1.516224384307861328e+01 1.020465469360351562e+01 -5.196708297729492188e+01
1.520171260833740234e+01 1.023608589172363281e+01 -5.204315567016601562e+01
1.527516460418701172e+01 1.028255558013916016e+01 -5.213772201538085938e+01
1.529416465759277344e+01 1.030986785888671875e+01 -5.221698379516601562e+01
1.533266544342041016e+01 1.034907531738281250e+01 -5.228644180297851562e+01
1.534941673278808594e+01 1.039086627960205078e+01 -5.235517501831054688e+01
1.536306953430175781e+01 1.042639827728271484e+01 -5.242828369140625000e+01
1.537377452850341797e+01 1.046018505096435547e+01 -5.250647354125976562e+01
1.538193798065185547e+01 1.048239135742187500e+01 -5.258142471313476562e+01
1.538756179809570312e+01 1.049270725250244141e+01 -5.265839004516601562e+01
1.539354133605957031e+01 1.049838256835937500e+01 -5.273534393310546875e+01
1.540913391113281250e+01 1.051537895202636719e+01 -5.280142593383789062e+01
1.543295669555664062e+01 1.051530647277832031e+01 -5.288565826416015625e+01
1.546625614166259766e+01 1.051983737945556641e+01 -5.296252441406250000e+01
1.550580787658691406e+01 1.053732395172119141e+01 -5.304052352905273438e+01
1.554950904846191406e+01 1.056774139404296875e+01 -5.311207580566406250e+01
1.557948017120361328e+01 1.061435127258300781e+01 -5.319601058959960938e+01
1.562292003631591797e+01 1.067279434204101562e+01 -5.329055786132812500e+01
1.566574668884277344e+01 1.073257923126220703e+01 -5.339704132080078125e+01
1.570567035675048828e+01 1.080352401733398438e+01 -5.351963043212890625e+01
1.573288154602050781e+01 1.087074851989746094e+01 -5.364772415161132812e+01
1.576352119445800781e+01 1.092027664184570312e+01 -5.379383087158203125e+01
1.578640174865722656e+01 1.096450424194335938e+01 -5.395386886596679688e+01
1.582413005828857422e+01 1.100463962554931641e+01 -5.417551803588867188e+01
1.584309101104736328e+01 1.100808906555175781e+01 -5.432341384887695312e+01
1.586751461029052734e+01 1.100116443634033203e+01 -5.447274398803710938e+01
1.590196418762207031e+01 1.098709869384765625e+01 -5.462628936767578125e+01
1.592442417144775391e+01 1.097052097320556641e+01 -5.476529312133789062e+01
1.595676898956298828e+01 1.092948150634765625e+01 -5.488953018188476562e+01
1.598990249633789062e+01 1.091111278533935547e+01 -5.502262496948242188e+01
1.602095222473144531e+01 1.088066101074218750e+01 -5.515056610107421875e+01
1.604464149475097656e+01 1.085475444793701172e+01 -5.526904296875000000e+01
1.605610656738281250e+01 1.083362483978271484e+01 -5.537465667724609375e+01
1.608061408996582031e+01 1.080218124389648438e+01 -5.549120712280273438e+01
