1.113578229745635140e+00 2.260137616915451009e+00 -6.783373061179683028e-02
1.119975218219672053e+00 2.295837651710659788e+00 -8.262561768707729626e-02
1.103815329218833963e+00 2.317097535532004926e+00 -4.694654487198425541e-02
1.143998883836817582e+00 2.356756657044664749e+00 -6.439403110542163411e-02
1.149314818283100115e+00 2.410955698439984474e+00 -4.167931333437923519e-02
1.148739155715193361e+00 2.428033353896641877e+00 -4.382833217477202781e-02
1.153503397954438014e+00 2.453622168258335456e+00 -3.875184148559943781e-02
1.168529297378778420e+00 2.491493101720898995e+00 -5.068386997858521925e-02
1.163727322521232121e+00 2.531016321288892534e+00 -3.409018919666242237e-02
1.198582628745720857e+00 2.589491107393885549e+00 -1.270735872136197556e-02
1.201650504568802624e+00 2.627757459425949182e+00 -2.377904912008248217e-02
1.216367736922562504e+00 2.700236432024004429e+00 -1.078670599940492747e-02
1.244842903746040230e+00 2.762577119807471338e+00 3.147091364530990327e-03
1.244289645745078277e+00 2.823758646421777652e+00 1.926282400235469761e-02
1.260995794216656973e+00 2.880182390360013667e+00 2.020833368480990169e-02
1.277316172090981805e+00 2.920877374384526437e+00 2.029459473070028760e-02
1.291036155352509818e+00 2.980212157604893886e+00 3.305785858399375859e-02
1.301928594544226270e+00 3.053054153377575020e+00 5.809147601044339221e-02
1.321917490219572056e+00 3.125904418583412170e+00 4.153088757720951874e-02
1.341728119242838302e+00 3.196061140706050185e+00 4.423008324933954544e-02
1.337717266832528340e+00 3.260423570031748763e+00 5.607226932796364333e-02
1.354435528309161585e+00 3.320972009000110692e+00 6.569567101659841424e-02
1.387315423155700556e+00 3.380891799176532597e+00 7.830188696013799798e-02
1.424613657009931034e+00 3.458706633822235865e+00 7.989706659597019256e-02
1.439405560122219763e+00 3.538328712512188279e+00 9.160229670282529768e-02
1.456716813030242585e+00 3.614998191617367684e+00 9.275383318269428412e-02
1.468940803635526038e+00 3.694789685423591763e+00 9.826289801041621086e-02
1.496724487232627299e+00 3.766358153662535457e+00 1.050874948257203428e-01
1.529425284465122159e+00 3.832931735034643239e+00 1.214401070338893551e-01
1.549918839909535384e+00 3.943871165404444934e+00 1.210337315622503074e-01
1.552123554624499580e+00 4.032040002409542190e+00 1.340903223039695003e-01
1.568640641962586457e+00 4.118310960112324004e+00 1.444016486798349042e-01
1.600725543841687193e+00 4.242855361085863031e+00 1.706793328392794129e-01
1.618250768492411895e+00 4.343607363288234602e+00 1.497096220914511666e-01
1.635541686703927633e+00 4.438130393262245121e+00 1.705310013549958814e-01
1.661815448414846408e+00 4.548779940043560011e+00 1.828200279729577382e-01
1.682865449940378566e+00 4.659225901192687758e+00 1.934981306460810957e-01
1.691102479775824952e+00 4.755127857962963667e+00 1.816717874307393343e-01
1.713568459775467012e+00 4.855243689711145727e+00 2.074628399185544370e-01
1.749754417845584831e+00 4.961288904045231263e+00 2.114759275340057365e-01
1.764069570713824975e+00 5.091745389414862544e+00 2.225422920943025129e-01
1.786769920499023723e+00 5.202024874149945077e+00 2.324950293131379242e-01
1.813043363701618338e+00 5.320412332503275721e+00 2.416323953428844984e-01
1.843683778260128081e+00 5.446523069865717659e+00 2.500687022203285093e-01
1.857045593104072800e+00 5.587304539394271963e+00 2.754788025392582163e-01
1.884089300178444004e+00 5.711355511571769128e+00 2.633352063329050252e-01
1.906552033659042245e+00 5.832964817705991400e+00 2.711657392743315742e-01
1.928054787388813862e+00 5.974003600658880586e+00 2.778755034676064772e-01
1.945031763524873725e+00 6.108509779373951787e+00 2.838858546891381285e-01
1.980067306991960763e+00 6.238227707104411657e+00 2.918430968927674396e-01
2.011172523689678471e+00 6.388925090479875557e+00 2.993336536211406163e-01
2.024001991612588647e+00 6.546740852315426906e+00 2.932995123192327358e-01
2.059038268150022333e+00 6.700371510369728334e+00 3.029710619094498902e-01
2.102193986048973340e+00 6.944206838149993288e+00 2.959783598035073404e-01
2.143250766735200319e+00 7.103814062249540484e+00 2.953575187118178125e-01
2.158686603048275643e+00 7.271950423610270775e+00 2.994208049822032480e-01
2.204929473785314453e+00 7.441259968918672918e+00 2.857786006903429432e-01
2.232763104980269642e+00 7.618992897772494111e+00 2.871814800284301916e-01
2.254615844977013506e+00 7.814360965990681862e+00 2.870470933658023638e-01
2.293512523558829397e+00 8.004363650226625992e+00 2.703805102347210387e-01
2.328590884854489396e+00 8.189507343183418442e+00 2.567317664862655557e-01
2.363411105487589481e+00 8.368453616810235474e+00 2.512207090615967697e-01
2.399599649584169381e+00 8.591667019239825009e+00 2.304707055034095897e-01
2.428771922319767906e+00 8.789772024651052007e+00 2.202974079164881083e-01
2.487346897767169995e+00 8.991982646290656689e+00 1.958067922971340746e-01
2.522728595244735583e+00 9.227673555290163421e+00 1.853386887101437785e-01
2.565831671089796817e+00 9.469010748199686134e+00 1.356613980327347202e-01
2.592080724370838141e+00 9.709329837877938019e+00 1.100571180495753393e-01
2.644704138589820452e+00 9.946317791826677635e+00 7.078932471650817293e-02
2.681544731684700977e+00 1.019727049130282026e+01 2.306769970761160873e-02
2.729426062726253654e+00 1.043949614764440526e+01 -7.043675661931227822e-03
2.764225520128141600e+00 1.070326184427270810e+01 -5.262838635052997233e-02
2.809192984996312425e+00 1.097610864343083925e+01 -1.320675113360448572e-01
2.886644873361204677e+00 1.141169774995339203e+01 -2.486145956330884366e-01
2.932807112281972550e+00 1.169309677887944687e+01 -3.179690971989249104e-01
3.015057263903459628e+00 1.199706923880579446e+01 -4.105970602491092469e-01
3.085420547951922110e+00 1.231099416290211757e+01 -5.205815541460918627e-01
3.126763926366003421e+00 1.263017071266754954e+01 -6.306623019743848868e-01
3.198310933640795106e+00 1.294810924240288230e+01 -7.692887902801734956e-01
3.287000289241235773e+00 1.327795307740109187e+01 -9.262172865523177201e-01
3.357954075194494958e+00 1.361500954282309728e+01 -1.095069924615856394e+00
3.435339638114052629e+00 1.397135895622671065e+01 -1.288520377169724229e+00
3.502720227976171330e+00 1.433802287592592783e+01 -1.508677174636586349e+00
3.588267623880004198e+00 1.468223509814314731e+01 -1.768421865963039075e+00
3.696259905363347364e+00 1.506942543023477299e+01 -2.022310048629044843e+00
3.772250259162269526e+00 1.542531327679928310e+01 -2.341616403442361438e+00
3.881676744085834851e+00 1.578506724395559324e+01 -2.677603113053930617e+00
3.982101755574474655e+00 1.614066256250620768e+01 -3.061652267769007896e+00
4.087525812766044986e+00 1.647709927739751379e+01 -3.478311102400482913e+00
4.192748571918639477e+00 1.679299765895502716e+01 -3.911934421221276992e+00
4.309190522516782806e+00 1.709991887567467472e+01 -4.394380548524262409e+00
4.423818846124117243e+00 1.734706742942582025e+01 -4.905920639027963048e+00
4.523811244458168623e+00 1.755456004170849127e+01 -5.397199059866686355e+00
4.640070333187721552e+00 1.776203086068548842e+01 -5.927966036273801365e+00
4.787793412091821743e+00 1.801945411825300170e+01 -6.734021664133511997e+00
4.895887655640614788e+00 1.814152448569193865e+01 -7.262875907501771700e+00
4.989759074716205944e+00 1.825579080341491078e+01 -7.785130419667612323e+00
5.070268649291921115e+00 1.835270027579347385e+01 -8.296157402864681174e+00
5.150878802448748850e+00 1.842282405868352413e+01 -8.787898873905112040e+00
5.239299678903329927e+00 1.846481920390071707e+01 -9.260473614067521453e+00
5.298546996826494215e+00 1.848993461355643575e+01 -9.725581309378112493e+00
5.384013553120484907e+00 1.850668996927324628e+01 -1.015461097024276604e+01
5.463240532428235596e+00 1.851794026559076300e+01 -1.057934429501604257e+01
5.529739528023062789e+00 1.849797641651501934e+01 -1.096488339188047334e+01
5.580402121249004033e+00 1.849419611890011694e+01 -1.133382495197416517e+01
5.645283836658456345e+00 1.846888797122917580e+01 -1.170974018677485340e+01
5.708239280401725679e+00 1.844055642223518277e+01 -1.205366469636738813e+01
5.746432084668606777e+00 1.842730017080042160e+01 -1.237536957634581647e+01
5.796549873140600440e+00 1.840154217306502105e+01 -1.267011852801201854e+01
5.839876661544072256e+00 1.834814916021941755e+01 -1.296207901347994884e+01
5.902776460402562542e+00 1.832302219738101456e+01 -1.323838537546273031e+01
5.938834681714372898e+00 1.829683715736383576e+01 -1.352637835220211038e+01
5.993926355013106111e+00 1.825855066032367446e+01 -1.377121372849263992e+01
6.042488072151013689e+00 1.822977699307764965e+01 -1.400938678245920777e+01
6.061658750045996413e+00 1.818625845841213717e+01 -1.424593964125582879e+01
6.121102926536753586e+00 1.811179814309030789e+01 -1.456420951480084369e+01
6.168659443937424491e+00 1.803893325031359751e+01 -1.477693358750349972e+01
6.198713295096215603e+00 1.800451543279033473e+01 -1.497354862365737738e+01
6.230099234338863035e+00 1.793184821031367449e+01 -1.516515863140129738e+01
6.288099829880542835e+00 1.788250488604992583e+01 -1.534798128333794409e+01
6.298701010527084421e+00 1.781155209484058233e+01 -1.552577561006104645e+01
6.335204934752741934e+00 1.775342482311599923e+01 -1.569661832977848981e+01
6.346591222290074441e+00 1.770851547816402416e+01 -1.586253734049034847e+01
6.379170749736633894e+00 1.765422253915065909e+01 -1.601423750260503454e+01
6.403888758758130351e+00 1.760841956723763246e+01 -1.617396741855714382e+01
6.422959758389094276e+00 1.754617799806466394e+01 -1.630352328452331534e+01
6.454527446393923285e+00 1.749584325985888356e+01 -1.645425617394232631e+01
6.462568150767248554e+00 1.745479295865166591e+01 -1.660305876483006315e+01
6.484086083649167165e+00 1.738956189284568055e+01 -1.673451266612640254e+01
6.498131388884993420e+00 1.734611574993663297e+01 -1.685236285861565264e+01
6.514120632438421765e+00 1.730091374291472661e+01 -1.697727266259707690e+01
6.528675236396011883e+00 1.724135893799903840e+01 -1.709673498199511599e+01
6.557139341585585868e+00 1.717607063722110183e+01 -1.721090276881970738e+01
6.587596709374732740e+00 1.712512800602948460e+01 -1.732454804834888407e+01
6.603974797609322600e+00 1.707190939446837064e+01 -1.743880254702667187e+01
6.622521611325380420e+00 1.702903851380549227e+01 -1.752181846649823171e+01
6.647097745872141417e+00 1.695164458439701249e+01 -1.766597198581013473e+01
6.671504931713926112e+00 1.688424535554744921e+01 -1.778680030326291828e+01
6.683382514472951286e+00 1.684832021605443941e+01 -1.786597821287680787e+01
6.712745030806262392e+00 1.680891627474052186e+01 -1.796060027585302876e+01
6.716926827704659431e+00 1.677907808309706184e+01 -1.805514112136577864e+01
6.736693695865002773e+00 1.669577289565534173e+01 -1.814461796198249033e+01
6.752517711164245817e+00 1.666109272592477453e+01 -1.823142181341784607e+01
6.795254492240564659e+00 1.661282354358908364e+01 -1.832546131838923387e+01
6.806745219427446258e+00 1.657765153851605078e+01 -1.840553977717528156e+01
6.825805676607493488e+00 1.652811014642395193e+01 -1.848174419231808230e+01
6.828257714659865307e+00 1.646021513200175335e+01 -1.857767912872931149e+01
6.840126586299317246e+00 1.641080219616146607e+01 -1.866777938701499195e+01
6.859830497879719324e+00 1.636802484369170330e+01 -1.876785440742351341e+01
6.882395396110291053e+00 1.631507701409195121e+01 -1.884931490407864629e+01
6.890133622941126745e+00 1.623999459530581646e+01 -1.891335862369373899e+01
6.899769331635636327e+00 1.621461343766704388e+01 -1.901681440248636079e+01
6.922073201362150208e+00 1.614833918426603176e+01 -1.908703381968289037e+01
6.947121989795626895e+00 1.608349889523633180e+01 -1.915942264895161529e+01
6.964604967812592307e+00 1.605262373163862932e+01 -1.923038399353140449e+01
6.960565969585771562e+00 1.598683904353428531e+01 -1.931087572082598669e+01
6.983196733234511733e+00 1.593924305665183283e+01 -1.937816510604809039e+01
6.990509140177119995e+00 1.585280381964664365e+01 -1.949606100675452680e+01
7.008429499486503289e+00 1.578916489202153173e+01 -1.955701415105933094e+01
7.015194441292181615e+00 1.573511725937876093e+01 -1.964712944860183796e+01
7.033415916192907957e+00 1.567082645229653082e+01 -1.970686676560398354e+01
7.049196528910492532e+00 1.559612331487053183e+01 -1.977853638764616662e+01
7.044243409618710317e+00 1.554870336498022709e+01 -1.983498263027795616e+01
7.071555471084749023e+00 1.547933737574679824e+01 -1.991958500871429649e+01
7.092766960055735481e+00 1.540462441803235372e+01 -1.997850823176859336e+01
7.079511092984487775e+00 1.534417317381368484e+01 -2.003956646123880248e+01
7.111410018454376036e+00 1.527568234139440584e+01 -2.012320355151708640e+01
7.131514852719621267e+00 1.520429731449852717e+01 -2.016049702666219545e+01
7.145638026595777959e+00 1.513848916216364060e+01 -2.023526004783800758e+01
7.150166100050926232e+00 1.506797467504909527e+01 -2.029085250614247116e+01
7.151830468091341153e+00 1.500524693044435409e+01 -2.035508925302465855e+01
7.154014830833397731e+00 1.492040762547740584e+01 -2.041878805517992390e+01
7.175541837157283886e+00 1.483665101073172110e+01 -2.048178595693693893e+01
7.181492839303881048e+00 1.476639171246571713e+01 -2.054062423986519548e+01
7.186899671696536096e+00 1.470107071240311036e+01 -2.059545368010147826e+01
7.214317397335007875e+00 1.459172140877669221e+01 -2.064003842180755299e+01
7.228157809721134974e+00 1.454878467543015752e+01 -2.069373591015595437e+01
7.228295465243359530e+00 1.446145473608399001e+01 -2.076043042097563074e+01
7.244393548760965196e+00 1.432827688446981540e+01 -2.084954175565166068e+01
7.260029425536985492e+00 1.426206625155200847e+01 -2.092293929387907880e+01
7.260188197376892916e+00 1.416985857271150628e+01 -2.095800844209352931e+01
7.258812406403220230e+00 1.408395413081693626e+01 -2.100312900192346532e+01
7.287665442909999847e+00 1.400130451863056358e+01 -2.105816561550040689e+01
7.293202192145192164e+00 1.391138433581584977e+01 -2.111370961091618170e+01
7.289918196052581401e+00 1.383292586890622289e+01 -2.115449090486106343e+01
7.294462897489454534e+00 1.376485333391567423e+01 -2.120434499667105754e+01
7.302361514133957954e+00 1.366818197047150818e+01 -2.123834744444939560e+01
7.299537658303257182e+00 1.356932277216486504e+01 -2.128345804911833383e+01
7.318090055734410626e+00 1.348901069258570828e+01 -2.131730160337225399e+01
7.316478404402467106e+00 1.340167606915568932e+01 -2.137203284885296384e+01
7.322191359543069211e+00 1.333443819027684007e+01 -2.139041857557040061e+01
7.325183447329794539e+00 1.325928828630351219e+01 -2.142068479736261111e+01
7.321596235284558496e+00 1.317064871464154052e+01 -2.145624596831338238e+01
7.333936017762084703e+00 1.309264263907669346e+01 -2.148710230094182450e+01
7.343071625945650993e+00 1.300922956873110081e+01 -2.149633683455295952e+01
7.345744251272583902e+00 1.290734437853935468e+01 -2.154588106832020244e+01
7.351689072492446186e+00 1.283169326891839823e+01 -2.155503433021812754e+01
7.360878807195346596e+00 1.275438928131418947e+01 -2.157607636069191059e+01
7.367849798133764949e+00 1.262811778176493505e+01 -2.161140207824825410e+01
7.378213762658472064e+00 1.257708263977301222e+01 -2.162118022502163583e+01
7.373132073967093802e+00 1.248055476665959240e+01 -2.165287934321634467e+01
7.375967577375150519e+00 1.241381255638533787e+01 -2.167570575234722696e+01
7.392924504025624621e+00 1.234248739662467642e+01 -2.167292522361202955e+01
7.391462224273201542e+00 1.226306192430319975e+01 -2.170876169082428930e+01
7.384212240077048683e+00 1.217941165581796525e+01 -2.171992479455879987e+01
7.391450871981345649e+00 1.209860051186224084e+01 -2.172552136515466614e+01
7.407264066484393616e+00 1.202253700128227543e+01 -2.172082362842365910e+01
7.407518791037809969e+00 1.193281742171840065e+01 -2.174753106207651498e+01
7.398946434656134663e+00 1.187705715326845990e+01 -2.173585614216967699e+01
7.411770995879249035e+00 1.178864797352573923e+01 -2.175139702689289578e+01
7.404504806591174493e+00 1.170686400224125023e+01 -2.175917454685371766e+01
7.416395735248310750e+00 1.163189444438855347e+01 -2.174550725593577738e+01
7.424942141623261271e+00 1.157132290176371114e+01 -2.174941867289187769e+01
7.419928778266775105e+00 1.148978717736668997e+01 -2.174798328062894726e+01
7.421457577965056451e+00 1.142974324280012866e+01 -2.172937412951562308e+01
7.427831624385560438e+00 1.134583816588946625e+01 -2.172853368573417754e+01
7.418593221605598309e+00 1.127893600730408785e+01 -2.171707558839787566e+01
7.413313307637725558e+00 1.121183463036821237e+01 -2.170928258642876685e+01
7.383488346333295205e+00 1.111972438978408384e+01 -2.169403016187702349e+01
7.405207883345753750e+00 1.102091498833268801e+01 -2.166357981986091730e+01
7.405486498820883945e+00 1.094184630751091802e+01 -2.162681752837569249e+01
7.399825224324659168e+00 1.088348307038296170e+01 -2.158686612170340169e+01
7.396752524127291117e+00 1.081970221784499309e+01 -2.155747086966557902e+01
7.395778623752821801e+00 1.078218920483903176e+01 -2.150938452805408474e+01
7.389762842588381453e+00 1.071488329862734723e+01 -2.146882728347197400e+01
7.375406396483972671e+00 1.065284021445676998e+01 -2.142142537414519765e+01
7.367929754885132354e+00 1.059808839017384052e+01 -2.135382013863313588e+01
7.354738894355522305e+00 1.054337425074988488e+01 -2.129600734125729034e+01
7.357194165035235045e+00 1.049934096682407692e+01 -2.120219859336065227e+01
7.348441490125127373e+00 1.045817169224564402e+01 -2.113388016047317564e+01
7.350418186496701090e+00 1.040823992731389858e+01 -2.106714208141121247e+01
7.347261960760424593e+00 1.038166523223083537e+01 -2.095592959239819919e+01
7.346304230365119814e+00 1.037998930581321133e+01 -2.084361550121560569e+01
7.333864281225648263e+00 1.037247240724583719e+01 -2.074408023957748171e+01
7.308431596482530601e+00 1.038375891699238096e+01 -2.059914131457399478e+01
7.314944938142539321e+00 1.038797694083836731e+01 -2.047915436467988215e+01
7.323913373226299761e+00 1.043555912302613109e+01 -2.030481995368526071e+01
7.323181602896536191e+00 1.049601417295980532e+01 -2.014075837631587973e+01
7.293166165145918534e+00 1.061444670610122820e+01 -1.996324388328535093e+01
7.308273331296598840e+00 1.075150722778090717e+01 -1.981378489295016720e+01
7.329175830015666193e+00 1.106122684586341620e+01 -1.956484075792270261e+01
7.343433513840874838e+00 1.132008867949338260e+01 -1.942354756912794400e+01
7.391561591132036924e+00 1.159817391062673941e+01 -1.934408816366095962e+01
7.437247115025810373e+00 1.189484439318003872e+01 -1.928775283645700256e+01
7.462163988900302414e+00 1.222243206925483250e+01 -1.925174647008287110e+01
7.482975613541210436e+00 1.252194632261998741e+01 -1.926175779247438413e+01
7.537728799864227724e+00 1.279530863756917647e+01 -1.929939373703541250e+01
7.581537264800203069e+00 1.303160723120679698e+01 -1.935822201417542487e+01
7.640184664659029679e+00 1.327770698675860750e+01 -1.942343690535007283e+01
7.692286711422249290e+00 1.349257495004383500e+01 -1.950021166708261333e+01
7.733248337813095397e+00 1.368509291847635367e+01 -1.958995629091480595e+01
7.784670113395622870e+00 1.383134764066110023e+01 -1.969773909505075693e+01
7.832889488816565660e+00 1.395093739385209375e+01 -1.980841578404563919e+01
7.861228242122567877e+00 1.404190359650328901e+01 -1.988713631827785022e+01
7.894780379315478491e+00 1.414826685065113132e+01 -2.000371796894499354e+01
7.925036180775831163e+00 1.422035870324870288e+01 -2.009324736531440436e+01
7.962708225028122477e+00 1.428118959435993673e+01 -2.021349378212163472e+01
7.987530735572748064e+00 1.433159124260968120e+01 -2.031395066612208922e+01
8.009293316992346590e+00 1.437796798705532808e+01 -2.041425426851092340e+01
8.019886281412444973e+00 1.439350642349987552e+01 -2.050764963658030027e+01
8.029327125039740665e+00 1.439452444250632368e+01 -2.062307105865622248e+01
8.088491231626083078e+00 1.439244655361884107e+01 -2.078960977055669801e+01
8.121868577741295780e+00 1.443749036646528516e+01 -2.088954873708018667e+01
8.118337935482863088e+00 1.440720852619210390e+01 -2.101166070583398948e+01
8.153906077439843969e+00 1.440771461213451765e+01 -2.111790394556896544e+01
8.174195278128083331e+00 1.439042184103555932e+01 -2.124677233951442545e+01
8.205110747963647810e+00 1.437728037084521659e+01 -2.135558688623797607e+01
8.241301791350251094e+00 1.435431590463435114e+01 -2.145620962714648172e+01
8.267162053842161740e+00 1.433363857116251516e+01 -2.157279872834871171e+01
8.270044365804315234e+00 1.430008860232707590e+01 -2.169247858135755536e+01
8.308925874649730758e+00 1.427895820963656526e+01 -2.181064886222921828e+01
8.331621657379798762e+00 1.424973712151416727e+01 -2.191880292946657605e+01
8.347270794421799422e+00 1.419939086972533104e+01 -2.202869358527567201e+01
8.382132172245063018e+00 1.416671363310546283e+01 -2.215050535766016893e+01
8.395533009826120718e+00 1.412511917016012042e+01 -2.223991624196683858e+01
8.431475504115482522e+00 1.407073708111139609e+01 -2.236101822385862548e+01
8.461904963174600169e+00 1.401975449077909630e+01 -2.245831735853177946e+01
8.475806676518555349e+00 1.398499917237990076e+01 -2.255615960877399573e+01
8.482863510257296014e+00 1.393183506083964573e+01 -2.266685781648271814e+01
8.511841088416405299e+00 1.388415061078702450e+01 -2.277062651106206204e+01
8.523273407357196518e+00 1.383784375583872439e+01 -2.288425827911302335e+01
8.543404623926166508e+00 1.376024476000936758e+01 -2.300288068113634310e+01
8.564632038644420575e+00 1.367237279926293247e+01 -2.314710860479228316e+01
8.587888519392501863e+00 1.363579006262381199e+01 -2.325999012986974890e+01
8.612478821088110692e+00 1.357558043452924679e+01 -2.336717345474243146e+01
8.626477123920423651e+00 1.351299247030006789e+01 -2.346835280381690936e+01
8.644509859370861804e+00 1.345365523663363483e+01 -2.358130896872260962e+01
8.666867914347836432e+00 1.341046284338368544e+01 -2.366309344289002325e+01
8.663962262831649497e+00 1.334715834788983280e+01 -2.378560129538340462e+01
8.673838630904555203e+00 1.326043424792042380e+01 -2.386628290637088412e+01
8.684811791526815483e+00 1.319902732904133380e+01 -2.396953544984752327e+01
8.720948130995953562e+00 1.314832661778238432e+01 -2.408327935486410354e+01
8.724355945958325975e+00 1.305403050928402031e+01 -2.418937445038968548e+01
8.753530040944696111e+00 1.297868740345557370e+01 -2.428848140783889065e+01
8.771746734832641224e+00 1.292322911410788855e+01 -2.438489522755997285e+01
8.782545044606697715e+00 1.285887880767156055e+01 -2.447488125006709225e+01
8.796419465186522402e+00 1.279808571668859685e+01 -2.456618162265620597e+01
8.785904021202181724e+00 1.271807734147378177e+01 -2.467380681374541140e+01
8.818399143880643720e+00 1.264816049029938938e+01 -2.476626205311877271e+01
8.831435527237580629e+00 1.257647672101256298e+01 -2.486097975301237639e+01
8.851414293099706398e+00 1.252049351167085156e+01 -2.499877778065474487e+01
8.866280245825711503e+00 1.243407246546283496e+01 -2.508515960299611436e+01
8.891966594139445235e+00 1.237100467158753148e+01 -2.519008384675445456e+01
8.921124562746046038e+00 1.227005918477816060e+01 -2.534464174211585075e+01
8.915316383009894707e+00 1.221746877853848012e+01 -2.545550458102149705e+01
8.942042995978781050e+00 1.214143021051079963e+01 -2.556391093821852678e+01
8.960453385309266494e+00 1.206103761449863221e+01 -2.567787910389662898e+01
8.982429160660224454e+00 1.199405799108764370e+01 -2.579758504904174288e+01
9.014452808679697782e+00 1.191032991384988193e+01 -2.592312970358372581e+01
9.033483068805455929e+00 1.184802776499956956e+01 -2.604874662742385993e+01
9.052399071698085109e+00 1.177119330382898887e+01 -2.615305004629225394e+01
9.084045317237164241e+00 1.169427682612781716e+01 -2.626857290073314743e+01
9.081609172332663960e+00 1.162764446854339084e+01 -2.639404463854402039e+01
9.099448208050235465e+00 1.150397764670450051e+01 -2.651073583884622309e+01
9.108914172956382060e+00 1.140514220520113930e+01 -2.660088090703773034e+01
9.140761605818713775e+00 1.132197610468753091e+01 -2.671671940910261256e+01
9.126318348006522641e+00 1.122994228253912752e+01 -2.683104790751994884e+01
9.139602135918652337e+00 1.115716166978818791e+01 -2.693960035038977097e+01
9.146063438701165893e+00 1.104732497503643884e+01 -2.704335114909344284e+01
9.169059359778724883e+00 1.095209981731659177e+01 -2.714391786137195339e+01
9.186379437374345258e+00 1.086125829798263354e+01 -2.726503969759552604e+01
9.184865444514846544e+00 1.075477454795343135e+01 -2.735907536120850025e+01
9.204331430870176689e+00 1.064422234051809468e+01 -2.747680900087549460e+01
9.225225718558528243e+00 1.050607445191034905e+01 -2.762215811463292781e+01
9.227994691011131678e+00 1.038195904031285899e+01 -2.773262717212961448e+01
9.255419790041417016e+00 1.027308183930567331e+01 -2.782711782887080787e+01
9.251383379283696584e+00 1.015831705022157649e+01 -2.793726954646051652e+01
9.278147404385292063e+00 1.001069895132195242e+01 -2.802186980681833717e+01
9.303380646065013693e+00 9.897584122392746764e+00 -2.813017300064476700e+01
9.280030322353743699e+00 9.745076666720605019e+00 -2.821832131954716161e+01
9.299596666412680790e+00 9.581205102416989305e+00 -2.828524456830368905e+01
9.286154179757717841e+00 9.404068156641944398e+00 -2.834226188718591644e+01
9.287735236558230412e+00 9.207724998964151197e+00 -2.836825143533622295e+01
9.279913874873560786e+00 9.035090363795257318e+00 -2.836153295296529819e+01
9.271481460851923373e+00 8.823374145170051364e+00 -2.829642959666094626e+01
9.261373929779416869e+00 8.661238485094267858e+00 -2.818949285236370272e+01
9.235148630710460438e+00 8.510340315980892356e+00 -2.808527325013475462e+01
9.218953135376413144e+00 8.413356708571280151e+00 -2.796145893736304089e+01
9.172881641313340495e+00 8.327927710651781723e+00 -2.783264918120361031e+01
9.174688623117202013e+00 8.276934233483434156e+00 -2.773695066270419929e+01
9.192633714731618610e+00 8.251982319986078451e+00 -2.765422879055608263e+01
9.177326396466035874e+00 8.237572915114730776e+00 -2.758841674415009138e+01
9.172572937736205745e+00 8.205411385833066618e+00 -2.754150462075040195e+01
9.178274584339899178e+00 8.197127437370335556e+00 -2.754213850458101120e+01
9.202355496531872348e+00 8.178160336712052114e+00 -2.758457637055060729e+01
9.221608010851806370e+00 8.176255333944885351e+00 -2.759615978138118919e+01
9.269305066957407746e+00 8.194614993014752713e+00 -2.765086469129945712e+01
9.296178575926372645e+00 8.208800558369835798e+00 -2.774493279973331994e+01
9.297397327520283028e+00 8.218382461641676073e+00 -2.780011324094122216e+01
9.314255472077000775e+00 8.190841606275160558e+00 -2.789088428114214935e+01
9.330742717492494620e+00 8.171980685314331083e+00 -2.798325785980717129e+01
9.368625134532297949e+00 8.169568378795052155e+00 -2.809375590581119653e+01
9.430125986696555884e+00 8.183149897279463403e+00 -2.816666110154424985e+01
9.463291291236194169e+00 8.196908790748295814e+00 -2.827365452389350153e+01
9.495566542625226703e+00 8.229404175867177429e+00 -2.838072981346629930e+01
9.513709570997594511e+00 8.226645325766414274e+00 -2.847974879940327142e+01
9.529531066792047866e+00 8.259633225124956013e+00 -2.859576837869816401e+01
9.536498409057031722e+00 8.260999882615395862e+00 -2.870474004684629676e+01
9.543748226030071891e+00 8.248386674837377086e+00 -2.879141212007705519e+01
9.582842644964518541e+00 8.234869614643406166e+00 -2.889639027464456333e+01
9.605688225252892565e+00 8.232917948625734894e+00 -2.899460617918942518e+01
9.636131508462934647e+00 8.274030763333520611e+00 -2.911251051744957863e+01
9.660908348207581042e+00 8.294395398343260339e+00 -2.921098855590266297e+01
9.670228977934888448e+00 8.307524730867534402e+00 -2.932599382528877641e+01
9.688541520097437854e+00 8.329510142823545849e+00 -2.944380820867067072e+01
9.690626422244482896e+00 8.323651167275345486e+00 -2.959459060826423027e+01
9.746292720587790726e+00 8.325543824427688477e+00 -2.971828621743604160e+01
9.777449446946453904e+00 8.326164655708632623e+00 -2.984753548186876060e+01
9.810232638715939757e+00 8.306429956750735144e+00 -2.996851816156015147e+01
9.834125229557120207e+00 8.322935399788438104e+00 -3.010676182342112739e+01
9.874596969455344819e+00 8.300314184732673795e+00 -3.020125564357716996e+01
9.881913289183938076e+00 8.328154494908076799e+00 -3.034239731995313605e+01
9.908566819523194624e+00 8.312406014850997948e+00 -3.045298046147229698e+01
9.944622472377130151e+00 8.295163282818089456e+00 -3.057565560518909464e+01
9.964234974069043460e+00 8.293408985321656601e+00 -3.068945681365768152e+01
9.987676209816036987e+00 8.274560264160593093e+00 -3.080152219919980894e+01
1.001277110613170152e+01 8.230658811929618679e+00 -3.092176781648322148e+01
1.002341049015399932e+01 8.215056265878965647e+00 -3.103090884192062404e+01
1.007760345282596504e+01 8.217206229736362388e+00 -3.113692304272373335e+01
1.010751562506935564e+01 8.193910278790898616e+00 -3.124098561494313131e+01
1.011542184419787560e+01 8.196979725809788064e+00 -3.136493062698311007e+01
1.013961372001297967e+01 8.181281162685042574e+00 -3.147396867154947131e+01
1.013078248500371537e+01 8.191225492699292232e+00 -3.156809406578723909e+01
1.016898967838236700e+01 8.176010095715918524e+00 -3.168875688223451448e+01
1.018662766619517512e+01 8.148031962970684106e+00 -3.176653828988816386e+01
1.018988429662875106e+01 8.105085797380729318e+00 -3.186718830427659199e+01
1.022284049134218087e+01 8.033823420618578126e+00 -3.200752940077146746e+01
1.026630173952872127e+01 7.995036809071455863e+00 -3.208986981455916521e+01
1.031079009183635264e+01 7.968329730022001733e+00 -3.218071396722401545e+01
1.036390191684840190e+01 7.980019511568805513e+00 -3.227074622919004554e+01
1.038985758521554992e+01 7.985157363599328484e+00 -3.235337571853925454e+01
1.040425857817674427e+01 8.007356083955635029e+00 -3.243873569997700912e+01
1.040614664651915078e+01 8.010830608044051004e+00 -3.252874890716575607e+01
1.039508747978554304e+01 7.991669235172159880e+00 -3.263102110427058733e+01
1.039228815295996888e+01 7.964587465956674883e+00 -3.271418149392783192e+01
1.042514520075414630e+01 7.947532313730781617e+00 -3.282138135239365084e+01
1.045396854507462159e+01 7.950365395124101120e+00 -3.292800557624323687e+01
1.048952687386259441e+01 7.951235742986543009e+00 -3.302926812443801197e+01
1.051688221772310428e+01 7.973793757547903205e+00 -3.315629946156645502e+01
1.052778951240083494e+01 7.977517629629030438e+00 -3.329183981358225708e+01
1.055383209023473512e+01 7.978801846385318974e+00 -3.342977718475996340e+01
1.057312496720368955e+01 7.939980463956446854e+00 -3.359122751393478268e+01
1.061179241634163617e+01 7.898551519204874083e+00 -3.377139851842368756e+01
1.065355142537526056e+01 7.789572536051557528e+00 -3.398533097239871381e+01
1.071270522839244244e+01 7.698872821143545764e+00 -3.416625725255257606e+01
1.076446258516974908e+01 7.589563216173645266e+00 -3.434366207189953002e+01
1.079217695235698393e+01 7.516733315479206645e+00 -3.448493138019736648e+01
1.080216168224355755e+01 7.417987897158215382e+00 -3.465139556522974829e+01
1.079453794328098226e+01 7.326744177932507540e+00 -3.477781748316592569e+01
1.074727071656087141e+01 7.260697937167283733e+00 -3.486459592467606683e+01
1.074186439574647522e+01 7.168746420916738415e+00 -3.490493921173512604e+01
1.074514630048741815e+01 7.102613203298274058e+00 -3.499556410760915526e+01
1.074517691637477057e+01 7.033174306309084578e+00 -3.504269235113910952e+01
1.079055467377099120e+01 6.976214298434705086e+00 -3.512029336016223624e+01
1.083065771216609363e+01 6.946714247757478589e+00 -3.517096957210371500e+01
1.085624600790181837e+01 6.938522996972650070e+00 -3.524525369795560437e+01
1.089432354817285820e+01 6.930720287930116186e+00 -3.529825500696075125e+01
1.091952240653122175e+01 6.958347421880963779e+00 -3.537796607586740549e+01
1.090861354558212604e+01 6.966552016730151564e+00 -3.544845298785551790e+01
1.093751265467160749e+01 6.944706138814171759e+00 -3.552787994622647716e+01
1.095905377374870326e+01 6.950498387524303823e+00 -3.556973956184207708e+01
1.096122916870667119e+01 6.939908392927358172e+00 -3.563336770530976594e+01
1.097704444171481875e+01 6.903185599562507768e+00 -3.569883914839056871e+01
1.098288698382560469e+01 6.877905294718326346e+00 -3.577752033405213439e+01
1.099220664193454233e+01 6.848137162658330723e+00 -3.584336561961879397e+01
1.099871545447639321e+01 6.830576679151793229e+00 -3.589270999588097766e+01
1.101162512408183680e+01 6.790897354685443865e+00 -3.595233098497133284e+01
1.103297067066138659e+01 6.750934675435576793e+00 -3.601592777927560718e+01
1.107578456065097861e+01 6.691060573499009401e+00 -3.611622958807826222e+01
1.112152365160427614e+01 6.669882994461509007e+00 -3.616794255785481482e+01
1.113629188892743294e+01 6.632854446592324926e+00 -3.622617165994711996e+01
1.115245422116980833e+01 6.627369328596771858e+00 -3.628142728980520104e+01
1.118422897863419330e+01 6.594474319555470920e+00 -3.631586587010984601e+01
1.120102896407261284e+01 6.617875204012671375e+00 -3.637145239063803359e+01
1.119573250199045589e+01 6.593643759760072776e+00 -3.643351611676423119e+01
1.120065325294218361e+01 6.569480678698139897e+00 -3.647328398299586638e+01
1.121392676706892821e+01 6.548958330384365922e+00 -3.652322766126888354e+01
1.120687186423456438e+01 6.519460272769739717e+00 -3.658295950670933649e+01
1.122276247820000528e+01 6.512055841396563238e+00 -3.661073536921374938e+01
1.121861045358301112e+01 6.488924732409253160e+00 -3.666327536686225130e+01
1.126464721987376727e+01 6.439128778238648820e+00 -3.671060230236210487e+01
1.126623521867392874e+01 6.400725159789645069e+00 -3.675343404244791401e+01
1.130075209376960110e+01 6.401530638185355393e+00 -3.679839358497530810e+01
1.133100304231570554e+01 6.417743313390005255e+00 -3.685662708354187345e+01
1.135703746268617564e+01 6.431085614260859451e+00 -3.691090237492349502e+01
1.140234132335116612e+01 6.447273177220373519e+00 -3.697252565659192669e+01
1.138944522106923962e+01 6.456724865878197051e+00 -3.703757456002368542e+01
1.140428373285866748e+01 6.483083663668577579e+00 -3.711599873020700358e+01
1.142070854207427466e+01 6.476041498382867800e+00 -3.720310618060945274e+01
1.141371120115250015e+01 6.467391338080227037e+00 -3.726852692560273539e+01
1.143213214761473573e+01 6.449322929782523417e+00 -3.732500037133730331e+01
1.145700401665189005e+01 6.413443152625982080e+00 -3.739387322164127170e+01
1.146617887180877027e+01 6.426843773249521163e+00 -3.745245363770298752e+01
1.148299412339527592e+01 6.388615472351649949e+00 -3.747566675577074591e+01
1.151070738713150021e+01 6.399556192749147776e+00 -3.756169675236112226e+01
1.154368339191106685e+01 6.388634467149860718e+00 -3.761124981060703476e+01
1.157470120366295951e+01 6.407140648605992972e+00 -3.767313615747922029e+01
1.160288672051504300e+01 6.435067584699567966e+00 -3.772970972220922192e+01
1.161124625103948738e+01 6.462297627809101108e+00 -3.779315416209628609e+01
1.163719306012101562e+01 6.484454175093480544e+00 -3.785178489655650225e+01
1.163680974740193363e+01 6.511964586630836216e+00 -3.794330058437523689e+01
1.166413700650195828e+01 6.547324861580412048e+00 -3.804022042063066777e+01
1.171420181655643589e+01 6.575566568227115383e+00 -3.817767093289518954e+01
1.172799598067487281e+01 6.616561082061625854e+00 -3.827325443596191690e+01
1.175720153543801416e+01 6.615668490549333036e+00 -3.840982445501833809e+01
1.178255450881296618e+01 6.619142028480865747e+00 -3.851294312096683825e+01
1.180721441901644830e+01 6.582218644143066122e+00 -3.860596357463622752e+01
1.184184358379874702e+01 6.556596131667705052e+00 -3.871543319873140376e+01
1.188012276039776083e+01 6.543843616295186294e+00 -3.882392385665276180e+01
1.193081328311368061e+01 6.499584483426342096e+00 -3.895133860156229844e+01
1.195216174002696086e+01 6.468574809051684582e+00 -3.905594206098815135e+01
1.198340405450824164e+01 6.458763734718904637e+00 -3.913320283827668788e+01
1.200284982573584180e+01 6.423923564572501022e+00 -3.922065268211168387e+01
1.198657604304009894e+01 6.387167820301278276e+00 -3.930862347254984002e+01
1.198395593184130625e+01 6.354835663441779303e+00 -3.938437572991174562e+01
1.199226185478372919e+01 6.308234003505488907e+00 -3.945998924425647658e+01
1.201478198280793563e+01 6.246283068380601655e+00 -3.953434618761034613e+01
1.204501292100401599e+01 6.207934835206038393e+00 -3.961588291418111396e+01
1.206805810509109733e+01 6.139312214618850128e+00 -3.969416227863725766e+01
1.210355672314901909e+01 6.120265189706010744e+00 -3.975174504636910200e+01
1.213993822226350261e+01 6.072753964591297127e+00 -3.982688513479455139e+01
1.216337118221961688e+01 6.070786115068781186e+00 -3.988529395746309092e+01
1.217664009134288250e+01 6.032942621313631015e+00 -3.994046555898682982e+01
1.219072680489727745e+01 6.019198191458829506e+00 -4.002172119598440503e+01
1.220167693536837916e+01 5.976650072300503602e+00 -4.009308061291826419e+01
1.220057935481789890e+01 5.940749911303079500e+00 -4.016045288699032056e+01
1.220986557235223380e+01 5.891122568371519819e+00 -4.022220846052684351e+01
1.219273806103689317e+01 5.829911087959421145e+00 -4.029821223118518958e+01
1.220019931973734195e+01 5.774316534658090916e+00 -4.036660544967771358e+01
1.222639811050278169e+01 5.701761030037465261e+00 -4.043244336203767375e+01
1.226612099296379732e+01 5.613454770297926721e+00 -4.051462614264342221e+01
1.229235463520940996e+01 5.550443855732201115e+00 -4.060061557318554293e+01
1.232986638080726216e+01 5.527121732984531910e+00 -4.064564034521215063e+01
1.236951592905316843e+01 5.496508288885627813e+00 -4.071882404365139507e+01
1.240071510547278599e+01 5.486803445066879448e+00 -4.078655083719857544e+01
1.240912955849815269e+01 5.445527869319730208e+00 -4.084883531807458468e+01
1.241604908713918931e+01 5.430163357201668539e+00 -4.093183553245552986e+01
1.242439202828063749e+01 5.393205106908642854e+00 -4.099432552394375762e+01
1.244152451023211192e+01 5.362201300689550365e+00 -4.106020930524181267e+01
1.241951153045148715e+01 5.344228380844792348e+00 -4.113471504057186934e+01
1.243978283091122172e+01 5.296677271755113381e+00 -4.121229274845237001e+01
