1.103907942771911621e+00 2.260768413543701172e+00 -5.884840339422225952e-02
1.115474104881286621e+00 2.292381048202514648e+00 -7.160370796918869019e-02
1.120949387550354004e+00 2.325002431869506836e+00 -6.086673587560653687e-02
1.137072920799255371e+00 2.342886686325073242e+00 -5.315644294023513794e-02
1.160130739212036133e+00 2.402318716049194336e+00 -5.671972408890724182e-02
1.155351758003234863e+00 2.422727108001708984e+00 -4.153145477175712585e-02
1.159578561782836914e+00 2.458559274673461914e+00 -5.304665863513946533e-02
1.174193263053894043e+00 2.494858264923095703e+00 -3.673666343092918396e-02
1.178642630577087402e+00 2.541204690933227539e+00 -3.867173567414283752e-02
1.194233059883117676e+00 2.586090326309204102e+00 -2.588272280991077423e-02
1.204934477806091309e+00 2.635992765426635742e+00 -2.188071049749851227e-02
1.221616029739379883e+00 2.703359603881835938e+00 -1.551863853819668293e-03
1.236759781837463379e+00 2.753683805465698242e+00 3.556339768692851067e-03
1.245570182800292969e+00 2.829470634460449219e+00 6.486183032393455505e-03
1.267266631126403809e+00 2.864522218704223633e+00 2.075823582708835602e-02
1.287709593772888184e+00 2.924468278884887695e+00 2.973768860101699829e-02
1.290387749671936035e+00 2.991260290145874023e+00 1.765264011919498444e-02
1.303000926971435547e+00 3.039108276367187500e+00 4.300563782453536987e-02
1.325616359710693359e+00 3.119658946990966797e+00 4.155765846371650696e-02
1.343915343284606934e+00 3.196142435073852539e+00 5.941716209053993225e-02
1.333025336265563965e+00 3.257413148880004883e+00 6.365764886140823364e-02
1.372177481651306152e+00 3.302317857742309570e+00 6.557056307792663574e-02
1.383810520172119141e+00 3.372066497802734375e+00 7.376334816217422485e-02
1.428106904029846191e+00 3.454413414001464844e+00 7.428383827209472656e-02
1.446540117263793945e+00 3.543754577636718750e+00 9.408707171678543091e-02
1.457130789756774902e+00 3.628101110458374023e+00 9.806492924690246582e-02
1.493715286254882812e+00 3.700326442718505859e+00 9.284193813800811768e-02
1.484372735023498535e+00 3.775717973709106445e+00 1.045401468873023987e-01
1.535741686820983887e+00 3.841867208480834961e+00 1.101665124297142029e-01
1.526845216751098633e+00 3.937728881835937500e+00 1.300532966852188110e-01
1.546207427978515625e+00 4.022573947906494141e+00 1.480325162410736084e-01
1.568848967552185059e+00 4.104026794433593750e+00 1.489799320697784424e-01
1.589093923568725586e+00 4.261552810668945312e+00 1.727490276098251343e-01
1.631155371665954590e+00 4.352172374725341797e+00 1.526711136102676392e-01
1.638705134391784668e+00 4.442237854003906250e+00 1.839146763086318970e-01
1.668952703475952148e+00 4.548816680908203125e+00 1.825776696205139160e-01
1.687148451805114746e+00 4.668436527252197266e+00 1.842591315507888794e-01
1.700512170791625977e+00 4.767192840576171875e+00 1.799688488245010376e-01
1.707017540931701660e+00 4.862496376037597656e+00 2.204403579235076904e-01
1.747676730155944824e+00 4.989356040954589844e+00 2.274099439382553101e-01
1.779956936836242676e+00 5.078394412994384766e+00 2.117192149162292480e-01
1.785345435142517090e+00 5.193754673004150391e+00 2.280082851648330688e-01
1.804490685462951660e+00 5.320972919464111328e+00 2.523752152919769287e-01
1.842961668968200684e+00 5.442052841186523438e+00 2.576183378696441650e-01
1.867553353309631348e+00 5.574945449829101562e+00 2.638938426971435547e-01
1.889336943626403809e+00 5.701602458953857422e+00 2.651630640029907227e-01
1.903466939926147461e+00 5.843894481658935547e+00 2.673332393169403076e-01
1.917007803916931152e+00 5.975750923156738281e+00 2.755904793739318848e-01
1.962223291397094727e+00 6.112268447875976562e+00 2.969082593917846680e-01
1.988897800445556641e+00 6.260084629058837891e+00 3.018609881401062012e-01
2.003927946090698242e+00 6.403410911560058594e+00 2.840915322303771973e-01
2.038094282150268555e+00 6.550643444061279297e+00 2.858671844005584717e-01
2.072314500808715820e+00 6.688516139984130859e+00 3.063962459564208984e-01
2.091476202011108398e+00 6.938446044921875000e+00 3.012582659721374512e-01
2.122146129608154297e+00 7.103798866271972656e+00 3.137393593788146973e-01
2.176781415939331055e+00 7.260252952575683594e+00 3.043688237667083740e-01
2.196105241775512695e+00 7.454848289489746094e+00 3.054699599742889404e-01
2.234903335571289062e+00 7.628306865692138672e+00 2.922565042972564697e-01
2.257237434387207031e+00 7.810766696929931641e+00 2.917808294296264648e-01
2.288784980773925781e+00 8.010576248168945312e+00 2.792540192604064941e-01
2.341273546218872070e+00 8.184674263000488281e+00 2.541426718235015869e-01
2.388247251510620117e+00 8.379516601562500000e+00 2.564607858657836914e-01
2.401283979415893555e+00 8.589527130126953125e+00 2.458379715681076050e-01
2.452532291412353516e+00 8.797354698181152344e+00 2.195139676332473755e-01
2.493202924728393555e+00 9.001121520996093750e+00 1.873544007539749146e-01
2.519510746002197266e+00 9.227042198181152344e+00 1.689009964466094971e-01
2.573226213455200195e+00 9.459147453308105469e+00 1.509513109922409058e-01
2.618306636810302734e+00 9.688981056213378906e+00 9.634074568748474121e-02
2.628795862197875977e+00 9.951086997985839844e+00 6.601651757955551147e-02
2.696112394332885742e+00 1.018310260772705078e+01 2.158613689243793488e-02
2.729285001754760742e+00 1.045743846893310547e+01 -1.491040643304586411e-02
2.753559112548828125e+00 1.071823978424072266e+01 -7.228937745094299316e-02
2.800867795944213867e+00 1.098072052001953125e+01 -1.192616075277328491e-01
2.885418653488159180e+00 1.140118408203125000e+01 -2.365660518407821655e-01
2.972857475280761719e+00 1.169286537170410156e+01 -3.329936265945434570e-01
3.026741266250610352e+00 1.200662326812744141e+01 -4.048185944557189941e-01
3.067714452743530273e+00 1.230801868438720703e+01 -5.169740915298461914e-01
3.128958463668823242e+00 1.262348842620849609e+01 -6.404731869697570801e-01
3.208335638046264648e+00 1.294311618804931641e+01 -7.835857272148132324e-01
3.296919107437133789e+00 1.328673267364501953e+01 -9.318070411682128906e-01
3.359869003295898438e+00 1.360890865325927734e+01 -1.104139089584350586e+00
3.431289911270141602e+00 1.398798656463623047e+01 -1.296387434005737305e+00
3.516315698623657227e+00 1.432962894439697266e+01 -1.513195514678955078e+00
3.599584341049194336e+00 1.468814849853515625e+01 -1.749653577804565430e+00
3.686910867691040039e+00 1.505615043640136719e+01 -2.022636890411376953e+00
3.796499729156494141e+00 1.543135452270507812e+01 -2.343445539474487305e+00
3.883094549179077148e+00 1.578506469726562500e+01 -2.672745466232299805e+00
3.977312803268432617e+00 1.613785362243652344e+01 -3.062604665756225586e+00
4.088575839996337891e+00 1.647504615783691406e+01 -3.471287965774536133e+00
4.202452659606933594e+00 1.677934455871582031e+01 -3.906219005584716797e+00
4.303207397460937500e+00 1.706199836730957031e+01 -4.385984897613525391e+00
4.423759460449218750e+00 1.735751342773437500e+01 -4.891063213348388672e+00
4.518905639648437500e+00 1.757271957397460938e+01 -5.410245418548583984e+00
4.635756969451904297e+00 1.777020835876464844e+01 -5.927825927734375000e+00
4.789782524108886719e+00 1.800000762939453125e+01 -6.733662605285644531e+00
4.895028114318847656e+00 1.814989471435546875e+01 -7.276485919952392578e+00
4.992309570312500000e+00 1.826884078979492188e+01 -7.796534538269042969e+00
5.064462184906005859e+00 1.835255813598632812e+01 -8.293859481811523438e+00
5.153717517852783203e+00 1.840623283386230469e+01 -8.801717758178710938e+00
5.228511333465576172e+00 1.846201896667480469e+01 -9.270300865173339844e+00
5.310470581054687500e+00 1.848627090454101562e+01 -9.716949462890625000e+00
5.385642051696777344e+00 1.849665832519531250e+01 -1.015098667144775391e+01
5.463332176208496094e+00 1.851675224304199219e+01 -1.056905651092529297e+01
5.523960113525390625e+00 1.850409507751464844e+01 -1.096757030487060547e+01
5.578750610351562500e+00 1.847205734252929688e+01 -1.134850502014160156e+01
5.640252590179443359e+00 1.845855712890625000e+01 -1.170892047882080078e+01
5.723452568054199219e+00 1.842833900451660156e+01 -1.204644298553466797e+01
5.751477718353271484e+00 1.841440010070800781e+01 -1.237051582336425781e+01
5.809333801269531250e+00 1.838895797729492188e+01 -1.267018985748291016e+01
5.839484214782714844e+00 1.835629081726074219e+01 -1.296773433685302734e+01
5.897115230560302734e+00 1.832493591308593750e+01 -1.324381160736083984e+01
5.933312416076660156e+00 1.828711509704589844e+01 -1.352018928527832031e+01
5.996827602386474609e+00 1.825812911987304688e+01 -1.377626132965087891e+01
6.032254695892333984e+00 1.821509742736816406e+01 -1.401264190673828125e+01
6.067768573760986328e+00 1.818955612182617188e+01 -1.424120616912841797e+01
6.130755424499511719e+00 1.809935569763183594e+01 -1.457821178436279297e+01
6.175230026245117188e+00 1.804605484008789062e+01 -1.477159214019775391e+01
6.185803890228271484e+00 1.799255943298339844e+01 -1.496722221374511719e+01
6.218079566955566406e+00 1.793328475952148438e+01 -1.516213893890380859e+01
6.270796775817871094e+00 1.788272094726562500e+01 -1.535302639007568359e+01
6.300312995910644531e+00 1.781493949890136719e+01 -1.552734088897705078e+01
6.329893589019775391e+00 1.777089691162109375e+01 -1.568814373016357422e+01
6.357950210571289062e+00 1.769134330749511719e+01 -1.586302185058593750e+01
6.373031139373779297e+00 1.764672851562500000e+01 -1.602502632141113281e+01
6.396010875701904297e+00 1.760247993469238281e+01 -1.616908264160156250e+01
6.433601379394531250e+00 1.754139900207519531e+01 -1.630803489685058594e+01
6.434365749359130859e+00 1.750472068786621094e+01 -1.645845603942871094e+01
6.457265853881835938e+00 1.744000434875488281e+01 -1.659228897094726562e+01
6.475431442260742188e+00 1.739143753051757812e+01 -1.672962760925292969e+01
6.509161472320556641e+00 1.733794784545898438e+01 -1.685904693603515625e+01
6.524065017700195312e+00 1.727287292480468750e+01 -1.697793006896972656e+01
6.526932716369628906e+00 1.722845077514648438e+01 -1.710769081115722656e+01
6.561177730560302734e+00 1.717080116271972656e+01 -1.722541999816894531e+01
6.566753864288330078e+00 1.712659263610839844e+01 -1.732780456542968750e+01
6.593766689300537109e+00 1.707581329345703125e+01 -1.743918991088867188e+01
6.616861343383789062e+00 1.702303314208984375e+01 -1.752034759521484375e+01
6.652222633361816406e+00 1.693240165710449219e+01 -1.768028259277343750e+01
6.682798862457275391e+00 1.689269256591796875e+01 -1.778095245361328125e+01
6.708312511444091797e+00 1.684320831298828125e+01 -1.786977767944335938e+01
6.709315776824951172e+00 1.681269645690917969e+01 -1.795357322692871094e+01
6.706947803497314453e+00 1.676997375488281250e+01 -1.805600166320800781e+01
6.737652778625488281e+00 1.671056747436523438e+01 -1.814940834045410156e+01
6.757419586181640625e+00 1.664275741577148438e+01 -1.823866844177246094e+01
6.794031143188476562e+00 1.659783744812011719e+01 -1.831180953979492188e+01
6.807386875152587891e+00 1.658535957336425781e+01 -1.841433525085449219e+01
6.812302112579345703e+00 1.652761650085449219e+01 -1.850789642333984375e+01
6.822895526885986328e+00 1.646659088134765625e+01 -1.859764862060546875e+01
6.841125965118408203e+00 1.640215492248535156e+01 -1.866628646850585938e+01
6.847168445587158203e+00 1.635294342041015625e+01 -1.876245689392089844e+01
6.872744560241699219e+00 1.631370925903320312e+01 -1.884009742736816406e+01
6.881521224975585938e+00 1.625399398803710938e+01 -1.891986656188964844e+01
6.896990776062011719e+00 1.620192337036132812e+01 -1.900698280334472656e+01
6.919012546539306641e+00 1.615535736083984375e+01 -1.908097839355468750e+01
6.954196453094482422e+00 1.609085655212402344e+01 -1.914726829528808594e+01
6.962897777557373047e+00 1.604597473144531250e+01 -1.922374343872070312e+01
6.968082427978515625e+00 1.599537467956542969e+01 -1.930714035034179688e+01
6.983904361724853516e+00 1.594298839569091797e+01 -1.937454795837402344e+01
6.996485233306884766e+00 1.582161712646484375e+01 -1.948622512817382812e+01
7.017132282257080078e+00 1.576220798492431641e+01 -1.956041908264160156e+01
7.028416633605957031e+00 1.571310138702392578e+01 -1.963996315002441406e+01
7.033565521240234375e+00 1.566064834594726562e+01 -1.969098091125488281e+01
7.031267166137695312e+00 1.559608650207519531e+01 -1.977326965332031250e+01
7.065387248992919922e+00 1.555865478515625000e+01 -1.984823608398437500e+01
7.079859256744384766e+00 1.547569465637207031e+01 -1.991867828369140625e+01
7.088278770446777344e+00 1.540771102905273438e+01 -1.996661186218261719e+01
7.106400489807128906e+00 1.534010887145996094e+01 -2.005206489562988281e+01
7.106482028961181641e+00 1.528171348571777344e+01 -2.010516166687011719e+01
7.125877857208251953e+00 1.518266105651855469e+01 -2.017381668090820312e+01
7.142233848571777344e+00 1.514457988739013672e+01 -2.023327064514160156e+01
7.131674289703369141e+00 1.506678676605224609e+01 -2.028972816467285156e+01
7.164942264556884766e+00 1.499610710144042969e+01 -2.035244560241699219e+01
7.149901390075683594e+00 1.491597080230712891e+01 -2.041778564453125000e+01
7.162307739257812500e+00 1.484675216674804688e+01 -2.047334289550781250e+01
7.182316303253173828e+00 1.477583408355712891e+01 -2.053797149658203125e+01
7.198955059051513672e+00 1.468415451049804688e+01 -2.060908508300781250e+01
7.215005874633789062e+00 1.460402584075927734e+01 -2.065372657775878906e+01
7.224252700805664062e+00 1.454183483123779297e+01 -2.069668388366699219e+01
7.218153953552246094e+00 1.445236015319824219e+01 -2.076322174072265625e+01
7.244328022003173828e+00 1.434340763092041016e+01 -2.086149597167968750e+01
7.250053882598876953e+00 1.426769733428955078e+01 -2.090675544738769531e+01
7.259450912475585938e+00 1.417727851867675781e+01 -2.094801139831542969e+01
7.254787921905517578e+00 1.408880805969238281e+01 -2.101543235778808594e+01
7.286076545715332031e+00 1.398160839080810547e+01 -2.106786918640136719e+01
7.273053646087646484e+00 1.391716003417968750e+01 -2.111816787719726562e+01
7.288230419158935547e+00 1.384588146209716797e+01 -2.115449523925781250e+01
7.290657997131347656e+00 1.375535583496093750e+01 -2.120402145385742188e+01
7.295821666717529297e+00 1.366245269775390625e+01 -2.126629638671875000e+01
7.296395301818847656e+00 1.357856655120849609e+01 -2.129259490966796875e+01
7.317698478698730469e+00 1.349023056030273438e+01 -2.131645202636718750e+01
7.330789089202880859e+00 1.340143871307373047e+01 -2.136195945739746094e+01
7.329055309295654297e+00 1.332267951965332031e+01 -2.140237426757812500e+01
7.311795234680175781e+00 1.325700092315673828e+01 -2.141452598571777344e+01
7.325579166412353516e+00 1.316563224792480469e+01 -2.145324707031250000e+01
7.324636936187744141e+00 1.308658981323242188e+01 -2.147630119323730469e+01
7.323062419891357422e+00 1.298642826080322266e+01 -2.152173805236816406e+01
7.352097511291503906e+00 1.292675018310546875e+01 -2.152687835693359375e+01
7.364614009857177734e+00 1.284130954742431641e+01 -2.157294273376464844e+01
7.358542442321777344e+00 1.276780509948730469e+01 -2.159076309204101562e+01
7.368244647979736328e+00 1.263336372375488281e+01 -2.160636520385742188e+01
7.395543098449707031e+00 1.256958007812500000e+01 -2.163178825378417969e+01
7.369338035583496094e+00 1.248392486572265625e+01 -2.164701652526855469e+01
7.394366741180419922e+00 1.240068340301513672e+01 -2.166219711303710938e+01
7.389869689941406250e+00 1.233884143829345703e+01 -2.168124389648437500e+01
7.399978160858154297e+00 1.225003147125244141e+01 -2.169999694824218750e+01
7.395668506622314453e+00 1.217672920227050781e+01 -2.171019363403320312e+01
7.393518924713134766e+00 1.210031604766845703e+01 -2.171038436889648438e+01
7.386322975158691406e+00 1.201551437377929688e+01 -2.172013664245605469e+01
7.410550594329833984e+00 1.192585945129394531e+01 -2.174357223510742188e+01
7.410422325134277344e+00 1.187207794189453125e+01 -2.174994468688964844e+01
7.409807205200195312e+00 1.178634452819824219e+01 -2.176180648803710938e+01
7.418852806091308594e+00 1.170748233795166016e+01 -2.175319099426269531e+01
7.415294647216796875e+00 1.162548542022705078e+01 -2.175112724304199219e+01
7.425836086273193359e+00 1.157098579406738281e+01 -2.175122833251953125e+01
7.420073032379150391e+00 1.149079704284667969e+01 -2.174487876892089844e+01
7.403282642364501953e+00 1.141778469085693359e+01 -2.172968864440917969e+01
7.406810283660888672e+00 1.133297920227050781e+01 -2.172576522827148438e+01
7.411403179168701172e+00 1.126846790313720703e+01 -2.171550369262695312e+01
7.394759654998779297e+00 1.121408176422119141e+01 -2.170985031127929688e+01
7.398658275604248047e+00 1.112617111206054688e+01 -2.169432640075683594e+01
7.404906272888183594e+00 1.102993583679199219e+01 -2.165567398071289062e+01
7.405354022979736328e+00 1.095893669128417969e+01 -2.162461471557617188e+01
7.392707347869873047e+00 1.090230178833007812e+01 -2.158518600463867188e+01
7.399837970733642578e+00 1.083996391296386719e+01 -2.154857826232910156e+01
7.389622211456298828e+00 1.077565383911132812e+01 -2.151152801513671875e+01
7.379022598266601562e+00 1.071173095703125000e+01 -2.145931053161621094e+01
7.362779140472412109e+00 1.067018699645996094e+01 -2.140049552917480469e+01
7.366470336914062500e+00 1.059543800354003906e+01 -2.133499908447265625e+01
7.367928981781005859e+00 1.055791568756103516e+01 -2.127887153625488281e+01
7.338744640350341797e+00 1.049519443511962891e+01 -2.121930313110351562e+01
7.343961715698242188e+00 1.044260215759277344e+01 -2.114942359924316406e+01
7.353534698486328125e+00 1.039192008972167969e+01 -2.104486274719238281e+01
7.362334728240966797e+00 1.037167167663574219e+01 -2.093180656433105469e+01
7.338732242584228516e+00 1.037361526489257812e+01 -2.084093666076660156e+01
7.342701911926269531e+00 1.036811447143554688e+01 -2.072133827209472656e+01
7.308309078216552734e+00 1.039688205718994141e+01 -2.060708808898925781e+01
7.302855968475341797e+00 1.038578605651855469e+01 -2.045914077758789062e+01
7.315675258636474609e+00 1.043529796600341797e+01 -2.028944206237792969e+01
7.306753158569335938e+00 1.050235557556152344e+01 -2.014698791503906250e+01
7.291646480560302734e+00 1.060068321228027344e+01 -1.997446823120117188e+01
7.302258491516113281e+00 1.075605010986328125e+01 -1.981886482238769531e+01
7.321977615356445312e+00 1.106727027893066406e+01 -1.955076408386230469e+01
7.354685306549072266e+00 1.130528259277343750e+01 -1.944140243530273438e+01
7.389483928680419922e+00 1.160685634613037109e+01 -1.932735633850097656e+01
7.425437927246093750e+00 1.189501762390136719e+01 -1.929227828979492188e+01
7.471001625061035156e+00 1.222524929046630859e+01 -1.925936698913574219e+01
7.506990909576416016e+00 1.252926540374755859e+01 -1.925848960876464844e+01
7.526187419891357422e+00 1.278733921051025391e+01 -1.930896759033203125e+01
7.568531513214111328e+00 1.304069805145263672e+01 -1.934907150268554688e+01
7.636748313903808594e+00 1.326935291290283203e+01 -1.942659759521484375e+01
7.678513526916503906e+00 1.348676013946533203e+01 -1.949507522583007812e+01
7.747202873229980469e+00 1.367603397369384766e+01 -1.959723091125488281e+01
7.779907703399658203e+00 1.384074878692626953e+01 -1.969558143615722656e+01
7.817786216735839844e+00 1.396816635131835938e+01 -1.980765724182128906e+01
7.864946842193603516e+00 1.404769706726074219e+01 -1.988584709167480469e+01
7.904137611389160156e+00 1.415419006347656250e+01 -2.000216102600097656e+01
7.914999485015869141e+00 1.421422386169433594e+01 -2.011178398132324219e+01
7.972718238830566406e+00 1.428844451904296875e+01 -2.020350837707519531e+01
7.994637966156005859e+00 1.433681297302246094e+01 -2.030239295959472656e+01
8.016160964965820312e+00 1.437474632263183594e+01 -2.041354942321777344e+01
7.998948574066162109e+00 1.439811992645263672e+01 -2.051834678649902344e+01
8.036188125610351562e+00 1.438258934020996094e+01 -2.063321304321289062e+01
8.092905998229980469e+00 1.441309547424316406e+01 -2.077427101135253906e+01
8.113759040832519531e+00 1.441035175323486328e+01 -2.089898490905761719e+01
8.136120796203613281e+00 1.442329883575439453e+01 -2.100280380249023438e+01
8.147724151611328125e+00 1.441213035583496094e+01 -2.112012672424316406e+01
8.179150581359863281e+00 1.437281513214111328e+01 -2.123341369628906250e+01
8.196720123291015625e+00 1.436645603179931641e+01 -2.133879852294921875e+01
8.240262031555175781e+00 1.436915302276611328e+01 -2.145579719543457031e+01
8.253317832946777344e+00 1.433469486236572266e+01 -2.158500480651855469e+01
8.280791282653808594e+00 1.430697727203369141e+01 -2.168308639526367188e+01
8.309581756591796875e+00 1.427643203735351562e+01 -2.181985473632812500e+01
8.335101127624511719e+00 1.424593639373779297e+01 -2.192069053649902344e+01
8.344245910644531250e+00 1.419734954833984375e+01 -2.202323150634765625e+01
8.364998817443847656e+00 1.416377353668212891e+01 -2.213076400756835938e+01
8.396945953369140625e+00 1.410706138610839844e+01 -2.225400924682617188e+01
8.440922737121582031e+00 1.405793190002441406e+01 -2.235625839233398438e+01
8.460764884948730469e+00 1.401385498046875000e+01 -2.245557212829589844e+01
8.476500511169433594e+00 1.397539043426513672e+01 -2.257616233825683594e+01
8.488411903381347656e+00 1.391683483123779297e+01 -2.265957450866699219e+01
8.520935058593750000e+00 1.387746143341064453e+01 -2.277506446838378906e+01
8.519808769226074219e+00 1.381989860534667969e+01 -2.288105392456054688e+01
8.533889770507812500e+00 1.377425003051757812e+01 -2.298677253723144531e+01
8.559707641601562500e+00 1.368792533874511719e+01 -2.313156700134277344e+01
8.585297584533691406e+00 1.362921619415283203e+01 -2.326307487487792969e+01
8.597264289855957031e+00 1.357373809814453125e+01 -2.338101959228515625e+01
8.635098457336425781e+00 1.350518131256103516e+01 -2.347083282470703125e+01
8.649303436279296875e+00 1.345492172241210938e+01 -2.357723045349121094e+01
8.659042358398437500e+00 1.339643478393554688e+01 -2.367477416992187500e+01
8.665405273437500000e+00 1.333994770050048828e+01 -2.376863288879394531e+01
8.678579330444335938e+00 1.326131534576416016e+01 -2.387485885620117188e+01
8.696956634521484375e+00 1.319010829925537109e+01 -2.396964836120605469e+01
8.719065666198730469e+00 1.311023807525634766e+01 -2.407936286926269531e+01
8.723390579223632812e+00 1.305718231201171875e+01 -2.417566108703613281e+01
8.753682136535644531e+00 1.299345016479492188e+01 -2.429608154296875000e+01
8.761723518371582031e+00 1.292333412170410156e+01 -2.437904930114746094e+01
8.788674354553222656e+00 1.286893653869628906e+01 -2.448817634582519531e+01
8.782649993896484375e+00 1.280771350860595703e+01 -2.457298088073730469e+01
8.780831336975097656e+00 1.273380947113037109e+01 -2.466377067565917969e+01
8.819629669189453125e+00 1.264727497100830078e+01 -2.478331565856933594e+01
8.820829391479492188e+00 1.257278347015380859e+01 -2.487865066528320312e+01
8.849527359008789062e+00 1.252174282073974609e+01 -2.498270988464355469e+01
8.855661392211914062e+00 1.244225692749023438e+01 -2.507861137390136719e+01
8.878758430480957031e+00 1.236455059051513672e+01 -2.518070793151855469e+01
8.932303428649902344e+00 1.227730369567871094e+01 -2.536152648925781250e+01
8.934436798095703125e+00 1.222819232940673828e+01 -2.545541000366210938e+01
8.950311660766601562e+00 1.215807819366455078e+01 -2.557150077819824219e+01
8.963170051574707031e+00 1.206998729705810547e+01 -2.568715476989746094e+01
8.981836318969726562e+00 1.199557209014892578e+01 -2.580833816528320312e+01
8.998842239379882812e+00 1.192164611816406250e+01 -2.593563079833984375e+01
9.024639129638671875e+00 1.183530139923095703e+01 -2.604608345031738281e+01
9.064325332641601562e+00 1.176294994354248047e+01 -2.616681480407714844e+01
9.080879211425781250e+00 1.168599128723144531e+01 -2.627776908874511719e+01
9.081073760986328125e+00 1.160554599761962891e+01 -2.639556312561035156e+01
9.083452224731445312e+00 1.149995040893554688e+01 -2.650699043273925781e+01
9.109538078308105469e+00 1.140568065643310547e+01 -2.659798622131347656e+01
9.128693580627441406e+00 1.131797504425048828e+01 -2.672858047485351562e+01
9.138451576232910156e+00 1.124136257171630859e+01 -2.683198738098144531e+01
9.140497207641601562e+00 1.114411926269531250e+01 -2.693865203857421875e+01
9.153344154357910156e+00 1.104479026794433594e+01 -2.703842926025390625e+01
9.165741920471191406e+00 1.095146083831787109e+01 -2.715941429138183594e+01
9.185880661010742188e+00 1.084859180450439453e+01 -2.726508522033691406e+01
9.191224098205566406e+00 1.074182319641113281e+01 -2.736394500732421875e+01
9.207782745361328125e+00 1.066409111022949219e+01 -2.746671295166015625e+01
9.228819847106933594e+00 1.049855804443359375e+01 -2.762277793884277344e+01
9.251327514648437500e+00 1.037792205810546875e+01 -2.772206497192382812e+01
9.256436347961425781e+00 1.027695751190185547e+01 -2.782797431945800781e+01
9.262051582336425781e+00 1.016376209259033203e+01 -2.794132041931152344e+01
9.277728080749511719e+00 1.002451229095458984e+01 -2.803212547302246094e+01
9.286574363708496094e+00 9.882020950317382812e+00 -2.812969398498535156e+01
9.293054580688476562e+00 9.737771987915039062e+00 -2.821683120727539062e+01
9.295507431030273438e+00 9.584100723266601562e+00 -2.829404258728027344e+01
9.303946495056152344e+00 9.411166191101074219e+00 -2.834309005737304688e+01
9.287743568420410156e+00 9.201994895935058594e+00 -2.835943794250488281e+01
9.279406547546386719e+00 9.028175354003906250e+00 -2.836102294921875000e+01
9.271495819091796875e+00 8.828916549682617188e+00 -2.829175376892089844e+01
9.255705833435058594e+00 8.642952919006347656e+00 -2.820774078369140625e+01
9.222323417663574219e+00 8.517635345458984375e+00 -2.807031250000000000e+01
9.208388328552246094e+00 8.394896507263183594e+00 -2.795056343078613281e+01
9.192723274230957031e+00 8.329768180847167969e+00 -2.784268379211425781e+01
9.179759025573730469e+00 8.261314392089843750e+00 -2.773302841186523438e+01
9.174548149108886719e+00 8.248189926147460938e+00 -2.764913749694824219e+01
9.181761741638183594e+00 8.228598594665527344e+00 -2.759364700317382812e+01
9.180657386779785156e+00 8.218573570251464844e+00 -2.755197334289550781e+01
9.178784370422363281e+00 8.202359199523925781e+00 -2.754793357849121094e+01
9.195329666137695312e+00 8.176401138305664062e+00 -2.756525993347167969e+01
9.242366790771484375e+00 8.176367759704589844e+00 -2.759916114807128906e+01
9.249489784240722656e+00 8.197021484375000000e+00 -2.764645576477050781e+01
9.295353889465332031e+00 8.210555076599121094e+00 -2.772019004821777344e+01
9.296636581420898438e+00 8.202554702758789062e+00 -2.780969238281250000e+01
9.302097320556640625e+00 8.206650733947753906e+00 -2.789840888977050781e+01
9.329563140869140625e+00 8.187761306762695312e+00 -2.797946166992187500e+01
9.371824264526367188e+00 8.171590805053710938e+00 -2.807395172119140625e+01
9.431228637695312500e+00 8.167093276977539062e+00 -2.818011856079101562e+01
9.476959228515625000e+00 8.187471389770507812e+00 -2.828223800659179688e+01
9.503804206848144531e+00 8.224609375000000000e+00 -2.837904739379882812e+01
9.502908706665039062e+00 8.241944313049316406e+00 -2.848948669433593750e+01
9.527599334716796875e+00 8.246341705322265625e+00 -2.858804130554199219e+01
9.532404899597167969e+00 8.241091728210449219e+00 -2.870203018188476562e+01
9.551014900207519531e+00 8.249588012695312500e+00 -2.878845596313476562e+01
9.574419021606445312e+00 8.223234176635742188e+00 -2.890110397338867188e+01
9.603939056396484375e+00 8.261358261108398438e+00 -2.899827957153320312e+01
9.641277313232421875e+00 8.281200408935546875e+00 -2.910726356506347656e+01
9.647315025329589844e+00 8.292240142822265625e+00 -2.921588516235351562e+01
9.675151824951171875e+00 8.323444366455078125e+00 -2.933399772644042969e+01
9.691576004028320312e+00 8.329609870910644531e+00 -2.943311500549316406e+01
9.716305732727050781e+00 8.332422256469726562e+00 -2.961394691467285156e+01
9.740535736083984375e+00 8.320837020874023438e+00 -2.972446060180664062e+01
9.781847000122070312e+00 8.326191902160644531e+00 -2.985087776184082031e+01
9.811069488525390625e+00 8.328112602233886719e+00 -2.996520233154296875e+01
9.843674659729003906e+00 8.324998855590820312e+00 -3.008984565734863281e+01
9.871000289916992188e+00 8.314497947692871094e+00 -3.021592712402343750e+01
9.887019157409667969e+00 8.317536354064941406e+00 -3.033811378479003906e+01
9.901192665100097656e+00 8.313442230224609375e+00 -3.046104431152343750e+01
9.942564010620117188e+00 8.314909934997558594e+00 -3.057318878173828125e+01
9.946612358093261719e+00 8.289689064025878906e+00 -3.068954849243164062e+01
9.975346565246582031e+00 8.260982513427734375e+00 -3.080746650695800781e+01
1.001039123535156250e+01 8.256962776184082031e+00 -3.091844177246093750e+01
1.003971195220947266e+01 8.210903167724609375e+00 -3.103093910217285156e+01
1.007316875457763672e+01 8.204112052917480469e+00 -3.115831756591796875e+01
1.009336376190185547e+01 8.176892280578613281e+00 -3.124334335327148438e+01
1.012430000305175781e+01 8.184479713439941406e+00 -3.137288284301757812e+01
1.014647006988525391e+01 8.182240486145019531e+00 -3.148179244995117188e+01
1.015691661834716797e+01 8.179632186889648438e+00 -3.157936096191406250e+01
1.016795635223388672e+01 8.164994239807128906e+00 -3.166996765136718750e+01
1.017499828338623047e+01 8.148115158081054688e+00 -3.177504730224609375e+01
1.018766784667968750e+01 8.099992752075195312e+00 -3.187609291076660156e+01
1.021818828582763672e+01 8.043094635009765625e+00 -3.200701141357421875e+01
1.027070140838623047e+01 7.992937088012695312e+00 -3.209058761596679688e+01
1.032312965393066406e+01 7.972852706909179688e+00 -3.218103408813476562e+01
1.036623096466064453e+01 7.971300601959228516e+00 -3.225736236572265625e+01
1.038579273223876953e+01 7.991647243499755859e+00 -3.234492111206054688e+01
1.039980220794677734e+01 8.007934570312500000e+00 -3.244543075561523438e+01
1.040698623657226562e+01 8.010380744934082031e+00 -3.252277755737304688e+01
1.040171813964843750e+01 7.987572669982910156e+00 -3.261508941650390625e+01
1.040925502777099609e+01 7.967220783233642578e+00 -3.271768569946289062e+01
1.042747211456298828e+01 7.952716827392578125e+00 -3.281780242919921875e+01
1.044913101196289062e+01 7.942894935607910156e+00 -3.291147613525390625e+01
1.049302959442138672e+01 7.960145473480224609e+00 -3.303150177001953125e+01
1.052207851409912109e+01 7.980425357818603516e+00 -3.314801025390625000e+01
1.053483390808105469e+01 7.975026607513427734e+00 -3.327989196777343750e+01
1.056322479248046875e+01 7.984127521514892578e+00 -3.343398666381835938e+01
1.056813144683837891e+01 7.949862003326416016e+00 -3.358757400512695312e+01
1.062991714477539062e+01 7.880531311035156250e+00 -3.377717971801757812e+01
1.064906311035156250e+01 7.790009498596191406e+00 -3.397680664062500000e+01
1.071729469299316406e+01 7.701737880706787109e+00 -3.416794967651367188e+01
1.077234840393066406e+01 7.608444690704345703e+00 -3.433369064331054688e+01
1.078400516510009766e+01 7.507202148437500000e+00 -3.449040603637695312e+01
1.078879833221435547e+01 7.410875320434570312e+00 -3.467458724975585938e+01
1.078161430358886719e+01 7.321188926696777344e+00 -3.477281951904296875e+01
1.074352073669433594e+01 7.261871337890625000e+00 -3.485475158691406250e+01
1.074390602111816406e+01 7.176800251007080078e+00 -3.492887115478515625e+01
1.072996044158935547e+01 7.091414928436279297e+00 -3.497744750976562500e+01
1.074472427368164062e+01 7.033552646636962891e+00 -3.505373764038085938e+01
1.078054046630859375e+01 6.987890243530273438e+00 -3.510993194580078125e+01
1.082673740386962891e+01 6.950106620788574219e+00 -3.516506576538085938e+01
1.087072086334228516e+01 6.944577693939208984e+00 -3.525498580932617188e+01
1.090058803558349609e+01 6.946548461914062500e+00 -3.531803894042968750e+01
1.091747188568115234e+01 6.958542346954345703e+00 -3.537558746337890625e+01
1.092873477935791016e+01 6.961934089660644531e+00 -3.544040298461914062e+01
1.094262123107910156e+01 6.961263656616210938e+00 -3.551818847656250000e+01
1.095424556732177734e+01 6.937206268310546875e+00 -3.558466339111328125e+01
1.096123123168945312e+01 6.920922756195068359e+00 -3.563749313354492188e+01
1.097689628601074219e+01 6.905848503112792969e+00 -3.571377944946289062e+01
1.097461986541748047e+01 6.877261161804199219e+00 -3.577986526489257812e+01
1.099695873260498047e+01 6.840613365173339844e+00 -3.583851242065429688e+01
1.100698852539062500e+01 6.828026771545410156e+00 -3.589193725585937500e+01
1.101464462280273438e+01 6.787919998168945312e+00 -3.596176528930664062e+01
1.103473567962646484e+01 6.761647224426269531e+00 -3.602502822875976562e+01
1.106713867187500000e+01 6.699872970581054688e+00 -3.611725234985351562e+01
1.110244655609130859e+01 6.671913623809814453e+00 -3.616740798950195312e+01
1.112964630126953125e+01 6.661016941070556641e+00 -3.621674728393554688e+01
1.115744304656982422e+01 6.637812137603759766e+00 -3.627509307861328125e+01
1.116768264770507812e+01 6.623464584350585938e+00 -3.631700515747070312e+01
1.118588924407958984e+01 6.618662357330322266e+00 -3.636861801147460938e+01
1.118984985351562500e+01 6.583352088928222656e+00 -3.642506790161132812e+01
1.121308040618896484e+01 6.563337802886962891e+00 -3.648709869384765625e+01
1.119964027404785156e+01 6.543792247772216797e+00 -3.653033828735351562e+01
1.122513866424560547e+01 6.531364440917968750e+00 -3.657139587402343750e+01
1.120369720458984375e+01 6.504554748535156250e+00 -3.661101150512695312e+01
1.122960090637207031e+01 6.479393482208251953e+00 -3.665751266479492188e+01
1.125583744049072266e+01 6.437985420227050781e+00 -3.669560241699218750e+01
1.127761554718017578e+01 6.417461395263671875e+00 -3.676210021972656250e+01
1.132087039947509766e+01 6.387352466583251953e+00 -3.679647827148437500e+01
1.134522342681884766e+01 6.431288719177246094e+00 -3.685341644287109375e+01
1.136816787719726562e+01 6.434564113616943359e+00 -3.691289520263671875e+01
1.138364124298095703e+01 6.454088211059570312e+00 -3.697743225097656250e+01
1.138653182983398438e+01 6.454865455627441406e+00 -3.704806900024414062e+01
1.141364002227783203e+01 6.491272926330566406e+00 -3.711227416992187500e+01
1.141271400451660156e+01 6.470538616180419922e+00 -3.720851898193359375e+01
1.141693401336669922e+01 6.466030120849609375e+00 -3.726657104492187500e+01
1.143251800537109375e+01 6.445405483245849609e+00 -3.732631683349609375e+01
1.144907379150390625e+01 6.415233612060546875e+00 -3.738566207885742188e+01
1.147162055969238281e+01 6.407575130462646484e+00 -3.744665145874023438e+01
1.150403213500976562e+01 6.411749839782714844e+00 -3.749209213256835938e+01
1.152011108398437500e+01 6.391063690185546875e+00 -3.756005859375000000e+01
1.154587554931640625e+01 6.380560398101806641e+00 -3.762298202514648438e+01
1.156790351867675781e+01 6.388146877288818359e+00 -3.766083145141601562e+01
1.159959793090820312e+01 6.441466331481933594e+00 -3.772772979736328125e+01
1.159860515594482422e+01 6.448120594024658203e+00 -3.779413986206054688e+01
1.161001586914062500e+01 6.484496116638183594e+00 -3.785825729370117188e+01
1.164324951171875000e+01 6.519885540008544922e+00 -3.794065093994140625e+01
1.167386150360107422e+01 6.551043510437011719e+00 -3.805620956420898438e+01
1.169779682159423828e+01 6.600115776062011719e+00 -3.816410446166992188e+01
1.172607707977294922e+01 6.601990222930908203e+00 -3.826593399047851562e+01
1.175309944152832031e+01 6.616487979888916016e+00 -3.838968276977539062e+01
1.177973747253417969e+01 6.593053340911865234e+00 -3.849760818481445312e+01
1.180168247222900391e+01 6.588588714599609375e+00 -3.861133956909179688e+01
1.184488868713378906e+01 6.562275409698486328e+00 -3.872506713867187500e+01
1.187114048004150391e+01 6.521760463714599609e+00 -3.882182693481445312e+01
1.192202091217041016e+01 6.506351470947265625e+00 -3.895520019531250000e+01
1.196734905242919922e+01 6.478466510772705078e+00 -3.904364776611328125e+01
1.196353244781494141e+01 6.455213069915771484e+00 -3.913520050048828125e+01
1.198091411590576172e+01 6.443497180938720703e+00 -3.922665023803710938e+01
1.196971893310546875e+01 6.387772560119628906e+00 -3.930912399291992188e+01
1.198771953582763672e+01 6.345423698425292969e+00 -3.938743209838867188e+01
1.198394966125488281e+01 6.319384098052978516e+00 -3.946072769165039062e+01
1.200563430786132812e+01 6.265671730041503906e+00 -3.953717803955078125e+01
1.204313087463378906e+01 6.201780319213867188e+00 -3.961490249633789062e+01
1.206547737121582031e+01 6.167306900024414062e+00 -3.967594528198242188e+01
1.210222053527832031e+01 6.118387699127197266e+00 -3.975078964233398438e+01
1.215982055664062500e+01 6.086999893188476562e+00 -3.981871414184570312e+01
1.217679977416992188e+01 6.062340736389160156e+00 -3.988545227050781250e+01
1.219493103027343750e+01 6.030260562896728516e+00 -3.995408248901367188e+01
1.220494842529296875e+01 6.016719818115234375e+00 -4.002544403076171875e+01
1.220528697967529297e+01 5.968183994293212891e+00 -4.008988189697265625e+01
1.220173358917236328e+01 5.942417144775390625e+00 -4.015810394287109375e+01
1.220306777954101562e+01 5.886842727661132812e+00 -4.022345352172851562e+01
1.220965671539306641e+01 5.847696781158447266e+00 -4.029924392700195312e+01
1.221446418762207031e+01 5.784543991088867188e+00 -4.035715866088867188e+01
1.222349548339843750e+01 5.710825920104980469e+00 -4.042125701904296875e+01
1.225959205627441406e+01 5.611925601959228516e+00 -4.051464843750000000e+01
1.229666805267333984e+01 5.557778358459472656e+00 -4.058402252197265625e+01
1.233405208587646484e+01 5.530364036560058594e+00 -4.065422439575195312e+01
1.236662960052490234e+01 5.504221439361572266e+00 -4.072093200683593750e+01
1.238064670562744141e+01 5.493977546691894531e+00 -4.078437042236328125e+01
1.239930057525634766e+01 5.458861827850341797e+00 -4.086306762695312500e+01
1.241574859619140625e+01 5.445589065551757812e+00 -4.093199920654296875e+01
1.243570995330810547e+01 5.401159763336181641e+00 -4.099242782592773438e+01
1.242333698272705078e+01 5.379930973052978516e+00 -4.105861663818359375e+01
1.242450141906738281e+01 5.344800949096679688e+00 -4.112492370605468750e+01
1.243935012817382812e+01 5.315690040588378906e+00 -4.121276855468750000e+01
