1.111739039421081543e+00 2.251001119613647461e+00 -5.971617624163627625e-02
1.121682763099670410e+00 2.304420471191406250e+00 -5.664248391985893250e-02
1.116926312446594238e+00 2.327975749969482422e+00 -5.542058125138282776e-02
1.134514451026916504e+00 2.349194526672363281e+00 -5.903855338692665100e-02
1.150009274482727051e+00 2.386869192123413086e+00 -5.403407663106918335e-02
1.141750335693359375e+00 2.436410427093505859e+00 -4.553724080324172974e-02
1.162225008010864258e+00 2.461441993713378906e+00 -4.898879677057266235e-02
1.171126365661621094e+00 2.500528573989868164e+00 -3.463232889771461487e-02
1.180695414543151855e+00 2.533839464187622070e+00 -2.359866164624691010e-02
1.196291923522949219e+00 2.586799860000610352e+00 -2.642115391790866852e-02
1.207243442535400391e+00 2.623429775238037109e+00 -1.876866258680820465e-02
1.232581496238708496e+00 2.702765226364135742e+00 -5.112662445753812790e-03
1.238641977310180664e+00 2.761437654495239258e+00 3.749539842829108238e-03
1.242464065551757812e+00 2.815104484558105469e+00 1.387712266296148300e-02
1.266339063644409180e+00 2.868253231048583984e+00 2.090604417026042938e-02
1.282694816589355469e+00 2.926021814346313477e+00 1.808359101414680481e-02
1.290600419044494629e+00 2.990648746490478516e+00 3.385093435645103455e-02
1.299927592277526855e+00 3.047765970230102539e+00 3.768350183963775635e-02
1.310133218765258789e+00 3.113723516464233398e+00 4.818869754672050476e-02
1.335703253746032715e+00 3.194171428680419922e+00 4.926750808954238892e-02
1.342846632003784180e+00 3.263108730316162109e+00 5.840014293789863586e-02
1.361836552619934082e+00 3.313781261444091797e+00 6.097157672047615051e-02
1.389204502105712891e+00 3.380553007125854492e+00 7.759436964988708496e-02
1.410620331764221191e+00 3.455925226211547852e+00 7.739559561014175415e-02
1.442752242088317871e+00 3.543293476104736328e+00 8.899623155593872070e-02
1.458472013473510742e+00 3.616563081741333008e+00 9.380552917718887329e-02
1.475174665451049805e+00 3.698844909667968750e+00 9.853604435920715332e-02
1.496747612953186035e+00 3.762289285659790039e+00 1.143210008740425110e-01
1.519006490707397461e+00 3.840188264846801758e+00 1.160791516304016113e-01
1.544015645980834961e+00 3.936916351318359375e+00 1.231872662901878357e-01
1.560174345970153809e+00 4.025793552398681641e+00 1.439432650804519653e-01
1.556876540184020996e+00 4.115608692169189453e+00 1.419054865837097168e-01
1.591787695884704590e+00 4.246030807495117188e+00 1.580503880977630615e-01
1.621562123298645020e+00 4.339916706085205078e+00 1.660582572221755981e-01
1.642226934432983398e+00 4.446724891662597656e+00 1.664996743202209473e-01
1.662011861801147461e+00 4.543146610260009766e+00 1.733832806348800659e-01
1.680015921592712402e+00 4.650772094726562500e+00 1.839154660701751709e-01
1.695019125938415527e+00 4.759973526000976562e+00 1.876026839017868042e-01
1.718228936195373535e+00 4.857683181762695312e+00 2.048085033893585205e-01
1.747607350349426270e+00 4.969807624816894531e+00 2.107665985822677612e-01
1.768777370452880859e+00 5.078025341033935547e+00 2.261314392089843750e-01
1.797737121582031250e+00 5.203773021697998047e+00 2.363299578428268433e-01
1.809845566749572754e+00 5.323121547698974609e+00 2.481159418821334839e-01
1.845713853836059570e+00 5.451212406158447266e+00 2.564233839511871338e-01
1.867722988128662109e+00 5.585612773895263672e+00 2.632845342159271240e-01
1.881839990615844727e+00 5.707534313201904297e+00 2.713436186313629150e-01
1.913733005523681641e+00 5.835384368896484375e+00 2.737911045551300049e-01
1.928397893905639648e+00 5.973297595977783203e+00 2.770159244537353516e-01
1.955396175384521484e+00 6.120017528533935547e+00 2.929500043392181396e-01
1.977551102638244629e+00 6.247757434844970703e+00 2.939184308052062988e-01
2.009088516235351562e+00 6.401830196380615234e+00 2.956162691116333008e-01
2.031561374664306641e+00 6.547412395477294922e+00 2.912013232707977295e-01
2.066443681716918945e+00 6.695044517517089844e+00 3.029217720031738281e-01
2.109801769256591797e+00 6.941515445709228516e+00 2.944629192352294922e-01
2.131546020507812500e+00 7.107978343963623047e+00 3.043542504310607910e-01
2.170059680938720703e+00 7.266034603118896484e+00 3.018416166305541992e-01
2.193022489547729492e+00 7.447293758392333984e+00 2.919768095016479492e-01
2.233035087585449219e+00 7.620181560516357422e+00 2.869296073913574219e-01
2.259313344955444336e+00 7.822633743286132812e+00 2.902227044105529785e-01
2.294202327728271484e+00 8.002319335937500000e+00 2.740533053874969482e-01
2.326621294021606445e+00 8.180815696716308594e+00 2.579488456249237061e-01
2.379813671112060547e+00 8.378376007080078125e+00 2.523401677608489990e-01
2.407904624938964844e+00 8.593446731567382812e+00 2.312523722648620605e-01
2.430733442306518555e+00 8.791044235229492188e+00 2.152866423130035400e-01
2.482369661331176758e+00 9.004334449768066406e+00 1.960472166538238525e-01
2.528804540634155273e+00 9.236699104309082031e+00 1.748462170362472534e-01
2.566699504852294922e+00 9.465373039245605469e+00 1.457207351922988892e-01
2.607832431793212891e+00 9.700319290161132812e+00 1.064787805080413818e-01
2.644206523895263672e+00 9.941247940063476562e+00 7.180665433406829834e-02
2.690334558486938477e+00 1.019352436065673828e+01 2.476076781749725342e-02
2.726263999938964844e+00 1.044813823699951172e+01 -1.539568882435560226e-02
2.762984514236450195e+00 1.070648956298828125e+01 -7.665727287530899048e-02
2.811472177505493164e+00 1.097511005401611328e+01 -1.250890940427780151e-01
2.901450634002685547e+00 1.139761543273925781e+01 -2.340207695960998535e-01
2.966302871704101562e+00 1.169305896759033203e+01 -3.112113177776336670e-01
3.019792795181274414e+00 1.200679206848144531e+01 -4.074014425277709961e-01
3.074615955352783203e+00 1.231710529327392578e+01 -5.210204720497131348e-01
3.130905866622924805e+00 1.261987209320068359e+01 -6.402812600135803223e-01
3.204490661621093750e+00 1.294199848175048828e+01 -7.719899415969848633e-01
3.295675039291381836e+00 1.327576255798339844e+01 -9.252225756645202637e-01
3.352809429168701172e+00 1.362629318237304688e+01 -1.101578354835510254e+00
3.431850910186767578e+00 1.397459602355957031e+01 -1.294365406036376953e+00
3.499749183654785156e+00 1.433271503448486328e+01 -1.513069987297058105e+00
3.591896295547485352e+00 1.469367980957031250e+01 -1.752053022384643555e+00
3.691161870956420898e+00 1.505891990661621094e+01 -2.020593166351318359e+00
3.780441761016845703e+00 1.543105697631835938e+01 -2.330811738967895508e+00
3.883890867233276367e+00 1.578793144226074219e+01 -2.673799514770507812e+00
3.974406719207763672e+00 1.613678550720214844e+01 -3.052796125411987305e+00
4.083333015441894531e+00 1.647055625915527344e+01 -3.471127033233642578e+00
4.199041366577148438e+00 1.678495407104492188e+01 -3.919441938400268555e+00
4.317860126495361328e+00 1.708872985839843750e+01 -4.391795158386230469e+00
4.416429519653320312e+00 1.734827613830566406e+01 -4.897482872009277344e+00
4.519808769226074219e+00 1.755498313903808594e+01 -5.405563354492187500e+00
4.643419265747070312e+00 1.776363563537597656e+01 -5.930500984191894531e+00
4.789507865905761719e+00 1.801399993896484375e+01 -6.744110584259033203e+00
4.881978988647460938e+00 1.814681434631347656e+01 -7.274946212768554688e+00
4.985074996948242188e+00 1.826204109191894531e+01 -7.794310569763183594e+00
5.075963973999023438e+00 1.834626007080078125e+01 -8.298339843750000000e+00
5.159972190856933594e+00 1.841329574584960938e+01 -8.788273811340332031e+00
5.231592178344726562e+00 1.845530700683593750e+01 -9.267127990722656250e+00
5.312388420104980469e+00 1.847963523864746094e+01 -9.717608451843261719e+00
5.383660793304443359e+00 1.850133705139160156e+01 -1.015393638610839844e+01
5.461461067199707031e+00 1.851462745666503906e+01 -1.057156562805175781e+01
5.518067836761474609e+00 1.850760650634765625e+01 -1.095983886718750000e+01
5.586157321929931641e+00 1.848736190795898438e+01 -1.133792591094970703e+01
5.651773452758789062e+00 1.846215248107910156e+01 -1.170308113098144531e+01
5.713756561279296875e+00 1.844514083862304688e+01 -1.204502010345458984e+01
5.754143714904785156e+00 1.842921638488769531e+01 -1.237847423553466797e+01
5.806068897247314453e+00 1.839108276367187500e+01 -1.268329620361328125e+01
5.846812248229980469e+00 1.835172462463378906e+01 -1.296623611450195312e+01
5.906098842620849609e+00 1.831993865966796875e+01 -1.324850940704345703e+01
5.949809074401855469e+00 1.829071426391601562e+01 -1.351118373870849609e+01
5.995100498199462891e+00 1.825142478942871094e+01 -1.376457500457763672e+01
6.033963203430175781e+00 1.821950531005859375e+01 -1.400641822814941406e+01
6.069833755493164062e+00 1.818372917175292969e+01 -1.423235702514648438e+01
6.125053882598876953e+00 1.809356689453125000e+01 -1.457126426696777344e+01
6.169869422912597656e+00 1.804760932922363281e+01 -1.478057193756103516e+01
6.200595855712890625e+00 1.798812294006347656e+01 -1.497227191925048828e+01
6.236893653869628906e+00 1.792963981628417969e+01 -1.515678501129150391e+01
6.266800403594970703e+00 1.787976264953613281e+01 -1.534673976898193359e+01
6.298391819000244141e+00 1.782144165039062500e+01 -1.551776123046875000e+01
6.334643840789794922e+00 1.775432395935058594e+01 -1.569549655914306641e+01
6.365282058715820312e+00 1.770726585388183594e+01 -1.585848140716552734e+01
6.377038478851318359e+00 1.765128326416015625e+01 -1.601144981384277344e+01
6.408025741577148438e+00 1.759459877014160156e+01 -1.617442893981933594e+01
6.429433345794677734e+00 1.754943275451660156e+01 -1.632429504394531250e+01
6.446836948394775391e+00 1.750734901428222656e+01 -1.646279716491699219e+01
6.458567142486572266e+00 1.744443893432617188e+01 -1.659764099121093750e+01
6.483685970306396484e+00 1.739648818969726562e+01 -1.673263168334960938e+01
6.504919052124023438e+00 1.734386062622070312e+01 -1.686137390136718750e+01
6.522093296051025391e+00 1.729129219055175781e+01 -1.698426246643066406e+01
6.525013446807861328e+00 1.723663520812988281e+01 -1.710455894470214844e+01
6.547570705413818359e+00 1.717340660095214844e+01 -1.721713066101074219e+01
6.578947067260742188e+00 1.711098098754882812e+01 -1.733303451538085938e+01
6.605613708496093750e+00 1.707792282104492188e+01 -1.744244766235351562e+01
6.610449314117431641e+00 1.702323913574218750e+01 -1.753157043457031250e+01
6.649422645568847656e+00 1.693908309936523438e+01 -1.768036460876464844e+01
6.673228263854980469e+00 1.689703750610351562e+01 -1.778187942504882812e+01
6.692685127258300781e+00 1.685207176208496094e+01 -1.787723350524902344e+01
6.705031394958496094e+00 1.680540657043457031e+01 -1.796284103393554688e+01
6.725625038146972656e+00 1.676531982421875000e+01 -1.805075454711914062e+01
6.735612392425537109e+00 1.671183776855468750e+01 -1.813510513305664062e+01
6.752391815185546875e+00 1.665730476379394531e+01 -1.822956466674804688e+01
6.792161941528320312e+00 1.660514450073242188e+01 -1.832086181640625000e+01
6.804222106933593750e+00 1.656545448303222656e+01 -1.841340255737304688e+01
6.819571495056152344e+00 1.651980590820312500e+01 -1.850401687622070312e+01
6.823709011077880859e+00 1.646936416625976562e+01 -1.858744812011718750e+01
6.841069698333740234e+00 1.640476989746093750e+01 -1.867060661315917969e+01
6.859641551971435547e+00 1.636280059814453125e+01 -1.875350952148437500e+01
6.871734142303466797e+00 1.630972480773925781e+01 -1.884144592285156250e+01
6.889627456665039062e+00 1.625435066223144531e+01 -1.891510200500488281e+01
6.901738166809082031e+00 1.620201683044433594e+01 -1.900634193420410156e+01
6.925497531890869141e+00 1.614327049255371094e+01 -1.907468032836914062e+01
6.949388980865478516e+00 1.609160614013671875e+01 -1.915508651733398438e+01
6.960486888885498047e+00 1.605669975280761719e+01 -1.923321723937988281e+01
6.964010238647460938e+00 1.599162101745605469e+01 -1.930468368530273438e+01
6.982951164245605469e+00 1.594088840484619141e+01 -1.938004302978515625e+01
7.001183509826660156e+00 1.584659194946289062e+01 -1.948326301574707031e+01
7.012316703796386719e+00 1.578318786621093750e+01 -1.955564117431640625e+01
7.026647567749023438e+00 1.573349285125732422e+01 -1.963173103332519531e+01
7.034750461578369141e+00 1.566175937652587891e+01 -1.969959449768066406e+01
7.048781394958496094e+00 1.559457492828369141e+01 -1.978067779541015625e+01
7.054206848144531250e+00 1.553996562957763672e+01 -1.984687423706054688e+01
7.082575321197509766e+00 1.547149181365966797e+01 -1.990863227844238281e+01
7.087857723236083984e+00 1.540690994262695312e+01 -1.997569656372070312e+01
7.105695724487304688e+00 1.533478260040283203e+01 -2.004169082641601562e+01
7.101369380950927734e+00 1.527134799957275391e+01 -2.010291099548339844e+01
7.131898403167724609e+00 1.519221496582031250e+01 -2.017529869079589844e+01
7.127784252166748047e+00 1.513070392608642578e+01 -2.022870826721191406e+01
7.145627021789550781e+00 1.505899906158447266e+01 -2.029296875000000000e+01
7.150626182556152344e+00 1.500304985046386719e+01 -2.035426330566406250e+01
7.161369323730468750e+00 1.492262554168701172e+01 -2.041722297668457031e+01
7.173743247985839844e+00 1.483432674407958984e+01 -2.047476768493652344e+01
7.188077926635742188e+00 1.476512432098388672e+01 -2.053436088562011719e+01
7.201733112335205078e+00 1.468930053710937500e+01 -2.059950256347656250e+01
7.219689369201660156e+00 1.461445808410644531e+01 -2.065243339538574219e+01
7.219516754150390625e+00 1.454751014709472656e+01 -2.069803810119628906e+01
7.228853225708007812e+00 1.446724033355712891e+01 -2.076051330566406250e+01
7.246071815490722656e+00 1.433816051483154297e+01 -2.085262298583984375e+01
7.254513740539550781e+00 1.425579071044921875e+01 -2.090263366699218750e+01
7.253971576690673828e+00 1.417617988586425781e+01 -2.096158027648925781e+01
7.263187408447265625e+00 1.407885646820068359e+01 -2.100675773620605469e+01
7.276511669158935547e+00 1.399318408966064453e+01 -2.105866241455078125e+01
7.282022476196289062e+00 1.391259002685546875e+01 -2.110929107666015625e+01
7.301659107208251953e+00 1.383021736145019531e+01 -2.115714263916015625e+01
7.299446105957031250e+00 1.375393676757812500e+01 -2.120209121704101562e+01
7.292184352874755859e+00 1.366612243652343750e+01 -2.125408363342285156e+01
7.301446437835693359e+00 1.356919956207275391e+01 -2.128526878356933594e+01
7.314270019531250000e+00 1.348760318756103516e+01 -2.132628250122070312e+01
7.319523334503173828e+00 1.341085815429687500e+01 -2.136264228820800781e+01
7.325361251831054688e+00 1.333136558532714844e+01 -2.139487457275390625e+01
7.329104423522949219e+00 1.325706100463867188e+01 -2.142599678039550781e+01
7.321210384368896484e+00 1.317042446136474609e+01 -2.145490646362304688e+01
7.321232795715332031e+00 1.308268165588378906e+01 -2.148700332641601562e+01
7.338844776153564453e+00 1.299425697326660156e+01 -2.150944137573242188e+01
7.345604896545410156e+00 1.291875553131103516e+01 -2.153767204284667969e+01
7.360219001770019531e+00 1.283563613891601562e+01 -2.156381416320800781e+01
7.361239910125732422e+00 1.274742698669433594e+01 -2.159048271179199219e+01
7.370982170104980469e+00 1.263086605072021484e+01 -2.161972808837890625e+01
7.383884906768798828e+00 1.256970787048339844e+01 -2.163833427429199219e+01
7.377710342407226562e+00 1.248327159881591797e+01 -2.164901351928710938e+01
7.379043102264404297e+00 1.240829944610595703e+01 -2.167205238342285156e+01
7.386363983154296875e+00 1.233172512054443359e+01 -2.168020629882812500e+01
7.382751941680908203e+00 1.225899982452392578e+01 -2.170282554626464844e+01
7.384744644165039062e+00 1.218479824066162109e+01 -2.171271324157714844e+01
7.394225597381591797e+00 1.209978675842285156e+01 -2.172542381286621094e+01
7.392946243286132812e+00 1.201085567474365234e+01 -2.172700119018554688e+01
7.409511089324951172e+00 1.193290138244628906e+01 -2.173476028442382812e+01
7.412762165069580078e+00 1.187293243408203125e+01 -2.174966812133789062e+01
7.405996322631835938e+00 1.179103660583496094e+01 -2.174709129333496094e+01
7.407094955444335938e+00 1.170871162414550781e+01 -2.174715423583984375e+01
7.419758796691894531e+00 1.163285064697265625e+01 -2.174953460693359375e+01
7.424151897430419922e+00 1.156529426574707031e+01 -2.175181007385253906e+01
7.415849208831787109e+00 1.149116420745849609e+01 -2.175456809997558594e+01
7.412492275238037109e+00 1.141791057586669922e+01 -2.174287605285644531e+01
7.412512779235839844e+00 1.133454322814941406e+01 -2.173617744445800781e+01
7.407824993133544922e+00 1.127518844604492188e+01 -2.172216796875000000e+01
7.404960155487060547e+00 1.121039485931396484e+01 -2.170247077941894531e+01
7.397637367248535156e+00 1.112536716461181641e+01 -2.168855857849121094e+01
7.397515773773193359e+00 1.101211166381835938e+01 -2.165776824951171875e+01
7.404211997985839844e+00 1.095227336883544922e+01 -2.162644577026367188e+01
7.397815227508544922e+00 1.089853382110595703e+01 -2.159463882446289062e+01
7.392994403839111328e+00 1.083579063415527344e+01 -2.155587387084960938e+01
7.395056247711181641e+00 1.078076457977294922e+01 -2.150966453552246094e+01
7.380347251892089844e+00 1.072453784942626953e+01 -2.146202850341796875e+01
7.374092102050781250e+00 1.066016960144042969e+01 -2.141237831115722656e+01
7.365758895874023438e+00 1.060930633544921875e+01 -2.134806823730468750e+01
7.361388206481933594e+00 1.055809593200683594e+01 -2.129021072387695312e+01
7.353208065032958984e+00 1.049442768096923828e+01 -2.121046829223632812e+01
7.349834442138671875e+00 1.044575405120849609e+01 -2.113971710205078125e+01
7.354297637939453125e+00 1.040725231170654297e+01 -2.105439376831054688e+01
7.358356952667236328e+00 1.038455295562744141e+01 -2.095318031311035156e+01
7.340461254119873047e+00 1.037768936157226562e+01 -2.084543228149414062e+01
7.335640907287597656e+00 1.037316513061523438e+01 -2.073447608947753906e+01
7.319817543029785156e+00 1.037974166870117188e+01 -2.060858726501464844e+01
7.308423995971679688e+00 1.039763355255126953e+01 -2.046739578247070312e+01
7.306228160858154297e+00 1.043464279174804688e+01 -2.030415153503417969e+01
7.309782028198242188e+00 1.050481510162353516e+01 -2.015143394470214844e+01
7.292211055755615234e+00 1.061202907562255859e+01 -1.997363853454589844e+01
7.309638023376464844e+00 1.074271869659423828e+01 -1.980004119873046875e+01
7.321209907531738281e+00 1.106453514099121094e+01 -1.956684112548828125e+01
7.356272697448730469e+00 1.131859207153320312e+01 -1.943401527404785156e+01
7.386283397674560547e+00 1.159487342834472656e+01 -1.934705352783203125e+01
7.421546936035156250e+00 1.190696525573730469e+01 -1.928056907653808594e+01
7.467740058898925781e+00 1.221402931213378906e+01 -1.925910568237304688e+01
7.488159656524658203e+00 1.252805137634277344e+01 -1.926745223999023438e+01
7.527873039245605469e+00 1.279759025573730469e+01 -1.930258750915527344e+01
7.578744888305664062e+00 1.305199050903320312e+01 -1.935365676879882812e+01
7.638556480407714844e+00 1.328432273864746094e+01 -1.942525100708007812e+01
7.684626102447509766e+00 1.348994731903076172e+01 -1.950615692138671875e+01
7.737913131713867188e+00 1.367081737518310547e+01 -1.959482574462890625e+01
7.776459217071533203e+00 1.382478809356689453e+01 -1.969281959533691406e+01
7.825354576110839844e+00 1.395889568328857422e+01 -1.979628944396972656e+01
7.865177154541015625e+00 1.405791664123535156e+01 -1.989884567260742188e+01
7.896206855773925781e+00 1.414237689971923828e+01 -2.000672340393066406e+01
7.922504901885986328e+00 1.422031116485595703e+01 -2.010649681091308594e+01
7.959176540374755859e+00 1.428915309906005859e+01 -2.020890235900878906e+01
7.991691112518310547e+00 1.433721256256103516e+01 -2.030760192871093750e+01
8.007757186889648438e+00 1.438105392456054688e+01 -2.041526031494140625e+01
8.005019187927246094e+00 1.438741779327392578e+01 -2.051410102844238281e+01
8.028546333312988281e+00 1.438761901855468750e+01 -2.062736892700195312e+01
8.082503318786621094e+00 1.440507125854492188e+01 -2.078631591796875000e+01
8.115472793579101562e+00 1.442058658599853516e+01 -2.090362930297851562e+01
8.126562118530273438e+00 1.441541481018066406e+01 -2.101062011718750000e+01
8.155385971069335938e+00 1.440390014648437500e+01 -2.111878967285156250e+01
8.177106857299804688e+00 1.438607215881347656e+01 -2.124283218383789062e+01
8.209475517272949219e+00 1.437338352203369141e+01 -2.134230995178222656e+01
8.240945816040039062e+00 1.436342430114746094e+01 -2.146482467651367188e+01
8.264461517333984375e+00 1.433012008666992188e+01 -2.157681083679199219e+01
8.274477958679199219e+00 1.430299091339111328e+01 -2.169591903686523438e+01
8.314462661743164062e+00 1.427133178710937500e+01 -2.180934524536132812e+01
8.336116790771484375e+00 1.423765468597412109e+01 -2.192256164550781250e+01
8.352950096130371094e+00 1.420359134674072266e+01 -2.202390480041503906e+01
8.373973846435546875e+00 1.416174411773681641e+01 -2.213701057434082031e+01
8.406877517700195312e+00 1.411229228973388672e+01 -2.225218200683593750e+01
8.422207832336425781e+00 1.405286312103271484e+01 -2.235813903808593750e+01
8.457114219665527344e+00 1.402054786682128906e+01 -2.246105957031250000e+01
8.477065086364746094e+00 1.398981761932373047e+01 -2.255990409851074219e+01
8.489909172058105469e+00 1.393263435363769531e+01 -2.266154098510742188e+01
8.514143943786621094e+00 1.388320350646972656e+01 -2.277488136291503906e+01
8.515787124633789062e+00 1.382569313049316406e+01 -2.287522697448730469e+01
8.537346839904785156e+00 1.377021217346191406e+01 -2.298373794555664062e+01
8.566930770874023438e+00 1.367937850952148438e+01 -2.315325355529785156e+01
8.590578079223632812e+00 1.362323188781738281e+01 -2.325575447082519531e+01
8.601773262023925781e+00 1.356881046295166016e+01 -2.336928176879882812e+01
8.628401756286621094e+00 1.350843906402587891e+01 -2.346588897705078125e+01
8.647790908813476562e+00 1.345277118682861328e+01 -2.357329177856445312e+01
8.663189888000488281e+00 1.340748405456542969e+01 -2.367954444885253906e+01
8.657659530639648438e+00 1.333674335479736328e+01 -2.378480720520019531e+01
8.671424865722656250e+00 1.326405143737792969e+01 -2.388472938537597656e+01
8.694665908813476562e+00 1.318807411193847656e+01 -2.397293281555175781e+01
8.710911750793457031e+00 1.312870311737060547e+01 -2.407707595825195312e+01
8.723397254943847656e+00 1.306129932403564453e+01 -2.418776321411132812e+01
8.744649887084960938e+00 1.299312496185302734e+01 -2.428972053527832031e+01
8.761315345764160156e+00 1.292211723327636719e+01 -2.437938499450683594e+01
8.787262916564941406e+00 1.286396789550781250e+01 -2.448340606689453125e+01
8.783332824707031250e+00 1.279486274719238281e+01 -2.457535362243652344e+01
8.796465873718261719e+00 1.272435474395751953e+01 -2.466888236999511719e+01
8.810240745544433594e+00 1.265491580963134766e+01 -2.477696609497070312e+01
8.831780433654785156e+00 1.257803344726562500e+01 -2.486754417419433594e+01
8.840047836303710938e+00 1.251420783996582031e+01 -2.498387336730957031e+01
8.856514930725097656e+00 1.245084762573242188e+01 -2.508861923217773438e+01
8.877752304077148438e+00 1.237223720550537109e+01 -2.519102478027343750e+01
8.921566009521484375e+00 1.227939987182617188e+01 -2.534648895263671875e+01
8.929790496826171875e+00 1.222410488128662109e+01 -2.545394897460937500e+01
8.946612358093261719e+00 1.214941501617431641e+01 -2.556557464599609375e+01
8.953064918518066406e+00 1.208173084259033203e+01 -2.568747329711914062e+01
8.982093811035156250e+00 1.199262142181396484e+01 -2.580645942687988281e+01
8.999913215637207031e+00 1.191433334350585938e+01 -2.592504882812500000e+01
9.030964851379394531e+00 1.183594703674316406e+01 -2.604510879516601562e+01
9.059487342834472656e+00 1.176381111145019531e+01 -2.615962219238281250e+01
9.076209068298339844e+00 1.169653129577636719e+01 -2.627672386169433594e+01
9.077157020568847656e+00 1.161515045166015625e+01 -2.638763046264648438e+01
9.080681800842285156e+00 1.150123977661132812e+01 -2.650311851501464844e+01
9.102862358093261719e+00 1.141197967529296875e+01 -2.660402679443359375e+01
9.124300003051757812e+00 1.131927394866943359e+01 -2.672248077392578125e+01
9.136012077331542969e+00 1.123000049591064453e+01 -2.682806968688964844e+01
9.148392677307128906e+00 1.113653850555419922e+01 -2.694282913208007812e+01
9.158118247985839844e+00 1.104749774932861328e+01 -2.703826713562011719e+01
9.165715217590332031e+00 1.095287895202636719e+01 -2.715607833862304688e+01
9.186412811279296875e+00 1.085092544555664062e+01 -2.726379394531250000e+01
9.197260856628417969e+00 1.075393867492675781e+01 -2.736085700988769531e+01
9.205006599426269531e+00 1.065602779388427734e+01 -2.747049140930175781e+01
9.225503921508789062e+00 1.049125766754150391e+01 -2.761837768554687500e+01
9.239432334899902344e+00 1.037844276428222656e+01 -2.773080444335937500e+01
9.258830070495605469e+00 1.028364658355712891e+01 -2.782478904724121094e+01
9.263484001159667969e+00 1.015480422973632812e+01 -2.792963027954101562e+01
9.277406692504882812e+00 1.001253509521484375e+01 -2.802738571166992188e+01
9.283548355102539062e+00 9.892546653747558594e+00 -2.812122535705566406e+01
9.287072181701660156e+00 9.732310295104980469e+00 -2.821399116516113281e+01
9.299769401550292969e+00 9.586030960083007812e+00 -2.828929519653320312e+01
9.296332359313964844e+00 9.408093452453613281e+00 -2.833894538879394531e+01
9.289372444152832031e+00 9.205890655517578125e+00 -2.836178398132324219e+01
9.280405998229980469e+00 9.017648696899414062e+00 -2.836282348632812500e+01
9.266244888305664062e+00 8.821993827819824219e+00 -2.830146598815917969e+01
9.250179290771484375e+00 8.656105995178222656e+00 -2.820357704162597656e+01
9.232036590576171875e+00 8.518018722534179688e+00 -2.807776069641113281e+01
9.210416793823242188e+00 8.409241676330566406e+00 -2.796105575561523438e+01
9.183203697204589844e+00 8.335086822509765625e+00 -2.783363342285156250e+01
9.182849884033203125e+00 8.272008895874023438e+00 -2.773267936706542969e+01
9.181470870971679688e+00 8.234463691711425781e+00 -2.764571762084960938e+01
9.174213409423828125e+00 8.225537300109863281e+00 -2.759203338623046875e+01
9.176462173461914062e+00 8.219389915466308594e+00 -2.755107307434082031e+01
9.175078392028808594e+00 8.206230163574218750e+00 -2.755079650878906250e+01
9.202710151672363281e+00 8.180760383605957031e+00 -2.757098770141601562e+01
9.233778953552246094e+00 8.187401771545410156e+00 -2.759402656555175781e+01
9.262712478637695312e+00 8.189420700073242188e+00 -2.765063095092773438e+01
9.291672706604003906e+00 8.206575393676757812e+00 -2.772245979309082031e+01
9.302548408508300781e+00 8.215277671813964844e+00 -2.780262947082519531e+01
9.316143989562988281e+00 8.206789016723632812e+00 -2.788944625854492188e+01
9.346663475036621094e+00 8.183018684387207031e+00 -2.797672653198242188e+01
9.376457214355468750e+00 8.167677879333496094e+00 -2.808255195617675781e+01
9.421827316284179688e+00 8.177529335021972656e+00 -2.818096923828125000e+01
9.477731704711914062e+00 8.196385383605957031e+00 -2.827847862243652344e+01
9.498765945434570312e+00 8.225812911987304688e+00 -2.838249206542968750e+01
9.510791778564453125e+00 8.236291885375976562e+00 -2.848225402832031250e+01
9.519656181335449219e+00 8.245652198791503906e+00 -2.858385848999023438e+01
9.534524917602539062e+00 8.253277778625488281e+00 -2.869202804565429688e+01
9.555398941040039062e+00 8.243968963623046875e+00 -2.879910850524902344e+01
9.584498405456542969e+00 8.236343383789062500e+00 -2.890356445312500000e+01
9.611265182495117188e+00 8.256741523742675781e+00 -2.900396728515625000e+01
9.638725280761718750e+00 8.267901420593261719e+00 -2.910245323181152344e+01
9.652246475219726562e+00 8.290940284729003906e+00 -2.920959281921386719e+01
9.681021690368652344e+00 8.319039344787597656e+00 -2.932079315185546875e+01
9.684313774108886719e+00 8.330184936523437500e+00 -2.943109512329101562e+01
9.716267585754394531e+00 8.330797195434570312e+00 -2.960576248168945312e+01
9.750826835632324219e+00 8.326878547668457031e+00 -2.972378349304199219e+01
9.785571098327636719e+00 8.330952644348144531e+00 -2.984803390502929688e+01
9.812033653259277344e+00 8.322210311889648438e+00 -2.997048377990722656e+01
9.841262817382812500e+00 8.326517105102539062e+00 -3.009812736511230469e+01
9.869692802429199219e+00 8.308574676513671875e+00 -3.021133232116699219e+01
9.895273208618164062e+00 8.319262504577636719e+00 -3.034039688110351562e+01
9.920433998107910156e+00 8.307316780090332031e+00 -3.046178245544433594e+01
9.930603027343750000e+00 8.305090904235839844e+00 -3.057271575927734375e+01
9.951024055480957031e+00 8.292193412780761719e+00 -3.068815612792968750e+01
9.974658012390136719e+00 8.266766548156738281e+00 -3.080851173400878906e+01
1.000241851806640625e+01 8.242040634155273438e+00 -3.092232322692871094e+01
1.003236007690429688e+01 8.214841842651367188e+00 -3.103200149536132812e+01
1.006465148925781250e+01 8.213091850280761719e+00 -3.114541053771972656e+01
1.009969997406005859e+01 8.186050415039062500e+00 -3.126336288452148438e+01
1.012447261810302734e+01 8.191821098327636719e+00 -3.136396217346191406e+01
1.014216136932373047e+01 8.191346168518066406e+00 -3.147452354431152344e+01
1.015503406524658203e+01 8.176377296447753906e+00 -3.157667541503906250e+01
1.016855907440185547e+01 8.170189857482910156e+00 -3.168011283874511719e+01
1.018651485443115234e+01 8.148714065551757812e+00 -3.178092575073242188e+01
1.018949222564697266e+01 8.106668472290039062e+00 -3.186668205261230469e+01
1.021786117553710938e+01 8.041760444641113281e+00 -3.200898742675781250e+01
1.026685523986816406e+01 8.005410194396972656e+00 -3.209460830688476562e+01
1.031266021728515625e+01 7.980924606323242188e+00 -3.218621063232421875e+01
1.035851097106933594e+01 7.971098899841308594e+00 -3.227086257934570312e+01
1.039749336242675781e+01 7.992834091186523438e+00 -3.235397338867187500e+01
1.040918254852294922e+01 8.005654335021972656e+00 -3.243551635742187500e+01
1.039918613433837891e+01 8.003053665161132812e+00 -3.251950836181640625e+01
1.038901901245117188e+01 7.990961551666259766e+00 -3.261399078369140625e+01
1.039174842834472656e+01 7.965049743652343750e+00 -3.271465682983398438e+01
1.042938899993896484e+01 7.956794261932373047e+00 -3.280756759643554688e+01
1.045661163330078125e+01 7.946054935455322266e+00 -3.292185211181640625e+01
1.049133014678955078e+01 7.955616950988769531e+00 -3.302833938598632812e+01
1.052708244323730469e+01 7.979104042053222656e+00 -3.314922714233398438e+01
1.053538513183593750e+01 7.978846073150634766e+00 -3.328290176391601562e+01
1.055780601501464844e+01 7.988620281219482422e+00 -3.343020629882812500e+01
1.056449413299560547e+01 7.953042984008789062e+00 -3.359338378906250000e+01
1.060981655120849609e+01 7.879063129425048828e+00 -3.378062438964843750e+01
1.066309738159179688e+01 7.799823284149169922e+00 -3.397447967529296875e+01
1.071625804901123047e+01 7.701088428497314453e+00 -3.417118453979492188e+01
1.076389312744140625e+01 7.602210521697998047e+00 -3.433055114746093750e+01
1.079428577423095703e+01 7.511354923248291016e+00 -3.448850250244140625e+01
1.079779911041259766e+01 7.405451774597167969e+00 -3.466320800781250000e+01
1.077735900878906250e+01 7.331863880157470703e+00 -3.476695632934570312e+01
1.074653053283691406e+01 7.255003452301025391e+00 -3.484325790405273438e+01
1.073357963562011719e+01 7.177309513092041016e+00 -3.491666412353515625e+01
1.073035240173339844e+01 7.102011680603027344e+00 -3.498468399047851562e+01
1.074610805511474609e+01 7.032424926757812500e+00 -3.504681396484375000e+01
1.079824447631835938e+01 6.980656147003173828e+00 -3.511164474487304688e+01
1.083643245697021484e+01 6.945524215698242188e+00 -3.517616653442382812e+01
1.087378787994384766e+01 6.954314231872558594e+00 -3.523762130737304688e+01
1.090145874023437500e+01 6.951534271240234375e+00 -3.530599212646484375e+01
1.092725753784179688e+01 6.953550338745117188e+00 -3.537314605712890625e+01
1.091871547698974609e+01 6.965135574340820312e+00 -3.543840408325195312e+01
1.094034194946289062e+01 6.967736721038818359e+00 -3.551063156127929688e+01
1.095515918731689453e+01 6.947785854339599609e+00 -3.557854843139648438e+01
1.095965003967285156e+01 6.930249691009521484e+00 -3.564259338378906250e+01
1.096799564361572266e+01 6.905471801757812500e+00 -3.570582199096679688e+01
1.098341751098632812e+01 6.878274917602539062e+00 -3.577638244628906250e+01
1.099358081817626953e+01 6.851479053497314453e+00 -3.583278274536132812e+01
1.099596977233886719e+01 6.822779178619384766e+00 -3.589744567871093750e+01
1.100934123992919922e+01 6.794794559478759766e+00 -3.595569992065429688e+01
1.103161621093750000e+01 6.758315563201904297e+00 -3.602616119384765625e+01
1.107305431365966797e+01 6.692913055419921875e+00 -3.611310195922851562e+01
1.110209846496582031e+01 6.662732601165771484e+00 -3.617340469360351562e+01
1.113657283782958984e+01 6.653036594390869141e+00 -3.622500610351562500e+01
1.115757560729980469e+01 6.636196613311767578e+00 -3.627302551269531250e+01
1.117964172363281250e+01 6.618151664733886719e+00 -3.632574462890625000e+01
1.117946052551269531e+01 6.610977172851562500e+00 -3.637635040283203125e+01
1.119493961334228516e+01 6.592219829559326172e+00 -3.642774200439453125e+01
1.120871162414550781e+01 6.570405006408691406e+00 -3.647511672973632812e+01
1.120819759368896484e+01 6.545490264892578125e+00 -3.651741027832031250e+01
1.122145748138427734e+01 6.523271083831787109e+00 -3.656462097167968750e+01
1.121574020385742188e+01 6.510272979736328125e+00 -3.661467742919921875e+01
1.123153305053710938e+01 6.474459648132324219e+00 -3.665719223022460938e+01
1.123866367340087891e+01 6.441740989685058594e+00 -3.670140457153320312e+01
1.127727317810058594e+01 6.415037155151367188e+00 -3.674642944335937500e+01
1.130984401702880859e+01 6.403221607208251953e+00 -3.680004119873046875e+01
1.135179996490478516e+01 6.429284572601318359e+00 -3.684973144531250000e+01
1.136694526672363281e+01 6.442880630493164062e+00 -3.691449737548828125e+01
1.137932014465332031e+01 6.460736274719238281e+00 -3.697561264038085938e+01
1.139467430114746094e+01 6.466078281402587891e+00 -3.703632354736328125e+01
1.140503692626953125e+01 6.485050201416015625e+00 -3.711114883422851562e+01
1.140894508361816406e+01 6.463160037994384766e+00 -3.720423126220703125e+01
1.141821575164794922e+01 6.469669818878173828e+00 -3.726431274414062500e+01
1.142393493652343750e+01 6.442185878753662109e+00 -3.732728958129882812e+01
1.145263862609863281e+01 6.431107044219970703e+00 -3.738959121704101562e+01
1.146889781951904297e+01 6.408104419708251953e+00 -3.744341659545898438e+01
1.149732875823974609e+01 6.397181034088134766e+00 -3.749483489990234375e+01
1.151465988159179688e+01 6.387915134429931641e+00 -3.755242919921875000e+01
1.155032825469970703e+01 6.381064414978027344e+00 -3.761483383178710938e+01
1.157206344604492188e+01 6.395819187164306641e+00 -3.766868972778320312e+01
1.159574699401855469e+01 6.426069259643554688e+00 -3.772543716430664062e+01
1.160531997680664062e+01 6.452701568603515625e+00 -3.778974151611328125e+01
1.162087821960449219e+01 6.492807865142822266e+00 -3.785441970825195312e+01
1.164162254333496094e+01 6.524212360382080078e+00 -3.793906784057617188e+01
1.167010211944580078e+01 6.564052581787109375e+00 -3.804923629760742188e+01
1.170138645172119141e+01 6.591789722442626953e+00 -3.816087722778320312e+01
1.172893619537353516e+01 6.607358455657958984e+00 -3.827862167358398438e+01
1.175703525543212891e+01 6.619142055511474609e+00 -3.839939498901367188e+01
1.178078365325927734e+01 6.603533744812011719e+00 -3.850780105590820312e+01
1.180917453765869141e+01 6.579530715942382812e+00 -3.861182022094726562e+01
1.184399127960205078e+01 6.557666778564453125e+00 -3.872058105468750000e+01
1.187128734588623047e+01 6.521901607513427734e+00 -3.881853103637695312e+01
1.192897701263427734e+01 6.492508888244628906e+00 -3.895530319213867188e+01
1.196084117889404297e+01 6.467724323272705078e+00 -3.904939651489257812e+01
1.196749782562255859e+01 6.460012435913085938e+00 -3.914073181152343750e+01
1.197671508789062500e+01 6.432041168212890625e+00 -3.923031997680664062e+01
1.197542572021484375e+01 6.401012420654296875e+00 -3.930390548706054688e+01
1.198476791381835938e+01 6.350293636322021484e+00 -3.938291931152343750e+01
1.199580001831054688e+01 6.308632373809814453e+00 -3.945647430419921875e+01
1.200946807861328125e+01 6.252404689788818359e+00 -3.953237152099609375e+01
1.204122257232666016e+01 6.208610534667968750e+00 -3.960583496093750000e+01
1.207395362854003906e+01 6.151287555694580078e+00 -3.967726516723632812e+01
1.210326480865478516e+01 6.118066310882568359e+00 -3.975059127807617188e+01
1.214956760406494141e+01 6.084716320037841797e+00 -3.982526016235351562e+01
1.217379665374755859e+01 6.061250686645507812e+00 -3.989990997314453125e+01
1.218495845794677734e+01 6.029619693756103516e+00 -3.995598220825195312e+01
1.219881820678710938e+01 6.007037639617919922e+00 -4.003252029418945312e+01
1.220579528808593750e+01 5.978038787841796875e+00 -4.009908294677734375e+01
1.220721626281738281e+01 5.943309783935546875e+00 -4.016278076171875000e+01
1.219853496551513672e+01 5.887528896331787109e+00 -4.022644805908203125e+01
1.220473957061767578e+01 5.848488807678222656e+00 -4.028652954101562500e+01
1.220823669433593750e+01 5.786175727844238281e+00 -4.035935211181640625e+01
1.221179389953613281e+01 5.713119506835937500e+00 -4.042603683471679688e+01
1.225524902343750000e+01 5.606278419494628906e+00 -4.052845382690429688e+01
1.230260848999023438e+01 5.569058418273925781e+00 -4.058054351806640625e+01
1.233434772491455078e+01 5.523513793945312500e+00 -4.065400695800781250e+01
1.237009239196777344e+01 5.508162498474121094e+00 -4.072551727294921875e+01
1.238066959381103516e+01 5.483385562896728516e+00 -4.079177474975585938e+01
1.241033363342285156e+01 5.449036598205566406e+00 -4.085358428955078125e+01
1.241333389282226562e+01 5.432720661163330078e+00 -4.092522811889648438e+01
1.242084598541259766e+01 5.389351844787597656e+00 -4.098915100097656250e+01
1.242589855194091797e+01 5.378146648406982422e+00 -4.106760025024414062e+01
1.243946743011474609e+01 5.348278522491455078e+00 -4.113193511962890625e+01
1.243954563140869141e+01 5.312720298767089844e+00 -4.120634078979492188e+01
