1.121649384498596191e+00 2.250982761383056641e+00 -6.599459052085876465e-02
1.122106313705444336e+00 2.304124593734741211e+00 -6.131099164485931396e-02
1.114518165588378906e+00 2.318972110748291016e+00 -6.947070360183715820e-02
1.132273197174072266e+00 2.364362001419067383e+00 -6.257840245962142944e-02
1.147748112678527832e+00 2.371104240417480469e+00 -6.651995331048965454e-02
1.135774016380310059e+00 2.421854257583618164e+00 -3.129749372601509094e-02
1.163434505462646484e+00 2.445261001586914062e+00 -4.397456347942352295e-02
1.172983050346374512e+00 2.520349502563476562e+00 -2.893664315342903137e-02
1.190910935401916504e+00 2.547618389129638672e+00 -3.669940680265426636e-02
1.214551925659179688e+00 2.593359947204589844e+00 -8.904255926609039307e-03
1.213956356048583984e+00 2.626398801803588867e+00 -1.290414575487375259e-02
1.240945458412170410e+00 2.693294525146484375e+00 -1.030600164085626602e-03
1.245849132537841797e+00 2.763288736343383789e+00 8.537630550563335419e-03
1.248908877372741699e+00 2.826027631759643555e+00 1.492091082036495209e-02
1.260874867439270020e+00 2.868037700653076172e+00 3.696879372000694275e-02
1.276341557502746582e+00 2.928269147872924805e+00 1.441052928566932678e-02
1.304167509078979492e+00 2.986216068267822266e+00 5.568744614720344543e-02
1.310255169868469238e+00 3.050673484802246094e+00 5.708787590265274048e-02
1.316649913787841797e+00 3.111369609832763672e+00 3.346227854490280151e-02
1.341454267501831055e+00 3.180971145629882812e+00 6.813642382621765137e-02
1.350429892539978027e+00 3.270619630813598633e+00 5.390912294387817383e-02
1.354825735092163086e+00 3.313498020172119141e+00 6.368558108806610107e-02
1.399257779121398926e+00 3.398045778274536133e+00 8.089967072010040283e-02
1.409275531768798828e+00 3.459060430526733398e+00 9.537754207849502563e-02
1.442785501480102539e+00 3.536559343338012695e+00 9.934300929307937622e-02
1.452373266220092773e+00 3.616508483886718750e+00 1.066296249628067017e-01
1.466055154800415039e+00 3.700629949569702148e+00 1.023306474089622498e-01
1.486160874366760254e+00 3.765100955963134766e+00 1.046640276908874512e-01
1.531423449516296387e+00 3.862826824188232422e+00 1.217185333371162415e-01
1.541510581970214844e+00 3.960941791534423828e+00 1.346396654844284058e-01
1.550909876823425293e+00 4.040678501129150391e+00 1.210358738899230957e-01
1.565090060234069824e+00 4.120826721191406250e+00 1.404085606336593628e-01
1.603008389472961426e+00 4.256216526031494141e+00 1.561131626367568970e-01
1.633853197097778320e+00 4.346896171569824219e+00 1.717135161161422729e-01
1.652590513229370117e+00 4.443836212158203125e+00 1.681797206401824951e-01
1.663682937622070312e+00 4.558978557586669922e+00 1.752071976661682129e-01
1.683598518371582031e+00 4.666131973266601562e+00 1.790880709886550903e-01
1.690435171127319336e+00 4.748263359069824219e+00 1.798642426729202271e-01
1.728070139884948730e+00 4.856432914733886719e+00 1.892780959606170654e-01
1.746831774711608887e+00 4.981807708740234375e+00 2.253257036209106445e-01
1.768705964088439941e+00 5.095425128936767578e+00 2.255576252937316895e-01
1.783668279647827148e+00 5.217766284942626953e+00 2.526929676532745361e-01
1.804068207740783691e+00 5.325887203216552734e+00 2.414904236793518066e-01
1.842840075492858887e+00 5.451957225799560547e+00 2.636634111404418945e-01
1.857413649559020996e+00 5.579007148742675781e+00 2.721607685089111328e-01
1.884514331817626953e+00 5.697840213775634766e+00 2.680849134922027588e-01
1.903593063354492188e+00 5.837376117706298828e+00 2.705802321434020996e-01
1.927603483200073242e+00 5.958243846893310547e+00 2.791929841041564941e-01
1.961023330688476562e+00 6.101977348327636719e+00 2.833266854286193848e-01
1.976945042610168457e+00 6.236797809600830078e+00 2.841285467147827148e-01
2.019411087036132812e+00 6.404506683349609375e+00 2.791806459426879883e-01
2.032972335815429688e+00 6.551196098327636719e+00 2.859361171722412109e-01
2.081521749496459961e+00 6.718376159667968750e+00 3.167659640312194824e-01
2.117665290832519531e+00 6.949250221252441406e+00 3.012171983718872070e-01
2.139034032821655273e+00 7.085275650024414062e+00 3.135994374752044678e-01
2.171357870101928711e+00 7.254949092864990234e+00 2.991272211074829102e-01
2.206581115722656250e+00 7.452528476715087891e+00 2.951410114765167236e-01
2.226797103881835938e+00 7.639153957366943359e+00 2.893047034740447998e-01
2.247475147247314453e+00 7.816785335540771484e+00 2.899757027626037598e-01
2.287483453750610352e+00 7.993000507354736328e+00 2.818563878536224365e-01
2.322869300842285156e+00 8.186984062194824219e+00 2.671270668506622314e-01
2.365161895751953125e+00 8.376238822937011719e+00 2.473952770233154297e-01
2.407680749893188477e+00 8.603562355041503906e+00 2.305965274572372437e-01
2.440692186355590820e+00 8.802161216735839844e+00 2.251741439104080200e-01
2.477604150772094727e+00 9.020729064941406250e+00 2.021721154451370239e-01
2.515097618103027344e+00 9.227279663085937500e+00 1.665366888046264648e-01
2.571998357772827148e+00 9.470893859863281250e+00 1.440783888101577759e-01
2.607645034790039062e+00 9.702836036682128906e+00 1.093445867300033569e-01
2.650168895721435547e+00 9.935930252075195312e+00 7.270129770040512085e-02
2.688528537750244141e+00 1.020578384399414062e+01 3.758297115564346313e-02
2.744683980941772461e+00 1.046152496337890625e+01 -2.248423732817173004e-02
2.763816118240356445e+00 1.070497989654541016e+01 -7.003991305828094482e-02
2.801060914993286133e+00 1.097536468505859375e+01 -1.388985365629196167e-01
2.894188880920410156e+00 1.138269042968750000e+01 -2.225263267755508423e-01
2.960888147354125977e+00 1.169894123077392578e+01 -3.232874870300292969e-01
3.044171333312988281e+00 1.201239299774169922e+01 -4.130331277847290039e-01
3.079875230789184570e+00 1.231622219085693359e+01 -5.288596749305725098e-01
3.149113416671752930e+00 1.263172721862792969e+01 -6.472707986831665039e-01
3.204289436340332031e+00 1.293262481689453125e+01 -7.778533697128295898e-01
3.288696765899658203e+00 1.328289222717285156e+01 -9.155291914939880371e-01
3.349955558776855469e+00 1.363948059082031250e+01 -1.100543141365051270e+00
3.441773176193237305e+00 1.398805904388427734e+01 -1.289270162582397461e+00
3.501118421554565430e+00 1.433113193511962891e+01 -1.522048830986022949e+00
3.598498344421386719e+00 1.467124080657958984e+01 -1.746082663536071777e+00
3.694304943084716797e+00 1.505031108856201172e+01 -2.018161296844482422e+00
3.783006191253662109e+00 1.541637325286865234e+01 -2.332914352416992188e+00
3.881346225738525391e+00 1.580296421051025391e+01 -2.677744388580322266e+00
3.973883628845214844e+00 1.613868522644042969e+01 -3.043715715408325195e+00
4.068822383880615234e+00 1.647677230834960938e+01 -3.474110841751098633e+00
4.214474201202392578e+00 1.678549575805664062e+01 -3.911478042602539062e+00
4.321962833404541016e+00 1.707313537597656250e+01 -4.398924827575683594e+00
4.419946193695068359e+00 1.735357284545898438e+01 -4.896279335021972656e+00
4.513353824615478516e+00 1.756387519836425781e+01 -5.407689571380615234e+00
4.639162540435791016e+00 1.774977493286132812e+01 -5.922296524047851562e+00
4.784876346588134766e+00 1.802051734924316406e+01 -6.741740226745605469e+00
4.886949062347412109e+00 1.815234947204589844e+01 -7.261197090148925781e+00
4.990112781524658203e+00 1.824799156188964844e+01 -7.793356418609619141e+00
5.071156978607177734e+00 1.835935401916503906e+01 -8.310116767883300781e+00
5.173063278198242188e+00 1.840741539001464844e+01 -8.790798187255859375e+00
5.228142261505126953e+00 1.845934677124023438e+01 -9.265605926513671875e+00
5.310213565826416016e+00 1.849748611450195312e+01 -9.715364456176757812e+00
5.376315116882324219e+00 1.849760818481445312e+01 -1.015067481994628906e+01
5.460350990295410156e+00 1.852962303161621094e+01 -1.057036113739013672e+01
5.521830558776855469e+00 1.850954055786132812e+01 -1.097879314422607422e+01
5.580120563507080078e+00 1.847854232788085938e+01 -1.135178375244140625e+01
5.651576995849609375e+00 1.847141838073730469e+01 -1.170976829528808594e+01
5.711431026458740234e+00 1.844382286071777344e+01 -1.203354835510253906e+01
5.753764152526855469e+00 1.840385818481445312e+01 -1.236746501922607422e+01
5.797105789184570312e+00 1.839925765991210938e+01 -1.268437194824218750e+01
5.855210304260253906e+00 1.835013198852539062e+01 -1.295404815673828125e+01
5.910106182098388672e+00 1.831529998779296875e+01 -1.324445343017578125e+01
5.948143482208251953e+00 1.829794692993164062e+01 -1.352316951751708984e+01
5.989344120025634766e+00 1.822854232788085938e+01 -1.377254867553710938e+01
6.026316642761230469e+00 1.820044708251953125e+01 -1.399575424194335938e+01
6.068345069885253906e+00 1.819196891784667969e+01 -1.423194122314453125e+01
6.132087707519531250e+00 1.810388183593750000e+01 -1.456404113769531250e+01
6.158941268920898438e+00 1.804549407958984375e+01 -1.477795314788818359e+01
6.191024303436279297e+00 1.798851013183593750e+01 -1.498104858398437500e+01
6.247207164764404297e+00 1.792523956298828125e+01 -1.516826534271240234e+01
6.292677402496337891e+00 1.789387893676757812e+01 -1.535512447357177734e+01
6.300533771514892578e+00 1.782671356201171875e+01 -1.552981185913085938e+01
6.342155456542968750e+00 1.776215934753417969e+01 -1.569375610351562500e+01
6.362880229949951172e+00 1.770824813842773438e+01 -1.584439563751220703e+01
6.384205818176269531e+00 1.764794921875000000e+01 -1.602405357360839844e+01
6.422146797180175781e+00 1.760841560363769531e+01 -1.616021347045898438e+01
6.412621498107910156e+00 1.753207588195800781e+01 -1.632752799987792969e+01
6.459430694580078125e+00 1.749921035766601562e+01 -1.645885086059570312e+01
6.449353694915771484e+00 1.744593238830566406e+01 -1.660002136230468750e+01
6.504031658172607422e+00 1.738226127624511719e+01 -1.674037361145019531e+01
6.501165390014648438e+00 1.734606170654296875e+01 -1.683891296386718750e+01
6.513769626617431641e+00 1.729500770568847656e+01 -1.697071456909179688e+01
6.515436649322509766e+00 1.724467658996582031e+01 -1.710929107666015625e+01
6.569890975952148438e+00 1.717968559265136719e+01 -1.722212409973144531e+01
6.566399097442626953e+00 1.710686683654785156e+01 -1.733311843872070312e+01
6.607987880706787109e+00 1.706827926635742188e+01 -1.742846298217773438e+01
6.615003585815429688e+00 1.702410507202148438e+01 -1.751877784729003906e+01
6.651432037353515625e+00 1.692667579650878906e+01 -1.768939208984375000e+01
6.684288501739501953e+00 1.689568901062011719e+01 -1.778616142272949219e+01
6.697748184204101562e+00 1.684512901306152344e+01 -1.787257385253906250e+01
6.718844413757324219e+00 1.679293060302734375e+01 -1.796336936950683594e+01
6.744613170623779297e+00 1.677566528320312500e+01 -1.803996658325195312e+01
6.743915557861328125e+00 1.670010948181152344e+01 -1.814855766296386719e+01
6.745758056640625000e+00 1.664994621276855469e+01 -1.823158264160156250e+01
6.786470413208007812e+00 1.660127067565917969e+01 -1.831684875488281250e+01
6.817165374755859375e+00 1.656552505493164062e+01 -1.842553138732910156e+01
6.821358203887939453e+00 1.651878356933593750e+01 -1.849428367614746094e+01
6.821031093597412109e+00 1.647712707519531250e+01 -1.859493827819824219e+01
6.840486526489257812e+00 1.640635299682617188e+01 -1.867646980285644531e+01
6.850971221923828125e+00 1.635929679870605469e+01 -1.876275825500488281e+01
6.860771179199218750e+00 1.632283210754394531e+01 -1.884034538269042969e+01
6.902242660522460938e+00 1.626780319213867188e+01 -1.891396522521972656e+01
6.907454967498779297e+00 1.619352340698242188e+01 -1.900964736938476562e+01
6.920098304748535156e+00 1.613326835632324219e+01 -1.907527732849121094e+01
6.939368724822998047e+00 1.609579277038574219e+01 -1.917683982849121094e+01
6.959493637084960938e+00 1.605179214477539062e+01 -1.923906517028808594e+01
6.971371650695800781e+00 1.599342536926269531e+01 -1.930872535705566406e+01
6.982837677001953125e+00 1.591914653778076172e+01 -1.936754798889160156e+01
7.001624107360839844e+00 1.585505008697509766e+01 -1.948358535766601562e+01
7.018919467926025391e+00 1.577470970153808594e+01 -1.956676673889160156e+01
7.016710758209228516e+00 1.571880912780761719e+01 -1.962657737731933594e+01
7.036744117736816406e+00 1.566781520843505859e+01 -1.971458244323730469e+01
7.046685218811035156e+00 1.559661960601806641e+01 -1.978381919860839844e+01
7.049434661865234375e+00 1.555865287780761719e+01 -1.984220123291015625e+01
7.091947555541992188e+00 1.547754573822021484e+01 -1.991664314270019531e+01
7.093410491943359375e+00 1.538625144958496094e+01 -1.997459793090820312e+01
7.110240936279296875e+00 1.534410858154296875e+01 -2.002575302124023438e+01
7.099991798400878906e+00 1.528676128387451172e+01 -2.010203742980957031e+01
7.133060455322265625e+00 1.520455074310302734e+01 -2.016983222961425781e+01
7.146018505096435547e+00 1.514864635467529297e+01 -2.024252128601074219e+01
7.124517917633056641e+00 1.505303192138671875e+01 -2.029584693908691406e+01
7.141613006591796875e+00 1.499855613708496094e+01 -2.035027313232421875e+01
7.153469085693359375e+00 1.491874313354492188e+01 -2.040580558776855469e+01
7.169081211090087891e+00 1.485703945159912109e+01 -2.047174453735351562e+01
7.189628601074218750e+00 1.476252079010009766e+01 -2.055013084411621094e+01
7.205581665039062500e+00 1.469511699676513672e+01 -2.059169769287109375e+01
7.216591835021972656e+00 1.462089633941650391e+01 -2.066252136230468750e+01
7.219343662261962891e+00 1.456770420074462891e+01 -2.070998001098632812e+01
7.225271701812744141e+00 1.445743751525878906e+01 -2.076080513000488281e+01
7.260130882263183594e+00 1.433949089050292969e+01 -2.085480499267578125e+01
7.269580364227294922e+00 1.426253318786621094e+01 -2.090789604187011719e+01
7.254387378692626953e+00 1.415004158020019531e+01 -2.095504379272460938e+01
7.268148899078369141e+00 1.409899139404296875e+01 -2.099929618835449219e+01
7.285338878631591797e+00 1.400880622863769531e+01 -2.105837821960449219e+01
7.282987594604492188e+00 1.391415977478027344e+01 -2.110951995849609375e+01
7.296098232269287109e+00 1.384428215026855469e+01 -2.114702415466308594e+01
7.313254833221435547e+00 1.376276206970214844e+01 -2.119566726684570312e+01
7.284463882446289062e+00 1.365799236297607422e+01 -2.123624229431152344e+01
7.300155162811279297e+00 1.358333301544189453e+01 -2.128754615783691406e+01
7.322077751159667969e+00 1.347021198272705078e+01 -2.132666397094726562e+01
7.327404022216796875e+00 1.343561935424804688e+01 -2.137091255187988281e+01
7.329618453979492188e+00 1.333824062347412109e+01 -2.139644813537597656e+01
7.329679012298583984e+00 1.326192283630371094e+01 -2.143426322937011719e+01
7.320010662078857422e+00 1.318287563323974609e+01 -2.145306968688964844e+01
7.331621646881103516e+00 1.309712505340576172e+01 -2.147745132446289062e+01
7.339202404022216797e+00 1.299331855773925781e+01 -2.153311729431152344e+01
7.347700595855712891e+00 1.289965724945068359e+01 -2.152464103698730469e+01
7.370546340942382812e+00 1.284790897369384766e+01 -2.155856132507324219e+01
7.356856822967529297e+00 1.274886035919189453e+01 -2.156833839416503906e+01
7.388289928436279297e+00 1.262670040130615234e+01 -2.161566925048828125e+01
7.383322238922119141e+00 1.256866073608398438e+01 -2.164101219177246094e+01
7.381874561309814453e+00 1.248194217681884766e+01 -2.164917945861816406e+01
7.376677513122558594e+00 1.239760875701904297e+01 -2.167438697814941406e+01
7.363738536834716797e+00 1.232827758789062500e+01 -2.169237709045410156e+01
7.381453514099121094e+00 1.226930904388427734e+01 -2.170626831054687500e+01
7.387178421020507812e+00 1.218485069274902344e+01 -2.170424842834472656e+01
7.376981735229492188e+00 1.210617351531982422e+01 -2.172288894653320312e+01
7.393445968627929688e+00 1.201900672912597656e+01 -2.171507453918457031e+01
7.403110980987548828e+00 1.195065212249755859e+01 -2.173221397399902344e+01
7.396939277648925781e+00 1.188311004638671875e+01 -2.174977684020996094e+01
7.394739151000976562e+00 1.178920841217041016e+01 -2.174008178710937500e+01
7.430758476257324219e+00 1.171919345855712891e+01 -2.175870513916015625e+01
7.429245948791503906e+00 1.163339805603027344e+01 -2.176197433471679688e+01
7.436566829681396484e+00 1.154859733581542969e+01 -2.176030540466308594e+01
7.404450416564941406e+00 1.149256134033203125e+01 -2.175732612609863281e+01
7.412649631500244141e+00 1.144628524780273438e+01 -2.175206184387207031e+01
7.420490741729736328e+00 1.135295677185058594e+01 -2.172499465942382812e+01
7.412570953369140625e+00 1.126218605041503906e+01 -2.172775650024414062e+01
7.389637470245361328e+00 1.122209930419921875e+01 -2.168672943115234375e+01
7.384297370910644531e+00 1.111456871032714844e+01 -2.170190048217773438e+01
7.399679183959960938e+00 1.102828407287597656e+01 -2.165974235534667969e+01
7.406754493713378906e+00 1.094722557067871094e+01 -2.161238288879394531e+01
7.397296905517578125e+00 1.088966751098632812e+01 -2.157824516296386719e+01
7.412646293640136719e+00 1.082438087463378906e+01 -2.154419326782226562e+01
7.385093212127685547e+00 1.076245307922363281e+01 -2.150572013854980469e+01
7.396809101104736328e+00 1.071781826019287109e+01 -2.145178413391113281e+01
7.361896038055419922e+00 1.067133140563964844e+01 -2.141873550415039062e+01
7.357054710388183594e+00 1.059934902191162109e+01 -2.135714530944824219e+01
7.365911006927490234e+00 1.053191947937011719e+01 -2.129110908508300781e+01
7.347237110137939453e+00 1.047702789306640625e+01 -2.121791648864746094e+01
7.344104290008544922e+00 1.042905139923095703e+01 -2.114550018310546875e+01
7.357756614685058594e+00 1.039216899871826172e+01 -2.103681182861328125e+01
7.343283176422119141e+00 1.040138435363769531e+01 -2.094690132141113281e+01
7.343687057495117188e+00 1.036581039428710938e+01 -2.084297370910644531e+01
7.341060161590576172e+00 1.038107967376708984e+01 -2.073169517517089844e+01
7.321521282196044922e+00 1.038863754272460938e+01 -2.061511611938476562e+01
7.322973251342773438e+00 1.040252113342285156e+01 -2.047759056091308594e+01
7.320184230804443359e+00 1.042036914825439453e+01 -2.030292510986328125e+01
7.298190593719482422e+00 1.050068950653076172e+01 -2.015352058410644531e+01
7.293925762176513672e+00 1.061077022552490234e+01 -1.998143577575683594e+01
7.300648689270019531e+00 1.074646949768066406e+01 -1.980769538879394531e+01
7.324748516082763672e+00 1.106841564178466797e+01 -1.957634925842285156e+01
7.362529277801513672e+00 1.132856559753417969e+01 -1.942359161376953125e+01
7.381945610046386719e+00 1.158691120147705078e+01 -1.933869743347167969e+01
7.423294067382812500e+00 1.190688133239746094e+01 -1.928981971740722656e+01
7.457598686218261719e+00 1.222806453704833984e+01 -1.925655364990234375e+01
7.480945587158203125e+00 1.251909828186035156e+01 -1.926573944091796875e+01
7.531626224517822266e+00 1.279001331329345703e+01 -1.928845405578613281e+01
7.594002246856689453e+00 1.304610061645507812e+01 -1.935361671447753906e+01
7.645616054534912109e+00 1.326863670349121094e+01 -1.942438507080078125e+01
7.712003231048583984e+00 1.348383331298828125e+01 -1.951412963867187500e+01
7.730321884155273438e+00 1.365153598785400391e+01 -1.961202239990234375e+01
7.758576393127441406e+00 1.380901336669921875e+01 -1.968700981140136719e+01
7.809062480926513672e+00 1.396258735656738281e+01 -1.978883743286132812e+01
7.850473403930664062e+00 1.406702232360839844e+01 -1.990616035461425781e+01
7.886530876159667969e+00 1.412904834747314453e+01 -2.000954246520996094e+01
7.940133094787597656e+00 1.420512676239013672e+01 -2.010824775695800781e+01
7.977924823760986328e+00 1.428931045532226562e+01 -2.020680046081542969e+01
7.979722023010253906e+00 1.434467983245849609e+01 -2.029956436157226562e+01
8.015281677246093750e+00 1.438279438018798828e+01 -2.041477203369140625e+01
7.998000144958496094e+00 1.438512229919433594e+01 -2.050033187866210938e+01
8.032469749450683594e+00 1.438564014434814453e+01 -2.063723373413085938e+01
8.079827308654785156e+00 1.441649818420410156e+01 -2.080203056335449219e+01
8.118729591369628906e+00 1.442051601409912109e+01 -2.090909576416015625e+01
8.118172645568847656e+00 1.439518737792968750e+01 -2.101216125488281250e+01
8.146779060363769531e+00 1.441880416870117188e+01 -2.110395812988281250e+01
8.194654464721679688e+00 1.439632034301757812e+01 -2.122938346862792969e+01
8.217183113098144531e+00 1.437029647827148438e+01 -2.135652732849121094e+01
8.230182647705078125e+00 1.435922718048095703e+01 -2.144728660583496094e+01
8.283993721008300781e+00 1.434119701385498047e+01 -2.158351325988769531e+01
8.281958580017089844e+00 1.430148696899414062e+01 -2.170805358886718750e+01
8.305688858032226562e+00 1.425982093811035156e+01 -2.180768775939941406e+01
8.350472450256347656e+00 1.423642253875732422e+01 -2.192347526550292969e+01
8.372663497924804688e+00 1.421104621887207031e+01 -2.203209304809570312e+01
8.380395889282226562e+00 1.414833450317382812e+01 -2.214112091064453125e+01
8.401516914367675781e+00 1.411373615264892578e+01 -2.224672126770019531e+01
8.429467201232910156e+00 1.408386039733886719e+01 -2.235565948486328125e+01
8.483626365661621094e+00 1.400987434387207031e+01 -2.246753501892089844e+01
8.471286773681640625e+00 1.398871135711669922e+01 -2.255620193481445312e+01
8.483608245849609375e+00 1.391259574890136719e+01 -2.265292549133300781e+01
8.503954887390136719e+00 1.388250637054443359e+01 -2.277060508728027344e+01
8.539484977722167969e+00 1.381179428100585938e+01 -2.287631988525390625e+01
8.549715995788574219e+00 1.377379608154296875e+01 -2.299143791198730469e+01
8.564825057983398438e+00 1.369089317321777344e+01 -2.313666343688964844e+01
8.598155975341796875e+00 1.361685276031494141e+01 -2.325558662414550781e+01
8.585697174072265625e+00 1.356780910491943359e+01 -2.335366058349609375e+01
8.615005493164062500e+00 1.349849605560302734e+01 -2.347002983093261719e+01
8.657016754150390625e+00 1.347079372406005859e+01 -2.357333755493164062e+01
8.665992736816406250e+00 1.338566970825195312e+01 -2.367519950866699219e+01
8.666524887084960938e+00 1.333339786529541016e+01 -2.377733230590820312e+01
8.682044982910156250e+00 1.326871204376220703e+01 -2.388726425170898438e+01
8.711038589477539062e+00 1.319034099578857422e+01 -2.396889495849609375e+01
8.711731910705566406e+00 1.312603759765625000e+01 -2.406957435607910156e+01
8.723402976989746094e+00 1.306844806671142578e+01 -2.418148803710937500e+01
8.729759216308593750e+00 1.300651359558105469e+01 -2.428218460083007812e+01
8.770915985107421875e+00 1.292767810821533203e+01 -2.435690689086914062e+01
8.778418540954589844e+00 1.285342788696289062e+01 -2.446532249450683594e+01
8.773967742919921875e+00 1.280022811889648438e+01 -2.457886123657226562e+01
8.785029411315917969e+00 1.272467708587646484e+01 -2.466070175170898438e+01
8.802269935607910156e+00 1.265119171142578125e+01 -2.476427650451660156e+01
8.845814704895019531e+00 1.256665706634521484e+01 -2.488815307617187500e+01
8.828001022338867188e+00 1.251423072814941406e+01 -2.497862052917480469e+01
8.862194061279296875e+00 1.244776630401611328e+01 -2.508641815185546875e+01
8.902488708496093750e+00 1.238094043731689453e+01 -2.518435096740722656e+01
8.919186592102050781e+00 1.227943801879882812e+01 -2.534258270263671875e+01
8.934175491333007812e+00 1.222088909149169922e+01 -2.547428512573242188e+01
8.946938514709472656e+00 1.212898063659667969e+01 -2.557205772399902344e+01
8.961509704589843750e+00 1.207397174835205078e+01 -2.569186782836914062e+01
8.960877418518066406e+00 1.199571514129638672e+01 -2.581267166137695312e+01
8.996387481689453125e+00 1.191915321350097656e+01 -2.593152809143066406e+01
9.038928985595703125e+00 1.183192634582519531e+01 -2.604900550842285156e+01
9.045690536499023438e+00 1.175323581695556641e+01 -2.616441726684570312e+01
9.067817687988281250e+00 1.169371032714843750e+01 -2.627913856506347656e+01
9.090818405151367188e+00 1.161536216735839844e+01 -2.638866806030273438e+01
9.082388877868652344e+00 1.151742362976074219e+01 -2.651827812194824219e+01
9.093402862548828125e+00 1.138278007507324219e+01 -2.659470367431640625e+01
9.119337081909179688e+00 1.130447006225585938e+01 -2.673049354553222656e+01
9.146992683410644531e+00 1.123286342620849609e+01 -2.683515739440917969e+01
9.163016319274902344e+00 1.112887001037597656e+01 -2.694465255737304688e+01
9.158212661743164062e+00 1.102542686462402344e+01 -2.705429649353027344e+01
9.159321784973144531e+00 1.093739986419677734e+01 -2.716422462463378906e+01
9.187582969665527344e+00 1.084307193756103516e+01 -2.725746154785156250e+01
9.194891929626464844e+00 1.074108695983886719e+01 -2.735133171081542969e+01
9.200129508972167969e+00 1.067198085784912109e+01 -2.746746444702148438e+01
9.212471961975097656e+00 1.051112079620361328e+01 -2.761414718627929688e+01
9.243527412414550781e+00 1.037570953369140625e+01 -2.772964859008789062e+01
9.259120941162109375e+00 1.028919506072998047e+01 -2.782317543029785156e+01
9.246915817260742188e+00 1.015160942077636719e+01 -2.793243789672851562e+01
9.272239685058593750e+00 1.002624034881591797e+01 -2.803330612182617188e+01
9.287920951843261719e+00 9.875761032104492188e+00 -2.811310005187988281e+01
9.288589477539062500e+00 9.745678901672363281e+00 -2.820346450805664062e+01
9.300317764282226562e+00 9.594106674194335938e+00 -2.827854156494140625e+01
9.297551155090332031e+00 9.390898704528808594e+00 -2.834465599060058594e+01
9.283453941345214844e+00 9.199308395385742188e+00 -2.836546325683593750e+01
9.295278549194335938e+00 9.023136138916015625e+00 -2.834272575378417969e+01
9.256869316101074219e+00 8.823455810546875000e+00 -2.829441642761230469e+01
9.256576538085937500e+00 8.642074584960937500e+00 -2.820584106445312500e+01
9.238124847412109375e+00 8.515328407287597656e+00 -2.807260894775390625e+01
9.190301895141601562e+00 8.413272857666015625e+00 -2.795147132873535156e+01
9.181212425231933594e+00 8.334084510803222656e+00 -2.782963180541992188e+01
9.193651199340820312e+00 8.276477813720703125e+00 -2.772781944274902344e+01
9.175635337829589844e+00 8.236652374267578125e+00 -2.764681625366210938e+01
9.186017036437988281e+00 8.219760894775390625e+00 -2.758797264099121094e+01
9.162430763244628906e+00 8.224930763244628906e+00 -2.755998992919921875e+01
9.183379173278808594e+00 8.218877792358398438e+00 -2.753392601013183594e+01
9.208459854125976562e+00 8.184102058410644531e+00 -2.756664085388183594e+01
9.222881317138671875e+00 8.202706336975097656e+00 -2.759976577758789062e+01
9.276412010192871094e+00 8.199829101562500000e+00 -2.764141845703125000e+01
9.301335334777832031e+00 8.210611343383789062e+00 -2.771779060363769531e+01
9.304672241210937500e+00 8.215207099914550781e+00 -2.780521965026855469e+01
9.334128379821777344e+00 8.198441505432128906e+00 -2.788588714599609375e+01
9.318599700927734375e+00 8.187479019165039062e+00 -2.799616241455078125e+01
9.369482040405273438e+00 8.173435211181640625e+00 -2.808365249633789062e+01
9.438438415527343750e+00 8.188910484313964844e+00 -2.816818046569824219e+01
9.484940528869628906e+00 8.195835113525390625e+00 -2.828113365173339844e+01
9.492820739746093750e+00 8.225577354431152344e+00 -2.837037658691406250e+01
9.516624450683593750e+00 8.247205734252929688e+00 -2.846136093139648438e+01
9.524954795837402344e+00 8.253228187561035156e+00 -2.857675743103027344e+01
9.522441864013671875e+00 8.241491317749023438e+00 -2.869230842590332031e+01
9.553351402282714844e+00 8.257110595703125000e+00 -2.880265426635742188e+01
9.588268280029296875e+00 8.241007804870605469e+00 -2.888671493530273438e+01
9.605718612670898438e+00 8.255813598632812500e+00 -2.899859619140625000e+01
9.622344970703125000e+00 8.271878242492675781e+00 -2.911389732360839844e+01
9.657477378845214844e+00 8.304735183715820312e+00 -2.922186088562011719e+01
9.667650222778320312e+00 8.342729568481445312e+00 -2.933703613281250000e+01
9.689702033996582031e+00 8.326019287109375000e+00 -2.943293380737304688e+01
9.714041709899902344e+00 8.314522743225097656e+00 -2.959625244140625000e+01
9.755423545837402344e+00 8.343137741088867188e+00 -2.973184013366699219e+01
9.799934387207031250e+00 8.340615272521972656e+00 -2.985960960388183594e+01
9.817713737487792969e+00 8.323976516723632812e+00 -2.998411750793457031e+01
9.827141761779785156e+00 8.322186470031738281e+00 -3.009414482116699219e+01
9.864007949829101562e+00 8.323847770690917969e+00 -3.021520996093750000e+01
9.903182983398437500e+00 8.318970680236816406e+00 -3.033014678955078125e+01
9.919105529785156250e+00 8.297189712524414062e+00 -3.046552276611328125e+01
9.924676895141601562e+00 8.320137023925781250e+00 -3.058389282226562500e+01
9.954542160034179688e+00 8.294782638549804688e+00 -3.069510269165039062e+01
9.977335929870605469e+00 8.263290405273437500e+00 -3.080407905578613281e+01
1.001207923889160156e+01 8.232069969177246094e+00 -3.092212295532226562e+01
1.002625846862792969e+01 8.211261749267578125e+00 -3.104754829406738281e+01
1.005783176422119141e+01 8.218298912048339844e+00 -3.115669441223144531e+01
1.008566093444824219e+01 8.190718650817871094e+00 -3.125172233581542969e+01
1.010684967041015625e+01 8.186893463134765625e+00 -3.137406349182128906e+01
1.014699268341064453e+01 8.181019783020019531e+00 -3.147794532775878906e+01
1.015661430358886719e+01 8.167654991149902344e+00 -3.157454681396484375e+01
1.017243003845214844e+01 8.162622451782226562e+00 -3.166641235351562500e+01
1.017879676818847656e+01 8.158649444580078125e+00 -3.178253555297851562e+01
1.019142055511474609e+01 8.108170509338378906e+00 -3.187794494628906250e+01
1.022645282745361328e+01 8.045010566711425781e+00 -3.200391769409179688e+01
1.026697921752929688e+01 7.986353874206542969e+00 -3.210374450683593750e+01
1.030425643920898438e+01 7.968533515930175781e+00 -3.217199707031250000e+01
1.035334491729736328e+01 7.970662117004394531e+00 -3.227959060668945312e+01
1.040252113342285156e+01 8.004508018493652344e+00 -3.236296081542968750e+01
1.039266586303710938e+01 8.007623672485351562e+00 -3.241939163208007812e+01
1.039355754852294922e+01 8.000077247619628906e+00 -3.251654815673828125e+01
1.037483596801757812e+01 7.979482650756835938e+00 -3.260688018798828125e+01
1.038719463348388672e+01 7.952150821685791016e+00 -3.271231079101562500e+01
1.041519737243652344e+01 7.959921836853027344e+00 -3.281321716308593750e+01
1.045750522613525391e+01 7.936861515045166016e+00 -3.292356872558593750e+01
1.047811412811279297e+01 7.954443454742431641e+00 -3.303327560424804688e+01
1.052205562591552734e+01 7.983966827392578125e+00 -3.314378356933593750e+01
1.052891826629638672e+01 7.983936309814453125e+00 -3.327116775512695312e+01
1.055895042419433594e+01 7.973688125610351562e+00 -3.343868255615234375e+01
1.056732463836669922e+01 7.969264507293701172e+00 -3.360023117065429688e+01
1.058828735351562500e+01 7.888907432556152344e+00 -3.378898620605468750e+01
1.066973972320556641e+01 7.796181678771972656e+00 -3.396376037597656250e+01
1.071565914154052734e+01 7.708013534545898438e+00 -3.417498016357421875e+01
1.076305007934570312e+01 7.609696865081787109e+00 -3.434706878662109375e+01
1.078764629364013672e+01 7.526744842529296875e+00 -3.448438262939453125e+01
1.078576183319091797e+01 7.386621475219726562e+00 -3.465928268432617188e+01
1.079194355010986328e+01 7.315254211425781250e+00 -3.477342987060546875e+01
1.074989223480224609e+01 7.278697967529296875e+00 -3.485207748413085938e+01
1.073358345031738281e+01 7.177118301391601562e+00 -3.490946960449218750e+01
1.074188327789306641e+01 7.096106052398681641e+00 -3.499707412719726562e+01
1.074631309509277344e+01 7.030529022216796875e+00 -3.505986785888671875e+01
1.079091262817382812e+01 6.976160526275634766e+00 -3.511426925659179688e+01
1.083268260955810547e+01 6.942326545715332031e+00 -3.516228103637695312e+01
1.087803459167480469e+01 6.956931591033935547e+00 -3.526069641113281250e+01
1.089924907684326172e+01 6.957084655761718750e+00 -3.531177139282226562e+01
1.092269515991210938e+01 6.942483425140380859e+00 -3.536557769775390625e+01
1.092871761322021484e+01 6.969801425933837891e+00 -3.542993164062500000e+01
1.093010330200195312e+01 6.974929809570312500e+00 -3.551777267456054688e+01
1.096495914459228516e+01 6.938683986663818359e+00 -3.558227157592773438e+01
1.095592308044433594e+01 6.937395572662353516e+00 -3.563994598388671875e+01
1.096386528015136719e+01 6.921377182006835938e+00 -3.569697189331054688e+01
1.097513389587402344e+01 6.870489597320556641e+00 -3.577854537963867188e+01
1.099161720275878906e+01 6.842757225036621094e+00 -3.585179901123046875e+01
1.099310207366943359e+01 6.820950508117675781e+00 -3.591229629516601562e+01
1.102852916717529297e+01 6.794408321380615234e+00 -3.595487213134765625e+01
1.103646945953369141e+01 6.768266677856445312e+00 -3.601667785644531250e+01
1.106515884399414062e+01 6.669270515441894531e+00 -3.611512756347656250e+01
1.110924339294433594e+01 6.671456813812255859e+00 -3.616262817382812500e+01
1.114612293243408203e+01 6.652622699737548828e+00 -3.622643661499023438e+01
1.113844776153564453e+01 6.650160312652587891e+00 -3.628669738769531250e+01
1.117314434051513672e+01 6.618982315063476562e+00 -3.632617950439453125e+01
1.117512607574462891e+01 6.628385066986083984e+00 -3.636572265625000000e+01
1.120010948181152344e+01 6.595185279846191406e+00 -3.643693923950195312e+01
1.118843936920166016e+01 6.565064430236816406e+00 -3.647323989868164062e+01
1.120939540863037109e+01 6.553024768829345703e+00 -3.652304458618164062e+01
1.121436786651611328e+01 6.538269042968750000e+00 -3.656719970703125000e+01
1.121701622009277344e+01 6.497995376586914062e+00 -3.660042190551757812e+01
1.121864986419677734e+01 6.470224380493164062e+00 -3.665589904785156250e+01
1.124274730682373047e+01 6.439802646636962891e+00 -3.670054244995117188e+01
1.127826023101806641e+01 6.393478870391845703e+00 -3.674516677856445312e+01
1.132556724548339844e+01 6.391277790069580078e+00 -3.678696060180664062e+01
1.134177207946777344e+01 6.425220012664794922e+00 -3.683719635009765625e+01
1.137880134582519531e+01 6.424291133880615234e+00 -3.691893768310546875e+01
1.139134597778320312e+01 6.456952571868896484e+00 -3.699024581909179688e+01
1.139489173889160156e+01 6.466022968292236328e+00 -3.704771804809570312e+01
1.142068862915039062e+01 6.462905406951904297e+00 -3.711534881591796875e+01
1.139877319335937500e+01 6.469314098358154297e+00 -3.720235061645507812e+01
1.142544841766357422e+01 6.467984199523925781e+00 -3.726663970947265625e+01
1.142895317077636719e+01 6.461145877838134766e+00 -3.733331298828125000e+01
1.147276782989501953e+01 6.437363147735595703e+00 -3.738372421264648438e+01
1.147177696228027344e+01 6.428330421447753906e+00 -3.741787338256835938e+01
1.149443626403808594e+01 6.402173995971679688e+00 -3.749340820312500000e+01
1.152474594116210938e+01 6.385065555572509766e+00 -3.756100845336914062e+01
1.153611946105957031e+01 6.406001091003417969e+00 -3.761778259277343750e+01
1.156341075897216797e+01 6.404556274414062500e+00 -3.767498779296875000e+01
1.157917022705078125e+01 6.442229747772216797e+00 -3.772410964965820312e+01
1.160111236572265625e+01 6.461540222167968750e+00 -3.778163909912109375e+01
1.163016414642333984e+01 6.484572887420654297e+00 -3.786938476562500000e+01
1.165906047821044922e+01 6.530824184417724609e+00 -3.792945098876953125e+01
1.169366073608398438e+01 6.567325115203857422e+00 -3.805079650878906250e+01
1.171509552001953125e+01 6.592917442321777344e+00 -3.815307998657226562e+01
1.171984958648681641e+01 6.611245632171630859e+00 -3.825933837890625000e+01
1.175832843780517578e+01 6.617439270019531250e+00 -3.839074325561523438e+01
1.178375625610351562e+01 6.585342407226562500e+00 -3.850052261352539062e+01
1.181485462188720703e+01 6.573895454406738281e+00 -3.861025619506835938e+01
1.182735633850097656e+01 6.558982372283935547e+00 -3.872554397583007812e+01
1.189223670959472656e+01 6.532405376434326172e+00 -3.882867813110351562e+01
1.193409729003906250e+01 6.504344940185546875e+00 -3.896081542968750000e+01
1.197591304779052734e+01 6.477439880371093750e+00 -3.904943466186523438e+01
1.197432041168212891e+01 6.459444999694824219e+00 -3.914950180053710938e+01
1.196060657501220703e+01 6.427665710449218750e+00 -3.923694229125976562e+01
1.200640392303466797e+01 6.398842811584472656e+00 -3.930965423583984375e+01
1.199651908874511719e+01 6.367467880249023438e+00 -3.938211441040039062e+01
1.199074077606201172e+01 6.297650814056396484e+00 -3.946797943115234375e+01
1.201147556304931641e+01 6.243364810943603516e+00 -3.954465484619140625e+01
1.203173637390136719e+01 6.221169948577880859e+00 -3.959855270385742188e+01
1.205519962310791016e+01 6.149515151977539062e+00 -3.966693496704101562e+01
1.211906623840332031e+01 6.118187904357910156e+00 -3.973688125610351562e+01
1.215561294555664062e+01 6.080778598785400391e+00 -3.981313705444335938e+01
1.216625976562500000e+01 6.070415973663330078e+00 -3.989997863769531250e+01
1.218676471710205078e+01 6.035121917724609375e+00 -3.995013427734375000e+01
1.218187332153320312e+01 6.016834735870361328e+00 -4.002280426025390625e+01
1.220556545257568359e+01 5.982650756835937500e+00 -4.009395217895507812e+01
1.220853996276855469e+01 5.943847656250000000e+00 -4.014645767211914062e+01
1.220993423461914062e+01 5.899760246276855469e+00 -4.023695755004882812e+01
1.219849681854248047e+01 5.831577777862548828e+00 -4.031318664550781250e+01
1.221642398834228516e+01 5.788022041320800781e+00 -4.036571502685546875e+01
1.222794246673583984e+01 5.692789077758789062e+00 -4.041806411743164062e+01
1.224312973022460938e+01 5.621011257171630859e+00 -4.053470230102539062e+01
1.232192325592041016e+01 5.560639858245849609e+00 -4.060649490356445312e+01
1.235437011718750000e+01 5.535706520080566406e+00 -4.063819122314453125e+01
1.236112213134765625e+01 5.513300418853759766e+00 -4.072345733642578125e+01
1.238378047943115234e+01 5.472129821777343750e+00 -4.078337478637695312e+01
1.239864349365234375e+01 5.462705135345458984e+00 -4.086155319213867188e+01
1.241292285919189453e+01 5.443920135498046875e+00 -4.092711639404296875e+01
1.242870712280273438e+01 5.416907310485839844e+00 -4.098550033569335938e+01
1.242412948608398438e+01 5.401022434234619141e+00 -4.107088088989257812e+01
1.244318771362304688e+01 5.342646121978759766e+00 -4.115393066406250000e+01
1.243473434448242188e+01 5.302485942840576172e+00 -4.120491409301757812e+01
