1.099378943443298340e+00 2.254475593566894531e+00 -6.433114409446716309e-02 1.200853109359741211e+00 2.166759014129638672e+00 1.136636435985565186e-01
1.114256620407104492e+00 2.299047470092773438e+00 -6.369619816541671753e-02 5.053504705429077148e-01 2.038798332214355469e+00 4.023833945393562317e-02
1.118885397911071777e+00 2.332728862762451172e+00 -6.181790307164192200e-02 3.646956086158752441e-01 1.394078135490417480e+00 2.295670211315155029e-01
1.134050726890563965e+00 2.359602451324462891e+00 -5.844365805387496948e-02 9.938544034957885742e-01 1.484110951423645020e+00 2.930055558681488037e-01
1.149840950965881348e+00 2.393489360809326172e+00 -5.344917997717857361e-02 5.411812067031860352e-01 2.053167343139648438e+00 3.780615627765655518e-01
1.149702310562133789e+00 2.432780981063842773e+00 -4.583485424518585205e-02 -1.433939859271049500e-02 1.602751851081848145e+00 2.257823199033737183e-01
1.154955148696899414e+00 2.463034152984619141e+00 -4.200927540659904480e-02 5.175899267196655273e-01 1.826289415359497070e+00 3.369158506393432617e-01
1.166821360588073730e+00 2.502409934997558594e+00 -3.602295741438865662e-02 3.956212401390075684e-01 2.032113790512084961e+00 4.127213954925537109e-01
1.179175138473510742e+00 2.540604829788208008e+00 -2.940075285732746124e-02 7.334609627723693848e-01 2.079245090484619141e+00 2.971630990505218506e-01
1.194321632385253906e+00 2.585407972335815430e+00 -2.321594022214412689e-02 7.278666496276855469e-01 2.427290201187133789e+00 2.411723434925079346e-01
1.208202958106994629e+00 2.632347822189331055e+00 -1.444637216627597809e-02 6.794286966323852539e-01 2.439934730529785156e+00 5.127018094062805176e-01
1.228260993957519531e+00 2.706741333007812500e+00 -7.914626039564609528e-03 6.919333934783935547e-01 2.821548700332641602e+00 2.450931072235107422e-01
1.239602327346801758e+00 2.762824773788452148e+00 1.288672094233334064e-03 4.955353736877441406e-01 2.812618732452392578e+00 4.974586069583892822e-01
1.250091552734375000e+00 2.813063621520996094e+00 8.472898975014686584e-03 7.034012675285339355e-01 2.719765901565551758e+00 3.010628223419189453e-01
1.265151739120483398e+00 2.867160797119140625e+00 1.627271622419357300e-02 8.483968377113342285e-01 2.765595436096191406e+00 4.667359590530395508e-01
1.283539295196533203e+00 2.924899816513061523e+00 2.134813927114009857e-02 9.461641311645507812e-01 3.156746864318847656e+00 2.685261666774749756e-01
1.295017004013061523e+00 2.988480806350708008e+00 2.982327528297901154e-02 4.085372388362884521e-01 3.143445968627929688e+00 4.193160235881805420e-01
1.302494883537292480e+00 3.047586202621459961e+00 3.945561125874519348e-02 5.498875379562377930e-01 3.046328783035278320e+00 4.729416370391845703e-01
1.317225933074951172e+00 3.113412618637084961e+00 4.891059175133705139e-02 9.624565839767456055e-01 3.436368703842163086e+00 3.701544702053070068e-01
1.336042046546936035e+00 3.185933828353881836e+00 5.330697074532508850e-02 6.498863697052001953e-01 3.883476495742797852e+00 8.413925766944885254e-02
1.341703176498413086e+00 3.258056163787841797e+00 5.795136466622352600e-02 2.300168722867965698e-01 3.333767652511596680e+00 2.596626579761505127e-01
1.358516693115234375e+00 3.318684101104736328e+00 6.222322583198547363e-02 1.383332252502441406e+00 3.302366971969604492e+00 3.487384319305419922e-01
1.390104651451110840e+00 3.388624668121337891e+00 7.144330441951751709e-02 1.482944250106811523e+00 3.708731889724731445e+00 3.870277404785156250e-01
1.415588498115539551e+00 3.460029602050781250e+00 7.777898758649826050e-02 1.263473033905029297e+00 3.656764745712280273e+00 3.433105945587158203e-01
1.439758539199829102e+00 3.539201736450195312e+00 8.499736338853836060e-02 1.130227208137512207e+00 4.006356239318847656e+00 3.549375832080841064e-01
1.462297677993774414e+00 3.616101026535034180e+00 9.412124007940292358e-02 9.461717009544372559e-01 3.800547599792480469e+00 6.098051071166992188e-01
1.476467847824096680e+00 3.691741228103637695e+00 1.021716296672821045e-01 7.297563552856445312e-01 3.788297891616821289e+00 4.026955068111419678e-01
1.493255972862243652e+00 3.765233516693115234e+00 1.083901673555374146e-01 1.066970348358154297e+00 3.931679248809814453e+00 2.876634299755096436e-01
1.516992807388305664e+00 3.846634387969970703e+00 1.179452016949653625e-01 1.255744099617004395e+00 4.513543128967285156e+00 5.737382173538208008e-01
1.539893627166748047e+00 3.940525293350219727e+00 1.274261325597763062e-01 9.235281348228454590e-01 4.849405288696289062e+00 2.236542850732803345e-01
1.554484486579895020e+00 4.031707763671875000e+00 1.346394717693328857e-01 5.816114544868469238e-01 4.473982334136962891e+00 5.118743181228637695e-01
1.563761115074157715e+00 4.115920543670654297e+00 1.421466022729873657e-01 7.861270308494567871e-01 4.571755886077880859e+00 4.264289736747741699e-01
1.595803022384643555e+00 4.250800609588623047e+00 1.599598526954650879e-01 1.174806118011474609e+00 4.721385955810546875e+00 5.282394886016845703e-01
1.620291829109191895e+00 4.344981670379638672e+00 1.668633073568344116e-01 1.126841306686401367e+00 5.045955181121826172e+00 1.821748018264770508e-01
1.640595316886901855e+00 4.447216510772705078e+00 1.702195107936859131e-01 8.346468210220336914e-01 5.346724510192871094e+00 2.799420952796936035e-01
1.659215331077575684e+00 4.548723220825195312e+00 1.740101426839828491e-01 1.078857779502868652e+00 5.276847362518310547e+00 1.523219943046569824e-01
1.680695772171020508e+00 4.654001235961914062e+00 1.808072328567504883e-01 8.756447434425354004e-01 5.557304382324218750e+00 5.366879701614379883e-01
1.696808815002441406e+00 4.761113643646240234e+00 1.922748088836669922e-01 8.230199217796325684e-01 5.387042522430419922e+00 5.322179794311523438e-01
1.715815305709838867e+00 4.864716053009033203e+00 2.054960876703262329e-01 1.166997194290161133e+00 5.298510551452636719e+00 7.428519129753112793e-01
1.742341160774230957e+00 4.973624229431152344e+00 2.182572633028030396e-01 1.400023102760314941e+00 5.746080875396728516e+00 6.360061764717102051e-01
1.767002105712890625e+00 5.087804317474365234e+00 2.278130650520324707e-01 1.374501466751098633e+00 5.819733142852783203e+00 4.861463606357574463e-01
1.792509675025939941e+00 5.203525066375732422e+00 2.377069890499114990e-01 1.314876317977905273e+00 6.008471012115478516e+00 3.133913576602935791e-01
1.817091941833496094e+00 5.326218605041503906e+00 2.461775243282318115e-01 1.287487864494323730e+00 6.254985332489013672e+00 4.586206674575805664e-01
1.841265320777893066e+00 5.447745323181152344e+00 2.556211650371551514e-01 1.313179850578308105e+00 6.409803867340087891e+00 4.382460415363311768e-01
1.862444162368774414e+00 5.578401565551757812e+00 2.636883556842803955e-01 1.054967522621154785e+00 6.649680137634277344e+00 4.042985141277313232e-01
1.883547663688659668e+00 5.709109306335449219e+00 2.709921896457672119e-01 1.107330679893493652e+00 6.730371475219726562e+00 2.820269465446472168e-01
1.905952930450439453e+00 5.839711666107177734e+00 2.762063741683959961e-01 1.329697847366333008e+00 6.775902748107910156e+00 2.581310868263244629e-01
1.933229088783264160e+00 5.975440502166748047e+00 2.812154293060302734e-01 1.293919324874877930e+00 7.027070045471191406e+00 2.021127641201019287e-01
1.957385778427124023e+00 6.114827632904052734e+00 2.878867983818054199e-01 1.126952052116394043e+00 7.162402153015136719e+00 2.656690180301666260e-01
1.980718374252319336e+00 6.255597591400146484e+00 2.906303405761718750e-01 1.227141261100769043e+00 7.299779891967773438e+00 1.734999418258666992e-01
2.005905866622924805e+00 6.400399208068847656e+00 2.923540771007537842e-01 1.293017864227294922e+00 7.447539329528808594e+00 1.288624405860900879e-01
2.032601118087768555e+00 6.543784141540527344e+00 2.938298881053924561e-01 1.396213293075561523e+00 7.283524513244628906e+00 1.316348612308502197e-01
2.062865972518920898e+00 6.692404747009277344e+00 2.980060875415802002e-01 1.704038739204406738e+00 8.010150909423828125e+00 1.927187442779541016e-01
2.110827445983886719e+00 6.936126708984375000e+00 3.003642261028289795e-01 1.389215946197509766e+00 8.519945144653320312e+00 1.270701438188552856e-01
2.137417316436767578e+00 7.102934360504150391e+00 3.017160892486572266e-01 1.474085330963134766e+00 8.586325645446777344e+00 6.602560728788375854e-02
2.167204856872558594e+00 7.272200107574462891e+00 2.990908920764923096e-01 1.447895288467407227e+00 8.917183876037597656e+00 -7.467895746231079102e-02
2.194174766540527344e+00 7.448323249816894531e+00 2.972454726696014404e-01 1.432457685470581055e+00 9.141708374023437500e+00 -3.134890794754028320e-01
2.228428125381469727e+00 7.626435279846191406e+00 2.925660908222198486e-01 1.940818428993225098e+00 9.296798706054687500e+00 -2.526943981647491455e-01
2.263871669769287109e+00 7.814631462097167969e+00 2.846540510654449463e-01 1.530161261558532715e+00 9.814488410949707031e+00 -5.710438489913940430e-01
2.294272184371948242e+00 8.001164436340332031e+00 2.705701887607574463e-01 1.667202115058898926e+00 9.566431999206542969e+00 -4.457015693187713623e-01
2.328894138336181641e+00 8.185999870300292969e+00 2.643842101097106934e-01 2.051573038101196289e+00 9.397063255310058594e+00 -5.231779813766479492e-01
2.374131202697753906e+00 8.378635406494140625e+00 2.504411339759826660e-01 2.162492513656616211e+00 1.048935508728027344e+01 -7.718551754951477051e-01
2.408346891403198242e+00 8.591358184814453125e+00 2.326950877904891968e-01 1.386871099472045898e+00 1.066360950469970703e+01 -8.831332325935363770e-01
2.437791585922241211e+00 8.795100212097167969e+00 2.157845497131347656e-01 1.899898648262023926e+00 1.044584465026855469e+01 -9.502113461494445801e-01
2.481020927429199219e+00 9.006191253662109375e+00 1.949141174554824829e-01 2.423448324203491211e+00 1.097159862518310547e+01 -1.171688675880432129e+00
2.531376361846923828e+00 9.228509902954101562e+00 1.705967336893081665e-01 2.389538526535034180e+00 1.171051692962646484e+01 -1.559591889381408691e+00
2.568885326385498047e+00 9.462996482849121094e+00 1.415169537067413330e-01 1.680184125900268555e+00 1.211948013305664062e+01 -1.468362808227539062e+00
2.602029323577880859e+00 9.700699806213378906e+00 1.080225408077239990e-01 1.896430969238281250e+00 1.213398933410644531e+01 -1.750213146209716797e+00
2.641430139541625977e+00 9.941703796386718750e+00 7.194083184003829956e-02 2.265395641326904297e+00 1.257330608367919922e+01 -2.166825532913208008e+00
2.688830614089965820e+00 1.019214916229248047e+01 2.935423888266086578e-02 2.184132575988769531e+00 1.332096385955810547e+01 -2.137708425521850586e+00
2.727314949035644531e+00 1.045006084442138672e+01 -1.594524271786212921e-02 1.952131152153015137e+00 1.307839870452880859e+01 -2.567437410354614258e+00
2.764996051788330078e+00 1.070871162414550781e+01 -7.151040434837341309e-02 2.159825086593627930e+00 1.347474575042724609e+01 -2.989126682281494141e+00
2.814865589141845703e+00 1.097517585754394531e+01 -1.276458054780960083e-01 2.742673635482788086e+00 1.394212245941162109e+01 -3.094145536422729492e+00
2.898198366165161133e+00 1.140167999267578125e+01 -2.324852794408798218e-01 2.860226154327392578e+00 1.483836364746093750e+01 -4.173717498779296875e+00
2.961433887481689453e+00 1.169421863555908203e+01 -3.160705268383026123e-01 3.427040576934814453e+00 1.526971054077148438e+01 -4.395537376403808594e+00
3.022612810134887695e+00 1.199990653991699219e+01 -4.100334644317626953e-01 2.747423410415649414e+00 1.582432842254638672e+01 -5.069872856140136719e+00
3.076277732849121094e+00 1.230805015563964844e+01 -5.162565112113952637e-01 2.970898628234863281e+00 1.580834197998046875e+01 -5.781047821044921875e+00
3.135835409164428711e+00 1.262267589569091797e+01 -6.363650560379028320e-01 3.237268447875976562e+00 1.633584594726562500e+01 -6.559271812438964844e+00
3.204429388046264648e+00 1.294537258148193359e+01 -7.721921801567077637e-01 3.710955858230590820e+00 1.675430488586425781e+01 -7.310251235961914062e+00
3.281890153884887695e+00 1.328053283691406250e+01 -9.235337376594543457e-01 3.967084884643554688e+00 1.748955917358398438e+01 -8.242139816284179688e+00
3.357582569122314453e+00 1.362453079223632812e+01 -1.095212936401367188e+00 3.842251062393188477e+00 1.782732582092285156e+01 -9.324502944946289062e+00
3.431012392044067383e+00 1.397755527496337891e+01 -1.291355729103088379e+00 3.825519561767578125e+00 1.821990013122558594e+01 -1.046277236938476562e+01
3.504601001739501953e+00 1.433146476745605469e+01 -1.509781002998352051e+00 3.976024627685546875e+00 1.819666481018066406e+01 -1.186538982391357422e+01
3.589783191680908203e+00 1.468958950042724609e+01 -1.752855062484741211e+00 4.875664234161376953e+00 1.862174415588378906e+01 -1.320265960693359375e+01
3.687624931335449219e+00 1.505820369720458984e+01 -2.027021646499633789e+00 4.877081871032714844e+00 1.899728393554687500e+01 -1.484470653533935547e+01
3.783546686172485352e+00 1.542519187927246094e+01 -2.333958625793457031e+00 5.121853351593017578e+00 1.870495223999023438e+01 -1.638317489624023438e+01
3.885820150375366211e+00 1.578925895690917969e+01 -2.675878286361694336e+00 4.967850208282470703e+00 1.863651466369628906e+01 -1.859984397888183594e+01
3.978933095932006836e+00 1.614268302917480469e+01 -3.051915407180786133e+00 4.959568977355957031e+00 1.746849250793457031e+01 -2.024591255187988281e+01
4.084578514099121094e+00 1.647291374206542969e+01 -3.467467546463012695e+00 5.647004604339599609e+00 1.649262237548828125e+01 -2.210596275329589844e+01
4.199318408966064453e+00 1.678560638427734375e+01 -3.916505813598632812e+00 6.068451881408691406e+00 1.545655632019042969e+01 -2.386670875549316406e+01
4.315443992614746094e+00 1.707835578918457031e+01 -4.394283294677734375e+00 5.592986106872558594e+00 1.426734924316406250e+01 -2.503421592712402344e+01
4.416464328765869141e+00 1.733868217468261719e+01 -4.894030570983886719e+00 5.090534687042236328e+00 1.228368377685546875e+01 -2.585964012145996094e+01
4.523830890655517578e+00 1.756229400634765625e+01 -5.407984733581542969e+00 5.841364860534667969e+00 1.094173908233642578e+01 -2.678709411621093750e+01
4.640439510345458984e+00 1.776568412780761719e+01 -5.935307025909423828e+00 5.700563907623291016e+00 9.888446807861328125e+00 -2.727439498901367188e+01
4.790167808532714844e+00 1.801980781555175781e+01 -6.740021228790283203e+00 4.769941329956054688e+00 7.392470836639404297e+00 -2.724407958984375000e+01
4.883834838867187500e+00 1.814925575256347656e+01 -7.271826744079589844e+00 4.880211353302001953e+00 5.849851608276367188e+00 -2.713272094726562500e+01
4.983051776885986328e+00 1.825508117675781250e+01 -7.792905807495117188e+00 5.079105854034423828e+00 4.998971939086914062e+00 -2.645215797424316406e+01
5.077583312988281250e+00 1.834177970886230469e+01 -8.301514625549316406e+00 4.686828136444091797e+00 3.900264978408813477e+00 -2.558736419677734375e+01
5.164076805114746094e+00 1.841246032714843750e+01 -8.792970657348632812e+00 4.240324497222900391e+00 3.260311603546142578e+00 -2.468098068237304688e+01
5.241364002227783203e+00 1.846234512329101562e+01 -9.265215873718261719e+00 3.915730237960815430e+00 1.811080455780029297e+00 -2.368362236022949219e+01
5.315885543823242188e+00 1.848464393615722656e+01 -9.719552993774414062e+00 3.812564849853515625e+00 8.156136870384216309e-01 -2.292149353027343750e+01
5.391585350036621094e+00 1.849869728088378906e+01 -1.015567588806152344e+01 3.820606946945190430e+00 7.015065550804138184e-01 -2.176650047302246094e+01
5.460874080657958984e+00 1.851082611083984375e+01 -1.056982898712158203e+01 3.360724687576293945e+00 1.859785318374633789e-01 -2.068124198913574219e+01
5.523958683013916016e+00 1.850356292724609375e+01 -1.096414089202880859e+01 3.093736648559570312e+00 -8.797464966773986816e-01 -1.972430419921875000e+01
5.585968017578125000e+00 1.848178482055664062e+01 -1.134315776824951172e+01 3.367202758789062500e+00 -1.050974488258361816e+00 -1.901183700561523438e+01
5.651134014129638672e+00 1.846230888366699219e+01 -1.170447254180908203e+01 3.161658525466918945e+00 -9.260532259941101074e-01 -1.797276687622070312e+01
5.710253238677978516e+00 1.844453430175781250e+01 -1.204785346984863281e+01 2.729777812957763672e+00 -1.014503598213195801e+00 -1.718304443359375000e+01
5.757334709167480469e+00 1.842372894287109375e+01 -1.237612056732177734e+01 2.211689949035644531e+00 -1.298335790634155273e+00 -1.632259178161621094e+01
5.800595760345458984e+00 1.839318656921386719e+01 -1.268202781677246094e+01 2.398032426834106445e+00 -1.831415534019470215e+00 -1.500956821441650391e+01
5.850034236907958984e+00 1.835434341430664062e+01 -1.296782779693603516e+01 2.607737541198730469e+00 -1.946350216865539551e+00 -1.422532463073730469e+01
5.901329517364501953e+00 1.832108688354492188e+01 -1.324354171752929688e+01 2.499503135681152344e+00 -1.617848753929138184e+00 -1.394925308227539062e+01
5.946810722351074219e+00 1.828877639770507812e+01 -1.351025772094726562e+01 1.937008142471313477e+00 -1.946088433265686035e+00 -1.329737854003906250e+01
5.986434459686279297e+00 1.824784851074218750e+01 -1.376448154449462891e+01 2.289658784866333008e+00 -2.089511394500732422e+00 -1.275228309631347656e+01
6.032862186431884766e+00 1.821183776855468750e+01 -1.400928401947021484e+01 2.186993598937988281e+00 -1.662264347076416016e+00 -1.214335346221923828e+01
6.070093154907226562e+00 1.817670249938964844e+01 -1.423975086212158203e+01 1.680577039718627930e+00 -2.228354215621948242e+00 -1.144468498229980469e+01
6.123466014862060547e+00 1.810111045837402344e+01 -1.457052707672119141e+01 1.998804688453674316e+00 -2.701432943344116211e+00 -1.097458457946777344e+01
6.162477970123291016e+00 1.804713630676269531e+01 -1.477593708038330078e+01 1.806359887123107910e+00 -2.607714653015136719e+00 -1.016057872772216797e+01
6.196042537689208984e+00 1.799323081970214844e+01 -1.497139072418212891e+01 1.807753682136535645e+00 -3.035083055496215820e+00 -9.803267478942871094e+00
6.234038352966308594e+00 1.793323135375976562e+01 -1.516227531433105469e+01 2.087719202041625977e+00 -2.854409933090209961e+00 -9.706076622009277344e+00
6.271024227142333984e+00 1.787842941284179688e+01 -1.534530162811279297e+01 1.703166484832763672e+00 -2.804270505905151367e+00 -8.995140075683593750e+00
6.301289081573486328e+00 1.782128906250000000e+01 -1.552309799194335938e+01 1.479178786277770996e+00 -2.914027214050292969e+00 -8.791555404663085938e+00
6.329500675201416016e+00 1.776391029357910156e+01 -1.569090461730957031e+01 1.504428505897521973e+00 -2.788433074951171875e+00 -8.420519828796386719e+00
6.355632305145263672e+00 1.770926856994628906e+01 -1.585277652740478516e+01 1.280758380889892578e+00 -2.835720777511596680e+00 -8.138339042663574219e+00
6.379365444183349609e+00 1.765368270874023438e+01 -1.601315879821777344e+01 1.213197231292724609e+00 -2.791001081466674805e+00 -8.178512573242187500e+00
6.403810024261474609e+00 1.760136795043945312e+01 -1.616994667053222656e+01 1.149216055870056152e+00 -2.597523689270019531e+00 -7.755925178527832031e+00
6.426281452178955078e+00 1.754887962341308594e+01 -1.631854057312011719e+01 1.228557944297790527e+00 -2.666856527328491211e+00 -7.648808002471923828e+00
6.449853420257568359e+00 1.750292205810546875e+01 -1.646184921264648438e+01 9.375788569450378418e-01 -2.205487966537475586e+00 -7.088453292846679688e+00
6.464991092681884766e+00 1.745094680786132812e+01 -1.659868049621582031e+01 1.036257028579711914e+00 -2.924464225769042969e+00 -6.961751937866210938e+00
6.490487098693847656e+00 1.739513969421386719e+01 -1.673134803771972656e+01 1.190536260604858398e+00 -2.626433372497558594e+00 -6.735668182373046875e+00
6.507215023040771484e+00 1.734568977355957031e+01 -1.686038208007812500e+01 6.962083578109741211e-01 -2.519978284835815430e+00 -6.504542827606201172e+00
6.521481513977050781e+00 1.729373359680175781e+01 -1.698446083068847656e+01 6.551911830902099609e-01 -2.844178438186645508e+00 -6.255762100219726562e+00
6.532824516296386719e+00 1.723655128479003906e+01 -1.710345077514648438e+01 6.698940396308898926e-01 -3.051382780075073242e+00 -5.950150012969970703e+00
6.552351951599121094e+00 1.717415809631347656e+01 -1.721827507019042969e+01 1.294369697570800781e+00 -3.054341554641723633e+00 -5.820532321929931641e+00
6.581927299499511719e+00 1.711746406555175781e+01 -1.732942771911621094e+01 1.530891656875610352e+00 -2.606275558471679688e+00 -5.581554889678955078e+00
6.604834079742431641e+00 1.707336425781250000e+01 -1.743511962890625000e+01 8.382880091667175293e-01 -2.390785217285156250e+00 -5.363984584808349609e+00
6.619856834411621094e+00 1.702411460876464844e+01 -1.753819465637207031e+01 7.136435508728027344e-01 -2.845365762710571289e+00 -5.174700736999511719e+00
6.651972770690917969e+00 1.694170761108398438e+01 -1.768210792541503906e+01 1.397139310836791992e+00 -2.491603851318359375e+00 -5.040228366851806641e+00
6.679434299468994141e+00 1.689581108093261719e+01 -1.777820205688476562e+01 1.194719791412353516e+00 -2.266555786132812500e+00 -4.817043304443359375e+00
6.697878837585449219e+00 1.685095596313476562e+01 -1.787108421325683594e+01 6.549769043922424316e-01 -2.409754276275634766e+00 -4.665417194366455078e+00
6.711056232452392578e+00 1.680375480651855469e+01 -1.795989990234375000e+01 8.318666815757751465e-01 -2.324262142181396484e+00 -4.567605495452880859e+00
6.726254940032958984e+00 1.675830841064453125e+01 -1.805271911621093750e+01 7.092788815498352051e-01 -2.378682136535644531e+00 -4.625777244567871094e+00
6.740165710449218750e+00 1.671042060852050781e+01 -1.814315986633300781e+01 7.663647532463073730e-01 -2.722160816192626953e+00 -4.686780929565429688e+00
6.757921695709228516e+00 1.665177536010742188e+01 -1.823374938964843750e+01 1.198389410972595215e+00 -3.018273591995239258e+00 -4.539958953857421875e+00
6.786063194274902344e+00 1.660026359558105469e+01 -1.832470512390136719e+01 1.457042932510375977e+00 -2.050068616867065430e+00 -4.679066658020019531e+00
6.806783199310302734e+00 1.656056022644042969e+01 -1.841190910339355469e+01 7.778731584548950195e-01 -2.169185876846313477e+00 -4.257671833038330078e+00
6.819678783416748047e+00 1.651392364501953125e+01 -1.850034523010253906e+01 6.269863247871398926e-01 -2.465144872665405273e+00 -4.422059535980224609e+00
6.829352378845214844e+00 1.646529388427734375e+01 -1.858642578125000000e+01 5.546866059303283691e-01 -2.651340246200561523e+00 -4.494220256805419922e+00
6.842030525207519531e+00 1.641077804565429688e+01 -1.867187118530273438e+01 8.800344467163085938e-01 -2.779403924942016602e+00 -4.216885566711425781e+00
6.859765052795410156e+00 1.636209487915039062e+01 -1.875458526611328125e+01 6.966412663459777832e-01 -2.641440391540527344e+00 -4.292926788330078125e+00
6.872433185577392578e+00 1.630586051940917969e+01 -1.883662414550781250e+01 7.768850922584533691e-01 -2.945421218872070312e+00 -4.269408226013183594e+00
6.889809131622314453e+00 1.625263023376464844e+01 -1.891914939880371094e+01 8.663021922111511230e-01 -2.519517898559570312e+00 -4.232502460479736328e+00
6.905259609222412109e+00 1.620124816894531250e+01 -1.900266647338867188e+01 6.581277847290039062e-01 -2.825898647308349609e+00 -4.002464771270751953e+00
6.922330379486083984e+00 1.614529037475585938e+01 -1.907937049865722656e+01 1.035715818405151367e+00 -2.856923103332519531e+00 -4.111720085144042969e+00
6.945076465606689453e+00 1.609376144409179688e+01 -1.915778350830078125e+01 1.040923476219177246e+00 -2.403367042541503906e+00 -3.921572685241699219e+00
6.960575103759765625e+00 1.604892730712890625e+01 -1.923351097106933594e+01 5.470613837242126465e-01 -2.402004480361938477e+00 -3.790203571319580078e+00
6.966074943542480469e+00 1.599634552001953125e+01 -1.930872535705566406e+01 3.062475323677062988e-01 -2.915622472763061523e+00 -3.805956363677978516e+00
6.976845741271972656e+00 1.593749141693115234e+01 -1.938034629821777344e+01 6.929951906204223633e-01 -3.022671222686767578e+00 -3.704887866973876953e+00
6.998409271240234375e+00 1.584314918518066406e+01 -1.948571968078613281e+01 7.659722566604614258e-01 -3.321257591247558594e+00 -3.737849235534667969e+00
7.014533042907714844e+00 1.578057956695556641e+01 -1.956015014648437500e+01 1.061635375022888184e+00 -2.891878604888916016e+00 -3.654492616653442383e+00
7.027991294860839844e+00 1.572748565673828125e+01 -1.963300132751464844e+01 3.475042283535003662e-01 -2.698562383651733398e+00 -3.661949157714843750e+00
7.034073352813720703e+00 1.566643810272216797e+01 -1.970372009277343750e+01 4.778203070163726807e-01 -3.399324655532836914e+00 -3.661149978637695312e+00
7.047523021697998047e+00 1.560146999359130859e+01 -1.977519607543945312e+01 8.656168580055236816e-01 -3.166482448577880859e+00 -3.534798622131347656e+00
7.060646057128906250e+00 1.553892707824707031e+01 -1.984514617919921875e+01 6.121830344200134277e-01 -3.247978448867797852e+00 -3.569819211959838867e+00
7.075074672698974609e+00 1.547321987152099609e+01 -1.991158676147460938e+01 6.358382701873779297e-01 -3.501818180084228516e+00 -3.517184972763061523e+00
7.088752746582031250e+00 1.540562438964843750e+01 -1.998019409179687500e+01 7.693945169448852539e-01 -3.470048666000366211e+00 -3.404040813446044922e+00
7.102238178253173828e+00 1.534133815765380859e+01 -2.004356956481933594e+01 4.554243981838226318e-01 -3.326891899108886719e+00 -3.227798700332641602e+00
7.108740329742431641e+00 1.527146339416503906e+01 -2.010879707336425781e+01 4.372245967388153076e-01 -3.942076444625854492e+00 -3.470222234725952148e+00
7.124064445495605469e+00 1.519609546661376953e+01 -2.017072296142578125e+01 8.891530036926269531e-01 -3.536766052246093750e+00 -3.005347490310668945e+00
7.134951114654541016e+00 1.513228511810302734e+01 -2.023047065734863281e+01 4.542803168296813965e-01 -3.446188211441040039e+00 -3.077658891677856445e+00
7.145462989807128906e+00 1.506346988677978516e+01 -2.029146194458007812e+01 6.206316351890563965e-01 -3.593919277191162109e+00 -3.096826791763305664e+00
7.153870582580566406e+00 1.499730968475341797e+01 -2.035273551940917969e+01 2.620286643505096436e-01 -3.619010925292968750e+00 -3.162612915039062500e+00
7.162181377410888672e+00 1.491928577423095703e+01 -2.041336059570312500e+01 4.990389347076416016e-01 -4.191157817840576172e+00 -3.165795326232910156e+00
7.173237800598144531e+00 1.483921337127685547e+01 -2.047447395324707031e+01 5.560283064842224121e-01 -4.017832279205322266e+00 -3.160490989685058594e+00
7.187047481536865234e+00 1.476301002502441406e+01 -2.053743934631347656e+01 6.715608835220336914e-01 -3.755313634872436523e+00 -3.235321044921875000e+00
7.199404239654541016e+00 1.468873405456542969e+01 -2.059715461730957031e+01 4.713034033775329590e-01 -3.943827152252197266e+00 -2.802034616470336914e+00
7.214820861816406250e+00 1.460995674133300781e+01 -2.065126991271972656e+01 8.018064498901367188e-01 -3.669630289077758789e+00 -2.856101274490356445e+00
7.225149154663085938e+00 1.454107570648193359e+01 -2.070680999755859375e+01 1.654921919107437134e-01 -3.613402128219604492e+00 -2.898256540298461914e+00
7.227579593658447266e+00 1.446193408966064453e+01 -2.076379585266113281e+01 2.559102177619934082e-01 -4.236239910125732422e+00 -2.770260810852050781e+00
7.242577552795410156e+00 1.433678722381591797e+01 -2.084605789184570312e+01 5.932286381721496582e-01 -4.119021415710449219e+00 -2.758057117462158203e+00
7.253901481628417969e+00 1.425864315032958984e+01 -2.090057945251464844e+01 5.784658193588256836e-01 -4.008867263793945312e+00 -2.843364953994750977e+00
7.261149406433105469e+00 1.417658233642578125e+01 -2.095652198791503906e+01 1.787913888692855835e-01 -4.394338130950927734e+00 -2.632290124893188477e+00
7.267076492309570312e+00 1.408665943145751953e+01 -2.100808715820312500e+01 3.939189910888671875e-01 -4.642272472381591797e+00 -2.546887397766113281e+00
7.276182174682617188e+00 1.399680519104003906e+01 -2.105817031860351562e+01 4.415886998176574707e-01 -4.565497875213623047e+00 -2.529827833175659180e+00
7.283854484558105469e+00 1.391002178192138672e+01 -2.110577392578125000e+01 5.560082793235778809e-01 -4.228558540344238281e+00 -2.391422986984252930e+00
7.296288967132568359e+00 1.382866764068603516e+01 -2.115419006347656250e+01 6.250383853912353516e-01 -4.118817806243896484e+00 -2.556727170944213867e+00
7.302855968475341797e+00 1.375222301483154297e+01 -2.120210647583007812e+01 -8.945038914680480957e-02 -3.960970401763916016e+00 -2.377841472625732422e+00
7.297193527221679688e+00 1.366559123992919922e+01 -2.124880790710449219e+01 -4.574365168809890747e-02 -4.896394252777099609e+00 -2.134936809539794922e+00
7.301381111145019531e+00 1.357063961029052734e+01 -2.128507041931152344e+01 6.084004044532775879e-01 -4.590746879577636719e+00 -2.019102334976196289e+00
7.315227985382080078e+00 1.348436450958251953e+01 -2.132398033142089844e+01 7.356843352317810059e-01 -4.178399562835693359e+00 -1.776555657386779785e+00
7.324629783630371094e+00 1.340662384033203125e+01 -2.136200523376464844e+01 2.170415222644805908e-01 -3.927278995513916016e+00 -1.799308538436889648e+00
7.328730583190917969e+00 1.333398151397705078e+01 -2.139351463317871094e+01 1.285898834466934204e-01 -3.734362125396728516e+00 -1.376831054687500000e+00
7.327161312103271484e+00 1.325684165954589844e+01 -2.142068672180175781e+01 -2.606147527694702148e-01 -4.157011032104492188e+00 -1.544501543045043945e+00
7.322897911071777344e+00 1.317291164398193359e+01 -2.145347213745117188e+01 -9.958676248788833618e-02 -4.313772678375244141e+00 -1.748593807220458984e+00
7.325142860412597656e+00 1.308778381347656250e+01 -2.148534011840820312e+01 2.778089940547943115e-01 -4.506837368011474609e+00 -1.512098312377929688e+00
7.335506916046142578e+00 1.299912929534912109e+01 -2.151188468933105469e+01 5.848590135574340820e-01 -4.192173004150390625e+00 -1.446488499641418457e+00
7.345385551452636719e+00 1.291901111602783203e+01 -2.153899383544921875e+01 4.291366934776306152e-01 -4.237326145172119141e+00 -1.250974655151367188e+00
7.355157375335693359e+00 1.283541679382324219e+01 -2.156282424926757812e+01 5.357327461242675781e-01 -4.181250095367431641e+00 -1.286580681800842285e+00
7.365138053894042969e+00 1.275315856933593750e+01 -2.158537101745605469e+01 3.918755054473876953e-01 -4.252756118774414062e+00 -1.259854197502136230e+00
7.378242969512939453e+00 1.263478851318359375e+01 -2.161863136291503906e+01 4.349015355110168457e-01 -3.856617927551269531e+00 -9.375473260879516602e-01
7.382284164428710938e+00 1.256261920928955078e+01 -2.163943862915039062e+01 8.989615738391876221e-02 -3.755277633666992188e+00 -7.688772082328796387e-01
7.380949974060058594e+00 1.248622035980224609e+01 -2.165088272094726562e+01 -1.404701173305511475e-01 -3.898958921432495117e+00 -6.528444886207580566e-01
7.381834506988525391e+00 1.241089630126953125e+01 -2.166596221923828125e+01 5.651225335896015167e-03 -3.907256364822387695e+00 -6.790969967842102051e-01
7.382615566253662109e+00 1.233192253112792969e+01 -2.167851829528808594e+01 1.714897714555263519e-02 -4.148313522338867188e+00 -7.169783115386962891e-01
7.385201930999755859e+00 1.225420475006103516e+01 -2.169460296630859375e+01 1.682896614074707031e-01 -3.767271280288696289e+00 -1.003629088401794434e+00
7.383988857269287109e+00 1.218038654327392578e+01 -2.171142768859863281e+01 -2.254065722227096558e-01 -4.119778156280517578e+00 -7.086625099182128906e-01
7.385600566864013672e+00 1.209418010711669922e+01 -2.172347640991210938e+01 4.621846973896026611e-01 -4.237151145935058594e+00 -5.275312066078186035e-01
7.392705440521240234e+00 1.201409626007080078e+01 -2.173075485229492188e+01 3.271531462669372559e-01 -4.021290779113769531e+00 -2.727801203727722168e-01
7.403703212738037109e+00 1.193528556823730469e+01 -2.173563385009765625e+01 7.209713459014892578e-01 -3.905760288238525391e+00 -3.006738126277923584e-01
7.414562702178955078e+00 1.186534595489501953e+01 -2.174355697631835938e+01 2.576818875968456268e-02 -3.492458820343017578e+00 -3.061886429786682129e-01
7.409438133239746094e+00 1.179008197784423828e+01 -2.174731826782226562e+01 -1.966044455766677856e-01 -3.999736309051513672e+00 -2.704604268074035645e-01
7.412503242492675781e+00 1.171197795867919922e+01 -2.174999046325683594e+01 5.127720832824707031e-01 -3.937294244766235352e+00 -1.643629372119903564e-01
7.420803546905517578e+00 1.163767337799072266e+01 -2.175442886352539062e+01 1.680083870887756348e-01 -3.736582994461059570e+00 -1.251973770558834076e-02
7.423615455627441406e+00 1.156666660308837891e+01 -2.175308227539062500e+01 -1.422274410724639893e-01 -3.484793186187744141e+00 1.485318876802921295e-02
7.412961959838867188e+00 1.149813079833984375e+01 -2.174989318847656250e+01 -4.991978406906127930e-01 -3.623335599899291992e+00 3.719072043895721436e-01
7.408155441284179688e+00 1.142294788360595703e+01 -2.174185752868652344e+01 -4.795999825000762939e-02 -4.118625164031982422e+00 4.204924404621124268e-01
7.410619735717773438e+00 1.134443283081054688e+01 -2.173410606384277344e+01 1.555741876363754272e-01 -3.674295186996459961e+00 3.250105381011962891e-01
7.410845279693603516e+00 1.127587032318115234e+01 -2.172318267822265625e+01 -1.087785363197326660e-01 -3.468473672866821289e+00 8.045851588249206543e-01
7.404688835144042969e+00 1.120673942565917969e+01 -2.170775985717773438e+01 -3.415558338165283203e-01 -3.859140396118164062e+00 6.952096223831176758e-01
7.402877330780029297e+00 1.112553215026855469e+01 -2.168987846374511719e+01 1.178298294544219971e-01 -4.149823188781738281e+00 1.040919542312622070e+00
7.402840614318847656e+00 1.101864242553710938e+01 -2.165348243713378906e+01 -1.075659394264221191e-01 -3.348661422729492188e+00 1.435452938079833984e+00
7.403548240661621094e+00 1.095408725738525391e+01 -2.162520790100097656e+01 1.218113303184509277e-01 -3.164599180221557617e+00 1.515666842460632324e+00
7.400295734405517578e+00 1.089529609680175781e+01 -2.159129524230957031e+01 -3.858687579631805420e-01 -2.997643232345581055e+00 1.774546027183532715e+00
7.395705223083496094e+00 1.083524894714355469e+01 -2.155475044250488281e+01 -1.075210049748420715e-01 -3.007309436798095703e+00 2.108795166015625000e+00
7.391630649566650391e+00 1.077653503417968750e+01 -2.151234626770019531e+01 -3.403822779655456543e-01 -2.926818847656250000e+00 2.277057170867919922e+00
7.382996082305908203e+00 1.072168540954589844e+01 -2.146305656433105469e+01 -5.698755383491516113e-01 -2.865633487701416016e+00 2.660148382186889648e+00
7.372558116912841797e+00 1.066563987731933594e+01 -2.140947723388671875e+01 -5.170072317123413086e-01 -2.902784824371337891e+00 2.924824714660644531e+00
7.365813255310058594e+00 1.060792922973632812e+01 -2.135040855407714844e+01 -2.336024940013885498e-01 -3.119149446487426758e+00 3.116671323776245117e+00
7.363141059875488281e+00 1.055140018463134766e+01 -2.128609275817871094e+01 -3.967778384685516357e-01 -2.830895423889160156e+00 3.561219453811645508e+00
7.353967666625976562e+00 1.049373722076416016e+01 -2.121544456481933594e+01 -4.708703160285949707e-01 -2.882107257843017578e+00 3.821034908294677734e+00
7.346633911132812500e+00 1.044312572479248047e+01 -2.113410949707031250e+01 -2.131113559007644653e-01 -2.452013731002807617e+00 4.289962768554687500e+00
7.347517013549804688e+00 1.040330410003662109e+01 -2.104587745666503906e+01 4.472867846488952637e-01 -1.614476084709167480e+00 4.850320339202880859e+00
7.354404926300048828e+00 1.038331031799316406e+01 -2.095182228088378906e+01 3.488974645733833313e-02 -6.885498166084289551e-01 4.860627651214599609e+00
7.349063396453857422e+00 1.037543106079101562e+01 -2.084862899780273438e+01 -4.019685089588165283e-01 -2.318582832813262939e-01 5.749290943145751953e+00
7.336977005004882812e+00 1.037761878967285156e+01 -2.073231697082519531e+01 -7.046911120414733887e-01 2.216361463069915771e-01 6.175859928131103516e+00
7.322630405426025391e+00 1.038313674926757812e+01 -2.060650444030761719e+01 -6.414446830749511719e-01 6.225290894508361816e-01 6.535299777984619141e+00
7.309558868408203125e+00 1.039968109130859375e+01 -2.046774291992187500e+01 -4.558946490287780762e-01 1.277577877044677734e+00 7.656696796417236328e+00
7.303141117095947266e+00 1.043609333038330078e+01 -2.031335258483886719e+01 -2.062013298273086548e-01 2.627608776092529297e+00 8.223598480224609375e+00
7.301961898803710938e+00 1.050321769714355469e+01 -2.014692115783691406e+01 -2.089364230632781982e-01 4.401092052459716797e+00 8.811590194702148438e+00
7.298655986785888672e+00 1.060569190979003906e+01 -1.997443962097167969e+01 1.595798879861831665e-01 6.140140056610107422e+00 8.783895492553710938e+00
7.306939125061035156e+00 1.074803161621093750e+01 -1.980205345153808594e+01 6.101484298706054688e-01 8.828418731689453125e+00 8.900801658630371094e+00
7.330489158630371094e+00 1.106034564971923828e+01 -1.956278419494628906e+01 9.462311863899230957e-01 1.209014797210693359e+01 7.244029998779296875e+00
7.354513168334960938e+00 1.131413173675537109e+01 -1.943354797363281250e+01 1.366339087486267090e+00 1.383232975006103516e+01 5.704168319702148438e+00
7.388595581054687500e+00 1.160030174255371094e+01 -1.934069633483886719e+01 2.039919376373291016e+00 1.541760158538818359e+01 3.888283491134643555e+00
7.427363872528076172e+00 1.190839099884033203e+01 -1.928031921386718750e+01 1.748341202735900879e+00 1.600916481018066406e+01 2.295854806900024414e+00
7.460913658142089844e+00 1.222041511535644531e+01 -1.925585174560546875e+01 1.575870633125305176e+00 1.581048583984375000e+01 4.478023648262023926e-01
7.490708351135253906e+00 1.252227973937988281e+01 -1.926510810852050781e+01 1.740403771400451660e+00 1.467807102203369141e+01 -1.253213524818420410e+00
7.532381057739257812e+00 1.279623508453369141e+01 -1.930023384094238281e+01 2.235688209533691406e+00 1.344467830657958984e+01 -2.434455871582031250e+00
7.580290317535400391e+00 1.304962253570556641e+01 -1.935533142089843750e+01 2.590481519699096680e+00 1.243382740020751953e+01 -3.177308559417724609e+00
7.635957241058349609e+00 1.328045845031738281e+01 -1.942489051818847656e+01 2.917564868927001953e+00 1.150088500976562500e+01 -3.933287382125854492e+00
7.687314033508300781e+00 1.349325180053710938e+01 -1.950962257385253906e+01 2.292035818099975586e+00 1.016178321838378906e+01 -4.583482265472412109e+00
7.733582973480224609e+00 1.367395973205566406e+01 -1.960170936584472656e+01 2.382973909378051758e+00 8.422962188720703125e+00 -4.827306270599365234e+00
7.778956890106201172e+00 1.382387351989746094e+01 -1.969424819946289062e+01 2.240038871765136719e+00 7.129999637603759766e+00 -4.972436428070068359e+00
7.822519779205322266e+00 1.395526790618896484e+01 -1.979649925231933594e+01 2.269025325775146484e+00 6.331339836120605469e+00 -5.531725406646728516e+00
7.863487243652343750e+00 1.406358528137207031e+01 -1.990271186828613281e+01 2.028204679489135742e+00 4.877532005310058594e+00 -5.373450279235839844e+00
7.903099536895751953e+00 1.414725494384765625e+01 -2.000830268859863281e+01 2.010071992874145508e+00 3.926413059234619141e+00 -5.210946559906005859e+00
7.935333728790283203e+00 1.422027778625488281e+01 -2.010730743408203125e+01 1.453623652458190918e+00 3.449193954467773438e+00 -5.227430343627929688e+00
7.963390350341796875e+00 1.428077220916748047e+01 -2.021082878112792969e+01 1.550003528594970703e+00 2.782561779022216797e+00 -5.218280315399169922e+00
7.990305423736572266e+00 1.433144760131835938e+01 -2.031141281127929688e+01 1.204871416091918945e+00 2.397423982620239258e+00 -5.172220706939697266e+00
8.006643295288085938e+00 1.437158775329589844e+01 -2.041449546813964844e+01 6.682022809982299805e-01 1.592577219009399414e+00 -5.380097389221191406e+00
8.016603469848632812e+00 1.438873863220214844e+01 -2.051807212829589844e+01 7.859046459197998047e-01 3.060090541839599609e-01 -5.337079524993896484e+00
8.038135528564453125e+00 1.439154243469238281e+01 -2.062442588806152344e+01 1.400788068771362305e+00 5.253127589821815491e-02 -5.554201602935791016e+00
8.081921577453613281e+00 1.440200614929199219e+01 -2.078321075439453125e+01 1.418364405632019043e+00 3.873063623905181885e-01 -5.480144023895263672e+00
8.110618591308593750e+00 1.441036224365234375e+01 -2.089467620849609375e+01 1.271278381347656250e+00 2.529867589473724365e-01 -5.619706630706787109e+00
8.133130073547363281e+00 1.440959262847900391e+01 -2.100805473327636719e+01 1.143372178077697754e+00 -3.936482071876525879e-01 -5.786662578582763672e+00
8.155655860900878906e+00 1.440317249298095703e+01 -2.112066459655761719e+01 1.155042886734008789e+00 -4.243354201316833496e-01 -5.692897796630859375e+00
8.179280281066894531e+00 1.438970565795898438e+01 -2.123174285888671875e+01 1.361478209495544434e+00 -1.008012056350708008e+00 -5.680777072906494141e+00
8.210339546203613281e+00 1.437091159820556641e+01 -2.134537506103515625e+01 1.607567906379699707e+00 -7.791588902473449707e-01 -5.980829715728759766e+00
8.239227294921875000e+00 1.435523796081542969e+01 -2.146281623840332031e+01 1.231854677200317383e+00 -9.820417761802673340e-01 -5.986776828765869141e+00
8.257723808288574219e+00 1.433179950714111328e+01 -2.157921218872070312e+01 7.424919605255126953e-01 -1.391801476478576660e+00 -6.070859909057617188e+00
8.274505615234375000e+00 1.430002117156982422e+01 -2.169662475585937500e+01 1.100928902626037598e+00 -1.828088402748107910e+00 -5.992991447448730469e+00
8.302227973937988281e+00 1.426437759399414062e+01 -2.181029319763183594e+01 1.457636952400207520e+00 -1.660824537277221680e+00 -5.759960174560546875e+00
8.331450462341308594e+00 1.423661422729492188e+01 -2.192484664916992188e+01 1.196556329727172852e+00 -1.427964568138122559e+00 -5.621847629547119141e+00
8.351099967956542969e+00 1.420207691192626953e+01 -2.202863311767578125e+01 1.146908640861511230e+00 -2.020775079727172852e+00 -5.325792789459228516e+00
8.371621131896972656e+00 1.416081905364990234e+01 -2.213394355773925781e+01 1.066476106643676758e+00 -2.146417379379272461e+00 -5.469163417816162109e+00
8.397222518920898438e+00 1.411354064941406250e+01 -2.224535179138183594e+01 1.332365393638610840e+00 -2.533673286437988281e+00 -5.633901119232177734e+00
8.424527168273925781e+00 1.406446743011474609e+01 -2.235539245605468750e+01 1.458400368690490723e+00 -2.369057416915893555e+00 -5.600647926330566406e+00
8.453304290771484375e+00 1.402394580841064453e+01 -2.246015930175781250e+01 1.219304084777832031e+00 -1.755665063858032227e+00 -5.260270118713378906e+00
8.471574783325195312e+00 1.398455333709716797e+01 -2.256267356872558594e+01 8.458506464958190918e-01 -2.395350694656372070e+00 -5.380300521850585938e+00
8.487787246704101562e+00 1.393204402923583984e+01 -2.266757202148437500e+01 9.285963177680969238e-01 -2.749624013900756836e+00 -5.405571937561035156e+00
8.506389617919921875e+00 1.388133335113525391e+01 -2.277264785766601562e+01 8.177626132965087891e-01 -2.568707942962646484e+00 -5.323016166687011719e+00
8.520668983459472656e+00 1.382893943786621094e+01 -2.287726020812988281e+01 7.574554681777954102e-01 -2.779734134674072266e+00 -5.494834423065185547e+00
8.536352157592773438e+00 1.377335643768310547e+01 -2.298437309265136719e+01 9.700386524200439453e-01 -3.059260845184326172e+00 -5.540877819061279297e+00
8.566247940063476562e+00 1.368229961395263672e+01 -2.314738464355468750e+01 1.233111619949340820e+00 -2.991503000259399414e+00 -5.527220249176025391e+00
8.589842796325683594e+00 1.362964248657226562e+01 -2.325565719604492188e+01 9.613643288612365723e-01 -2.710208654403686523e+00 -5.470106124877929688e+00
8.603632926940917969e+00 1.357472896575927734e+01 -2.336355400085449219e+01 7.938237786293029785e-01 -2.972428321838378906e+00 -5.518409252166748047e+00
8.623457908630371094e+00 1.351472759246826172e+01 -2.346691894531250000e+01 1.157721638679504395e+00 -2.967592716217041016e+00 -5.135413646697998047e+00
8.647397994995117188e+00 1.345932292938232422e+01 -2.356948471069335938e+01 1.182878971099853516e+00 -2.769101381301879883e+00 -5.335762500762939453e+00
8.665467262268066406e+00 1.340566253662109375e+01 -2.367431259155273438e+01 6.613239049911499023e-01 -2.799533843994140625e+00 -5.382013320922851562e+00
8.670576095581054688e+00 1.334197235107421875e+01 -2.377980232238769531e+01 2.322033792734146118e-01 -3.621660709381103516e+00 -5.229062080383300781e+00
8.679068565368652344e+00 1.326966667175292969e+01 -2.388024711608886719e+01 5.968886613845825195e-01 -3.601109027862548828e+00 -5.023247718811035156e+00
8.694025993347167969e+00 1.319713687896728516e+01 -2.397669219970703125e+01 8.940204381942749023e-01 -3.699343919754028320e+00 -5.099462032318115234e+00
8.712354660034179688e+00 1.312636947631835938e+01 -2.407891464233398438e+01 8.307260274887084961e-01 -3.594215631484985352e+00 -5.385371208190917969e+00
8.728658676147460938e+00 1.305644226074218750e+01 -2.418184280395507812e+01 9.976372718811035156e-01 -3.415721893310546875e+00 -4.948387622833251953e+00
8.747168540954589844e+00 1.299281311035156250e+01 -2.428102111816406250e+01 7.612057328224182129e-01 -3.310349464416503906e+00 -5.105344295501708984e+00
8.762202262878417969e+00 1.292817497253417969e+01 -2.438105583190917969e+01 7.464969158172607422e-01 -3.357475757598876953e+00 -5.028054237365722656e+00
8.777091979980468750e+00 1.286420440673828125e+01 -2.448167991638183594e+01 7.983967065811157227e-01 -3.312959432601928711e+00 -5.182059764862060547e+00
8.789583206176757812e+00 1.279710960388183594e+01 -2.458120727539062500e+01 5.551738142967224121e-01 -3.582325220108032227e+00 -4.877841949462890625e+00
8.799126625061035156e+00 1.272282600402832031e+01 -2.467677497863769531e+01 6.701330542564392090e-01 -3.878505706787109375e+00 -5.134384155273437500e+00
8.814282417297363281e+00 1.264938545227050781e+01 -2.477643585205078125e+01 1.040741086006164551e+00 -3.732540845870971680e+00 -5.201783180236816406e+00
8.835981369018554688e+00 1.258023548126220703e+01 -2.487843132019042969e+01 8.350743651390075684e-01 -3.311703443527221680e+00 -5.175617218017578125e+00
8.845295906066894531e+00 1.251444339752197266e+01 -2.498149490356445312e+01 4.509066045284271240e-01 -3.550541639328002930e+00 -5.259443283081054688e+00
8.860092163085937500e+00 1.244188976287841797e+01 -2.508175849914550781e+01 1.038530111312866211e+00 -3.659185886383056641e+00 -5.169992446899414062e+00
8.881450653076171875e+00 1.237257480621337891e+01 -2.518674468994140625e+01 1.307569026947021484e+00 -3.401177644729614258e+00 -5.455943584442138672e+00
8.916438102722167969e+00 1.228464889526367188e+01 -2.534840202331542969e+01 9.317651391029357910e-01 -3.001218795776367188e+00 -5.392094612121582031e+00
8.933419227600097656e+00 1.222525882720947266e+01 -2.545543098449707031e+01 7.704567313194274902e-01 -3.185934543609619141e+00 -5.734115600585937500e+00
8.946839332580566406e+00 1.215541458129882812e+01 -2.556916809082031250e+01 7.506378293037414551e-01 -3.812937498092651367e+00 -5.810107231140136719e+00
8.960177421569824219e+00 1.207967853546142578e+01 -2.568505668640136719e+01 6.495585441589355469e-01 -4.107073783874511719e+00 -5.991476535797119141e+00
8.978235244750976562e+00 1.199385452270507812e+01 -2.580622673034667969e+01 1.198768734931945801e+00 -4.302923202514648438e+00 -6.242249965667724609e+00
9.002670288085937500e+00 1.191499328613281250e+01 -2.592713356018066406e+01 1.232647418975830078e+00 -3.803856849670410156e+00 -6.099599838256835938e+00
9.026350975036621094e+00 1.184033203125000000e+01 -2.604494285583496094e+01 1.195075869560241699e+00 -3.833785533905029297e+00 -5.952889442443847656e+00
9.053742408752441406e+00 1.176443672180175781e+01 -2.616341972351074219e+01 1.344455361366271973e+00 -3.903334856033325195e+00 -6.009040355682373047e+00
9.073499679565429688e+00 1.168985462188720703e+01 -2.627687835693359375e+01 5.975256562232971191e-01 -3.853824377059936523e+00 -5.919281959533691406e+00
9.077569007873535156e+00 1.160988140106201172e+01 -2.639057350158691406e+01 2.123832330107688904e-02 -4.666715145111083984e+00 -5.680941104888916016e+00
9.080591201782226562e+00 1.151008605957031250e+01 -2.650073242187500000e+01 4.146528244018554688e-01 -5.268030643463134766e+00 -5.467643260955810547e+00
9.098352432250976562e+00 1.140942001342773438e+01 -2.660891342163085938e+01 1.060950160026550293e+00 -4.968260765075683594e+00 -5.729818820953369141e+00
9.120536804199218750e+00 1.131634330749511719e+01 -2.672343635559082031e+01 1.028277277946472168e+00 -4.570044517517089844e+00 -5.827525615692138672e+00
9.136464118957519531e+00 1.123082733154296875e+01 -2.683327865600585938e+01 4.930135905742645264e-01 -4.379505634307861328e+00 -5.686233043670654297e+00
9.145850181579589844e+00 1.114057540893554688e+01 -2.694296455383300781e+01 6.847633719444274902e-01 -4.657104969024658203e+00 -5.542260646820068359e+00
9.159250259399414062e+00 1.105042648315429688e+01 -2.705041885375976562e+01 5.102269053459167480e-01 -4.786005020141601562e+00 -5.521203041076660156e+00
9.169009208679199219e+00 1.095383644104003906e+01 -2.715550231933593750e+01 5.825651288032531738e-01 -5.091685295104980469e+00 -5.478308200836181641e+00
9.182068824768066406e+00 1.085470390319824219e+01 -2.726042175292968750e+01 8.201370239257812500e-01 -5.143721103668212891e+00 -5.309790134429931641e+00
9.195892333984375000e+00 1.075548553466796875e+01 -2.736419105529785156e+01 4.051791429519653320e-01 -5.180506229400634766e+00 -5.419693470001220703e+00
9.205528259277343750e+00 1.065338039398193359e+01 -2.746910667419433594e+01 6.871919631958007812e-01 -5.401784420013427734e+00 -5.314918518066406250e+00
9.228260993957519531e+00 1.049421596527099609e+01 -2.761976242065429688e+01 6.331624984741210938e-01 -5.471589088439941406e+00 -5.138681411743164062e+00
9.241298675537109375e+00 1.038286685943603516e+01 -2.772455406188964844e+01 8.526191115379333496e-01 -5.693079471588134766e+00 -5.374144077301025391e+00
9.256413459777832031e+00 1.027797222137451172e+01 -2.782881164550781250e+01 4.110070466995239258e-01 -5.386155128479003906e+00 -5.157840728759765625e+00
9.261611938476562500e+00 1.015830993652343750e+01 -2.792597961425781250e+01 3.338012099266052246e-01 -6.773231983184814453e+00 -5.020095348358154297e+00
9.274953842163085938e+00 1.002107334136962891e+01 -2.802441024780273438e+01 9.543724656105041504e-01 -6.967220783233642578e+00 -5.182000637054443359e+00
9.288929939270019531e+00 9.885109901428222656e+00 -2.812084770202636719e+01 4.351017773151397705e-01 -7.241871356964111328e+00 -4.757736206054687500e+00
9.292930603027343750e+00 9.736829757690429688e+00 -2.821144294738769531e+01 2.297116518020629883e-01 -7.758858203887939453e+00 -4.264889717102050781e+00
9.299713134765625000e+00 9.580608367919921875e+00 -2.828338241577148438e+01 8.714392036199569702e-02 -8.181286811828613281e+00 -3.377650022506713867e+00
9.297258377075195312e+00 9.407534599304199219e+00 -2.833876609802246094e+01 -2.702811360359191895e-01 -9.505492210388183594e+00 -2.063375473022460938e+00
9.289972305297851562e+00 9.210764884948730469e+00 -2.836503410339355469e+01 -2.304658293724060059e-01 -1.018984127044677734e+01 -4.683024883270263672e-01
9.284432411193847656e+00 9.017268180847167969e+00 -2.835568237304687500e+01 -6.963170766830444336e-01 -9.784795761108398438e+00 1.664703488349914551e+00
9.269833564758300781e+00 8.828091621398925781e+00 -2.829891967773437500e+01 -7.880516648292541504e-01 -9.358295440673828125e+00 4.086208820343017578e+00
9.252622604370117188e+00 8.656992912292480469e+00 -2.820150756835937500e+01 -1.150312066078186035e+00 -7.951400756835937500e+00 5.637876987457275391e+00
9.227729797363281250e+00 8.517370223999023438e+00 -2.808167648315429688e+01 -1.252651691436767578e+00 -6.449890136718750000e+00 6.487002372741699219e+00
9.205009460449218750e+00 8.408324241638183594e+00 -2.795494842529296875e+01 -9.117512106895446777e-01 -4.740571975708007812e+00 6.239510059356689453e+00
9.188747406005859375e+00 8.332922935485839844e+00 -2.783645248413085938e+01 -6.887530684471130371e-01 -3.361303806304931641e+00 5.780874729156494141e+00
9.182337760925292969e+00 8.275774002075195312e+00 -2.773080635070800781e+01 2.386923693120479584e-02 -2.402864933013916016e+00 4.955934524536132812e+00
9.181212425231933594e+00 8.242971420288085938e+00 -2.765062141418457031e+01 -3.757218644022941589e-02 -1.077218651771545410e+00 3.635847568511962891e+00
9.178657531738281250e+00 8.227536201477050781e+00 -2.759159088134765625e+01 -1.669006794691085815e-01 -6.833428740501403809e-01 2.548433303833007812e+00
9.174663543701171875e+00 8.217716217041015625e+00 -2.755244255065917969e+01 -1.600327044725418091e-01 -4.074234068393707275e-01 1.466567397117614746e+00
9.173161506652832031e+00 8.208354949951171875e+00 -2.753965759277343750e+01 2.613127231597900391e-01 -7.658834457397460938e-01 1.852374970912933350e-01
9.199847221374511719e+00 8.186079025268554688e+00 -2.756213569641113281e+01 1.705136060714721680e+00 -2.613211274147033691e-01 -1.471948981285095215e+00
9.230273246765136719e+00 8.186473846435546875e+00 -2.759761619567871094e+01 1.401408314704895020e+00 3.285299614071846008e-02 -2.362887144088745117e+00
9.261368751525878906e+00 8.189336776733398438e+00 -2.765697288513183594e+01 1.557752251625061035e+00 5.273596048355102539e-01 -3.434675455093383789e+00
9.286600112915039062e+00 8.204253196716308594e+00 -2.772766494750976562e+01 8.865035176277160645e-01 7.123215794563293457e-01 -3.796179771423339844e+00
9.302166938781738281e+00 8.212605476379394531e+00 -2.780444908142089844e+01 9.075495600700378418e-01 2.532896995544433594e-01 -4.085529804229736328e+00
9.319877624511718750e+00 8.208883285522460938e+00 -2.789050674438476562e+01 8.784230947494506836e-01 -2.660748958587646484e-01 -4.777390956878662109e+00
9.337701797485351562e+00 8.194938659667968750e+00 -2.798209571838378906e+01 1.206306934356689453e+00 -8.285660147666931152e-01 -4.714388370513916016e+00
9.375765800476074219e+00 8.176911354064941406e+00 -2.807536697387695312e+01 2.328041315078735352e+00 -4.439035058021545410e-01 -4.896144866943359375e+00
9.425151824951171875e+00 8.177755355834960938e+00 -2.817628860473632812e+01 2.314963579177856445e+00 4.481342136859893799e-01 -5.370738983154296875e+00
9.468194961547851562e+00 8.195263862609863281e+00 -2.828083229064941406e+01 2.093761920928955078e+00 1.415310263633728027e+00 -5.362085342407226562e+00
9.498243331909179688e+00 8.223694801330566406e+00 -2.838176345825195312e+01 1.069247007369995117e+00 1.101225376129150391e+00 -5.249664783477783203e+00
9.510315895080566406e+00 8.238978385925292969e+00 -2.848704147338867188e+01 4.611130952835083008e-01 3.492373228073120117e-01 -5.551034927368164062e+00
9.523352622985839844e+00 8.244899749755859375e+00 -2.858959007263183594e+01 8.901870846748352051e-01 3.196492791175842285e-01 -5.306986331939697266e+00
9.539553642272949219e+00 8.248690605163574219e+00 -2.869232368469238281e+01 7.448796033859252930e-01 2.078357785940170288e-01 -5.317054748535156250e+00
9.552676200866699219e+00 8.247443199157714844e+00 -2.879661941528320312e+01 1.033295512199401855e+00 -3.075405061244964600e-01 -5.255692958831787109e+00
9.578303337097167969e+00 8.240821838378906250e+00 -2.889966201782226562e+01 1.418249964714050293e+00 -1.324197091162204742e-02 -5.390095233917236328e+00
9.605587005615234375e+00 8.249474525451660156e+00 -2.900224113464355469e+01 1.172127842903137207e+00 6.660364270210266113e-01 -5.193012237548828125e+00
9.630497932434082031e+00 8.265801429748535156e+00 -2.910367012023925781e+01 1.243820667266845703e+00 1.064952135086059570e+00 -5.418695926666259766e+00
9.651142120361328125e+00 8.292157173156738281e+00 -2.921046638488769531e+01 8.938032984733581543e-01 1.314854741096496582e+00 -5.420939922332763672e+00
9.669815063476562500e+00 8.316076278686523438e+00 -2.932241821289062500e+01 9.125865697860717773e-01 7.531958818435668945e-01 -5.841609477996826172e+00
9.686627388000488281e+00 8.328562736511230469e+00 -2.943419647216796875e+01 8.842506408691406250e-01 4.755186140537261963e-01 -5.797352313995361328e+00
9.715600967407226562e+00 8.329854965209960938e+00 -2.960980224609375000e+01 1.408159136772155762e+00 -1.882092356681823730e-01 -6.126916885375976562e+00
9.747138977050781250e+00 8.327920913696289062e+00 -2.972839927673339844e+01 1.628542304039001465e+00 -7.349956780672073364e-02 -5.982334613800048828e+00
9.780676841735839844e+00 8.324452400207519531e+00 -2.985225486755371094e+01 1.848699688911437988e+00 -1.563495248556137085e-01 -6.334790229797363281e+00
9.815221786499023438e+00 8.321546554565429688e+00 -2.997524070739746094e+01 1.664462924003601074e+00 -1.246171146631240845e-01 -6.077355861663818359e+00
9.843890190124511719e+00 8.320212364196777344e+00 -3.009631729125976562e+01 1.402072191238403320e+00 -1.904418766498565674e-01 -6.295702934265136719e+00
9.869570732116699219e+00 8.316364288330078125e+00 -3.021756362915039062e+01 1.195085883140563965e+00 -1.508934944868087769e-01 -6.101875305175781250e+00
9.889371871948242188e+00 8.315574645996093750e+00 -3.033899116516113281e+01 1.012494087219238281e+00 -2.523923814296722412e-01 -5.977080821990966797e+00
9.913974761962890625e+00 8.307507514953613281e+00 -3.045644187927246094e+01 1.265432119369506836e+00 -3.416273891925811768e-01 -6.142551898956298828e+00
9.934741020202636719e+00 8.299832344055175781e+00 -3.057396507263183594e+01 9.762207269668579102e-01 -5.651499032974243164e-01 -5.914373397827148438e+00
9.953907012939453125e+00 8.283495903015136719e+00 -3.068959045410156250e+01 1.159159302711486816e+00 -9.079227447509765625e-01 -5.829423427581787109e+00
9.980348587036132812e+00 8.261951446533203125e+00 -3.080224227905273438e+01 1.310935616493225098e+00 -1.062241196632385254e+00 -5.752608299255371094e+00
1.000369167327880859e+01 8.241800308227539062e+00 -3.091847991943359375e+01 1.284571051597595215e+00 -1.111349463462829590e+00 -5.948276519775390625e+00
1.003079319000244141e+01 8.217891693115234375e+00 -3.103260421752929688e+01 1.521303057670593262e+00 -1.259535074234008789e+00 -5.834327220916748047e+00
1.006547355651855469e+01 8.199765205383300781e+00 -3.114631271362304688e+01 1.670525670051574707e+00 -7.193396687507629395e-01 -5.643610477447509766e+00
1.009706497192382812e+01 8.185384750366210938e+00 -3.125765228271484375e+01 1.557857036590576172e+00 -5.551411509513854980e-01 -5.677786350250244141e+00
1.012519264221191406e+01 8.182611465454101562e+00 -3.136699867248535156e+01 1.348137140274047852e+00 4.304696246981620789e-02 -5.660722732543945312e+00
1.014551830291748047e+01 8.187191009521484375e+00 -3.147534370422363281e+01 7.590460777282714844e-01 -1.172466874122619629e-01 -5.344570159912109375e+00
1.015752124786376953e+01 8.180809020996093750e+00 -3.157778930664062500e+01 6.779966950416564941e-01 -6.446143388748168945e-01 -5.317370414733886719e+00
1.017197132110595703e+01 8.167982101440429688e+00 -3.167937469482421875e+01 7.947167158126831055e-01 -8.624194860458374023e-01 -5.120480060577392578e+00
1.018503952026367188e+01 8.145318031311035156e+00 -3.177682876586914062e+01 3.349835276603698730e-01 -1.453811883926391602e+00 -4.781166553497314453e+00
1.019218254089355469e+01 8.107804298400878906e+00 -3.186815071105957031e+01 8.372738361358642578e-01 -2.133738756179809570e+00 -4.854510307312011719e+00
1.022674942016601562e+01 8.040820121765136719e+00 -3.200832366943359375e+01 1.558580875396728516e+00 -2.306310176849365234e+00 -4.611709594726562500e+00
1.026905345916748047e+01 8.002301216125488281e+00 -3.209603881835937500e+01 2.329224348068237305e+00 -1.604734063148498535e+00 -4.384849071502685547e+00
1.031691551208496094e+01 7.978811740875244141e+00 -3.218086242675781250e+01 2.432127952575683594e+00 -7.378733158111572266e-01 -4.339240550994873047e+00
1.036367893218994141e+01 7.974546432495117188e+00 -3.226580810546875000e+01 2.018163204193115234e+00 2.285321801900863647e-01 -4.563789367675781250e+00
1.039478778839111328e+01 7.989224433898925781e+00 -3.235398864746093750e+01 1.081807494163513184e+00 7.539799809455871582e-01 -4.293493270874023438e+00
1.040485477447509766e+01 8.003322601318359375e+00 -3.243820571899414062e+01 2.173629105091094971e-01 5.337077975273132324e-01 -4.436373233795166016e+00
1.039987373352050781e+01 8.005160331726074219e+00 -3.252527618408203125e+01 -4.849372804164886475e-01 -3.545200228691101074e-01 -4.653078556060791016e+00
1.039073848724365234e+01 7.993482589721679688e+00 -3.261725616455078125e+01 1.829296946525573730e-01 -6.244173049926757812e-01 -4.730492591857910156e+00
1.039856624603271484e+01 7.974332809448242188e+00 -3.271201324462890625e+01 6.527285575866699219e-01 -1.045902490615844727e+00 -4.967903614044189453e+00
1.042464828491210938e+01 7.957853317260742188e+00 -3.281000900268554688e+01 1.527671456336975098e+00 -5.423744916915893555e-01 -5.145909309387207031e+00
1.045694255828857422e+01 7.947588443756103516e+00 -3.291653442382812500e+01 1.621441721916198730e+00 -1.289128661155700684e-01 -5.534104824066162109e+00
1.048883819580078125e+01 7.952725887298583984e+00 -3.302742385864257812e+01 1.580960512161254883e+00 4.429379105567932129e-01 -5.768614292144775391e+00
1.052192497253417969e+01 7.968131065368652344e+00 -3.314594268798828125e+01 1.377631068229675293e+00 8.099022507667541504e-01 -6.527542114257812500e+00
1.054268550872802734e+01 7.979442119598388672e+00 -3.328026580810546875e+01 7.270445823669433594e-01 3.835337460041046143e-01 -6.987040519714355469e+00
1.055586719512939453e+01 7.979625701904296875e+00 -3.342443847656250000e+01 6.735695600509643555e-01 -6.247053742408752441e-01 -8.066160202026367188e+00
1.057397747039794922e+01 7.950335979461669922e+00 -3.359360122680664062e+01 1.535973787307739258e+00 -2.474775075912475586e+00 -9.257486343383789062e+00
1.061326789855957031e+01 7.884822845458984375e+00 -3.378318405151367188e+01 2.387120962142944336e+00 -3.767633914947509766e+00 -9.849631309509277344e+00
1.066022777557373047e+01 7.797531604766845703e+00 -3.397690200805664062e+01 2.547224044799804688e+00 -5.109480857849121094e+00 -9.702015876770019531e+00
1.071526050567626953e+01 7.698306560516357422e+00 -3.416448593139648438e+01 2.656751155853271484e+00 -5.045461654663085938e+00 -9.161911964416503906e+00
1.076149463653564453e+01 7.599506855010986328e+00 -3.433382415771484375e+01 1.850088953971862793e+00 -4.829932689666748047e+00 -8.027759552001953125e+00
1.079018974304199219e+01 7.510246753692626953e+00 -3.448207473754882812e+01 1.023651599884033203e+00 -4.361684322357177734e+00 -6.955641746520996094e+00
1.079250431060791016e+01 7.397635459899902344e+00 -3.466440963745117188e+01 -4.587959647178649902e-01 -3.594007253646850586e+00 -5.518665313720703125e+00
1.077455711364746094e+01 7.323632240295410156e+00 -3.476478958129882812e+01 -8.103864192962646484e-01 -3.972985982894897461e+00 -4.670667648315429688e+00
1.075444507598876953e+01 7.249616146087646484e+00 -3.484793090820312500e+01 -1.022255063056945801e+00 -3.555955886840820312e+00 -3.974954843521118164e+00
1.073548316955566406e+01 7.175813198089599609e+00 -3.492079925537109375e+01 -5.349576473236083984e-01 -3.749661207199096680e+00 -3.520600318908691406e+00
1.073232269287109375e+01 7.103772163391113281e+00 -3.498566055297851562e+01 3.714515268802642822e-01 -3.504441261291503906e+00 -3.340945959091186523e+00
1.075010013580322266e+01 7.035592079162597656e+00 -3.504815673828125000e+01 1.433464646339416504e+00 -3.240318059921264648e+00 -3.091812372207641602e+00
1.078619384765625000e+01 6.981954574584960938e+00 -3.510945892333984375e+01 1.915318012237548828e+00 -2.445671796798706055e+00 -3.166615962982177734e+00
1.082942962646484375e+01 6.944462299346923828e+00 -3.517227935791015625e+01 2.284757614135742188e+00 -9.784785509109497070e-01 -3.261052370071411133e+00
1.087186717987060547e+01 6.942157268524169922e+00 -3.523907470703125000e+01 1.827403426170349121e+00 -6.362369284033775330e-03 -3.622097253799438477e+00
1.090146636962890625e+01 6.944766044616699219e+00 -3.530922698974609375e+01 1.183424711227416992e+00 1.796345114707946777e-01 -3.309601068496704102e+00
1.092009639739990234e+01 6.954989910125732422e+00 -3.537345504760742188e+01 6.774092912673950195e-01 7.875637412071228027e-01 -3.404749393463134766e+00
1.092532634735107422e+01 6.965527534484863281e+00 -3.544210815429687500e+01 3.491677641868591309e-01 -1.237556803971529007e-02 -3.441795587539672852e+00
1.094043350219726562e+01 6.961836814880371094e+00 -3.551068496704101562e+01 7.255964875221252441e-01 -1.456935703754425049e-01 -3.404610157012939453e+00
1.095001983642578125e+01 6.953546047210693359e+00 -3.557528305053710938e+01 3.912290632724761963e-01 -6.184827685356140137e-01 -3.419718265533447266e+00
1.095371341705322266e+01 6.932291030883789062e+00 -3.564108657836914062e+01 1.942183226346969604e-01 -1.240957260131835938e+00 -3.407814264297485352e+00
1.096821594238281250e+01 6.903684616088867188e+00 -3.570672225952148438e+01 7.464272379875183105e-01 -1.517150163650512695e+00 -3.244888544082641602e+00
1.098190021514892578e+01 6.877422332763671875e+00 -3.577110671997070312e+01 6.529537439346313477e-01 -1.383843183517456055e+00 -3.329915761947631836e+00
1.099349212646484375e+01 6.852407455444335938e+00 -3.583562469482421875e+01 3.677134811878204346e-01 -1.264617443084716797e+00 -3.202963352203369141e+00
1.100358295440673828e+01 6.824794769287109375e+00 -3.589625167846679688e+01 6.463899612426757812e-01 -1.719805479049682617e+00 -3.081982135772705078e+00
1.101918983459472656e+01 6.793223857879638672e+00 -3.595794677734375000e+01 7.872305512428283691e-01 -1.565429806709289551e+00 -3.120191574096679688e+00
1.103464221954345703e+01 6.758848667144775391e+00 -3.602143096923828125e+01 1.020810246467590332e+00 -1.982865333557128906e+00 -3.258352518081665039e+00
1.107130527496337891e+01 6.696700572967529297e+00 -3.611178207397460938e+01 1.423210144042968750e+00 -2.132964611053466797e+00 -2.823368072509765625e+00
1.110566043853759766e+01 6.665071010589599609e+00 -3.616804885864257812e+01 1.961092591285705566e+00 -1.040643572807312012e+00 -2.952204942703247070e+00
1.113970375061035156e+01 6.649808406829833984e+00 -3.622266769409179688e+01 1.290328264236450195e+00 -8.270456790924072266e-01 -2.546491861343383789e+00
1.116188526153564453e+01 6.632527351379394531e+00 -3.627296447753906250e+01 1.059503912925720215e+00 -7.937739491462707520e-01 -2.690898180007934570e+00
1.117979621887207031e+01 6.619982242584228516e+00 -3.632406234741210938e+01 7.086785435676574707e-01 -6.134886145591735840e-01 -2.639824628829956055e+00
1.118873405456542969e+01 6.608464241027832031e+00 -3.637599945068359375e+01 4.330257177352905273e-01 -7.246545553207397461e-01 -2.495219230651855469e+00
1.119803237915039062e+01 6.589245796203613281e+00 -3.642332077026367188e+01 7.221662998199462891e-01 -1.011699676513671875e+00 -2.448826313018798828e+00
1.120726394653320312e+01 6.571806907653808594e+00 -3.647135543823242188e+01 7.281360775232315063e-02 -9.144391417503356934e-01 -2.329828023910522461e+00
1.120859146118164062e+01 6.548648834228515625e+00 -3.651910781860351562e+01 3.803420960903167725e-01 -1.189418196678161621e+00 -2.573905944824218750e+00
1.121523284912109375e+01 6.527047157287597656e+00 -3.656756973266601562e+01 -9.122172370553016663e-03 -1.213503956794738770e+00 -2.343993663787841797e+00
1.121310234069824219e+01 6.501254558563232422e+00 -3.661328125000000000e+01 2.915680706501007080e-01 -1.352481484413146973e+00 -2.037010431289672852e+00
1.122558403015136719e+01 6.472733974456787109e+00 -3.665407562255859375e+01 7.737696766853332520e-01 -1.490909576416015625e+00 -2.265109539031982422e+00
1.124375724792480469e+01 6.443489551544189453e+00 -3.669896316528320312e+01 1.128455758094787598e+00 -1.484723329544067383e+00 -2.323042869567871094e+00
1.127399444580078125e+01 6.414316654205322266e+00 -3.674524307250976562e+01 1.906247973442077637e+00 -1.076511621475219727e+00 -2.663757801055908203e+00
1.131265926361083984e+01 6.404059886932373047e+00 -3.679903793334960938e+01 1.860517263412475586e+00 2.305665314197540283e-01 -2.643348217010498047e+00
1.134645080566406250e+01 6.419785499572753906e+00 -3.685195541381835938e+01 1.442834615707397461e+00 8.862532377243041992e-01 -2.896122694015502930e+00
1.136974811553955078e+01 6.435941219329833984e+00 -3.691222763061523438e+01 1.161591410636901855e+00 1.193772673606872559e+00 -3.162048816680908203e+00
1.138430786132812500e+01 6.457620143890380859e+00 -3.697532272338867188e+01 4.151617288589477539e-01 7.207456827163696289e-01 -3.414521694183349609e+00
1.139411258697509766e+01 6.467612743377685547e+00 -3.704217147827148438e+01 7.431105971336364746e-01 5.532141923904418945e-01 -3.464115381240844727e+00
1.140654659271240234e+01 6.481868743896484375e+00 -3.710794830322265625e+01 3.963661193847656250e-01 3.787563443183898926e-01 -3.310042381286621094e+00
1.141051483154296875e+01 6.472047805786132812e+00 -3.720257949829101562e+01 2.109442055225372314e-01 -4.702576100826263428e-01 -3.221649408340454102e+00
1.141750621795654297e+01 6.468057155609130859e+00 -3.726637268066406250e+01 3.651939928531646729e-01 -3.449820876121520996e-01 -3.322178602218627930e+00
1.142718982696533203e+01 6.447839736938476562e+00 -3.732784271240234375e+01 6.562891006469726562e-01 -1.293830633163452148e+00 -3.082222700119018555e+00
1.144813537597656250e+01 6.426167964935302734e+00 -3.738713073730468750e+01 1.117364883422851562e+00 -8.530843257904052734e-01 -2.817347526550292969e+00
1.146811199188232422e+01 6.409499168395996094e+00 -3.744097900390625000e+01 1.056362509727478027e+00 -7.631818652153015137e-01 -2.872598648071289062e+00
1.149293136596679688e+01 6.396557807922363281e+00 -3.749871063232421875e+01 1.222576141357421875e+00 -6.412606835365295410e-01 -3.013629913330078125e+00
1.151559066772460938e+01 6.389636516571044922e+00 -3.755363082885742188e+01 1.297349095344543457e+00 -4.594098925590515137e-01 -2.640579700469970703e+00
1.154570388793945312e+01 6.385370731353759766e+00 -3.761163711547851562e+01 1.678838253021240234e+00 1.367142349481582642e-01 -2.974675416946411133e+00
1.157169628143310547e+01 6.397376537322998047e+00 -3.766613388061523438e+01 1.144580245018005371e+00 9.403019547462463379e-01 -2.904041528701782227e+00
1.159408187866210938e+01 6.425198078155517578e+00 -3.772458267211914062e+01 8.783156871795654297e-01 1.628863692283630371e+00 -2.949540853500366211e+00
1.160388183593750000e+01 6.458760738372802734e+00 -3.778690719604492188e+01 6.410113573074340820e-01 1.445806384086608887e+00 -3.055444002151489258e+00
1.161948871612548828e+01 6.486480236053466797e+00 -3.785223007202148438e+01 1.137363433837890625e+00 1.485868811607360840e+00 -4.042332649230957031e+00
1.164481925964355469e+01 6.521904945373535156e+00 -3.793976211547851562e+01 1.252696633338928223e+00 2.195708751678466797e+00 -4.972644805908203125e+00
1.167052936553955078e+01 6.563496589660644531e+00 -3.804589462280273438e+01 1.514668345451354980e+00 1.746306061744689941e+00 -5.631448745727539062e+00
1.169976520538330078e+01 6.593737125396728516e+00 -3.815985488891601562e+01 1.321894884109497070e+00 1.278825402259826660e+00 -6.007932186126708984e+00
1.172484779357910156e+01 6.610279083251953125e+00 -3.827706146240234375e+01 1.522560596466064453e+00 4.078041911125183105e-01 -5.937500953674316406e+00
1.175586032867431641e+01 6.618052005767822266e+00 -3.839121246337890625e+01 1.289734125137329102e+00 -8.069270849227905273e-02 -5.709179401397705078e+00
1.177957248687744141e+01 6.602087974548339844e+00 -3.850299453735351562e+01 1.325113177299499512e+00 -1.141646146774291992e+00 -5.658969402313232422e+00
1.181060886383056641e+01 6.579962253570556641e+00 -3.861351013183593750e+01 1.660416245460510254e+00 -1.053305745124816895e+00 -5.461654663085937500e+00
1.184267711639404297e+01 6.556793689727783203e+00 -3.871696472167968750e+01 1.653697252273559570e+00 -1.290070772171020508e+00 -5.198693752288818359e+00
1.187459468841552734e+01 6.529075622558593750e+00 -3.881479644775390625e+01 1.814371705055236816e+00 -1.208984017372131348e+00 -5.082501411437988281e+00
1.192522335052490234e+01 6.494551658630371094e+00 -3.895866012573242188e+01 1.754072904586791992e+00 -1.258091807365417480e+00 -4.755951881408691406e+00
1.195729923248291016e+01 6.472870349884033203e+00 -3.905086898803710938e+01 1.380962967872619629e+00 -9.491103887557983398e-01 -4.658086776733398438e+00
1.197364711761474609e+01 6.455061912536621094e+00 -3.914007186889648438e+01 4.792356789112091064e-01 -9.158303141593933105e-01 -4.423041343688964844e+00
1.197882175445556641e+01 6.433259487152099609e+00 -3.922410583496093750e+01 3.271526396274566650e-01 -1.461000442504882812e+00 -4.310294628143310547e+00
1.198157405853271484e+01 6.397579193115234375e+00 -3.930525970458984375e+01 1.024871766567230225e-01 -2.260392189025878906e+00 -4.061433315277099609e+00
1.198394203186035156e+01 6.352262496948242188e+00 -3.938462829589843750e+01 3.932860493659973145e-01 -2.207495212554931641e+00 -3.879594802856445312e+00
1.199295997619628906e+01 6.308908939361572266e+00 -3.945968627929687500e+01 5.336762666702270508e-01 -2.266565322875976562e+00 -3.892191171646118164e+00
1.201011466979980469e+01 6.259798049926757812e+00 -3.953484344482421875e+01 1.106564760208129883e+00 -2.520605564117431641e+00 -3.722641468048095703e+00
1.203627681732177734e+01 6.208546161651611328e+00 -3.960558700561523438e+01 1.549752712249755859e+00 -2.696187257766723633e+00 -3.585899591445922852e+00
1.207084560394287109e+01 6.155177593231201172e+00 -3.967465209960937500e+01 1.921468377113342285e+00 -2.433487653732299805e+00 -3.653972148895263672e+00
1.211102485656738281e+01 6.117667675018310547e+00 -3.974699783325195312e+01 1.997789502143859863e+00 -1.837020635604858398e+00 -3.575067996978759766e+00
1.214817333221435547e+01 6.085565090179443359e+00 -3.981949996948242188e+01 1.763907074928283691e+00 -1.340338945388793945e+00 -3.820707798004150391e+00
1.217432689666748047e+01 6.065729618072509766e+00 -3.989131927490234375e+01 9.354163408279418945e-01 -1.247858166694641113e+00 -3.442640781402587891e+00
1.219024753570556641e+01 6.035151958465576172e+00 -3.996011352539062500e+01 5.842610597610473633e-01 -1.483328938484191895e+00 -3.575127124786376953e+00
1.220024394989013672e+01 6.010331153869628906e+00 -4.003000640869140625e+01 6.676404476165771484e-01 -1.307788252830505371e+00 -3.444951772689819336e+00
1.220651245117187500e+01 5.981660842895507812e+00 -4.009283828735351562e+01 -1.076472327113151550e-01 -1.837817549705505371e+00 -3.405782699584960938e+00
1.220407962799072266e+01 5.939986228942871094e+00 -4.015935897827148438e+01 6.900951266288757324e-02 -2.235491514205932617e+00 -3.527688980102539062e+00
1.220285892486572266e+01 5.895027637481689453e+00 -4.022673416137695312e+01 -2.418311238288879395e-01 -2.437572717666625977e+00 -3.460528850555419922e+00
1.220370483398437500e+01 5.842055320739746094e+00 -4.029110717773437500e+01 1.456661224365234375e-01 -3.197218656539916992e+00 -3.152131557464599609e+00
1.220720481872558594e+01 5.774404525756835938e+00 -4.035546112060546875e+01 3.897368907928466797e-01 -3.264064073562622070e+00 -3.224486827850341797e+00
1.221987056732177734e+01 5.709703445434570312e+00 -4.041894149780273438e+01 8.135042190551757812e-01 -3.664624214172363281e+00 -3.435844182968139648e+00
1.225820636749267578e+01 5.608777523040771484e+00 -4.052154541015625000e+01 1.906376838684082031e+00 -2.859839200973510742e+00 -3.320064067840576172e+00
1.230072593688964844e+01 5.560076713562011719e+00 -4.058457565307617188e+01 2.171839952468872070e+00 -2.052526712417602539e+00 -3.397772073745727539e+00
1.233926010131835938e+01 5.524780750274658203e+00 -4.065188598632812500e+01 1.654486179351806641e+00 -1.561857819557189941e+00 -3.463846206665039062e+00
1.236710643768310547e+01 5.503163814544677734e+00 -4.071866989135742188e+01 1.398522853851318359e+00 -1.001141548156738281e+00 -3.492623805999755859e+00
1.238714122772216797e+01 5.483451366424560547e+00 -4.078683471679687500e+01 7.410842180252075195e-01 -1.360816359519958496e+00 -3.315017223358154297e+00
1.240492057800292969e+01 5.455539226531982422e+00 -4.085527420043945312e+01 8.120195269584655762e-01 -1.129002094268798828e+00 -3.559993743896484375e+00
1.241424179077148438e+01 5.436934471130371094e+00 -4.092314147949218750e+01 5.468882322311401367e-01 -1.273381948471069336e+00 -3.367157936096191406e+00
1.242535686492919922e+01 5.402369499206542969e+00 -4.099246978759765625e+01 4.820036590099334717e-01 -1.706272363662719727e+00 -3.432313203811645508e+00
1.242963886260986328e+01 5.375289916992187500e+00 -4.106142425537109375e+01 1.174263283610343933e-02 -1.317572236061096191e+00 -3.650660753250122070e+00
1.243316364288330078e+01 5.343428611755371094e+00 -4.113122558593750000e+01 2.222843468189239502e-01 -1.851227998733520508e+00 -3.458144426345825195e+00
1.244050025939941406e+01 5.306765079498291016e+00 -4.120087432861328125e+01 4.091566503047943115e-01 -1.850388288497924805e+00 -3.647069454193115234e+00
