1.920182943344116211e+00 3.535299539566040039e+00 -1.922229409217834473e+00 1.081077694892883301e+00 2.896396398544311523e+00 -1.024369239807128906e+00
1.931237816810607910e+00 3.591785907745361328e+00 -1.932038545608520508e+00 1.111724972724914551e+00 2.996961355209350586e+00 -1.047886371612548828e+00
1.952014684677124023e+00 3.654183626174926758e+00 -1.958566308021545410e+00 1.136008143424987793e+00 2.892196416854858398e+00 -9.667717218399047852e-01
1.970618963241577148e+00 3.703852891921997070e+00 -1.982916593551635742e+00 1.105551242828369141e+00 2.720266103744506836e+00 -8.690932989120483398e-01
1.996441483497619629e+00 3.748130083084106445e+00 -2.004085302352905273e+00 1.259020566940307617e+00 2.671113967895507812e+00 -8.196595907211303711e-01
2.022722959518432617e+00 3.814312219619750977e+00 -2.002192735671997070e+00 1.206341981887817383e+00 2.782099008560180664e+00 -8.547246456146240234e-01
2.034901380538940430e+00 3.867432117462158203e+00 -2.021503686904907227e+00 1.212467789649963379e+00 2.646406888961791992e+00 -8.736930489540100098e-01
2.063603162765502930e+00 3.923127651214599609e+00 -2.043467521667480469e+00 1.180168151855468750e+00 2.658632516860961914e+00 -6.782533526420593262e-01
2.075295448303222656e+00 3.973218441009521484e+00 -2.059767961502075195e+00 1.247756838798522949e+00 2.823921203613281250e+00 -6.898003816604614258e-01
2.088247299194335938e+00 4.010710239410400391e+00 -2.069521427154541016e+00 1.202649235725402832e+00 2.892249107360839844e+00 -7.548244595527648926e-01
2.120508670806884766e+00 4.070086002349853516e+00 -2.077294111251831055e+00 1.094456911087036133e+00 3.078646183013916016e+00 -8.679394721984863281e-01
2.154019117355346680e+00 4.157516002655029297e+00 -2.107536077499389648e+00 1.006255269050598145e+00 3.000600337982177734e+00 -6.364437341690063477e-01
2.184175491333007812e+00 4.196871757507324219e+00 -2.121302843093872070e+00 1.175976753234863281e+00 3.095921516418457031e+00 -6.533567905426025391e-01
2.210203409194946289e+00 4.260795116424560547e+00 -2.129860639572143555e+00 1.094452023506164551e+00 3.292223215103149414e+00 -6.034176945686340332e-01
2.222166061401367188e+00 4.331892013549804688e+00 -2.145153999328613281e+00 1.022143363952636719e+00 3.190278530120849609e+00 -5.044668912887573242e-01
2.250664234161376953e+00 4.396302700042724609e+00 -2.159000873565673828e+00 1.023471951484680176e+00 3.208110094070434570e+00 -5.367246270179748535e-01
2.274637937545776367e+00 4.454437255859375000e+00 -2.179255485534667969e+00 1.030500888824462891e+00 3.396676301956176758e+00 -8.046558499336242676e-01
2.288690328598022461e+00 4.533496856689453125e+00 -2.185050249099731445e+00 1.045508861541748047e+00 3.587582588195800781e+00 -6.352815628051757812e-01
2.315882205963134766e+00 4.585830211639404297e+00 -2.193737030029296875e+00 1.072106838226318359e+00 3.640512943267822266e+00 -4.567981958389282227e-01
2.334246873855590820e+00 4.660770416259765625e+00 -2.204579114913940430e+00 1.139355182647705078e+00 3.812816858291625977e+00 -5.602730512619018555e-01
2.348026037216186523e+00 4.735610008239746094e+00 -2.210083484649658203e+00 9.954265952110290527e-01 3.973599672317504883e+00 -4.333177804946899414e-01
2.389544725418090820e+00 4.824726581573486328e+00 -2.222577095031738281e+00 9.925985932350158691e-01 3.933947801589965820e+00 -4.584058821201324463e-01
2.392395973205566406e+00 4.898238182067871094e+00 -2.242282629013061523e+00 1.089416623115539551e+00 4.047112464904785156e+00 -3.543002903461456299e-01
2.406814575195312500e+00 4.965128898620605469e+00 -2.242207288742065430e+00 1.178452014923095703e+00 4.191578865051269531e+00 -3.663008809089660645e-01
2.440409421920776367e+00 5.051709175109863281e+00 -2.260309457778930664e+00 1.224850177764892578e+00 4.163536071777343750e+00 -5.363267660140991211e-01
2.450811862945556641e+00 5.121419906616210938e+00 -2.267947196960449219e+00 1.177125096321105957e+00 4.279896736145019531e+00 -6.634534597396850586e-01
2.497839689254760742e+00 5.214253425598144531e+00 -2.272753238677978516e+00 1.464625358581542969e+00 4.494781017303466797e+00 -7.786418795585632324e-01
2.515783548355102539e+00 5.311129093170166016e+00 -2.283399343490600586e+00 1.386194825172424316e+00 4.573406219482421875e+00 -4.151506423950195312e-01
2.535529613494873047e+00 5.406620502471923828e+00 -2.303372383117675781e+00 1.182650089263916016e+00 4.517192363739013672e+00 -3.588682413101196289e-01
2.561550140380859375e+00 5.493395328521728516e+00 -2.313764333724975586e+00 1.139970541000366211e+00 4.757787704467773438e+00 -5.682339072227478027e-01
2.584084033966064453e+00 5.594945907592773438e+00 -2.327760696411132812e+00 1.366300463676452637e+00 4.892764568328857422e+00 -4.563356339931488037e-01
2.610809326171875000e+00 5.689154148101806641e+00 -2.318922042846679688e+00 1.406081199645996094e+00 5.089076042175292969e+00 -4.816148877143859863e-01
2.651551723480224609e+00 5.844860553741455078e+00 -2.339329957962036133e+00 1.264910101890563965e+00 5.159066200256347656e+00 -4.467682838439941406e-01
2.659914731979370117e+00 5.933322429656982422e+00 -2.362178802490234375e+00 1.344692707061767578e+00 5.304132461547851562e+00 -4.803379476070404053e-01
2.707098484039306641e+00 6.045418262481689453e+00 -2.363023757934570312e+00 1.390029430389404297e+00 5.441959857940673828e+00 -4.219268560409545898e-01
2.719268083572387695e+00 6.155842781066894531e+00 -2.364004373550415039e+00 1.416899085044860840e+00 5.641021251678466797e+00 -4.347246289253234863e-01
2.748589277267456055e+00 6.266905307769775391e+00 -2.379035711288452148e+00 1.408951997756958008e+00 5.665539741516113281e+00 -3.056650161743164062e-01
2.772421836853027344e+00 6.372652530670166016e+00 -2.390466213226318359e+00 1.424293756484985352e+00 5.799552440643310547e+00 -3.097783327102661133e-01
2.807481765747070312e+00 6.490368843078613281e+00 -2.395423889160156250e+00 1.343641996383666992e+00 5.985247611999511719e+00 -3.294143676757812500e-01
2.847465276718139648e+00 6.596877574920654297e+00 -2.400607347488403320e+00 1.504849195480346680e+00 6.099095344543457031e+00 -4.861925542354583740e-01
2.869334697723388672e+00 6.711397647857666016e+00 -2.415138006210327148e+00 1.432046651840209961e+00 6.410501480102539062e+00 -4.657487869262695312e-01
2.903886318206787109e+00 6.853590488433837891e+00 -2.425836801528930664e+00 1.569766998291015625e+00 6.602698802947998047e+00 -3.784327208995819092e-01
2.917406320571899414e+00 6.966563224792480469e+00 -2.426316499710083008e+00 1.568391323089599609e+00 6.569097995758056641e+00 -4.037194252014160156e-01
2.949159622192382812e+00 7.119049072265625000e+00 -2.438147068023681641e+00 1.432713508605957031e+00 6.724102497100830078e+00 -5.490897893905639648e-01
2.976244449615478516e+00 7.239811897277832031e+00 -2.449646711349487305e+00 1.441080808639526367e+00 6.864779949188232422e+00 -5.908469557762145996e-01
3.022768497467041016e+00 7.377176284790039062e+00 -2.465040683746337891e+00 1.590312004089355469e+00 7.222640514373779297e+00 -6.401799917221069336e-01
3.031442165374755859e+00 7.514048099517822266e+00 -2.477530717849731445e+00 1.600610494613647461e+00 7.343402862548828125e+00 -4.553165435791015625e-01
3.075272321701049805e+00 7.674294948577880859e+00 -2.493393659591674805e+00 1.685628652572631836e+00 7.523936748504638672e+00 -4.079347848892211914e-01
3.110379934310913086e+00 7.819684028625488281e+00 -2.512147426605224609e+00 1.639205694198608398e+00 7.725784301757812500e+00 -6.101495027542114258e-01
3.135892152786254883e+00 7.964077472686767578e+00 -2.519013643264770508e+00 1.831259012222290039e+00 7.803508758544921875e+00 -6.909389495849609375e-01
3.177376985549926758e+00 8.122737884521484375e+00 -2.525593996047973633e+00 1.669296383857727051e+00 8.067212104797363281e+00 -8.849589824676513672e-01
3.203504085540771484e+00 8.274901390075683594e+00 -2.549858093261718750e+00 1.585973620414733887e+00 8.242734909057617188e+00 -1.077337861061096191e+00
3.234288215637207031e+00 8.435906410217285156e+00 -2.572698116302490234e+00 1.716633319854736328e+00 8.537907600402832031e+00 -9.704520106315612793e-01
3.280127286911010742e+00 8.698554039001464844e+00 -2.596546411514282227e+00 1.811960339546203613e+00 8.805588722229003906e+00 -9.052876234054565430e-01
3.330200910568237305e+00 8.877090454101562500e+00 -2.607023715972900391e+00 1.677078604698181152e+00 8.899703025817871094e+00 -1.115432858467102051e+00
3.355257987976074219e+00 9.052908897399902344e+00 -2.637269020080566406e+00 1.849365949630737305e+00 9.189214706420898438e+00 -1.252565503120422363e+00
3.393276691436767578e+00 9.237724304199218750e+00 -2.655320167541503906e+00 1.936732769012451172e+00 9.718790054321289062e+00 -1.426607012748718262e+00
3.438462734222412109e+00 9.442069053649902344e+00 -2.691145896911621094e+00 1.907192826271057129e+00 9.921786308288574219e+00 -1.516291499137878418e+00
3.473902463912963867e+00 9.642724990844726562e+00 -2.729249715805053711e+00 1.840663552284240723e+00 9.967504501342773438e+00 -1.612478494644165039e+00
3.508960008621215820e+00 9.828350067138671875e+00 -2.760048627853393555e+00 2.005519151687622070e+00 1.016120529174804688e+01 -1.673972845077514648e+00
3.561878681182861328e+00 1.003657150268554688e+01 -2.797082424163818359e+00 2.219176292419433594e+00 1.046503353118896484e+01 -1.636186599731445312e+00
3.603497505187988281e+00 1.023223495483398438e+01 -2.821269989013671875e+00 2.195689916610717773e+00 1.091484832763671875e+01 -2.034351348876953125e+00
3.655552864074707031e+00 1.044744014739990234e+01 -2.873748540878295898e+00 2.267210006713867188e+00 1.114902400970458984e+01 -2.112342119216918945e+00
3.689628601074218750e+00 1.065789222717285156e+01 -2.914488554000854492e+00 2.300765037536621094e+00 1.152630901336669922e+01 -2.153265476226806641e+00
3.734401941299438477e+00 1.088528633117675781e+01 -2.973595380783081055e+00 2.351554870605468750e+00 1.190402317047119141e+01 -2.352786540985107422e+00
3.784677982330322266e+00 1.111827468872070312e+01 -3.011707544326782227e+00 2.339863538742065430e+00 1.227819919586181641e+01 -2.509026765823364258e+00
3.844473123550415039e+00 1.136861133575439453e+01 -3.063036680221557617e+00 2.168279886245727539e+00 1.243112277984619141e+01 -2.837879180908203125e+00
3.884331941604614258e+00 1.160588550567626953e+01 -3.126608610153198242e+00 2.151312112808227539e+00 1.278190422058105469e+01 -2.989584207534790039e+00
3.910790205001831055e+00 1.187302780151367188e+01 -3.194837808609008789e+00 2.321379661560058594e+00 1.314794063568115234e+01 -3.371790885925292969e+00
3.953980207443237305e+00 1.212542533874511719e+01 -3.260211467742919922e+00 2.683707714080810547e+00 1.350046634674072266e+01 -3.458920955657958984e+00
4.017713069915771484e+00 1.238850402832031250e+01 -3.332766771316528320e+00 2.792542219161987305e+00 1.395005702972412109e+01 -3.762474060058593750e+00
4.066213607788085938e+00 1.267550373077392578e+01 -3.406369686126708984e+00 2.798242330551147461e+00 1.425249290466308594e+01 -4.151409626007080078e+00
4.131235599517822266e+00 1.296117782592773438e+01 -3.492099285125732422e+00 2.844535350799560547e+00 1.482005310058593750e+01 -4.665713787078857422e+00
4.197991371154785156e+00 1.340581035614013672e+01 -3.651345968246459961e+00 3.128101825714111328e+00 1.556302928924560547e+01 -5.302513122558593750e+00
4.253240585327148438e+00 1.371064090728759766e+01 -3.760354280471801758e+00 3.416866779327392578e+00 1.601408958435058594e+01 -5.930145740509033203e+00
4.330851078033447266e+00 1.403329753875732422e+01 -3.877944707870483398e+00 3.491235733032226562e+00 1.657610321044921875e+01 -6.601619720458984375e+00
4.402207374572753906e+00 1.435852718353271484e+01 -4.020903110504150391e+00 3.503032922744750977e+00 1.704058647155761719e+01 -7.426960945129394531e+00
4.460489749908447266e+00 1.469523334503173828e+01 -4.179705142974853516e+00 3.589417695999145508e+00 1.763830757141113281e+01 -8.107125282287597656e+00
4.539104461669921875e+00 1.503744888305664062e+01 -4.335211753845214844e+00 3.917192697525024414e+00 1.807386779785156250e+01 -8.873832702636718750e+00
4.624185562133789062e+00 1.542168998718261719e+01 -4.529895305633544922e+00 4.057071208953857422e+00 1.852595138549804688e+01 -9.913583755493164062e+00
4.701162815093994141e+00 1.577255725860595703e+01 -4.733576297760009766e+00 4.382691860198974609e+00 1.913108634948730469e+01 -1.116412353515625000e+01
4.787037849426269531e+00 1.614527702331542969e+01 -4.961463451385498047e+00 4.574763298034667969e+00 1.963814926147460938e+01 -1.251663017272949219e+01
4.884462833404541016e+00 1.652676391601562500e+01 -5.218471527099609375e+00 4.799839973449707031e+00 1.967262458801269531e+01 -1.404621887207031250e+01
4.988049983978271484e+00 1.690637779235839844e+01 -5.518805980682373047e+00 4.910944461822509766e+00 1.990685462951660156e+01 -1.579022789001464844e+01
5.094369411468505859e+00 1.729234886169433594e+01 -5.837337017059326172e+00 4.971225738525390625e+00 1.970661926269531250e+01 -1.757388305664062500e+01
5.205680847167968750e+00 1.767384910583496094e+01 -6.218089103698730469e+00 5.378552436828613281e+00 1.947285270690917969e+01 -1.951014328002929688e+01
5.298363685607910156e+00 1.805181884765625000e+01 -6.624902725219726562e+00 5.801121711730957031e+00 1.873999404907226562e+01 -2.150701904296875000e+01
5.423520088195800781e+00 1.841308021545410156e+01 -7.070214271545410156e+00 5.929285526275634766e+00 1.774692726135253906e+01 -2.338936042785644531e+01
5.537032604217529297e+00 1.874325752258300781e+01 -7.549681663513183594e+00 6.019886493682861328e+00 1.629380226135253906e+01 -2.513108825683593750e+01
5.647581100463867188e+00 1.904084587097167969e+01 -8.079016685485839844e+00 5.762468338012695312e+00 1.488755035400390625e+01 -2.641064834594726562e+01
5.755716323852539062e+00 1.931308364868164062e+01 -8.599533081054687500e+00 5.695234775543212891e+00 1.321493244171142578e+01 -2.743017196655273438e+01
5.876564025878906250e+00 1.956052398681640625e+01 -9.176321983337402344e+00 5.668174743652343750e+00 1.171421146392822266e+01 -2.820529174804687500e+01
5.990433692932128906e+00 1.977738571166992188e+01 -9.752939224243164062e+00 5.539850711822509766e+00 1.016429328918457031e+01 -2.854660224914550781e+01
6.100728511810302734e+00 1.995805740356445312e+01 -1.033387184143066406e+01 5.354622840881347656e+00 8.740016937255859375e+00 -2.872912979125976562e+01
6.266098022460937500e+00 2.018494033813476562e+01 -1.122351074218750000e+01 5.256682395935058594e+00 7.085587978363037109e+00 -2.848803138732910156e+01
6.381993770599365234e+00 2.030148696899414062e+01 -1.179110145568847656e+01 4.944319725036621094e+00 5.829341411590576172e+00 -2.826874732971191406e+01
6.486742019653320312e+00 2.038451766967773438e+01 -1.236689186096191406e+01 5.038296222686767578e+00 4.767564773559570312e+00 -2.784615516662597656e+01
6.569238185882568359e+00 2.046842575073242188e+01 -1.291879749298095703e+01 4.829669952392578125e+00 3.758439302444458008e+00 -2.726311302185058594e+01
6.673894405364990234e+00 2.052930831909179688e+01 -1.345343685150146484e+01 4.557600975036621094e+00 2.830852031707763672e+00 -2.661873435974121094e+01
6.754107475280761719e+00 2.056888961791992188e+01 -1.399304866790771484e+01 4.294062137603759766e+00 2.195360183715820312e+00 -2.587209129333496094e+01
6.837121009826660156e+00 2.060140609741210938e+01 -1.449753189086914062e+01 4.100100040435791016e+00 1.687680840492248535e+00 -2.511716079711914062e+01
6.900871276855468750e+00 2.062249183654785156e+01 -1.498479366302490234e+01 4.125338554382324219e+00 9.231197237968444824e-01 -2.445432281494140625e+01
6.975493431091308594e+00 2.061355972290039062e+01 -1.544521713256835938e+01 3.949168443679809570e+00 4.627696871757507324e-01 -2.376939964294433594e+01
7.047428607940673828e+00 2.062372207641601562e+01 -1.590125179290771484e+01 3.857144355773925781e+00 9.984893724322319031e-03 -2.293866348266601562e+01
7.132142066955566406e+00 2.061481475830078125e+01 -1.633115386962890625e+01 3.774194002151489258e+00 -2.706491053104400635e-01 -2.196835136413574219e+01
7.190292358398437500e+00 2.059274673461914062e+01 -1.674145507812500000e+01 3.573716402053833008e+00 -5.697841644287109375e-01 -2.129839134216308594e+01
7.250936508178710938e+00 2.057125282287597656e+01 -1.714020156860351562e+01 3.300005912780761719e+00 -7.046825289726257324e-01 -2.038002777099609375e+01
7.316837787628173828e+00 2.054998207092285156e+01 -1.752356719970703125e+01 3.101061582565307617e+00 -1.147458553314208984e+00 -1.948834800720214844e+01
7.388424873352050781e+00 2.051751708984375000e+01 -1.787399291992187500e+01 3.184820652008056641e+00 -1.442294001579284668e+00 -1.893741607666015625e+01
7.434701919555664062e+00 2.048958206176757812e+01 -1.823632431030273438e+01 3.013900756835937500e+00 -1.831034541130065918e+00 -1.821360015869140625e+01
7.497637748718261719e+00 2.046307754516601562e+01 -1.857711410522460938e+01 2.868480682373046875e+00 -1.839453339576721191e+00 -1.754706764221191406e+01
7.548228263854980469e+00 2.042552185058593750e+01 -1.889647483825683594e+01 2.756324291229248047e+00 -2.045562028884887695e+00 -1.690728569030761719e+01
7.596978187561035156e+00 2.040277671813964844e+01 -1.920985603332519531e+01 2.752881288528442383e+00 -1.954093933105468750e+00 -1.624841690063476562e+01
7.650528907775878906e+00 2.036315345764160156e+01 -1.951598167419433594e+01 2.620004177093505859e+00 -1.909776806831359863e+00 -1.553913307189941406e+01
7.697611331939697266e+00 2.031490707397460938e+01 -1.980035400390625000e+01 2.561492443084716797e+00 -2.087968587875366211e+00 -1.492241764068603516e+01
7.786721706390380859e+00 2.023797798156738281e+01 -2.021614456176757812e+01 2.463868618011474609e+00 -2.450773000717163086e+00 -1.420329570770263672e+01
7.816326141357421875e+00 2.019771766662597656e+01 -2.047648620605468750e+01 2.236464023590087891e+00 -2.678282022476196289e+00 -1.386634540557861328e+01
7.883193969726562500e+00 2.013941955566406250e+01 -2.074117660522460938e+01 2.212738037109375000e+00 -2.698481082916259766e+00 -1.318784141540527344e+01
7.924001693725585938e+00 2.009597778320312500e+01 -2.099144744873046875e+01 2.184816598892211914e+00 -2.546746969223022461e+00 -1.264050006866455078e+01
7.972017765045166016e+00 2.004368591308593750e+01 -2.122192573547363281e+01 2.108867883682250977e+00 -2.777743816375732422e+00 -1.236653327941894531e+01
8.006714820861816406e+00 1.997686576843261719e+01 -2.145745277404785156e+01 1.914841294288635254e+00 -2.948533058166503906e+00 -1.206478500366210938e+01
8.029124259948730469e+00 1.994442749023437500e+01 -2.168061065673828125e+01 1.823366403579711914e+00 -2.986118555068969727e+00 -1.158589553833007812e+01
8.059333801269531250e+00 1.987928771972656250e+01 -2.190485572814941406e+01 1.998067021369934082e+00 -2.909886121749877930e+00 -1.111903095245361328e+01
8.097789764404296875e+00 1.983015060424804688e+01 -2.210941123962402344e+01 1.965028285980224609e+00 -2.957291603088378906e+00 -1.092800712585449219e+01
8.126622200012207031e+00 1.977617645263671875e+01 -2.232053947448730469e+01 1.726197719573974609e+00 -3.011453628540039062e+00 -1.053415012359619141e+01
8.160341262817382812e+00 1.972915458679199219e+01 -2.250143432617187500e+01 1.656424283981323242e+00 -2.809382200241088867e+00 -1.013965702056884766e+01
8.179874420166015625e+00 1.965892982482910156e+01 -2.269740295410156250e+01 1.545702695846557617e+00 -2.861483573913574219e+00 -9.821843147277832031e+00
8.213344573974609375e+00 1.959890556335449219e+01 -2.287491607666015625e+01 1.698268413543701172e+00 -2.935122251510620117e+00 -9.559850692749023438e+00
8.250944137573242188e+00 1.953548431396484375e+01 -2.305517768859863281e+01 1.578307867050170898e+00 -2.647637844085693359e+00 -9.320631027221679688e+00
8.294085502624511719e+00 1.949135780334472656e+01 -2.322803878784179688e+01 1.442703127861022949e+00 -2.680487632751464844e+00 -9.124242782592773438e+00
8.298051834106445312e+00 1.944366264343261719e+01 -2.339161300659179688e+01 1.355563879013061523e+00 -2.724101781845092773e+00 -9.055777549743652344e+00
8.324624061584472656e+00 1.938482666015625000e+01 -2.356042671203613281e+01 1.455216050148010254e+00 -2.742180109024047852e+00 -8.534535408020019531e+00
8.361380577087402344e+00 1.933210182189941406e+01 -2.372148895263671875e+01 1.504606485366821289e+00 -2.783822774887084961e+00 -8.315064430236816406e+00
8.382358551025390625e+00 1.927229881286621094e+01 -2.388079071044921875e+01 1.520803689956665039e+00 -2.787887811660766602e+00 -8.040271759033203125e+00
8.418528556823730469e+00 1.923439598083496094e+01 -2.403170967102050781e+01 1.494512915611267090e+00 -2.810310363769531250e+00 -8.014400482177734375e+00
8.443064689636230469e+00 1.919024848937988281e+01 -2.419231796264648438e+01 1.347957968711853027e+00 -2.649893283843994141e+00 -7.945774078369140625e+00
8.493145942687988281e+00 1.910480308532714844e+01 -2.440230178833007812e+01 1.266898751258850098e+00 -2.519096136093139648e+00 -7.397842407226562500e+00
8.524165153503417969e+00 1.905381584167480469e+01 -2.453905296325683594e+01 1.274790287017822266e+00 -2.721247673034667969e+00 -7.122742176055908203e+00
8.540041923522949219e+00 1.900168800354003906e+01 -2.467623901367187500e+01 1.453838467597961426e+00 -2.590357780456542969e+00 -7.090228080749511719e+00
8.571875572204589844e+00 1.896221351623535156e+01 -2.481118583679199219e+01 1.365039587020874023e+00 -2.522694587707519531e+00 -6.875713348388671875e+00
8.604332923889160156e+00 1.891332435607910156e+01 -2.494230270385742188e+01 1.355734944343566895e+00 -2.630652189254760742e+00 -6.652748584747314453e+00
8.634998321533203125e+00 1.887611961364746094e+01 -2.506738090515136719e+01 1.300222396850585938e+00 -2.655614137649536133e+00 -6.706019401550292969e+00
8.659753799438476562e+00 1.881684494018554688e+01 -2.518801116943359375e+01 1.193983316421508789e+00 -2.529917955398559570e+00 -6.418561458587646484e+00
8.666896820068359375e+00 1.877731704711914062e+01 -2.530989456176757812e+01 1.369340777397155762e+00 -2.725341320037841797e+00 -6.348384380340576172e+00
8.696382522583007812e+00 1.872929573059082031e+01 -2.543020248413085938e+01 1.350804448127746582e+00 -2.664951801300048828e+00 -6.227030754089355469e+00
8.711385726928710938e+00 1.869757843017578125e+01 -2.556167793273925781e+01 1.333164572715759277e+00 -2.436117410659790039e+00 -6.196143150329589844e+00
8.745060920715332031e+00 1.863744735717773438e+01 -2.567584228515625000e+01 1.241943001747131348e+00 -2.550220489501953125e+00 -5.937155246734619141e+00
8.772192001342773438e+00 1.858960342407226562e+01 -2.579179954528808594e+01 1.229815840721130371e+00 -2.683276176452636719e+00 -5.966248989105224609e+00
8.792716026306152344e+00 1.854724121093750000e+01 -2.589983177185058594e+01 1.170842051506042480e+00 -2.564020395278930664e+00 -5.964045047760009766e+00
8.808115959167480469e+00 1.850332069396972656e+01 -2.601487159729003906e+01 1.380342721939086914e+00 -2.455188035964965820e+00 -5.728281021118164062e+00
8.841207504272460938e+00 1.846150779724121094e+01 -2.612624359130859375e+01 1.344191431999206543e+00 -2.649461030960083008e+00 -5.780029773712158203e+00
8.863770484924316406e+00 1.840879058837890625e+01 -2.624009513854980469e+01 1.130656242370605469e+00 -2.735206127166748047e+00 -5.695371627807617188e+00
8.888418197631835938e+00 1.836862182617187500e+01 -2.633539009094238281e+01 1.101974248886108398e+00 -2.780844449996948242e+00 -5.487471580505371094e+00
8.917708396911621094e+00 1.830481147766113281e+01 -2.645887756347656250e+01 1.228695988655090332e+00 -2.708376169204711914e+00 -5.311276912689208984e+00
8.947449684143066406e+00 1.824840736389160156e+01 -2.655896568298339844e+01 1.176490902900695801e+00 -2.441675424575805664e+00 -5.485731124877929688e+00
8.974323272705078125e+00 1.822592163085937500e+01 -2.665599060058593750e+01 1.163856387138366699e+00 -2.516016483306884766e+00 -5.370684146881103516e+00
8.996954917907714844e+00 1.818593406677246094e+01 -2.676697158813476562e+01 1.207174777984619141e+00 -2.577952623367309570e+00 -5.279327392578125000e+00
9.020359992980957031e+00 1.811516952514648438e+01 -2.691298103332519531e+01 9.893341660499572754e-01 -2.593710184097290039e+00 -5.486078262329101562e+00
9.030352592468261719e+00 1.805316543579101562e+01 -2.700872230529785156e+01 1.018119454383850098e+00 -2.742983579635620117e+00 -5.330102920532226562e+00
9.052114486694335938e+00 1.800848960876464844e+01 -2.711825942993164062e+01 8.391150832176208496e-01 -2.925066471099853516e+00 -4.969364643096923828e+00
9.054503440856933594e+00 1.794750785827636719e+01 -2.721635246276855469e+01 1.113912343978881836e+00 -2.747698545455932617e+00 -5.033403396606445312e+00
9.090917587280273438e+00 1.789655494689941406e+01 -2.730883979797363281e+01 1.094249725341796875e+00 -2.696921348571777344e+00 -5.150767326354980469e+00
9.106487274169921875e+00 1.783802032470703125e+01 -2.740890693664550781e+01 1.006201267242431641e+00 -2.829154729843139648e+00 -5.088934421539306641e+00
9.120461463928222656e+00 1.779501152038574219e+01 -2.750433158874511719e+01 1.097458600997924805e+00 -3.035500764846801758e+00 -4.971042633056640625e+00
9.152588844299316406e+00 1.772813796997070312e+01 -2.760290718078613281e+01 8.916018009185791016e-01 -2.894326448440551758e+00 -4.898511409759521484e+00
9.157458305358886719e+00 1.767220878601074219e+01 -2.770474624633789062e+01 8.190022706985473633e-01 -2.938579797744750977e+00 -4.736714839935302734e+00
9.186130523681640625e+00 1.762998771667480469e+01 -2.778893661499023438e+01 8.919848203659057617e-01 -2.904882431030273438e+00 -4.913811206817626953e+00
9.197424888610839844e+00 1.756319618225097656e+01 -2.788535499572753906e+01 8.826988935470581055e-01 -3.036350011825561523e+00 -4.846231460571289062e+00
9.217150688171386719e+00 1.749405670166015625e+01 -2.797131919860839844e+01 8.826733231544494629e-01 -3.079802751541137695e+00 -4.664074420928955078e+00
9.236234664916992188e+00 1.743681526184082031e+01 -2.806748962402343750e+01 8.020008802413940430e-01 -3.291826248168945312e+00 -4.595258235931396484e+00
9.249957084655761719e+00 1.737522888183593750e+01 -2.815949249267578125e+01 7.949959635734558105e-01 -3.201561927795410156e+00 -4.654260158538818359e+00
9.274656295776367188e+00 1.732034873962402344e+01 -2.825025749206542969e+01 9.035212397575378418e-01 -3.311941146850585938e+00 -4.598449707031250000e+00
9.296274185180664062e+00 1.724067687988281250e+01 -2.833905220031738281e+01 9.841923713684082031e-01 -3.269401073455810547e+00 -4.434063911437988281e+00
9.323102951049804688e+00 1.718793678283691406e+01 -2.842317199707031250e+01 1.032284498214721680e+00 -3.218212604522705078e+00 -4.444161415100097656e+00
9.334121704101562500e+00 1.712767410278320312e+01 -2.852134132385253906e+01 8.960682749748229980e-01 -3.318937063217163086e+00 -4.309046745300292969e+00
9.355383872985839844e+00 1.707691383361816406e+01 -2.858750152587890625e+01 8.467507362365722656e-01 -3.402187347412109375e+00 -4.123501777648925781e+00
9.369335174560546875e+00 1.699546051025390625e+01 -2.866994476318359375e+01 6.995158195495605469e-01 -3.440835475921630859e+00 -4.178768634796142578e+00
9.378390312194824219e+00 1.694220542907714844e+01 -2.876136970520019531e+01 7.144787311553955078e-01 -3.442183732986450195e+00 -4.270175933837890625e+00
9.414195060729980469e+00 1.682047653198242188e+01 -2.886280822753906250e+01 7.838889956474304199e-01 -3.446185827255249023e+00 -4.175293445587158203e+00
9.422033309936523438e+00 1.674570083618164062e+01 -2.894343185424804688e+01 8.328338861465454102e-01 -3.508514165878295898e+00 -3.863528013229370117e+00
9.418575286865234375e+00 1.667810630798339844e+01 -2.900928497314453125e+01 8.513929843902587891e-01 -3.528144598007202148e+00 -3.730694055557250977e+00
9.436182022094726562e+00 1.660254478454589844e+01 -2.908277893066406250e+01 8.089255094528198242e-01 -3.653923273086547852e+00 -3.607835769653320312e+00
9.459321022033691406e+00 1.654155540466308594e+01 -2.915056800842285156e+01 7.417030334472656250e-01 -3.717201232910156250e+00 -3.538705110549926758e+00
9.464468002319335938e+00 1.646123504638671875e+01 -2.921807098388671875e+01 6.190958023071289062e-01 -3.527330636978149414e+00 -3.398196458816528320e+00
9.482007026672363281e+00 1.639032363891601562e+01 -2.928940391540527344e+01 6.346234679222106934e-01 -3.629969835281372070e+00 -3.385157585144042969e+00
9.496110916137695312e+00 1.632135581970214844e+01 -2.935680770874023438e+01 7.777644991874694824e-01 -3.661810159683227539e+00 -3.366736412048339844e+00
9.501577377319335938e+00 1.624654388427734375e+01 -2.941983413696289062e+01 7.292226552963256836e-01 -3.566942453384399414e+00 -3.218800783157348633e+00
9.512802124023437500e+00 1.617107200622558594e+01 -2.947382164001464844e+01 5.501887202262878418e-01 -3.661134481430053711e+00 -3.244274854660034180e+00
9.519037246704101562e+00 1.610269165039062500e+01 -2.953789901733398438e+01 5.200548768043518066e-01 -3.606641769409179688e+00 -3.169442415237426758e+00
9.542137145996093750e+00 1.603406524658203125e+01 -2.959052085876464844e+01 6.034311652183532715e-01 -3.707643985748291016e+00 -3.193058729171752930e+00
9.568209648132324219e+00 1.595395755767822266e+01 -2.965536880493164062e+01 5.825408101081848145e-01 -3.571491003036499023e+00 -3.091679096221923828e+00
9.564221382141113281e+00 1.587966060638427734e+01 -2.971403121948242188e+01 6.838541626930236816e-01 -3.628444433212280273e+00 -2.682678222656250000e+00
9.579996109008789062e+00 1.580937671661376953e+01 -2.976740646362304688e+01 8.224111795425415039e-01 -3.527251720428466797e+00 -2.572397947311401367e+00
9.597842216491699219e+00 1.574357128143310547e+01 -2.981666564941406250e+01 7.326368093490600586e-01 -3.575251579284667969e+00 -2.676720857620239258e+00
9.604621887207031250e+00 1.566274547576904297e+01 -2.987633895874023438e+01 8.220344185829162598e-01 -3.488137245178222656e+00 -2.633270978927612305e+00
9.636550903320312500e+00 1.559635162353515625e+01 -2.992800712585449219e+01 7.359389066696166992e-01 -3.494632959365844727e+00 -2.587553024291992188e+00
9.628429412841796875e+00 1.554969024658203125e+01 -2.997602844238281250e+01 4.790783822536468506e-01 -3.567826032638549805e+00 -2.464238643646240234e+00
9.642224311828613281e+00 1.547953510284423828e+01 -3.001334381103515625e+01 4.232876300811767578e-01 -3.487128973007202148e+00 -2.388655185699462891e+00
9.633081436157226562e+00 1.536133193969726562e+01 -3.007359313964843750e+01 5.103088021278381348e-01 -3.556451559066772461e+00 -2.176661968231201172e+00
9.661795616149902344e+00 1.528385257720947266e+01 -3.011096763610839844e+01 4.947962760925292969e-01 -3.625314474105834961e+00 -2.187563419342041016e+00
9.661164283752441406e+00 1.522174167633056641e+01 -3.015064048767089844e+01 5.521448254585266113e-01 -3.625707387924194336e+00 -2.033203601837158203e+00
9.665796279907226562e+00 1.514815044403076172e+01 -3.018659019470214844e+01 5.287587642669677734e-01 -3.522685766220092773e+00 -1.787650465965270996e+00
9.696279525756835938e+00 1.506155014038085938e+01 -3.021583747863769531e+01 5.682370066642761230e-01 -3.522840261459350586e+00 -1.810488939285278320e+00
9.708213806152343750e+00 1.500167942047119141e+01 -3.025601959228515625e+01 4.934374392032623291e-01 -3.471776962280273438e+00 -1.989449501037597656e+00
9.718958854675292969e+00 1.494248008728027344e+01 -3.027604484558105469e+01 5.451294183731079102e-01 -3.289758205413818359e+00 -1.836881399154663086e+00
9.730916023254394531e+00 1.486969375610351562e+01 -3.032675552368164062e+01 4.904619455337524414e-01 -3.515372753143310547e+00 -1.739263772964477539e+00
9.730286598205566406e+00 1.480672931671142578e+01 -3.034515953063964844e+01 4.463059008121490479e-01 -3.587726831436157227e+00 -1.416826963424682617e+00
9.751400947570800781e+00 1.473918247222900391e+01 -3.037592315673828125e+01 4.655393958091735840e-01 -3.391601085662841797e+00 -1.515406250953674316e+00
9.746191978454589844e+00 1.467623710632324219e+01 -3.041442680358886719e+01 3.983292579650878906e-01 -3.349153041839599609e+00 -1.630459427833557129e+00
9.758483886718750000e+00 1.461165237426757812e+01 -3.044254112243652344e+01 5.156039595603942871e-01 -3.462931871414184570e+00 -1.191102981567382812e+00
9.770782470703125000e+00 1.454079437255859375e+01 -3.046084213256835938e+01 4.358544349670410156e-01 -3.482040405273437500e+00 -9.766908884048461914e-01
9.780314445495605469e+00 1.447019386291503906e+01 -3.049445152282714844e+01 1.844613999128341675e-01 -3.462443590164184570e+00 -1.065673470497131348e+00
9.784420967102050781e+00 1.441492938995361328e+01 -3.050874710083007812e+01 4.192918539047241211e-01 -3.324892520904541016e+00 -1.153092145919799805e+00
9.792637825012207031e+00 1.434380340576171875e+01 -3.052242279052734375e+01 4.230073988437652588e-01 -3.419270992279052734e+00 -1.142135262489318848e+00
9.801907539367675781e+00 1.427367019653320312e+01 -3.053713035583496094e+01 3.860799074172973633e-01 -3.294557094573974609e+00 -9.930702447891235352e-01
9.803077697753906250e+00 1.420578670501708984e+01 -3.057266616821289062e+01 5.022675991058349609e-01 -3.374316930770874023e+00 -8.672128915786743164e-01
9.827183723449707031e+00 1.413233470916748047e+01 -3.056615066528320312e+01 6.937155723571777344e-01 -3.205768108367919922e+00 -4.545479416847229004e-01
9.821550369262695312e+00 1.407193660736083984e+01 -3.058808135986328125e+01 4.477547705173492432e-01 -3.096970558166503906e+00 -4.694617092609405518e-01
9.845903396606445312e+00 1.401342010498046875e+01 -3.059154319763183594e+01 4.008177518844604492e-01 -3.148258686065673828e+00 -2.682173550128936768e-01
9.850365638732910156e+00 1.393657779693603516e+01 -3.059679031372070312e+01 2.639640271663665771e-01 -3.133330583572387695e+00 -1.458010524511337280e-01
9.852988243103027344e+00 1.387414550781250000e+01 -3.058259582519531250e+01 6.120362505316734314e-02 -3.115470647811889648e+00 -1.860338076949119568e-02
9.857431411743164062e+00 1.379502010345458984e+01 -3.058732604980468750e+01 -6.822238117456436157e-02 -2.900257825851440430e+00 3.331208825111389160e-01
9.855413436889648438e+00 1.374578475952148438e+01 -3.058275604248046875e+01 1.016912907361984253e-01 -2.995485782623291016e+00 5.720837116241455078e-01
9.858305931091308594e+00 1.368510913848876953e+01 -3.057743072509765625e+01 3.015054166316986084e-01 -2.992372035980224609e+00 8.449422717094421387e-01
9.858219146728515625e+00 1.364289093017578125e+01 -3.056401252746582031e+01 3.803903460502624512e-01 -2.777047157287597656e+00 7.769777178764343262e-01
9.859544754028320312e+00 1.358756828308105469e+01 -3.053609275817871094e+01 3.937728106975555420e-01 -2.735160112380981445e+00 1.105353355407714844e+00
9.868402481079101562e+00 1.352886295318603516e+01 -3.051778984069824219e+01 7.061708718538284302e-02 -2.542428016662597656e+00 1.414872527122497559e+00
9.861692428588867188e+00 1.349005794525146484e+01 -3.047387504577636719e+01 6.422858685255050659e-02 -2.328380823135375977e+00 1.764906167984008789e+00
9.882333755493164062e+00 1.343849468231201172e+01 -3.044202423095703125e+01 1.013242751359939575e-01 -2.311541080474853516e+00 2.108321666717529297e+00
9.870054244995117188e+00 1.340873050689697266e+01 -3.041250419616699219e+01 -9.170932322740554810e-02 -2.039167404174804688e+00 2.429024696350097656e+00
9.880841255187988281e+00 1.336419296264648438e+01 -3.037140083312988281e+01 4.828121513128280640e-02 -1.690203547477722168e+00 2.693499565124511719e+00
9.885652542114257812e+00 1.333197975158691406e+01 -3.030180740356445312e+01 4.143832996487617493e-02 -1.506965160369873047e+00 3.146887063980102539e+00
9.873257637023925781e+00 1.330393409729003906e+01 -3.022514915466308594e+01 3.536025062203407288e-03 -1.062977433204650879e+00 3.528918504714965820e+00
9.862774848937988281e+00 1.327576446533203125e+01 -3.016650199890136719e+01 -1.160855740308761597e-01 -8.970331549644470215e-01 4.037261962890625000e+00
9.887971878051757812e+00 1.327332973480224609e+01 -3.007911491394042969e+01 -1.376294437795877457e-02 -3.942942917346954346e-01 4.509783267974853516e+00
9.881275177001953125e+00 1.324951744079589844e+01 -2.997427368164062500e+01 3.959503397345542908e-02 1.620515584945678711e-01 5.078868865966796875e+00
9.887809753417968750e+00 1.327848052978515625e+01 -2.987244415283203125e+01 9.699999354779720306e-03 8.606668710708618164e-01 5.695101737976074219e+00
9.885329246520996094e+00 1.330725383758544922e+01 -2.975860977172851562e+01 5.121374875307083130e-02 1.801502466201782227e+00 6.243353843688964844e+00
9.894680976867675781e+00 1.336366653442382812e+01 -2.962484741210937500e+01 1.296037435531616211e-01 3.089764595031738281e+00 6.510715007781982422e+00
9.879963874816894531e+00 1.344581699371337891e+01 -2.949668502807617188e+01 1.409532129764556885e-01 4.743460178375244141e+00 6.950026035308837891e+00
9.889760017395019531e+00 1.362507152557373047e+01 -2.927898406982421875e+01 5.827361941337585449e-01 7.147604942321777344e+00 7.225656032562255859e+00
9.905546188354492188e+00 1.377109432220458984e+01 -2.914653205871582031e+01 8.662866950035095215e-01 8.905496597290039062e+00 6.618951797485351562e+00
9.917254447937011719e+00 1.397202301025390625e+01 -2.901351547241210938e+01 1.131718158721923828e+00 1.060313034057617188e+01 5.773102283477783203e+00
9.950941085815429688e+00 1.419174575805664062e+01 -2.891519546508789062e+01 1.465224266052246094e+00 1.178147983551025391e+01 4.566822052001953125e+00
9.992574691772460938e+00 1.447409820556640625e+01 -2.885464859008789062e+01 1.854997634887695312e+00 1.261334896087646484e+01 2.901277303695678711e+00
1.003171348571777344e+01 1.476313114166259766e+01 -2.880492210388183594e+01 2.010148763656616211e+00 1.299034786224365234e+01 1.422665596008300781e+00
1.007986068725585938e+01 1.505110073089599609e+01 -2.878096199035644531e+01 2.050696134567260742e+00 1.309885597229003906e+01 2.279135286808013916e-01
1.012336826324462891e+01 1.535034942626953125e+01 -2.877671623229980469e+01 2.192028045654296875e+00 1.302283287048339844e+01 -8.682674169540405273e-01
1.016052627563476562e+01 1.563152885437011719e+01 -2.881936836242675781e+01 2.399104356765747070e+00 1.263406848907470703e+01 -1.940477132797241211e+00
1.021659755706787109e+01 1.590179634094238281e+01 -2.888596725463867188e+01 2.380210399627685547e+00 1.221797752380371094e+01 -2.598798990249633789e+00
1.026758098602294922e+01 1.615537834167480469e+01 -2.895233726501464844e+01 2.398140192031860352e+00 1.173606014251708984e+01 -3.428449153900146484e+00
1.032463073730468750e+01 1.640596961975097656e+01 -2.902728080749511719e+01 2.422945261001586914e+00 1.137395858764648438e+01 -4.057854175567626953e+00
1.037243366241455078e+01 1.662008094787597656e+01 -2.913499259948730469e+01 2.484658479690551758e+00 1.050747013092041016e+01 -4.493558883666992188e+00
1.043062877655029297e+01 1.682068634033203125e+01 -2.923132705688476562e+01 2.283670902252197266e+00 9.804090499877929688e+00 -4.956027507781982422e+00
1.046583938598632812e+01 1.701430892944335938e+01 -2.935254859924316406e+01 2.282877922058105469e+00 9.285377502441406250e+00 -5.498960494995117188e+00
1.051179027557373047e+01 1.717608833312988281e+01 -2.947491645812988281e+01 2.222830057144165039e+00 8.710864067077636719e+00 -5.737082004547119141e+00
1.055801010131835938e+01 1.733548736572265625e+01 -2.958958816528320312e+01 2.292479991912841797e+00 7.954781055450439453e+00 -5.947275161743164062e+00
1.060125160217285156e+01 1.745235824584960938e+01 -2.970626258850097656e+01 2.152768135070800781e+00 7.253525257110595703e+00 -6.163828372955322266e+00
1.063917922973632812e+01 1.758178901672363281e+01 -2.982846069335937500e+01 2.162423849105834961e+00 6.454846382141113281e+00 -6.631093978881835938e+00
1.067732334136962891e+01 1.769042015075683594e+01 -2.996421432495117188e+01 2.102884531021118164e+00 5.711318016052246094e+00 -6.604236125946044922e+00
1.070914363861083984e+01 1.778094673156738281e+01 -3.009619140625000000e+01 1.861335992813110352e+00 5.226875305175781250e+00 -6.386098861694335938e+00
1.075468444824218750e+01 1.789841461181640625e+01 -3.029527091979980469e+01 1.823955416679382324e+00 4.249014377593994141e+00 -6.644706249237060547e+00
1.079233932495117188e+01 1.795258522033691406e+01 -3.042116928100585938e+01 1.752621650695800781e+00 3.617220163345336914e+00 -6.854260921478271484e+00
1.082419681549072266e+01 1.801067161560058594e+01 -3.055259513854980469e+01 1.786324024200439453e+00 3.221092939376831055e+00 -6.707392692565917969e+00
1.086948680877685547e+01 1.805529975891113281e+01 -3.068468475341796875e+01 1.781586766242980957e+00 2.637334346771240234e+00 -6.853786468505859375e+00
1.089058399200439453e+01 1.809812355041503906e+01 -3.082608604431152344e+01 1.886157155036926270e+00 2.341971158981323242e+00 -6.865584373474121094e+00
1.093463897705078125e+01 1.812380218505859375e+01 -3.096812438964843750e+01 1.851859569549560547e+00 2.119442462921142578e+00 -6.751870155334472656e+00
1.097831058502197266e+01 1.815516471862792969e+01 -3.109619140625000000e+01 1.906379938125610352e+00 1.642296433448791504e+00 -6.797887325286865234e+00
1.099949073791503906e+01 1.818774604797363281e+01 -3.123482322692871094e+01 1.682663202285766602e+00 1.334281086921691895e+00 -7.004131793975830078e+00
1.102684116363525391e+01 1.820972061157226562e+01 -3.135500717163085938e+01 1.586378216743469238e+00 1.045131206512451172e+00 -6.972546577453613281e+00
1.105953502655029297e+01 1.822269630432128906e+01 -3.148936843872070312e+01 1.475220203399658203e+00 5.786344408988952637e-01 -7.180646896362304688e+00
1.107877635955810547e+01 1.821445274353027344e+01 -3.163184165954589844e+01 1.428143382072448730e+00 3.229967057704925537e-01 -7.137412548065185547e+00
1.112273788452148438e+01 1.822275733947753906e+01 -3.176281166076660156e+01 1.645509362220764160e+00 1.951442211866378784e-01 -6.827008247375488281e+00
1.113503074645996094e+01 1.822574424743652344e+01 -3.190212631225585938e+01 1.519744157791137695e+00 1.333522498607635498e-01 -6.828643798828125000e+00
1.116346168518066406e+01 1.821745109558105469e+01 -3.203747940063476562e+01 1.404916524887084961e+00 -2.829266488552093506e-01 -7.007618427276611328e+00
1.118648529052734375e+01 1.819526863098144531e+01 -3.217687988281250000e+01 1.355090498924255371e+00 -6.200634241104125977e-01 -6.992194652557373047e+00
1.121664619445800781e+01 1.816650390625000000e+01 -3.230245590209960938e+01 1.473426342010498047e+00 -6.551553010940551758e-01 -7.051529884338378906e+00
1.125558090209960938e+01 1.813544273376464844e+01 -3.242708969116210938e+01 1.622233867645263672e+00 -1.024880647659301758e+00 -6.981404304504394531e+00
1.129353904724121094e+01 1.809787940979003906e+01 -3.256736373901367188e+01 1.658357977867126465e+00 -1.248520135879516602e+00 -7.047138214111328125e+00
1.132131576538085938e+01 1.807782363891601562e+01 -3.271954727172851562e+01 1.613297224044799805e+00 -1.076429367065429688e+00 -6.853140354156494141e+00
1.135609149932861328e+01 1.806024932861328125e+01 -3.283704376220703125e+01 1.516003727912902832e+00 -1.132039904594421387e+00 -6.860779285430908203e+00
1.138656711578369141e+01 1.803582382202148438e+01 -3.297415161132812500e+01 1.409418940544128418e+00 -1.374917507171630859e+00 -6.652194023132324219e+00
1.142069530487060547e+01 1.798503684997558594e+01 -3.317197799682617188e+01 1.158166170120239258e+00 -1.438943028450012207e+00 -6.853217601776123047e+00
1.143676471710205078e+01 1.795759201049804688e+01 -3.328850936889648438e+01 1.026348590850830078e+00 -1.860274672508239746e+00 -6.554572105407714844e+00
1.144911670684814453e+01 1.791585731506347656e+01 -3.341452789306640625e+01 1.344294071197509766e+00 -2.123618364334106445e+00 -6.538793087005615234e+00
1.147629165649414062e+01 1.786344337463378906e+01 -3.354564285278320312e+01 1.218882799148559570e+00 -2.250850915908813477e+00 -6.567545890808105469e+00
1.148826885223388672e+01 1.781203079223632812e+01 -3.367021942138671875e+01 1.129454016685485840e+00 -2.378273010253906250e+00 -6.577239036560058594e+00
1.151515007019042969e+01 1.776205062866210938e+01 -3.380231475830078125e+01 1.153451561927795410e+00 -2.405769586563110352e+00 -6.307754516601562500e+00
1.154718017578125000e+01 1.771144676208496094e+01 -3.392367553710937500e+01 1.313452005386352539e+00 -2.608397245407104492e+00 -6.300687789916992188e+00
1.157216262817382812e+01 1.765839767456054688e+01 -3.403081893920898438e+01 1.312631249427795410e+00 -2.413946866989135742e+00 -6.370912075042724609e+00
1.159661579132080078e+01 1.760671424865722656e+01 -3.414961624145507812e+01 1.213195800781250000e+00 -2.613840103149414062e+00 -6.359609603881835938e+00
1.162901401519775391e+01 1.755963134765625000e+01 -3.427005767822265625e+01 1.209295392036437988e+00 -2.639587163925170898e+00 -6.136257648468017578e+00
1.164273834228515625e+01 1.750776481628417969e+01 -3.438356399536132812e+01 1.202189445495605469e+00 -2.533140897750854492e+00 -5.970224857330322266e+00
1.166546916961669922e+01 1.744269180297851562e+01 -3.448965835571289062e+01 1.179830908775329590e+00 -2.739850282669067383e+00 -5.975991249084472656e+00
1.167294597625732422e+01 1.737630844116210938e+01 -3.461156845092773438e+01 1.181088209152221680e+00 -2.835741043090820312e+00 -5.987468719482421875e+00
1.170379924774169922e+01 1.732582092285156250e+01 -3.472979354858398438e+01 1.327359676361083984e+00 -2.758562803268432617e+00 -5.890570163726806641e+00
1.174931812286376953e+01 1.727015113830566406e+01 -3.482973861694335938e+01 1.292250871658325195e+00 -2.560389041900634766e+00 -5.784420490264892578e+00
1.176927280426025391e+01 1.722434234619140625e+01 -3.494124984741210938e+01 1.069959402084350586e+00 -2.556549549102783203e+00 -5.774522781372070312e+00
1.179972267150878906e+01 1.718749046325683594e+01 -3.505085754394531250e+01 1.070679664611816406e+00 -2.666388511657714844e+00 -5.994143486022949219e+00
1.179436588287353516e+01 1.713109588623046875e+01 -3.516260528564453125e+01 8.533945679664611816e-01 -2.699662446975708008e+00 -6.023402214050292969e+00
1.179964256286621094e+01 1.707806587219238281e+01 -3.527473449707031250e+01 7.523214221000671387e-01 -2.871809005737304688e+00 -5.918635368347167969e+00
1.181729698181152344e+01 1.701673316955566406e+01 -3.538227844238281250e+01 8.216671347618103027e-01 -3.092101812362670898e+00 -5.992805957794189453e+00
1.181577396392822266e+01 1.695329093933105469e+01 -3.547772598266601562e+01 9.386848211288452148e-01 -3.042241096496582031e+00 -6.066263198852539062e+00
1.184725475311279297e+01 1.684391021728515625e+01 -3.565387725830078125e+01 1.074065208435058594e+00 -3.028496265411376953e+00 -5.904926300048828125e+00
1.188002204895019531e+01 1.677665519714355469e+01 -3.577212524414062500e+01 1.297415614128112793e+00 -3.037786006927490234e+00 -5.996194362640380859e+00
1.189157009124755859e+01 1.671958732604980469e+01 -3.588710403442382812e+01 1.105556011199951172e+00 -2.939270019531250000e+00 -6.281715393066406250e+00
1.192255306243896484e+01 1.666705894470214844e+01 -3.600032424926757812e+01 1.265063762664794922e+00 -3.035509824752807617e+00 -6.136649608612060547e+00
1.196169948577880859e+01 1.659993171691894531e+01 -3.611547470092773438e+01 1.140542149543762207e+00 -2.996555805206298828e+00 -6.091889858245849609e+00
1.198288536071777344e+01 1.654058837890625000e+01 -3.623158645629882812e+01 1.230663061141967773e+00 -2.870579004287719727e+00 -5.850265979766845703e+00
1.201630878448486328e+01 1.648473930358886719e+01 -3.635799789428710938e+01 1.163837909698486328e+00 -2.787780523300170898e+00 -5.898914813995361328e+00
1.203669357299804688e+01 1.644291305541992188e+01 -3.648160552978515625e+01 8.948241472244262695e-01 -2.747012853622436523e+00 -5.996200084686279297e+00
1.205774784088134766e+01 1.638199424743652344e+01 -3.659423446655273438e+01 1.040207743644714355e+00 -2.900037288665771484e+00 -6.059472084045410156e+00
1.205508995056152344e+01 1.632942390441894531e+01 -3.670531082153320312e+01 9.829285740852355957e-01 -2.951507091522216797e+00 -5.969660282135009766e+00
1.208725833892822266e+01 1.627658653259277344e+01 -3.682153320312500000e+01 8.584358096122741699e-01 -2.973872900009155273e+00 -5.812201976776123047e+00
1.208583736419677734e+01 1.620466232299804688e+01 -3.692378997802734375e+01 1.013573408126831055e+00 -3.312304019927978516e+00 -5.890098094940185547e+00
1.211570835113525391e+01 1.613940620422363281e+01 -3.704063796997070312e+01 1.124208450317382812e+00 -3.259341239929199219e+00 -5.699288845062255859e+00
1.213701248168945312e+01 1.608230781555175781e+01 -3.715602874755859375e+01 8.319469690322875977e-01 -3.314929008483886719e+00 -5.612844944000244141e+00
1.215623569488525391e+01 1.600034332275390625e+01 -3.726235198974609375e+01 8.645442128181457520e-01 -3.537064552307128906e+00 -5.495339870452880859e+00
1.216777896881103516e+01 1.594029331207275391e+01 -3.735967636108398438e+01 6.973851323127746582e-01 -3.681600332260131836e+00 -5.568720817565917969e+00
1.218018436431884766e+01 1.585723876953125000e+01 -3.748273468017578125e+01 7.254343628883361816e-01 -3.717735290527343750e+00 -5.422406196594238281e+00
1.219058418273925781e+01 1.578476333618164062e+01 -3.758707427978515625e+01 7.238912582397460938e-01 -3.763255357742309570e+00 -5.442861557006835938e+00
1.221883869171142578e+01 1.571394729614257812e+01 -3.768600082397460938e+01 9.838474392890930176e-01 -3.947116374969482422e+00 -5.524546623229980469e+00
1.224206161499023438e+01 1.562952995300292969e+01 -3.781252288818359375e+01 8.927842378616333008e-01 -4.144251346588134766e+00 -5.433944702148437500e+00
1.227776432037353516e+01 1.551141834259033203e+01 -3.794864654541015625e+01 1.040534615516662598e+00 -4.217483043670654297e+00 -5.305616378784179688e+00
1.230725383758544922e+01 1.542565345764160156e+01 -3.805459594726562500e+01 1.059590578079223633e+00 -4.337490558624267578e+00 -5.357488155364990234e+00
1.232984733581542969e+01 1.535352325439453125e+01 -3.816479873657226562e+01 1.160581350326538086e+00 -4.218368530273437500e+00 -5.649568080902099609e+00
1.234723854064941406e+01 1.526538658142089844e+01 -3.826828384399414062e+01 1.330260038375854492e+00 -4.071334362030029297e+00 -5.567451477050781250e+00
1.236052799224853516e+01 1.521056938171386719e+01 -3.838404846191406250e+01 9.205108880996704102e-01 -4.082791805267333984e+00 -5.361957073211669922e+00
1.236512851715087891e+01 1.513566589355468750e+01 -3.848332977294921875e+01 7.203557491302490234e-01 -4.401410579681396484e+00 -5.285945892333984375e+00
1.236394882202148438e+01 1.504523658752441406e+01 -3.860771942138671875e+01 5.072468519210815430e-01 -4.721505641937255859e+00 -5.801006793975830078e+00
1.234912967681884766e+01 1.494467830657958984e+01 -3.872500228881835938e+01 5.436685085296630859e-01 -5.188714504241943359e+00 -5.703495979309082031e+00
1.237101936340332031e+01 1.482898426055908203e+01 -3.883720016479492188e+01 5.505256056785583496e-01 -5.520035266876220703e+00 -5.768815994262695312e+00
1.237448024749755859e+01 1.472048377990722656e+01 -3.894916534423828125e+01 6.648883223533630371e-01 -5.666694164276123047e+00 -5.675822734832763672e+00
1.241605949401855469e+01 1.458729648590087891e+01 -3.905089569091796875e+01 8.455836176872253418e-01 -5.945140361785888672e+00 -5.590101718902587891e+00
1.244624805450439453e+01 1.446471405029296875e+01 -3.916547393798828125e+01 8.670035600662231445e-01 -6.283132553100585938e+00 -5.478787899017333984e+00
1.245655441284179688e+01 1.435458183288574219e+01 -3.925910186767578125e+01 8.992819786071777344e-01 -6.496905326843261719e+00 -5.205671787261962891e+00
1.247476768493652344e+01 1.422460651397705078e+01 -3.936711883544921875e+01 7.743609547615051270e-01 -6.856224060058593750e+00 -5.217833042144775391e+00
1.249106407165527344e+01 1.410043525695800781e+01 -3.947637557983398438e+01 4.728620648384094238e-01 -7.144059181213378906e+00 -5.010076999664306641e+00
1.248595905303955078e+01 1.396441650390625000e+01 -3.956371307373046875e+01 1.745496839284896851e-01 -7.590247154235839844e+00 -4.362300872802734375e+00
1.248466682434082031e+01 1.379090595245361328e+01 -3.963644409179687500e+01 -2.327678799629211426e-01 -8.370379447937011719e+00 -3.587101697921752930e+00
1.247820568084716797e+01 1.362267494201660156e+01 -3.968569946289062500e+01 -4.214627146720886230e-01 -8.977969169616699219e+00 -2.566243410110473633e+00
1.246474361419677734e+01 1.343580913543701172e+01 -3.973547744750976562e+01 -3.871835172176361084e-01 -9.257131576538085938e+00 -1.105717539787292480e+00
1.247943687438964844e+01 1.323005104064941406e+01 -3.973349380493164062e+01 -3.748131096363067627e-01 -9.092426300048828125e+00 3.514309823513031006e-01
1.248027992248535156e+01 1.304394340515136719e+01 -3.971032333374023438e+01 -3.804104030132293701e-01 -8.299716949462890625e+00 1.405499458312988281e+00
1.249200820922851562e+01 1.281914710998535156e+01 -3.963057327270507812e+01 -2.738546729087829590e-01 -6.311664581298828125e+00 2.543902397155761719e+00
1.248556995391845703e+01 1.271040248870849609e+01 -3.955353927612304688e+01 -1.186137050390243530e-01 -5.461396217346191406e+00 2.477383852005004883e+00
1.246535301208496094e+01 1.260972976684570312e+01 -3.947974014282226562e+01 -4.275398701429367065e-02 -4.542078018188476562e+00 2.491639375686645508e+00
1.244834995269775391e+01 1.253627681732177734e+01 -3.939985275268554688e+01 -1.822275817394256592e-01 -3.873370885848999023e+00 2.295312643051147461e+00
1.242630100250244141e+01 1.249203586578369141e+01 -3.933545303344726562e+01 -2.845861017704010010e-01 -3.371869802474975586e+00 2.064570426940917969e+00
1.240865516662597656e+01 1.242365741729736328e+01 -3.928087234497070312e+01 -1.337149143218994141e-01 -2.896452903747558594e+00 1.749430418014526367e+00
1.239593124389648438e+01 1.236994075775146484e+01 -3.923132324218750000e+01 -1.166913006454706192e-02 -2.595581531524658203e+00 1.252368450164794922e+00
1.237233638763427734e+01 1.232020187377929688e+01 -3.920026397705078125e+01 -3.251276910305023193e-02 -2.437134981155395508e+00 9.141291975975036621e-01
1.237031269073486328e+01 1.228262233734130859e+01 -3.918033981323242188e+01 1.674253791570663452e-01 -2.108506679534912109e+00 3.958817124366760254e-01
1.237869453430175781e+01 1.223379516601562500e+01 -3.918279266357421875e+01 4.066980183124542236e-01 -1.688567280769348145e+00 1.120229437947273254e-01
1.241660976409912109e+01 1.219865322113037109e+01 -3.919648361206054688e+01 7.680874466896057129e-01 -1.487843632698059082e+00 -3.398359715938568115e-01
1.246670246124267578e+01 1.218067550659179688e+01 -3.921785736083984375e+01 1.117165803909301758e+00 -1.260726571083068848e+00 -9.641889929771423340e-01
1.250148200988769531e+01 1.216898918151855469e+01 -3.925761795043945312e+01 1.219379782676696777e+00 -7.993561029434204102e-01 -1.727828979492187500e+00
1.253081607818603516e+01 1.217228031158447266e+01 -3.930308151245117188e+01 1.145646095275878906e+00 -4.041523635387420654e-01 -2.356656074523925781e+00
1.255538558959960938e+01 1.219411659240722656e+01 -3.937090301513671875e+01 1.048887014389038086e+00 8.945196866989135742e-02 -2.893830060958862305e+00
1.257399463653564453e+01 1.220651531219482422e+01 -3.944091415405273438e+01 1.137530207633972168e+00 4.547603428363800049e-03 -3.277184247970581055e+00
1.258296585083007812e+01 1.221923160552978516e+01 -3.952701950073242188e+01 8.910149335861206055e-01 8.328531682491302490e-02 -3.553635120391845703e+00
1.259736347198486328e+01 1.222031879425048828e+01 -3.960379409790039062e+01 8.851044178009033203e-01 -2.864537294954061508e-03 -3.985515356063842773e+00
1.259365272521972656e+01 1.222813034057617188e+01 -3.970582199096679688e+01 7.398301362991333008e-01 -2.987496554851531982e-02 -4.276992321014404297e+00
1.260180473327636719e+01 1.221769046783447266e+01 -3.979154586791992188e+01 6.763303279876708984e-01 -1.505839228630065918e-01 -4.736367225646972656e+00
1.261249828338623047e+01 1.219483375549316406e+01 -3.991291046142578125e+01 7.518425583839416504e-01 -1.445762813091278076e-01 -4.937839508056640625e+00
1.263826465606689453e+01 1.217601680755615234e+01 -4.006721878051757812e+01 9.388126134872436523e-01 3.195023164153099060e-02 -5.495761871337890625e+00
1.266540050506591797e+01 1.217671871185302734e+01 -4.018448638916015625e+01 1.037321567535400391e+00 1.661763787269592285e-01 -5.458912849426269531e+00
1.270110607147216797e+01 1.217062091827392578e+01 -4.029215240478515625e+01 1.471429824829101562e+00 1.752009987831115723e-01 -5.789961338043212891e+00
1.272582626342773438e+01 1.217505264282226562e+01 -4.041806411743164062e+01 1.646923065185546875e+00 3.016324639320373535e-01 -6.147702693939208984e+00
1.277102375030517578e+01 1.217781925201416016e+01 -4.054650497436523438e+01 1.550512194633483887e+00 3.645623624324798584e-01 -6.292223930358886719e+00
1.281896400451660156e+01 1.218614196777343750e+01 -4.066937637329101562e+01 1.891312479972839355e+00 5.535479784011840820e-01 -6.270964145660400391e+00
1.286146736145019531e+01 1.219134426116943359e+01 -4.080235671997070312e+01 1.955618143081665039e+00 5.844689607620239258e-01 -6.479710578918457031e+00
1.290472984313964844e+01 1.222473335266113281e+01 -4.092541503906250000e+01 1.852276206016540527e+00 7.753960490226745605e-01 -6.680981159210205078e+00
1.293928050994873047e+01 1.225068855285644531e+01 -4.106718444824218750e+01 1.786832213401794434e+00 8.082268834114074707e-01 -6.888405323028564453e+00
1.297003459930419922e+01 1.228578376770019531e+01 -4.120761108398437500e+01 1.484573960304260254e+00 8.316786289215087891e-01 -6.919174194335937500e+00
1.298804664611816406e+01 1.229784393310546875e+01 -4.135203170776367188e+01 1.217915534973144531e+00 8.395617604255676270e-01 -7.057996273040771484e+00
1.299703121185302734e+01 1.232920551300048828e+01 -4.149086380004882812e+01 1.067560315132141113e+00 4.447981417179107666e-01 -6.953008651733398438e+00
1.300604152679443359e+01 1.232763862609863281e+01 -4.162741851806640625e+01 9.934868812561035156e-01 2.119769901037216187e-01 -7.120490074157714844e+00
1.301117801666259766e+01 1.230960941314697266e+01 -4.176786422729492188e+01 1.148602604866027832e+00 -1.610260158777236938e-01 -7.069393634796142578e+00
1.304122638702392578e+01 1.229858589172363281e+01 -4.191201782226562500e+01 1.345791578292846680e+00 -5.545853972434997559e-01 -6.928057193756103516e+00
1.306464958190917969e+01 1.225065708160400391e+01 -4.205613708496093750e+01 1.335065722465515137e+00 -6.276152133941650391e-01 -7.044052600860595703e+00
1.310228347778320312e+01 1.223035526275634766e+01 -4.218918991088867188e+01 1.621098041534423828e+00 -7.551859617233276367e-01 -6.830953121185302734e+00
1.314286231994628906e+01 1.220653820037841797e+01 -4.232523727416992188e+01 1.625479221343994141e+00 -7.685651183128356934e-01 -6.739190578460693359e+00
1.319157600402832031e+01 1.218095874786376953e+01 -4.244900512695312500e+01 1.929050922393798828e+00 -5.737544298171997070e-01 -6.804676055908203125e+00
1.325312900543212891e+01 1.217804431915283203e+01 -4.258832550048828125e+01 1.954220294952392578e+00 -4.246663153171539307e-01 -6.796682834625244141e+00
1.328009414672851562e+01 1.217715930938720703e+01 -4.272485733032226562e+01 1.726249456405639648e+00 -3.703383505344390869e-01 -6.788802623748779297e+00
1.333989715576171875e+01 1.218509674072265625e+01 -4.290828323364257812e+01 1.638616800308227539e+00 -5.292185768485069275e-02 -6.746318340301513672e+00
1.336558055877685547e+01 1.217835140228271484e+01 -4.305098342895507812e+01 1.623748898506164551e+00 -2.052572220563888550e-01 -6.433913230895996094e+00
1.338409709930419922e+01 1.218726348876953125e+01 -4.318299484252929688e+01 1.199216723442077637e+00 -1.055198609828948975e-01 -6.355992794036865234e+00
1.338794422149658203e+01 1.216652011871337891e+01 -4.330245590209960938e+01 1.341223597526550293e+00 -4.904119968414306641e-01 -6.391958236694335938e+00
1.340794944763183594e+01 1.215320682525634766e+01 -4.343251800537109375e+01 1.332676053047180176e+00 -8.427514433860778809e-01 -6.361585617065429688e+00
1.343288421630859375e+01 1.213545417785644531e+01 -4.355850601196289062e+01 1.304806590080261230e+00 -6.803303956985473633e-01 -6.331665992736816406e+00
1.345013141632080078e+01 1.211061573028564453e+01 -4.368087387084960938e+01 1.286821722984313965e+00 -8.432299494743347168e-01 -6.098407268524169922e+00
1.347194099426269531e+01 1.209006309509277344e+01 -4.380657958984375000e+01 1.120762586593627930e+00 -6.901764869689941406e-01 -6.132321357727050781e+00
1.350577449798583984e+01 1.206334877014160156e+01 -4.391645431518554688e+01 1.267384648323059082e+00 -8.200045228004455566e-01 -6.331414222717285156e+00
1.353309345245361328e+01 1.203709983825683594e+01 -4.403722763061523438e+01 1.454840779304504395e+00 -7.727538943290710449e-01 -6.133896827697753906e+00
1.356723976135253906e+01 1.203093242645263672e+01 -4.415350723266601562e+01 1.512386798858642578e+00 -6.973916292190551758e-01 -6.073303699493408203e+00
1.359307575225830078e+01 1.201676654815673828e+01 -4.425651931762695312e+01 1.318864464759826660e+00 -5.537027120590209961e-01 -6.182951450347900391e+00
1.362195205688476562e+01 1.202282333374023438e+01 -4.437508773803710938e+01 1.355824947357177734e+00 -3.488613665103912354e-01 -6.034279823303222656e+00
1.364780044555664062e+01 1.201017856597900391e+01 -4.448795700073242188e+01 1.449345350265502930e+00 -3.372035622596740723e-01 -5.976809501647949219e+00
1.368329811096191406e+01 1.200769329071044922e+01 -4.460049438476562500e+01 1.592624545097351074e+00 -1.984898895025253296e-01 -6.170323848724365234e+00
1.371099567413330078e+01 1.201598453521728516e+01 -4.472888183593750000e+01 1.388393759727478027e+00 -2.869389355182647705e-01 -6.096722126007080078e+00
1.372743225097656250e+01 1.202268123626708984e+01 -4.484902572631835938e+01 1.294795155525207520e+00 -1.840614378452301025e-01 -6.136023521423339844e+00
1.376773166656494141e+01 1.201261520385742188e+01 -4.496305084228515625e+01 1.419185042381286621e+00 -3.805302083492279053e-02 -6.157660007476806641e+00
1.379662036895751953e+01 1.202375030517578125e+01 -4.508813095092773438e+01 1.415327429771423340e+00 -1.231026020832359791e-03 -6.173418521881103516e+00
1.381370162963867188e+01 1.202168178558349609e+01 -4.520994949340820312e+01 1.538546562194824219e+00 1.854724586009979248e-01 -6.388319969177246094e+00
1.384945964813232422e+01 1.202389717102050781e+01 -4.534544372558593750e+01 1.294416189193725586e+00 2.385413050651550293e-01 -6.429460048675537109e+00
1.388115692138671875e+01 1.202668857574462891e+01 -4.552845001220703125e+01 1.350889205932617188e+00 3.012396991252899170e-01 -6.791263103485107422e+00
1.390853309631347656e+01 1.201935482025146484e+01 -4.566185760498046875e+01 1.418249011039733887e+00 4.661227762699127197e-01 -6.965859413146972656e+00
1.393284606933593750e+01 1.201248741149902344e+01 -4.580503082275390625e+01 1.482653021812438965e+00 5.867531895637512207e-01 -7.260254859924316406e+00
1.397018432617187500e+01 1.202848911285400391e+01 -4.594728851318359375e+01 1.506849765777587891e+00 6.382530331611633301e-01 -7.412312030792236328e+00
1.399865627288818359e+01 1.203297424316406250e+01 -4.610237884521484375e+01 1.821495890617370605e+00 6.805562376976013184e-01 -7.763608455657958984e+00
1.403660011291503906e+01 1.205460262298583984e+01 -4.625969696044921875e+01 1.888676166534423828e+00 5.605497956275939941e-01 -8.087445259094238281e+00
1.407943439483642578e+01 1.208186054229736328e+01 -4.642190170288085938e+01 1.703516602516174316e+00 5.113919973373413086e-01 -8.425801277160644531e+00
1.412743854522705078e+01 1.209336376190185547e+01 -4.658578109741210938e+01 1.662784099578857422e+00 3.580848276615142822e-01 -8.749250411987304688e+00
1.415681743621826172e+01 1.211528491973876953e+01 -4.677787017822265625e+01 1.661222219467163086e+00 2.697018384933471680e-01 -9.328962326049804688e+00
1.418863391876220703e+01 1.211458206176757812e+01 -4.696770858764648438e+01 1.679864764213562012e+00 1.309852767735719681e-02 -9.824207305908203125e+00
1.422260761260986328e+01 1.212500286102294922e+01 -4.717378997802734375e+01 1.682476162910461426e+00 -7.444213032722473145e-01 -1.042006111145019531e+01
1.424168682098388672e+01 1.210309696197509766e+01 -4.738735961914062500e+01 1.643188953399658203e+00 -1.845508337020874023e+00 -1.064833927154541016e+01
1.426727485656738281e+01 1.204859352111816406e+01 -4.760507202148437500e+01 1.464717388153076172e+00 -2.969886302947998047e+00 -1.066223144531250000e+01
1.429392528533935547e+01 1.197424030303955078e+01 -4.782140350341796875e+01 1.568859219551086426e+00 -3.972917318344116211e+00 -1.018488597869873047e+01
1.431481266021728516e+01 1.186883068084716797e+01 -4.802983474731445312e+01 1.547373294830322266e+00 -4.426328182220458984e+00 -9.593392372131347656e+00
1.434325313568115234e+01 1.174276542663574219e+01 -4.822772979736328125e+01 1.401419162750244141e+00 -4.798627853393554688e+00 -9.114330291748046875e+00
1.436139297485351562e+01 1.162487888336181641e+01 -4.840964126586914062e+01 1.285723805427551270e+00 -4.920811176300048828e+00 -8.393327713012695312e+00
1.440421676635742188e+01 1.150439643859863281e+01 -4.858151245117187500e+01 1.233698725700378418e+00 -4.770056247711181641e+00 -8.121168136596679688e+00
1.443339538574218750e+01 1.139224720001220703e+01 -4.872405624389648438e+01 1.449690103530883789e+00 -4.766310214996337891e+00 -7.774581432342529297e+00
1.445079994201660156e+01 1.127606773376464844e+01 -4.887497711181640625e+01 1.170881628990173340e+00 -4.436328411102294922e+00 -7.509767055511474609e+00
1.446638298034667969e+01 1.118370628356933594e+01 -4.899741363525390625e+01 9.455721974372863770e-01 -4.237309455871582031e+00 -7.114135265350341797e+00
1.448529243469238281e+01 1.106218814849853516e+01 -4.919132614135742188e+01 6.740320920944213867e-01 -4.226164817810058594e+00 -6.374424457550048828e+00
1.450127124786376953e+01 1.099024868011474609e+01 -4.931200027465820312e+01 6.982995867729187012e-01 -4.100534915924072266e+00 -6.173407554626464844e+00
1.452356052398681641e+01 1.092413425445556641e+01 -4.942007827758789062e+01 9.251587986946105957e-01 -4.005312919616699219e+00 -5.875107765197753906e+00
1.453302001953125000e+01 1.086221599578857422e+01 -4.953219985961914062e+01 8.804195523262023926e-01 -3.707187414169311523e+00 -5.664618968963623047e+00
1.454615306854248047e+01 1.079520416259765625e+01 -4.962055969238281250e+01 6.806278824806213379e-01 -3.378633499145507812e+00 -5.452261447906494141e+00
1.455231285095214844e+01 1.074080944061279297e+01 -4.972835159301757812e+01 6.534599065780639648e-01 -2.898530244827270508e+00 -5.096141815185546875e+00
1.456094455718994141e+01 1.068226051330566406e+01 -4.982352066040039062e+01 7.868012785911560059e-01 -2.739689588546752930e+00 -5.019669055938720703e+00
1.458321285247802734e+01 1.066008186340332031e+01 -4.991346359252929688e+01 7.081586718559265137e-01 -2.569700717926025391e+00 -4.802732944488525391e+00
1.458610630035400391e+01 1.061790084838867188e+01 -4.999489212036132812e+01 8.969472646713256836e-01 -2.345228672027587891e+00 -4.666225910186767578e+00
1.460956764221191406e+01 1.057975387573242188e+01 -5.008697891235351562e+01 7.859462499618530273e-01 -2.260911226272583008e+00 -4.339980602264404297e+00
1.462094593048095703e+01 1.053292179107666016e+01 -5.016547012329101562e+01 8.485633134841918945e-01 -2.141997575759887695e+00 -4.109207630157470703e+00
1.463912010192871094e+01 1.049568939208984375e+01 -5.024838638305664062e+01 9.696262478828430176e-01 -2.141667842864990234e+00 -3.906986236572265625e+00
1.467246723175048828e+01 1.044815063476562500e+01 -5.031458663940429688e+01 1.125221133232116699e+00 -2.281124353408813477e+00 -3.947626829147338867e+00
1.469558048248291016e+01 1.041133785247802734e+01 -5.039754867553710938e+01 1.058013439178466797e+00 -2.090871095657348633e+00 -3.880171060562133789e+00
1.471451187133789062e+01 1.037487888336181641e+01 -5.045210266113281250e+01 1.238256216049194336e+00 -1.889170050621032715e+00 -3.822259426116943359e+00
1.473609638214111328e+01 1.033776855468750000e+01 -5.053271865844726562e+01 1.280778527259826660e+00 -1.671686887741088867e+00 -3.834238529205322266e+00
1.476636695861816406e+01 1.031786537170410156e+01 -5.061009979248046875e+01 1.222473144531250000e+00 -1.461016178131103516e+00 -3.531382322311401367e+00
1.478977394104003906e+01 1.028236293792724609e+01 -5.066296768188476562e+01 1.091120839118957520e+00 -1.448002696037292480e+00 -3.369722604751586914e+00
1.481585502624511719e+01 1.025895023345947266e+01 -5.073630523681640625e+01 1.139472961425781250e+00 -1.383112549781799316e+00 -3.467761516571044922e+00
1.484270954132080078e+01 1.023761367797851562e+01 -5.080289840698242188e+01 1.151471495628356934e+00 -1.160703539848327637e+00 -3.519479513168334961e+00
1.486467170715332031e+01 1.024232387542724609e+01 -5.089809799194335938e+01 7.940927743911743164e-01 -7.483636140823364258e-01 -3.161975145339965820e+00
1.489224815368652344e+01 1.020227336883544922e+01 -5.096025848388671875e+01 5.581209063529968262e-01 -7.479959726333618164e-01 -3.055299282073974609e+00
1.490039920806884766e+01 1.020300006866455078e+01 -5.102161026000976562e+01 5.088357925415039062e-01 -7.713124155998229980e-01 -2.936664819717407227e+00
1.491310596466064453e+01 1.017859554290771484e+01 -5.108166122436523438e+01 5.985413789749145508e-01 -6.965382099151611328e-01 -2.902534484863281250e+00
1.493317985534667969e+01 1.016221618652343750e+01 -5.114128494262695312e+01 5.996584892272949219e-01 -5.521367192268371582e-01 -2.935943603515625000e+00
1.492625427246093750e+01 1.013728332519531250e+01 -5.119815826416015625e+01 7.094898819923400879e-01 -5.868625640869140625e-01 -2.642105340957641602e+00
1.494362831115722656e+01 1.012388801574707031e+01 -5.123470306396484375e+01 5.349950194358825684e-01 -6.843560934066772461e-01 -2.668652534484863281e+00
1.494997310638427734e+01 1.010351657867431641e+01 -5.128968811035156250e+01 5.178366303443908691e-01 -5.664651989936828613e-01 -2.606044530868530273e+00
1.497093677520751953e+01 1.010300350189208984e+01 -5.134705734252929688e+01 5.280991792678833008e-01 -3.839630782604217529e-01 -2.796363592147827148e+00
1.497866344451904297e+01 1.010264015197753906e+01 -5.139122009277343750e+01 5.215578079223632812e-01 -2.467415928840637207e-01 -2.903913259506225586e+00
1.498603630065917969e+01 1.010391616821289062e+01 -5.144338607788085938e+01 6.541616320610046387e-01 -3.872171789407730103e-02 -2.868439674377441406e+00
1.500150966644287109e+01 1.011664009094238281e+01 -5.149914550781250000e+01 7.791779041290283203e-01 1.439785212278366089e-01 -2.768926143646240234e+00
1.501263046264648438e+01 1.011967563629150391e+01 -5.155786514282226562e+01 7.836375832557678223e-01 4.149070978164672852e-01 -2.799438476562500000e+00
1.503305721282958984e+01 1.013329792022705078e+01 -5.160533142089843750e+01 7.196589112281799316e-01 3.581146597862243652e-01 -2.760735511779785156e+00
1.504845237731933594e+01 1.014692497253417969e+01 -5.165892410278320312e+01 8.669915795326232910e-01 2.593081891536712646e-01 -2.914531230926513672e+00
1.506045532226562500e+01 1.015128421783447266e+01 -5.171279525756835938e+01 9.581970572471618652e-01 5.260325670242309570e-01 -2.947424650192260742e+00
1.507590389251708984e+01 1.017487621307373047e+01 -5.177351379394531250e+01 1.170685529708862305e+00 7.275335192680358887e-01 -2.944212913513183594e+00
1.509726524353027344e+01 1.017704200744628906e+01 -5.183185195922851562e+01 1.338645935058593750e+00 6.560909748077392578e-01 -3.133276224136352539e+00
1.512854385375976562e+01 1.018864822387695312e+01 -5.190351104736328125e+01 1.310682773590087891e+00 7.522183060646057129e-01 -3.193832397460937500e+00
1.517254734039306641e+01 1.021282386779785156e+01 -5.198248672485351562e+01 1.525793433189392090e+00 7.887641787528991699e-01 -3.165743827819824219e+00
1.518867206573486328e+01 1.023973274230957031e+01 -5.203915023803710938e+01 1.509040355682373047e+00 8.790864944458007812e-01 -3.341530799865722656e+00
1.526430606842041016e+01 1.028061485290527344e+01 -5.214920425415039062e+01 1.501067280769348145e+00 1.106488943099975586e+00 -3.484442472457885742e+00
1.528252220153808594e+01 1.031455612182617188e+01 -5.220925903320312500e+01 1.560062408447265625e+00 1.208013534545898438e+00 -3.421335697174072266e+00
1.532758522033691406e+01 1.034446239471435547e+01 -5.228969192504882812e+01 1.375063657760620117e+00 1.327552318572998047e+00 -3.427688360214233398e+00
1.534352016448974609e+01 1.038440036773681641e+01 -5.235826492309570312e+01 1.278582096099853516e+00 1.363105416297912598e+00 -3.478597879409790039e+00
1.535546684265136719e+01 1.040786552429199219e+01 -5.244083023071289062e+01 1.217400074005126953e+00 1.323475003242492676e+00 -3.548042535781860352e+00
1.537422657012939453e+01 1.045341777801513672e+01 -5.252237319946289062e+01 9.432376623153686523e-01 1.193995356559753418e+00 -3.598658084869384766e+00
1.538413047790527344e+01 1.047922325134277344e+01 -5.258118057250976562e+01 6.903116703033447266e-01 1.151268124580383301e+00 -3.428922414779663086e+00
1.539376068115234375e+01 1.048709964752197266e+01 -5.265055847167968750e+01 7.238586544990539551e-01 1.129573345184326172e+00 -3.696465969085693359e+00
1.539819717407226562e+01 1.049695301055908203e+01 -5.273014450073242188e+01 8.928648233413696289e-01 1.002581238746643066e+00 -3.824824094772338867e+00
1.541247940063476562e+01 1.051476001739501953e+01 -5.281645202636718750e+01 8.389237523078918457e-01 6.350867748260498047e-01 -3.742771387100219727e+00
1.543233776092529297e+01 1.051061630249023438e+01 -5.288886642456054688e+01 9.026449918746948242e-01 7.231742143630981445e-01 -3.701043605804443359e+00
1.547255229949951172e+01 1.052073383331298828e+01 -5.295180130004882812e+01 1.240318894386291504e+00 1.106952905654907227e+00 -3.781564474105834961e+00
1.550673484802246094e+01 1.054496574401855469e+01 -5.304722595214843750e+01 1.467971801757812500e+00 1.493883848190307617e+00 -4.063948154449462891e+00
1.555018711090087891e+01 1.057618618011474609e+01 -5.311723709106445312e+01 1.432771682739257812e+00 1.595842242240905762e+00 -4.358022689819335938e+00
1.557265853881835938e+01 1.062285709381103516e+01 -5.320154953002929688e+01 1.614220976829528809e+00 2.107901573181152344e+00 -4.530239582061767578e+00
1.562470817565917969e+01 1.066795063018798828e+01 -5.330207443237304688e+01 1.583388805389404297e+00 2.483403682708740234e+00 -5.033223152160644531e+00
1.565608978271484375e+01 1.072782421112060547e+01 -5.341237258911132812e+01 1.688566923141479492e+00 2.766004085540771484e+00 -5.689270019531250000e+00
1.569806289672851562e+01 1.080802536010742188e+01 -5.353076171875000000e+01 1.733169913291931152e+00 2.540140628814697266e+00 -6.159009456634521484e+00
1.573303508758544922e+01 1.086503601074218750e+01 -5.364879608154296875e+01 1.771456599235534668e+00 2.098449945449829102e+00 -6.789266586303710938e+00
1.576061153411865234e+01 1.091777515411376953e+01 -5.380160522460937500e+01 1.541833758354187012e+00 1.608190417289733887e+00 -6.907082557678222656e+00
1.579017543792724609e+01 1.095663070678710938e+01 -5.394946670532226562e+01 1.542778134346008301e+00 1.189443707466125488e+00 -7.156068325042724609e+00
1.582777786254882812e+01 1.099625682830810547e+01 -5.417725372314453125e+01 1.395314216613769531e+00 6.874892115592956543e-01 -7.328449726104736328e+00
1.585094928741455078e+01 1.100181293487548828e+01 -5.433710861206054688e+01 1.373082160949707031e+00 3.616319298744201660e-01 -7.149726867675781250e+00
1.587387180328369141e+01 1.100905609130859375e+01 -5.447761154174804688e+01 1.407504320144653320e+00 -1.636782884597778320e-01 -7.123919010162353516e+00
1.590108871459960938e+01 1.097961711883544922e+01 -5.463030624389648438e+01 1.509318351745605469e+00 -4.681305587291717529e-01 -7.040491580963134766e+00
1.592123317718505859e+01 1.096879005432128906e+01 -5.475847244262695312e+01 1.516566395759582520e+00 -7.512916326522827148e-01 -6.715780735015869141e+00
1.596183872222900391e+01 1.094535732269287109e+01 -5.489943313598632812e+01 1.396919369697570801e+00 -9.631628990173339844e-01 -6.617679595947265625e+00
1.598204803466796875e+01 1.091407299041748047e+01 -5.502610397338867188e+01 1.364178657531738281e+00 -1.164117693901062012e+00 -6.629167556762695312e+00
1.601465797424316406e+01 1.088190460205078125e+01 -5.514593887329101562e+01 1.254364371299743652e+00 -1.211295366287231445e+00 -6.510561466217041016e+00
1.603444862365722656e+01 1.085499954223632812e+01 -5.526257324218750000e+01 1.115023374557495117e+00 -1.471689343452453613e+00 -6.322366714477539062e+00
1.604998397827148438e+01 1.083602046966552734e+01 -5.538028335571289062e+01 1.252484679222106934e+00 -1.546444058418273926e+00 -6.044236183166503906e+00
1.608124160766601562e+01 1.078858566284179688e+01 -5.549093246459960938e+01 1.226050615310668945e+00 -1.750183224678039551e+00 -5.888406276702880859e+00
