1.101452589035034180e+00 2.252811908721923828e+00 -6.523814797401428223e-02 1.146890282630920410e+00 2.044510126113891602e+00 2.047616289928555489e-03
1.112845420837402344e+00 2.297177076339721680e+00 -6.296985596418380737e-02 1.007362723350524902e+00 2.063336610794067383e+00 -1.855910755693912506e-02
1.111851930618286133e+00 2.322335243225097656e+00 -6.799394637346267700e-02 9.613934755325317383e-01 1.908346295356750488e+00 3.624920547008514404e-02
1.129028558731079102e+00 2.363417863845825195e+00 -6.151434779167175293e-02 7.902092933654785156e-01 1.853240728378295898e+00 2.119646966457366943e-01
1.141638875007629395e+00 2.384628534317016602e+00 -6.043768674135208130e-02 8.122426271438598633e-01 1.862778067588806152e+00 1.457558274269104004e-01
1.139676332473754883e+00 2.426998138427734375e+00 -3.904370218515396118e-02 7.756077647209167480e-01 1.855665326118469238e+00 2.456271201372146606e-01
1.162002801895141602e+00 2.461767196655273438e+00 -4.614939540624618530e-02 5.974568724632263184e-01 2.067580699920654297e+00 3.746121525764465332e-01
1.172334790229797363e+00 2.517962694168090820e+00 -3.042211383581161499e-02 5.772123932838439941e-01 2.100987911224365234e+00 2.933436036109924316e-01
1.189221024513244629e+00 2.550553798675537109e+00 -3.610312566161155701e-02 4.877704381942749023e-01 2.163595438003540039e+00 2.796450555324554443e-01
1.207648754119873047e+00 2.594853639602661133e+00 -1.357218064367771149e-02 5.461399555206298828e-01 2.253290653228759766e+00 2.884725928306579590e-01
1.212864518165588379e+00 2.636457681655883789e+00 -1.504768617451190948e-02 3.901423811912536621e-01 2.230704545974731445e+00 9.931976348161697388e-02
1.236783266067504883e+00 2.700940132141113281e+00 -5.389112979173660278e-03 7.326855063438415527e-01 2.539244413375854492e+00 3.691132664680480957e-01
1.246785879135131836e+00 2.762223005294799805e+00 4.191879648715257645e-03 6.375671625137329102e-01 2.639883041381835938e+00 2.553370594978332520e-01
1.254817962646484375e+00 2.821248292922973633e+00 8.478665724396705627e-03 5.115087628364562988e-01 2.637384176254272461e+00 1.960923671722412109e-01
1.260522723197937012e+00 2.867177009582519531e+00 2.550025470554828644e-02 5.865878462791442871e-01 2.959806680679321289e+00 2.732654511928558350e-01
1.275820732116699219e+00 2.928029298782348633e+00 2.062557078897953033e-02 8.649423122406005859e-01 3.038009643554687500e+00 1.533160656690597534e-01
1.302893161773681641e+00 2.989229917526245117e+00 4.203373938798904419e-02 7.790897488594055176e-01 3.009152173995971680e+00 2.340255379676818848e-01
1.313682556152343750e+00 3.052676439285278320e+00 4.646312817931175232e-02 7.910014390945434570e-01 3.063092947006225586e+00 4.331145584583282471e-01
1.318976879119873047e+00 3.112569570541381836e+00 3.609624877572059631e-02 7.695147991180419922e-01 3.105063676834106445e+00 4.222556054592132568e-01
1.340080976486206055e+00 3.177551269531250000e+00 6.220166385173797607e-02 9.316113591194152832e-01 3.329680919647216797e+00 4.107609391212463379e-01
1.354644894599914551e+00 3.261552333831787109e+00 5.429504811763763428e-02 7.597103714942932129e-01 3.333832979202270508e+00 3.672144412994384766e-01
1.363463640213012695e+00 3.311701536178588867e+00 6.280559301376342773e-02 7.757744789123535156e-01 3.245948553085327148e+00 2.470278292894363403e-01
1.397580146789550781e+00 3.388152360916137695e+00 7.418767362833023071e-02 8.305683135986328125e-01 3.496618986129760742e+00 3.355312347412109375e-01
1.408725023269653320e+00 3.456630706787109375e+00 8.637137711048126221e-02 9.482559561729431152e-01 3.771974563598632812e+00 3.994410634040832520e-01
1.439164161682128906e+00 3.533795833587646484e+00 9.269492328166961670e-02 8.511530160903930664e-01 4.003418922424316406e+00 3.091423511505126953e-01
1.452470660209655762e+00 3.616427659988403320e+00 9.948094189167022705e-02 8.273270726203918457e-01 3.977766752243041992e+00 2.223717719316482544e-01
1.470010399818420410e+00 3.693819761276245117e+00 9.938980638980865479e-02 9.042039513587951660e-01 3.971934318542480469e+00 5.371530055999755859e-01
1.486349701881408691e+00 3.768205881118774414e+00 1.063249111175537109e-01 1.022701621055603027e+00 4.103821754455566406e+00 4.161529541015625000e-01
1.525175333023071289e+00 3.857981443405151367e+00 1.180019304156303406e-01 1.021962881088256836e+00 4.333674907684326172e+00 3.104537427425384521e-01
1.537564635276794434e+00 3.950444221496582031e+00 1.302706599235534668e-01 1.053553938865661621e+00 4.382526397705078125e+00 4.625577628612518311e-01
1.549502968788146973e+00 4.035626411437988281e+00 1.289545297622680664e-01 1.030959486961364746e+00 4.638592243194580078e+00 3.346061110496520996e-01
1.563632369041442871e+00 4.118416786193847656e+00 1.427172124385833740e-01 1.030982613563537598e+00 4.672047615051269531e+00 3.006231486797332764e-01
1.597615838050842285e+00 4.255662441253662109e+00 1.522427499294281006e-01 1.036182403564453125e+00 4.676158428192138672e+00 4.348200559616088867e-01
1.623597860336303711e+00 4.346754550933837891e+00 1.639614850282669067e-01 1.015358567237854004e+00 4.752640724182128906e+00 5.546473860740661621e-01
1.647270441055297852e+00 4.445303440093994141e+00 1.661566495895385742e-01 1.065913796424865723e+00 5.156769275665283203e+00 5.391227006912231445e-01
1.659956336021423340e+00 4.556561470031738281e+00 1.761226803064346313e-01 1.133726716041564941e+00 5.247172355651855469e+00 8.329166769981384277e-01
1.681887149810791016e+00 4.663380622863769531e+00 1.842066943645477295e-01 1.221339702606201172e+00 5.274508953094482422e+00 5.935478210449218750e-01
1.693746328353881836e+00 4.756712913513183594e+00 1.888056695461273193e-01 1.274636745452880859e+00 5.296283721923828125e+00 5.048491954803466797e-01
1.724630475044250488e+00 4.859389781951904297e+00 1.975876092910766602e-01 1.149531483650207520e+00 5.641327381134033203e+00 2.907551825046539307e-01
1.744918942451477051e+00 4.982597351074218750e+00 2.199812233448028564e-01 1.101550817489624023e+00 5.698924541473388672e+00 4.635361433029174805e-01
1.762315511703491211e+00 5.091784477233886719e+00 2.252980321645736694e-01 1.254447221755981445e+00 5.815992355346679688e+00 5.551873445510864258e-01
1.787118673324584961e+00 5.214579582214355469e+00 2.434852868318557739e-01 1.474394202232360840e+00 6.180832386016845703e+00 3.698129653930664062e-01
1.811262249946594238e+00 5.326860904693603516e+00 2.430101335048675537e-01 1.272640943527221680e+00 6.405736446380615234e+00 5.071197748184204102e-01
1.843270301818847656e+00 5.453395366668701172e+00 2.597576975822448730e-01 1.193786859512329102e+00 6.441620826721191406e+00 6.001695394515991211e-01
1.860766410827636719e+00 5.579140186309814453e+00 2.687207162380218506e-01 1.118780732154846191e+00 6.591039180755615234e+00 4.956710636615753174e-01
1.884113311767578125e+00 5.703396797180175781e+00 2.650555074214935303e-01 1.185664892196655273e+00 6.763321876525878906e+00 4.970725178718566895e-01
1.907223701477050781e+00 5.837852478027343750e+00 2.730196714401245117e-01 1.089080333709716797e+00 6.948949813842773438e+00 3.309144377708435059e-01
1.929047584533691406e+00 5.963781356811523438e+00 2.795387208461761475e-01 1.170534968376159668e+00 7.100760936737060547e+00 1.187649369239807129e-01
1.958065748214721680e+00 6.105751514434814453e+00 2.822951674461364746e-01 1.325399518013000488e+00 7.244010448455810547e+00 1.797962188720703125e-01
1.981310725212097168e+00 6.243098735809326172e+00 2.848936617374420166e-01 1.394108653068542480e+00 7.442036151885986328e+00 1.114910840988159180e-01
2.017519712448120117e+00 6.399363517761230469e+00 2.824897468090057373e-01 1.295620560646057129e+00 7.633771419525146484e+00 2.648504078388214111e-01
2.036229610443115234e+00 6.547553062438964844e+00 2.893585562705993652e-01 1.483119964599609375e+00 7.989816188812255859e+00 1.465791165828704834e-01
2.075104475021362305e+00 6.711751461029052734e+00 3.092358708381652832e-01 1.418485641479492188e+00 8.037516593933105469e+00 3.605282679200172424e-02
2.113135337829589844e+00 6.943823814392089844e+00 3.018415570259094238e-01 1.540823101997375488e+00 8.347318649291992188e+00 -7.632738351821899414e-02
2.138465881347656250e+00 7.092842578887939453e+00 3.074995875358581543e-01 1.517856597900390625e+00 8.552319526672363281e+00 -1.857906579971313477e-01
2.168896436691284180e+00 7.264268398284912109e+00 2.990637123584747314e-01 1.648493647575378418e+00 8.759985923767089844e+00 -1.106272563338279724e-01
2.202380418777465820e+00 7.448727130889892578e+00 2.979258298873901367e-01 1.817774891853332520e+00 8.935004234313964844e+00 -1.713566780090332031e-01
2.230628490447998047e+00 7.631485939025878906e+00 2.886963188648223877e-01 1.877626299858093262e+00 9.106866836547851562e+00 -3.649403452873229980e-01
2.254129648208618164e+00 7.809048175811767578e+00 2.838920652866363525e-01 1.646874785423278809e+00 9.313674926757812500e+00 -4.188660383224487305e-01
2.288350820541381836e+00 7.989961624145507812e+00 2.764061391353607178e-01 1.565413117408752441e+00 9.705313682556152344e+00 -4.278013408184051514e-01
2.325788974761962891e+00 8.186386108398437500e+00 2.654013335704803467e-01 1.700185775756835938e+00 1.001718139648437500e+01 -6.726536750793457031e-01
2.364369630813598633e+00 8.380649566650390625e+00 2.466220110654830933e-01 1.917942643165588379e+00 1.027440357208251953e+01 -7.777048945426940918e-01
2.406400680541992188e+00 8.597500801086425781e+00 2.347365170717239380e-01 2.057005882263183594e+00 1.056648349761962891e+01 -8.509965538978576660e-01
2.443592548370361328e+00 8.800422668457031250e+00 2.205910980701446533e-01 2.000166177749633789e+00 1.083757972717285156e+01 -1.225211739540100098e+00
2.482365608215332031e+00 9.017497062683105469e+00 1.966483145952224731e-01 1.936840057373046875e+00 1.116166305541992188e+01 -1.138989448547363281e+00
2.518235921859741211e+00 9.231943130493164062e+00 1.697116643190383911e-01 1.900106906890869141e+00 1.152476310729980469e+01 -1.323696732521057129e+00
2.566951990127563477e+00 9.467026710510253906e+00 1.415971815586090088e-01 1.902834534645080566e+00 1.202352333068847656e+01 -1.712074279785156250e+00
2.603807210922241211e+00 9.701069831848144531e+00 1.073799952864646912e-01 1.987223982810974121e+00 1.218246364593505859e+01 -1.693342566490173340e+00
2.649203300476074219e+00 9.936574935913085938e+00 7.062068581581115723e-02 2.196761846542358398e+00 1.242068290710449219e+01 -1.801029801368713379e+00
2.683831930160522461e+00 1.019902229309082031e+01 3.274434059858322144e-02 2.234555006027221680e+00 1.303855228424072266e+01 -2.130117893218994141e+00
2.734217166900634766e+00 1.045624351501464844e+01 -1.845102384686470032e-02 2.561563014984130859e+00 1.336335468292236328e+01 -2.364380836486816406e+00
2.766225576400756836e+00 1.070607185363769531e+01 -6.662067770957946777e-02 2.478053331375122070e+00 1.362409973144531250e+01 -2.791598081588745117e+00
2.809512615203857422e+00 1.097696971893310547e+01 -1.350020170211791992e-01 2.558869838714599609e+00 1.434461975097656250e+01 -3.314567089080810547e+00
2.896008253097534180e+00 1.139143180847167969e+01 -2.297444939613342285e-01 2.869840860366821289e+00 1.488274288177490234e+01 -3.614280462265014648e+00
2.959786891937255859e+00 1.169690132141113281e+01 -3.183616995811462402e-01 2.933503866195678711e+00 1.526108837127685547e+01 -4.252184391021728516e+00
3.036648035049438477e+00 1.200227928161621094e+01 -4.090550839900970459e-01 3.071079254150390625e+00 1.574218750000000000e+01 -4.931493759155273438e+00
3.080856323242187500e+00 1.231090545654296875e+01 -5.243696570396423340e-01 3.048457622528076172e+00 1.612301826477050781e+01 -5.592039585113525391e+00
3.144430398941040039e+00 1.262568569183349609e+01 -6.432274580001831055e-01 3.266586065292358398e+00 1.639538955688476562e+01 -6.206888675689697266e+00
3.204843521118164062e+00 1.293739032745361328e+01 -7.733652591705322266e-01 3.304074764251708984e+00 1.693383598327636719e+01 -7.103510856628417969e+00
3.283632755279541016e+00 1.328152751922607422e+01 -9.160068035125732422e-01 3.566159963607788086e+00 1.763721847534179688e+01 -8.024640083312988281e+00
3.350421667098999023e+00 1.363156414031982422e+01 -1.096323132514953613e+00 3.744682073593139648e+00 1.813352203369140625e+01 -8.992328643798828125e+00
3.435044765472412109e+00 1.398285579681396484e+01 -1.287157297134399414e+00 4.066550731658935547e+00 1.854314041137695312e+01 -1.010671329498291016e+01
3.501774549484252930e+00 1.433346843719482422e+01 -1.512946605682373047e+00 4.395783901214599609e+00 1.866079711914062500e+01 -1.168598842620849609e+01
3.597462177276611328e+00 1.468006992340087891e+01 -1.745310306549072266e+00 4.690064907073974609e+00 1.881571197509765625e+01 -1.306852340698242188e+01
3.693687200546264648e+00 1.505512619018554688e+01 -2.017361879348754883e+00 4.865581512451171875e+00 1.908250808715820312e+01 -1.479156970977783203e+01
3.785760879516601562e+00 1.542056560516357422e+01 -2.329399108886718750e+00 5.011132240295410156e+00 1.891956329345703125e+01 -1.653404617309570312e+01
3.876594305038452148e+00 1.579782962799072266e+01 -2.673463582992553711e+00 5.366158485412597656e+00 1.851347160339355469e+01 -1.826889801025390625e+01
3.981066465377807617e+00 1.613983535766601562e+01 -3.046102523803710938e+00 5.568884849548339844e+00 1.779521179199218750e+01 -2.007242584228515625e+01
4.076740741729736328e+00 1.647780990600585938e+01 -3.469700098037719727e+00 5.504269599914550781e+00 1.666547393798828125e+01 -2.175802040100097656e+01
4.207072257995605469e+00 1.678959083557128906e+01 -3.910427808761596680e+00 5.555699825286865234e+00 1.542346191406250000e+01 -2.315233421325683594e+01
4.314420700073242188e+00 1.707408714294433594e+01 -4.391029357910156250e+00 5.522504806518554688e+00 1.428999519348144531e+01 -2.450622940063476562e+01
4.414926528930664062e+00 1.735088920593261719e+01 -4.890337944030761719e+00 5.630138874053955078e+00 1.267106819152832031e+01 -2.533636474609375000e+01
4.518098354339599609e+00 1.756702995300292969e+01 -5.405717849731445312e+00 5.459001541137695312e+00 1.121434879302978516e+01 -2.571444892883300781e+01
4.632532596588134766e+00 1.776224327087402344e+01 -5.925472259521484375e+00 5.387148857116699219e+00 9.855264663696289062e+00 -2.582049942016601562e+01
4.789359092712402344e+00 1.802233505249023438e+01 -6.730770111083984375e+00 5.124646186828613281e+00 7.800986289978027344e+00 -2.598069763183593750e+01
4.890669822692871094e+00 1.815663337707519531e+01 -7.256520271301269531e+00 4.791587352752685547e+00 6.646375656127929688e+00 -2.585859107971191406e+01
4.986499309539794922e+00 1.825730514526367188e+01 -7.784097194671630859e+00 4.462078094482421875e+00 5.543513298034667969e+00 -2.543642997741699219e+01
5.071759700775146484e+00 1.835710144042968750e+01 -8.295338630676269531e+00 4.447135448455810547e+00 4.628691196441650391e+00 -2.489728736877441406e+01
5.166436195373535156e+00 1.841243743896484375e+01 -8.780784606933593750e+00 4.350295543670654297e+00 3.703034639358520508e+00 -2.452847480773925781e+01
5.236281871795654297e+00 1.846211814880371094e+01 -9.259537696838378906e+00 4.244369506835937500e+00 2.826539039611816406e+00 -2.383826065063476562e+01
5.315069198608398438e+00 1.849763870239257812e+01 -9.710242271423339844e+00 4.055233001708984375e+00 2.084722042083740234e+00 -2.298411750793457031e+01
5.386351585388183594e+00 1.849999046325683594e+01 -1.014695167541503906e+01 3.732613086700439453e+00 1.329425454139709473e+00 -2.223099517822265625e+01
5.463696956634521484e+00 1.852105331420898438e+01 -1.056424331665039062e+01 3.495495557785034180e+00 8.788101673126220703e-01 -2.137650871276855469e+01
5.526909351348876953e+00 1.850955200195312500e+01 -1.097221279144287109e+01 3.209083795547485352e+00 2.772856354713439941e-01 -2.059624099731445312e+01
5.584313869476318359e+00 1.848669433593750000e+01 -1.135055637359619141e+01 3.153859853744506836e+00 -1.355252265930175781e-01 -1.978050613403320312e+01
5.650329589843750000e+00 1.847417068481445312e+01 -1.171040439605712891e+01 3.292122125625610352e+00 -6.005911827087402344e-01 -1.862783050537109375e+01
5.709272861480712891e+00 1.844655799865722656e+01 -1.203856754302978516e+01 2.999805927276611328e+00 -7.851811647415161133e-01 -1.795829391479492188e+01
5.755894184112548828e+00 1.841489601135253906e+01 -1.236450386047363281e+01 2.786248683929443359e+00 -1.176177978515625000e+00 -1.726116371154785156e+01
5.803232192993164062e+00 1.839380645751953125e+01 -1.267575550079345703e+01 2.642235279083251953e+00 -1.413741111755371094e+00 -1.676095962524414062e+01
5.858853340148925781e+00 1.835251045227050781e+01 -1.296114826202392578e+01 2.641010761260986328e+00 -1.498767256736755371e+00 -1.610096359252929688e+01
5.910903453826904297e+00 1.831829261779785156e+01 -1.325087356567382812e+01 2.395897150039672852e+00 -1.705572485923767090e+00 -1.510872268676757812e+01
5.947738170623779297e+00 1.829731559753417969e+01 -1.352132320404052734e+01 2.236007690429687500e+00 -1.916527509689331055e+00 -1.424898719787597656e+01
5.987048625946044922e+00 1.823905754089355469e+01 -1.377079010009765625e+01 2.307178735733032227e+00 -2.160468578338623047e+00 -1.387369823455810547e+01
6.026977062225341797e+00 1.820433807373046875e+01 -1.400500488281250000e+01 2.267116546630859375e+00 -2.385082006454467773e+00 -1.316821193695068359e+01
6.069808006286621094e+00 1.817913818359375000e+01 -1.423605442047119141e+01 2.070837736129760742e+00 -2.381167411804199219e+00 -1.251430034637451172e+01
6.126363277435302734e+00 1.809942626953125000e+01 -1.456563186645507812e+01 1.961735367774963379e+00 -2.406986474990844727e+00 -1.188806056976318359e+01
6.159744262695312500e+00 1.804706192016601562e+01 -1.477894878387451172e+01 1.867504596710205078e+00 -2.723703384399414062e+00 -1.151687526702880859e+01
6.194148540496826172e+00 1.799110221862792969e+01 -1.498057270050048828e+01 1.863311886787414551e+00 -2.770353555679321289e+00 -1.084724521636962891e+01
6.241889953613281250e+00 1.793083000183105469e+01 -1.516958332061767578e+01 1.591494202613830566e+00 -2.845564126968383789e+00 -1.044318580627441406e+01
6.277642726898193359e+00 1.788761520385742188e+01 -1.535634422302246094e+01 1.561455488204956055e+00 -2.640699863433837891e+00 -1.002880573272705078e+01
6.296893119812011719e+00 1.782943725585937500e+01 -1.552680587768554688e+01 1.654559135437011719e+00 -2.848046302795410156e+00 -9.600919723510742188e+00
6.331713199615478516e+00 1.776874732971191406e+01 -1.569310283660888672e+01 1.598779082298278809e+00 -2.984780550003051758e+00 -9.285364151000976562e+00
6.356248855590820312e+00 1.771505165100097656e+01 -1.585002803802490234e+01 1.587645173072814941e+00 -3.075721263885498047e+00 -9.035592079162597656e+00
6.381439685821533203e+00 1.765073204040527344e+01 -1.602245521545410156e+01 1.449982643127441406e+00 -3.043230533599853516e+00 -8.486398696899414062e+00
6.413408756256103516e+00 1.760915565490722656e+01 -1.616459846496582031e+01 1.483968853950500488e+00 -2.847548007965087891e+00 -8.174947738647460938e+00
6.420889854431152344e+00 1.754399871826171875e+01 -1.632632827758789062e+01 1.363310456275939941e+00 -3.078037023544311523e+00 -8.017094612121582031e+00
6.455379486083984375e+00 1.749955940246582031e+01 -1.646204376220703125e+01 1.130288124084472656e+00 -3.094595909118652344e+00 -7.716321468353271484e+00
6.458923339843750000e+00 1.744364738464355469e+01 -1.660083389282226562e+01 1.075018167495727539e+00 -3.066123247146606445e+00 -7.546281337738037109e+00
6.495901584625244141e+00 1.738649940490722656e+01 -1.673897171020507812e+01 1.157045125961303711e+00 -2.865218162536621094e+00 -7.396115779876708984e+00
6.504216670989990234e+00 1.734381103515625000e+01 -1.684984016418457031e+01 1.170537829399108887e+00 -2.958095073699951172e+00 -6.913435935974121094e+00
6.520739078521728516e+00 1.729109001159667969e+01 -1.697711563110351562e+01 1.122464179992675781e+00 -2.944242238998413086e+00 -6.660636425018310547e+00
6.530648708343505859e+00 1.724228096008300781e+01 -1.710891342163085938e+01 1.087866902351379395e+00 -2.826583623886108398e+00 -6.227001190185546875e+00
6.569241046905517578e+00 1.718222427368164062e+01 -1.722090911865234375e+01 1.003962993621826172e+00 -2.965146780014038086e+00 -6.018735408782958984e+00
6.574039459228515625e+00 1.711561203002929688e+01 -1.733103561401367188e+01 1.009241104125976562e+00 -2.824445724487304688e+00 -5.840811729431152344e+00
6.605446338653564453e+00 1.707180595397949219e+01 -1.742870903015136719e+01 1.115606069564819336e+00 -2.872386217117309570e+00 -5.678362846374511719e+00
6.618756294250488281e+00 1.702715110778808594e+01 -1.752877807617187500e+01 9.603443145751953125e-01 -3.038805484771728516e+00 -5.670822143554687500e+00
6.652173519134521484e+00 1.693015098571777344e+01 -1.768930435180664062e+01 1.061418294906616211e+00 -2.910804986953735352e+00 -5.355158805847167969e+00
6.678091526031494141e+00 1.689174842834472656e+01 -1.778543663024902344e+01 9.145612120628356934e-01 -2.731615543365478516e+00 -5.126626968383789062e+00
6.697320461273193359e+00 1.684861946105957031e+01 -1.787379264831542969e+01 1.167218208312988281e+00 -2.616032838821411133e+00 -5.011126995086669922e+00
6.720872879028320312e+00 1.679744720458984375e+01 -1.796404075622558594e+01 9.977906346321105957e-01 -2.767368793487548828e+00 -4.935914039611816406e+00
6.741920471191406250e+00 1.676115989685058594e+01 -1.804872512817382812e+01 5.850350856781005859e-01 -2.806009531021118164e+00 -4.796730995178222656e+00
6.746047496795654297e+00 1.670151901245117188e+01 -1.815004158020019531e+01 4.578529596328735352e-01 -2.718312501907348633e+00 -4.479362487792968750e+00
6.753691196441650391e+00 1.665181541442871094e+01 -1.823290252685546875e+01 6.356365084648132324e-01 -2.735598087310791016e+00 -4.574906349182128906e+00
6.783074855804443359e+00 1.660276031494140625e+01 -1.832010650634765625e+01 7.780138850212097168e-01 -2.842119693756103516e+00 -4.423119544982910156e+00
6.804802894592285156e+00 1.655814933776855469e+01 -1.841988372802734375e+01 9.582876563072204590e-01 -2.724464178085327148e+00 -4.404694557189941406e+00
6.818113803863525391e+00 1.651191711425781250e+01 -1.849712371826171875e+01 9.027767777442932129e-01 -2.699709415435791016e+00 -4.283642292022705078e+00
6.827229499816894531e+00 1.646723175048828125e+01 -1.859093093872070312e+01 8.202501535415649414e-01 -2.787924766540527344e+00 -4.397361755371093750e+00
6.844025135040283203e+00 1.640659713745117188e+01 -1.867428398132324219e+01 7.298086285591125488e-01 -2.780647277832031250e+00 -4.385429859161376953e+00
6.857187271118164062e+00 1.635645484924316406e+01 -1.876086616516113281e+01 5.639298558235168457e-01 -2.799558877944946289e+00 -4.303384304046630859e+00
6.866574287414550781e+00 1.631293296813964844e+01 -1.883873176574707031e+01 5.900802016258239746e-01 -2.735912084579467773e+00 -4.074349880218505859e+00
6.892630100250244141e+00 1.625748634338378906e+01 -1.891568565368652344e+01 7.326488494873046875e-01 -2.629047632217407227e+00 -4.048228263854980469e+00
6.906375885009765625e+00 1.619614982604980469e+01 -1.900524139404296875e+01 7.774705290794372559e-01 -2.728793621063232422e+00 -4.022737979888916016e+00
6.924378871917724609e+00 1.613720130920410156e+01 -1.907712936401367188e+01 7.530868649482727051e-01 -2.743920803070068359e+00 -3.951267480850219727e+00
6.938454627990722656e+00 1.609524536132812500e+01 -1.916760253906250000e+01 8.113107681274414062e-01 -2.829481363296508789e+00 -3.878691434860229492e+00
6.958493232727050781e+00 1.604667854309082031e+01 -1.923772621154785156e+01 7.391975522041320801e-01 -2.791208267211914062e+00 -3.914726734161376953e+00
6.970298290252685547e+00 1.599355792999267578e+01 -1.930696487426757812e+01 5.786010026931762695e-01 -2.934119462966918945e+00 -3.754883766174316406e+00
6.979097366333007812e+00 1.592395496368408203e+01 -1.936927795410156250e+01 5.363925099372863770e-01 -2.972437381744384766e+00 -3.851788520812988281e+00
6.997562885284423828e+00 1.584722709655761719e+01 -1.948633384704589844e+01 8.474459648132324219e-01 -2.954729795455932617e+00 -3.836386680603027344e+00
7.014824867248535156e+00 1.578085708618164062e+01 -1.956543350219726562e+01 9.631738066673278809e-01 -3.026642799377441406e+00 -3.708033084869384766e+00
7.021099090576171875e+00 1.571945381164550781e+01 -1.963240242004394531e+01 7.750389575958251953e-01 -3.184901952743530273e+00 -3.562805891036987305e+00
7.035598754882812500e+00 1.566596412658691406e+01 -1.970841598510742188e+01 7.022150754928588867e-01 -3.229761362075805664e+00 -3.409240961074829102e+00
7.050542354583740234e+00 1.559672451019287109e+01 -1.977906608581542969e+01 6.229906082153320312e-01 -3.424256801605224609e+00 -3.602599620819091797e+00
7.055305480957031250e+00 1.554727077484130859e+01 -1.984133529663085938e+01 4.821322560310363770e-01 -3.445715665817260742e+00 -3.416306495666503906e+00
7.083335399627685547e+00 1.547180080413818359e+01 -1.991173171997070312e+01 5.446386337280273438e-01 -3.450968980789184570e+00 -3.455540180206298828e+00
7.089382648468017578e+00 1.539131832122802734e+01 -1.997769165039062500e+01 7.209531068801879883e-01 -3.353724718093872070e+00 -3.395154714584350586e+00
7.102396965026855469e+00 1.534312629699707031e+01 -2.003489494323730469e+01 7.674850821495056152e-01 -3.355966329574584961e+00 -3.256328582763671875e+00
7.108609676361083984e+00 1.528001308441162109e+01 -2.010217666625976562e+01 7.196810245513916016e-01 -3.380531072616577148e+00 -3.192555427551269531e+00
7.128326892852783203e+00 1.520437145233154297e+01 -2.017152976989746094e+01 5.441454648971557617e-01 -3.529337167739868164e+00 -3.162238597869873047e+00
7.140374183654785156e+00 1.514322185516357422e+01 -2.023809242248535156e+01 5.120480656623840332e-01 -3.674486398696899414e+00 -3.078221082687377930e+00
7.134571075439453125e+00 1.505971622467041016e+01 -2.029683303833007812e+01 4.469003975391387939e-01 -3.803240060806274414e+00 -2.881532907485961914e+00
7.146762847900390625e+00 1.499217700958251953e+01 -2.035412406921386719e+01 6.325359344482421875e-01 -3.776942014694213867e+00 -2.980802297592163086e+00
7.158432960510253906e+00 1.491696071624755859e+01 -2.040937232971191406e+01 6.048222780227661133e-01 -3.756715536117553711e+00 -2.926421403884887695e+00
7.172485351562500000e+00 1.484650230407714844e+01 -2.047321510314941406e+01 4.332579076290130615e-01 -3.897297143936157227e+00 -2.841656684875488281e+00
7.186741828918457031e+00 1.476169204711914062e+01 -2.054138755798339844e+01 5.102609992027282715e-01 -3.698092460632324219e+00 -2.670019388198852539e+00
7.204313755035400391e+00 1.469205188751220703e+01 -2.058969879150390625e+01 5.894148945808410645e-01 -3.800753593444824219e+00 -2.748420238494873047e+00
7.214272499084472656e+00 1.461778926849365234e+01 -2.065522003173828125e+01 5.379375815391540527e-01 -3.887012958526611328e+00 -2.819405078887939453e+00
7.218136310577392578e+00 1.455722904205322266e+01 -2.071133422851562500e+01 3.799100816249847412e-01 -3.953644990921020508e+00 -2.882252693176269531e+00
7.225609302520751953e+00 1.445823192596435547e+01 -2.076044082641601562e+01 3.613595962524414062e-01 -4.024770259857177734e+00 -2.859496831893920898e+00
7.253596305847167969e+00 1.433905315399169922e+01 -2.085467529296875000e+01 4.048908948898315430e-01 -4.178627967834472656e+00 -2.588554143905639648e+00
7.262221336364746094e+00 1.425531196594238281e+01 -2.090136146545410156e+01 3.623340725898742676e-01 -4.201813220977783203e+00 -2.542551755905151367e+00
7.253808021545410156e+00 1.415726852416992188e+01 -2.095217514038085938e+01 4.339442551136016846e-01 -4.127811431884765625e+00 -2.625424385070800781e+00
7.267418861389160156e+00 1.409195613861083984e+01 -2.100262832641601562e+01 6.579449176788330078e-01 -4.046071052551269531e+00 -2.702630281448364258e+00
7.282831668853759766e+00 1.400824832916259766e+01 -2.105901908874511719e+01 4.046556651592254639e-01 -4.347186565399169922e+00 -2.422249078750610352e+00
7.283089160919189453e+00 1.391388320922851562e+01 -2.110913276672363281e+01 4.061154723167419434e-01 -4.547783374786376953e+00 -2.311014652252197266e+00
7.296564579010009766e+00 1.383553504943847656e+01 -2.115163612365722656e+01 3.294926285743713379e-01 -4.285263538360595703e+00 -2.349629402160644531e+00
7.305648803710937500e+00 1.375784873962402344e+01 -2.119623756408691406e+01 2.507528662681579590e-01 -4.197681903839111328e+00 -2.095625400543212891e+00
7.290148258209228516e+00 1.366091918945312500e+01 -2.123750495910644531e+01 3.520378172397613525e-01 -4.228108406066894531e+00 -2.085454940795898438e+00
7.302538394927978516e+00 1.357854938507080078e+01 -2.128472328186035156e+01 4.406205117702484131e-01 -4.269598960876464844e+00 -1.900003910064697266e+00
7.322041034698486328e+00 1.347987937927246094e+01 -2.132206726074218750e+01 3.836213052272796631e-01 -4.195956230163574219e+00 -1.864962697029113770e+00
7.327161312103271484e+00 1.342844867706298828e+01 -2.136490058898925781e+01 2.934190332889556885e-01 -4.207306861877441406e+00 -2.024383783340454102e+00
7.326445579528808594e+00 1.333524513244628906e+01 -2.139599609375000000e+01 2.220482379198074341e-01 -4.351280689239501953e+00 -1.828059077262878418e+00
7.331072330474853516e+00 1.325814723968505859e+01 -2.142957878112792969e+01 1.384674310684204102e-01 -4.418834686279296875e+00 -1.709127902984619141e+00
7.323829650878906250e+00 1.317763519287109375e+01 -2.145466041564941406e+01 1.891104727983474731e-01 -4.363014221191406250e+00 -1.553681135177612305e+00
7.331287384033203125e+00 1.309320831298828125e+01 -2.147904014587402344e+01 3.297160565853118896e-01 -4.294815540313720703e+00 -1.309872746467590332e+00
7.340557575225830078e+00 1.299685001373291016e+01 -2.152381134033203125e+01 2.126047164201736450e-01 -4.280182838439941406e+00 -1.318890690803527832e+00
7.346670627593994141e+00 1.290459823608398438e+01 -2.152809906005859375e+01 2.089500427246093750e-01 -4.268213748931884766e+00 -1.236365795135498047e+00
7.364336490631103516e+00 1.284051799774169922e+01 -2.156176567077636719e+01 1.695267111063003540e-01 -4.184880733489990234e+00 -1.302262544631958008e+00
7.360944271087646484e+00 1.275114917755126953e+01 -2.157850646972656250e+01 4.213145375251770020e-01 -4.065826892852783203e+00 -1.084385275840759277e+00
7.383658885955810547e+00 1.263054847717285156e+01 -2.161669540405273438e+01 2.467925548553466797e-01 -4.174306869506835938e+00 -9.871815443038940430e-01
7.379736900329589844e+00 1.256584072113037109e+01 -2.163698196411132812e+01 1.671138219535350800e-02 -4.061471462249755859e+00 -9.280203580856323242e-01
7.381859779357910156e+00 1.248464488983154297e+01 -2.165071105957031250e+01 2.443452030420303345e-01 -4.075930118560791016e+00 -9.311693906784057617e-01
7.382774353027343750e+00 1.240368080139160156e+01 -2.167432212829589844e+01 2.455085664987564087e-01 -4.070120334625244141e+00 -8.872562050819396973e-01
7.372262001037597656e+00 1.232648086547851562e+01 -2.169248771667480469e+01 1.516740024089813232e-01 -3.975389957427978516e+00 -6.860319972038269043e-01
7.386060714721679688e+00 1.226106929779052734e+01 -2.170248413085937500e+01 1.721548587083816528e-01 -3.970283269882202148e+00 -4.018302559852600098e-01
7.386706352233886719e+00 1.217907619476318359e+01 -2.170737266540527344e+01 4.093160480260848999e-02 -4.043525218963623047e+00 -3.632097840309143066e-01
7.380832672119140625e+00 1.209962272644042969e+01 -2.171839332580566406e+01 8.331918716430664062e-02 -4.010513782501220703e+00 -5.298401117324829102e-01
7.392068862915039062e+00 1.201575946807861328e+01 -2.172244644165039062e+01 2.906312048435211182e-01 -3.809776067733764648e+00 -4.934720993041992188e-01
7.398754596710205078e+00 1.194599246978759766e+01 -2.173569297790527344e+01 2.111595869064331055e-01 -3.709928512573242188e+00 -3.291492760181427002e-01
7.400815963745117188e+00 1.187465095520019531e+01 -2.174687576293945312e+01 2.872884571552276611e-01 -3.811962842941284180e+00 -1.500329524278640747e-01
7.404269218444824219e+00 1.178866577148437500e+01 -2.174549293518066406e+01 1.662472337484359741e-01 -3.793612480163574219e+00 -1.381699889898300171e-01
7.425072193145751953e+00 1.171688938140869141e+01 -2.175570297241210938e+01 -4.008711129426956177e-02 -3.814631462097167969e+00 -1.089394763112068176e-01
7.421871662139892578e+00 1.163494491577148438e+01 -2.175896072387695312e+01 -1.295944601297378540e-01 -3.820866346359252930e+00 1.624835878610610962e-01
7.428113460540771484e+00 1.155433845520019531e+01 -2.175696754455566406e+01 -2.709717117249965668e-02 -3.891071319580078125e+00 3.050754666328430176e-01
7.411384582519531250e+00 1.149196338653564453e+01 -2.175377464294433594e+01 3.797779791057109833e-03 -3.732794046401977539e+00 2.910401821136474609e-01
7.414670944213867188e+00 1.143719673156738281e+01 -2.174767112731933594e+01 -2.742604613304138184e-01 -3.783876419067382812e+00 4.835371077060699463e-01
7.415346145629882812e+00 1.135310459136962891e+01 -2.172805976867675781e+01 -1.783365160226821899e-01 -3.895663738250732422e+00 6.814534664154052734e-01
7.411491394042968750e+00 1.126837062835693359e+01 -2.172672843933105469e+01 -1.074262633919715881e-01 -3.882983207702636719e+00 8.356562852859497070e-01
7.397745609283447266e+00 1.121504878997802734e+01 -2.169461059570312500e+01 -2.382266670465469360e-01 -3.749212265014648438e+00 1.138688683509826660e+00
7.392933368682861328e+00 1.112240028381347656e+01 -2.169296646118164062e+01 -8.718267083168029785e-02 -3.744620084762573242e+00 1.268461704254150391e+00
7.397420883178710938e+00 1.102894592285156250e+01 -2.165503120422363281e+01 6.417577713727951050e-02 -3.775207757949829102e+00 1.350813031196594238e+00
7.405802249908447266e+00 1.095036697387695312e+01 -2.162042617797851562e+01 5.129564180970191956e-02 -3.508217573165893555e+00 1.594785094261169434e+00
7.401566982269287109e+00 1.089441108703613281e+01 -2.158384895324707031e+01 -2.748850919306278229e-02 -3.344247579574584961e+00 1.965338110923767090e+00
7.407664299011230469e+00 1.083160018920898438e+01 -2.155119705200195312e+01 -2.369861751794815063e-01 -3.244712114334106445e+00 1.990797400474548340e+00
7.388685703277587891e+00 1.076970863342285156e+01 -2.151112556457519531e+01 -4.369904994964599609e-01 -3.104772090911865234e+00 2.511049985885620117e+00
7.390647411346435547e+00 1.071801662445068359e+01 -2.145811843872070312e+01 -3.654552400112152100e-01 -2.930199146270751953e+00 2.778164148330688477e+00
7.367027759552001953e+00 1.066781330108642578e+01 -2.141526985168457031e+01 -3.044506013393402100e-01 -2.962883472442626953e+00 3.039068698883056641e+00
7.359882831573486328e+00 1.059662628173828125e+01 -2.135368347167968750e+01 -3.200228214263916016e-01 -2.716942071914672852e+00 3.208873987197875977e+00
7.361773014068603516e+00 1.053801155090332031e+01 -2.128731155395507812e+01 -3.015908598899841309e-01 -2.306457996368408203e+00 3.592612028121948242e+00
7.349740028381347656e+00 1.048687839508056641e+01 -2.121668243408203125e+01 -1.716318428516387939e-01 -2.196765422821044922e+00 3.965893507003784180e+00
7.348410129547119141e+00 1.044142246246337891e+01 -2.113919067382812500e+01 -1.058098897337913513e-01 -1.985393881797790527e+00 4.380658149719238281e+00
7.357113838195800781e+00 1.040323734283447266e+01 -2.104055213928222656e+01 -1.615277528762817383e-01 -1.787534952163696289e+00 4.790625095367431641e+00
7.347245693206787109e+00 1.039838790893554688e+01 -2.095021247863769531e+01 -2.598631680011749268e-01 -1.382632732391357422e+00 5.315970420837402344e+00
7.347353935241699219e+00 1.036731815338134766e+01 -2.084400939941406250e+01 -5.083549618721008301e-01 -6.944125890731811523e-01 5.640740871429443359e+00
7.338901519775390625e+00 1.037503528594970703e+01 -2.073439979553222656e+01 -5.410043597221374512e-01 -1.339084804058074951e-01 6.265393257141113281e+00
7.321863174438476562e+00 1.037878799438476562e+01 -2.060874366760253906e+01 -5.940999984741210938e-01 6.592736244201660156e-01 6.910742282867431641e+00
7.317643165588378906e+00 1.039951133728027344e+01 -2.047192001342773438e+01 -4.825349450111389160e-01 1.560975909233093262e+00 7.355140209197998047e+00
7.312546253204345703e+00 1.042458438873291016e+01 -2.030991554260253906e+01 -2.905268967151641846e-01 2.713471651077270508e+00 7.847076892852783203e+00
7.298099517822265625e+00 1.050159931182861328e+01 -2.015476226806640625e+01 -2.170069366693496704e-01 4.350686550140380859e+00 8.565067291259765625e+00
7.296989917755126953e+00 1.060786819458007812e+01 -1.997916030883789062e+01 8.611962944269180298e-02 6.241549491882324219e+00 8.820663452148437500e+00
7.304939746856689453e+00 1.074678516387939453e+01 -1.980833816528320312e+01 4.555703103542327881e-01 8.453181266784667969e+00 8.432000160217285156e+00
7.326985359191894531e+00 1.106213569641113281e+01 -1.957032012939453125e+01 7.702156305313110352e-01 1.136046600341796875e+01 7.112723827362060547e+00
7.357112407684326172e+00 1.132077407836914062e+01 -1.942685317993164062e+01 1.301250696182250977e+00 1.246764564514160156e+01 5.359785556793212891e+00
7.380797386169433594e+00 1.158798789978027344e+01 -1.933849143981933594e+01 1.533886671066284180e+00 1.287529373168945312e+01 3.569562673568725586e+00
7.416146278381347656e+00 1.189911556243896484e+01 -1.928776168823242188e+01 1.969662547111511230e+00 1.297149085998535156e+01 1.970017313957214355e+00
7.453608512878417969e+00 1.221176624298095703e+01 -1.926477241516113281e+01 2.158253431320190430e+00 1.260842895507812500e+01 9.676359891891479492e-01
7.487751007080078125e+00 1.250240516662597656e+01 -1.926563835144042969e+01 2.063507080078125000e+00 1.227774047851562500e+01 -1.074283570051193237e-01
7.534058094024658203e+00 1.277876281738281250e+01 -1.929211235046386719e+01 2.013879060745239258e+00 1.197735786437988281e+01 -1.244314312934875488e+00
7.590964794158935547e+00 1.303681468963623047e+01 -1.935066032409667969e+01 2.142971515655517578e+00 1.138076114654541016e+01 -1.930305242538452148e+00
7.640431404113769531e+00 1.326720619201660156e+01 -1.941827392578125000e+01 2.120049953460693359e+00 1.063444614410400391e+01 -2.771914720535278320e+00
7.696384906768798828e+00 1.348029804229736328e+01 -1.950678634643554688e+01 2.061343193054199219e+00 9.801186561584472656e+00 -3.370266914367675781e+00
7.725819587707519531e+00 1.365435218811035156e+01 -1.960098457336425781e+01 2.049544334411621094e+00 8.919421195983886719e+00 -4.159022808074951172e+00
7.766696453094482422e+00 1.381030464172363281e+01 -1.968864250183105469e+01 2.189985752105712891e+00 8.014491081237792969e+00 -4.279552936553955078e+00
7.814584732055664062e+00 1.395715236663818359e+01 -1.978840637207031250e+01 1.971228957176208496e+00 7.135096549987792969e+00 -4.610384941101074219e+00
7.852594375610351562e+00 1.406287479400634766e+01 -1.990021514892578125e+01 2.050504207611083984e+00 6.639054775238037109e+00 -4.994039058685302734e+00
7.891171455383300781e+00 1.414417362213134766e+01 -2.000306510925292969e+01 2.090521812438964844e+00 5.757350444793701172e+00 -5.162396430969238281e+00
7.938213825225830078e+00 1.421720981597900391e+01 -2.010611724853515625e+01 1.938113927841186523e+00 4.933537006378173828e+00 -5.442241191864013672e+00
7.973981380462646484e+00 1.428647994995117188e+01 -2.020481109619140625e+01 1.638571143150329590e+00 4.137539386749267578e+00 -5.432675361633300781e+00
7.984615802764892578e+00 1.433935070037841797e+01 -2.030574607849121094e+01 1.525762557983398438e+00 3.344333171844482422e+00 -5.582251071929931641e+00
8.013915061950683594e+00 1.437584972381591797e+01 -2.041393852233886719e+01 1.541056990623474121e+00 2.650836944580078125e+00 -5.612456321716308594e+00
8.012972831726074219e+00 1.438683319091796875e+01 -2.050876426696777344e+01 1.445853352546691895e+00 2.179273366928100586e+00 -5.684230327606201172e+00
8.042089462280273438e+00 1.439524269104003906e+01 -2.062724876403808594e+01 1.457021236419677734e+00 1.689856410026550293e+00 -5.637727260589599609e+00
8.085745811462402344e+00 1.441419124603271484e+01 -2.079520416259765625e+01 1.351026773452758789e+00 8.493211269378662109e-01 -5.851541042327880859e+00
8.119018554687500000e+00 1.441386985778808594e+01 -2.090365982055664062e+01 1.410828828811645508e+00 6.762239336967468262e-01 -5.907671451568603516e+00
8.129452705383300781e+00 1.439758014678955078e+01 -2.100859642028808594e+01 1.327726006507873535e+00 5.200260281562805176e-01 -5.869247913360595703e+00
8.154258728027343750e+00 1.441100978851318359e+01 -2.111216926574707031e+01 1.337165355682373047e+00 1.219193413853645325e-01 -5.856264591217041016e+00
8.190626144409179688e+00 1.439243698120117188e+01 -2.123122024536132812e+01 1.333796143531799316e+00 -1.969763934612274170e-01 -5.808876991271972656e+00
8.214394569396972656e+00 1.437233066558837891e+01 -2.135254478454589844e+01 1.267338514328002930e+00 -3.757453560829162598e-01 -5.883156299591064453e+00
8.231942176818847656e+00 1.435509395599365234e+01 -2.145396041870117188e+01 1.163394331932067871e+00 -4.964072406291961670e-01 -5.927165508270263672e+00
8.270828247070312500e+00 1.433483791351318359e+01 -2.158159065246582031e+01 1.295783877372741699e+00 -6.527147889137268066e-01 -5.895778656005859375e+00
8.280706405639648438e+00 1.430314826965332031e+01 -2.170325851440429688e+01 1.191504955291748047e+00 -9.334222674369812012e-01 -5.918563365936279297e+00
8.302992820739746094e+00 1.426573944091796875e+01 -2.180634880065917969e+01 1.176716089248657227e+00 -1.311436414718627930e+00 -5.742182254791259766e+00
8.338499069213867188e+00 1.423132991790771484e+01 -2.191752243041992188e+01 1.289661049842834473e+00 -1.524183988571166992e+00 -5.983088493347167969e+00
8.363160133361816406e+00 1.420093345642089844e+01 -2.202887535095214844e+01 1.212714076042175293e+00 -1.626101374626159668e+00 -6.077503681182861328e+00
8.376710891723632812e+00 1.414978408813476562e+01 -2.214261245727539062e+01 1.065619111061096191e+00 -1.509420394897460938e+00 -5.837719440460205078e+00
8.396572113037109375e+00 1.411525440216064453e+01 -2.225000000000000000e+01 9.614584445953369141e-01 -1.700870871543884277e+00 -5.782638072967529297e+00
8.420433998107910156e+00 1.408351325988769531e+01 -2.235343933105468750e+01 1.115927577018737793e+00 -1.971740126609802246e+00 -5.893101215362548828e+00
8.462306976318359375e+00 1.401735401153564453e+01 -2.246694755554199219e+01 1.308815002441406250e+00 -2.258033514022827148e+00 -5.905897617340087891e+00
8.464202880859375000e+00 1.398619747161865234e+01 -2.256058692932128906e+01 1.224540472030639648e+00 -2.236881494522094727e+00 -5.959519386291503906e+00
8.482439041137695312e+00 1.392326641082763672e+01 -2.266469764709472656e+01 1.097048163414001465e+00 -2.327824115753173828e+00 -5.776244163513183594e+00
8.500325202941894531e+00 1.388428688049316406e+01 -2.277398490905761719e+01 1.136670827865600586e+00 -2.288587570190429688e+00 -5.743620872497558594e+00
8.529382705688476562e+00 1.382429695129394531e+01 -2.287915992736816406e+01 1.045598149299621582e+00 -2.484060525894165039e+00 -5.778531551361083984e+00
8.542518615722656250e+00 1.377656745910644531e+01 -2.299018096923828125e+01 9.753469228744506836e-01 -2.615483522415161133e+00 -5.770629405975341797e+00
8.566591262817382812e+00 1.369621562957763672e+01 -2.314239883422851562e+01 9.173130393028259277e-01 -2.820945024490356445e+00 -5.583109378814697266e+00
8.594125747680664062e+00 1.362969017028808594e+01 -2.325569725036621094e+01 9.902223944664001465e-01 -2.728273868560791016e+00 -5.711116790771484375e+00
8.596069335937500000e+00 1.357882785797119141e+01 -2.335886192321777344e+01 9.445613026618957520e-01 -2.991472482681274414e+00 -5.534001350402832031e+00
8.619032859802246094e+00 1.351144218444824219e+01 -2.346769523620605469e+01 8.107092380523681641e-01 -3.074518442153930664e+00 -5.638839721679687500e+00
8.648594856262207031e+00 1.346388530731201172e+01 -2.357512092590332031e+01 7.582420110702514648e-01 -3.042384862899780273e+00 -5.730425834655761719e+00
8.659945487976074219e+00 1.339439010620117188e+01 -2.367708587646484375e+01 8.491737246513366699e-01 -2.931590318679809570e+00 -5.499019145965576172e+00
8.666793823242187500e+00 1.333975315093994141e+01 -2.377930068969726562e+01 8.079686760902404785e-01 -3.273033380508422852e+00 -5.500952243804931641e+00
8.683413505554199219e+00 1.327118396759033203e+01 -2.388501167297363281e+01 8.220556378364562988e-01 -3.335529088973999023e+00 -5.579204559326171875e+00
8.706068992614746094e+00 1.319535732269287109e+01 -2.398102760314941406e+01 8.879681229591369629e-01 -3.228586673736572266e+00 -5.227348804473876953e+00
8.713582038879394531e+00 1.313150119781494141e+01 -2.407818031311035156e+01 8.535184860229492188e-01 -3.408840179443359375e+00 -5.012071609497070312e+00
8.727874755859375000e+00 1.306869125366210938e+01 -2.418031501770019531e+01 9.775674939155578613e-01 -3.520364284515380859e+00 -5.330970287322998047e+00
8.739944458007812500e+00 1.300022983551025391e+01 -2.428366279602050781e+01 1.032723307609558105e+00 -3.534851789474487305e+00 -5.425550937652587891e+00
8.770823478698730469e+00 1.292840385437011719e+01 -2.437117195129394531e+01 8.483366370201110840e-01 -3.645071744918823242e+00 -5.381371021270751953e+00
8.778553962707519531e+00 1.285847473144531250e+01 -2.447601890563964844e+01 7.965851426124572754e-01 -3.599575042724609375e+00 -5.188012123107910156e+00
8.781420707702636719e+00 1.280040550231933594e+01 -2.458164405822753906e+01 6.478282213211059570e-01 -3.817588329315185547e+00 -5.301212787628173828e+00
8.792410850524902344e+00 1.272511386871337891e+01 -2.467186737060546875e+01 7.268202304840087891e-01 -3.729784250259399414e+00 -5.271249771118164062e+00
8.809450149536132812e+00 1.265155029296875000e+01 -2.477300453186035156e+01 8.709418177604675293e-01 -3.687666654586791992e+00 -5.402544498443603516e+00
8.840885162353515625e+00 1.257529640197753906e+01 -2.488865661621093750e+01 8.144004344940185547e-01 -3.789156198501586914e+00 -5.558405399322509766e+00
8.839917182922363281e+00 1.251709079742431641e+01 -2.498088455200195312e+01 8.362241387367248535e-01 -3.851989984512329102e+00 -5.365909576416015625e+00
8.863716125488281250e+00 1.245026493072509766e+01 -2.508592796325683594e+01 9.473804831504821777e-01 -3.669589996337890625e+00 -5.646176815032958984e+00
8.898568153381347656e+00 1.238310623168945312e+01 -2.518868064880371094e+01 1.008831739425659180e+00 -3.714323759078979492e+00 -5.567832469940185547e+00
8.921483993530273438e+00 1.228239059448242188e+01 -2.534918594360351562e+01 6.735749840736389160e-01 -3.768051385879516602e+00 -5.608323574066162109e+00
8.934914588928222656e+00 1.221889114379882812e+01 -2.547037696838378906e+01 7.051445841789245605e-01 -3.812885046005249023e+00 -5.625677108764648438e+00
8.945405006408691406e+00 1.213779735565185547e+01 -2.557777595520019531e+01 7.601685523986816406e-01 -3.858875751495361328e+00 -5.683301448822021484e+00
8.960969924926757812e+00 1.207502365112304688e+01 -2.569750022888183594e+01 8.592320680618286133e-01 -3.962352037429809570e+00 -5.498474121093750000e+00
8.969233512878417969e+00 1.199675273895263672e+01 -2.580814552307128906e+01 8.102241158485412598e-01 -3.969940900802612305e+00 -5.596388339996337891e+00
9.000207901000976562e+00 1.192045593261718750e+01 -2.592868232727050781e+01 1.042341589927673340e+00 -4.311082839965820312e+00 -5.833277225494384766e+00
9.030640602111816406e+00 1.183292388916015625e+01 -2.604267501831054688e+01 9.510235786437988281e-01 -4.167665004730224609e+00 -5.879700183868408203e+00
9.044075965881347656e+00 1.175602054595947266e+01 -2.616297531127929688e+01 8.591130971908569336e-01 -4.074942588806152344e+00 -5.802756786346435547e+00
9.062393188476562500e+00 1.168843269348144531e+01 -2.627676200866699219e+01 7.627400755882263184e-01 -4.178328037261962891e+00 -5.910245418548583984e+00
9.080308914184570312e+00 1.160680770874023438e+01 -2.638744544982910156e+01 6.426737904548645020e-01 -4.245142936706542969e+00 -5.813881874084472656e+00
9.080491065979003906e+00 1.151697063446044922e+01 -2.650758361816406250e+01 7.250193357467651367e-01 -4.523215293884277344e+00 -5.832976341247558594e+00
9.095206260681152344e+00 1.140124988555908203e+01 -2.660437774658203125e+01 7.023884057998657227e-01 -4.548053741455078125e+00 -5.550365924835205078e+00
9.116941452026367188e+00 1.131603240966796875e+01 -2.672742271423339844e+01 7.884644865989685059e-01 -4.604473114013671875e+00 -5.490385532379150391e+00
9.139734268188476562e+00 1.123354530334472656e+01 -2.683371925354003906e+01 7.440410852432250977e-01 -4.729782104492187500e+00 -5.735810279846191406e+00
9.153851509094238281e+00 1.113276290893554688e+01 -2.694547271728515625e+01 6.815956830978393555e-01 -4.690574169158935547e+00 -5.571029186248779297e+00
9.157306671142578125e+00 1.103602504730224609e+01 -2.705146026611328125e+01 6.852889657020568848e-01 -4.690350055694580078e+00 -5.396531581878662109e+00
9.163084983825683594e+00 1.094876289367675781e+01 -2.715918731689453125e+01 7.775556445121765137e-01 -5.012821674346923828e+00 -5.577193737030029297e+00
9.182435035705566406e+00 1.084717464447021484e+01 -2.725880432128906250e+01 7.653269171714782715e-01 -5.212389945983886719e+00 -5.506291389465332031e+00
9.192830085754394531e+00 1.074617385864257812e+01 -2.735698890686035156e+01 8.886401057243347168e-01 -5.387664318084716797e+00 -5.521449565887451172e+00
9.203975677490234375e+00 1.066448020935058594e+01 -2.746760749816894531e+01 8.515588641166687012e-01 -5.543728351593017578e+00 -5.432839870452880859e+00
9.221490859985351562e+00 1.050335216522216797e+01 -2.762203979492187500e+01 6.768229007720947266e-01 -5.618346691131591797e+00 -5.302281379699707031e+00
9.243714332580566406e+00 1.038074874877929688e+01 -2.772665596008300781e+01 6.358038187026977539e-01 -5.815008640289306641e+00 -4.898851394653320312e+00
9.256851196289062500e+00 1.028011417388916016e+01 -2.782347106933593750e+01 6.297707557678222656e-01 -6.256259441375732422e+00 -5.052159309387207031e+00
9.253870964050292969e+00 1.014846038818359375e+01 -2.793001937866210938e+01 4.772810041904449463e-01 -6.471540927886962891e+00 -5.092982292175292969e+00
9.271821022033691406e+00 1.002578449249267578e+01 -2.803197479248046875e+01 4.714458286762237549e-01 -6.749541282653808594e+00 -4.728449344635009766e+00
9.285593986511230469e+00 9.883846282958984375e+00 -2.811325263977050781e+01 3.676644563674926758e-01 -7.281967639923095703e+00 -4.490837097167968750e+00
9.294085502624511719e+00 9.743168830871582031e+00 -2.820229530334472656e+01 3.026474416255950928e-01 -7.832308769226074219e+00 -4.033953666687011719e+00
9.299484252929687500e+00 9.587106704711914062e+00 -2.827920532226562500e+01 -5.150745064020156860e-02 -8.596436500549316406e+00 -3.594619035720825195e+00
9.297537803649902344e+00 9.394499778747558594e+00 -2.834456443786621094e+01 -2.069725692272186279e-01 -9.311211585998535156e+00 -2.409680128097534180e+00
9.289217948913574219e+00 9.208480834960937500e+00 -2.836766242980957031e+01 -2.818640768527984619e-01 -9.966772079467773438e+00 -8.982120156288146973e-01
9.292814254760742188e+00 9.018143653869628906e+00 -2.834913444519042969e+01 -4.903591573238372803e-01 -9.976957321166992188e+00 1.213355660438537598e+00
9.263187408447265625e+00 8.819597244262695312e+00 -2.829432487487792969e+01 -6.898920536041259766e-01 -8.619461059570312500e+00 3.055227518081665039e+00
9.251275062561035156e+00 8.648927688598632812e+00 -2.820059967041015625e+01 -5.282573103904724121e-01 -6.864248275756835938e+00 3.710129976272583008e+00
9.232506752014160156e+00 8.519057273864746094e+00 -2.808103179931640625e+01 -3.539958894252777100e-01 -5.397335529327392578e+00 3.467416048049926758e+00
9.200634956359863281e+00 8.416149139404296875e+00 -2.796393585205078125e+01 -3.290821909904479980e-01 -4.316910266876220703e+00 3.333616971969604492e+00
9.192877769470214844e+00 8.337975502014160156e+00 -2.784696578979492188e+01 -2.958144843578338623e-01 -3.589235782623291016e+00 3.252828836441040039e+00
9.192211151123046875e+00 8.279357910156250000e+00 -2.774754714965820312e+01 -2.599803805351257324e-01 -2.928882837295532227e+00 3.095410108566284180e+00
9.176076889038085938e+00 8.240594863891601562e+00 -2.766199684143066406e+01 -2.315398901700973511e-01 -2.437977313995361328e+00 2.773297071456909180e+00
9.179708480834960938e+00 8.217587471008300781e+00 -2.760143089294433594e+01 1.430930942296981812e-01 -2.042372226715087891e+00 2.185803890228271484e+00
9.166668891906738281e+00 8.212373733520507812e+00 -2.756943702697753906e+01 2.742351293563842773e-01 -1.519544601440429688e+00 1.629302501678466797e+00
9.183059692382812500e+00 8.204595565795898438e+00 -2.754775810241699219e+01 4.923629462718963623e-01 -1.058349967002868652e+00 9.312877058982849121e-01
9.209198951721191406e+00 8.184949874877929688e+00 -2.757212638854980469e+01 5.462160706520080566e-01 -4.416421055793762207e-01 -6.463090330362319946e-02
9.224863052368164062e+00 8.196740150451660156e+00 -2.760259819030761719e+01 5.298151969909667969e-01 -3.069399297237396240e-01 -8.530079722404479980e-01
9.263787269592285156e+00 8.194363594055175781e+00 -2.764866065979003906e+01 6.384129524230957031e-01 -3.697599172592163086e-01 -1.593357443809509277e+00
9.289730072021484375e+00 8.202328681945800781e+00 -2.771991157531738281e+01 8.779863715171813965e-01 -1.815951466560363770e-01 -2.158103942871093750e+00
9.297142982482910156e+00 8.205605506896972656e+00 -2.780011367797851562e+01 1.032752871513366699e+00 -2.806290388107299805e-01 -2.610322713851928711e+00
9.324209213256835938e+00 8.194859504699707031e+00 -2.788402938842773438e+01 1.207646846771240234e+00 -9.656221419572830200e-02 -3.102044820785522461e+00
9.333300590515136719e+00 8.187424659729003906e+00 -2.798654556274414062e+01 1.255955219268798828e+00 1.822288483381271362e-01 -3.590933322906494141e+00
9.374093055725097656e+00 8.181806564331054688e+00 -2.807705497741699219e+01 1.080613493919372559e+00 3.324977308511734009e-02 -3.684734344482421875e+00
9.425236701965332031e+00 8.189934730529785156e+00 -2.816633605957031250e+01 1.076427817344665527e+00 1.712478697299957275e-01 -3.938619375228881836e+00
9.464303970336914062e+00 8.196399688720703125e+00 -2.827346229553222656e+01 1.314158558845520020e+00 3.067431449890136719e-01 -4.359669208526611328e+00
9.486102104187011719e+00 8.214480400085449219e+00 -2.837227249145507812e+01 1.381961345672607422e+00 2.363006919622421265e-01 -4.612185955047607422e+00
9.508812904357910156e+00 8.233271598815917969e+00 -2.846809577941894531e+01 1.344195723533630371e+00 4.741686880588531494e-01 -4.702188968658447266e+00
9.524484634399414062e+00 8.242450714111328125e+00 -2.858006858825683594e+01 1.383579850196838379e+00 5.192337632179260254e-01 -4.852139949798583984e+00
9.529895782470703125e+00 8.240111351013183594e+00 -2.869103431701660156e+01 1.200964450836181641e+00 6.287502646446228027e-01 -4.755414009094238281e+00
9.553557395935058594e+00 8.252229690551757812e+00 -2.879547882080078125e+01 9.409937262535095215e-01 5.243623256683349609e-01 -4.800023078918457031e+00
9.580077171325683594e+00 8.246426582336425781e+00 -2.888753318786621094e+01 1.165597200393676758e+00 7.185226678848266602e-01 -5.158931255340576172e+00
9.600222587585449219e+00 8.260869026184082031e+00 -2.899842262268066406e+01 1.253103971481323242e+00 5.610751509666442871e-01 -5.554230213165283203e+00
9.623586654663085938e+00 8.273200988769531250e+00 -2.910686492919921875e+01 1.251399278640747070e+00 5.860286951065063477e-01 -5.508646965026855469e+00
9.654851913452148438e+00 8.294668197631835938e+00 -2.921633529663085938e+01 1.259217262268066406e+00 4.165834486484527588e-01 -5.580017089843750000e+00
9.671287536621093750e+00 8.322699546813964844e+00 -2.932868003845214844e+01 1.287623763084411621e+00 5.804564356803894043e-01 -5.599523067474365234e+00
9.692460060119628906e+00 8.323868751525878906e+00 -2.943147468566894531e+01 1.120167136192321777e+00 3.011963665485382080e-01 -5.752296924591064453e+00
9.715559005737304688e+00 8.320287704467773438e+00 -2.960399627685546875e+01 1.294119596481323242e+00 2.452643029391765594e-02 -6.076239109039306641e+00
9.751745223999023438e+00 8.334114074707031250e+00 -2.973314285278320312e+01 1.084609627723693848e+00 2.052913606166839600e-02 -5.982151985168457031e+00
9.785729408264160156e+00 8.334218025207519531e+00 -2.985552406311035156e+01 1.228237152099609375e+00 3.497738018631935120e-02 -5.849992752075195312e+00
9.813678741455078125e+00 8.325857162475585938e+00 -2.997606658935546875e+01 1.465619206428527832e+00 9.073913842439651489e-02 -6.079437255859375000e+00
9.834081649780273438e+00 8.328064918518066406e+00 -3.009619903564453125e+01 1.372145891189575195e+00 -9.762374311685562134e-02 -6.087500572204589844e+00
9.866414070129394531e+00 8.326092720031738281e+00 -3.021822547912597656e+01 1.377652645111083984e+00 -3.037849366664886475e-01 -6.064667224884033203e+00
9.898059844970703125e+00 8.318422317504882812e+00 -3.033650779724121094e+01 1.465277433395385742e+00 -3.793892860412597656e-01 -6.027771472930908203e+00
9.922142028808593750e+00 8.303150177001953125e+00 -3.046032905578613281e+01 1.445194602012634277e+00 -3.529319763183593750e-01 -5.956630229949951172e+00
9.931794166564941406e+00 8.305167198181152344e+00 -3.057360458374023438e+01 1.415457606315612793e+00 -3.138104975223541260e-01 -6.213247776031494141e+00
9.962086677551269531e+00 8.291646957397460938e+00 -3.069139671325683594e+01 1.468642830848693848e+00 -2.465182095766067505e-01 -6.000164031982421875e+00
9.981666564941406250e+00 8.263692855834960938e+00 -3.080263900756835938e+01 1.300717711448669434e+00 -2.750825583934783936e-01 -6.043559551239013672e+00
1.001576900482177734e+01 8.240369796752929688e+00 -3.091944885253906250e+01 1.138495683670043945e+00 -4.625856280326843262e-01 -5.927288532257080078e+00
1.002796363830566406e+01 8.219678878784179688e+00 -3.103825378417968750e+01 1.224276185035705566e+00 -6.136388182640075684e-01 -5.775850772857666016e+00
1.006057262420654297e+01 8.216872215270996094e+00 -3.114765548706054688e+01 1.446990609169006348e+00 -6.623063087463378906e-01 -5.840349197387695312e+00
1.008746337890625000e+01 8.199477195739746094e+00 -3.125402641296386719e+01 1.439175128936767578e+00 -8.299993276596069336e-01 -5.735361099243164062e+00
1.011183452606201172e+01 8.188482284545898438e+00 -3.136595344543457031e+01 1.339625954627990723e+00 -7.558581829071044922e-01 -5.609289646148681641e+00
1.014449119567871094e+01 8.177887916564941406e+00 -3.147349739074707031e+01 1.393084168434143066e+00 -4.272256791591644287e-01 -5.687899589538574219e+00
1.016068553924560547e+01 8.170498847961425781e+00 -3.157366371154785156e+01 1.237261176109313965e+00 -4.848934710025787354e-01 -5.516299724578857422e+00
1.017645263671875000e+01 8.162979125976562500e+00 -3.166819381713867188e+01 8.483693599700927734e-01 -6.228920221328735352e-01 -5.219200134277343750e+00
1.018181800842285156e+01 8.151586532592773438e+00 -3.177775192260742188e+01 8.472096323966979980e-01 -8.322769403457641602e-01 -5.220147132873535156e+00
1.019761276245117188e+01 8.109934806823730469e+00 -3.187356758117675781e+01 8.252195715904235840e-01 -1.103799581527709961e+00 -4.982592582702636719e+00
1.022876358032226562e+01 8.049306869506835938e+00 -3.200445175170898438e+01 1.238251090049743652e+00 -1.397588610649108887e+00 -4.692023754119873047e+00
1.026729774475097656e+01 8.002079010009765625e+00 -3.209850692749023438e+01 1.543050765991210938e+00 -1.313830375671386719e+00 -4.763860702514648438e+00
1.030939579010009766e+01 7.982551097869873047e+00 -3.217414474487304688e+01 1.694157004356384277e+00 -1.025460839271545410e+00 -4.872395992279052734e+00
1.035468482971191406e+01 7.975972652435302734e+00 -3.227538299560546875e+01 1.407152175903320312e+00 -6.539717912673950195e-01 -4.878783702850341797e+00
1.039262866973876953e+01 7.994968414306640625e+00 -3.236086654663085938e+01 1.238821864128112793e+00 -3.732787072658538818e-01 -4.741651535034179688e+00
1.039322948455810547e+01 7.998118877410888672e+00 -3.243098831176757812e+01 9.155057072639465332e-01 -2.194386161863803864e-02 -4.716009140014648438e+00
1.039757633209228516e+01 8.001361846923828125e+00 -3.252401733398437500e+01 8.097661733627319336e-01 3.218483179807662964e-02 -4.656092643737792969e+00
1.038946151733398438e+01 7.987436771392822266e+00 -3.261414337158203125e+01 5.474405288696289062e-01 -3.541293740272521973e-01 -4.914968490600585938e+00
1.040167903900146484e+01 7.968071937561035156e+00 -3.271281814575195312e+01 7.587866187095642090e-01 -5.432407855987548828e-01 -5.160169124603271484e+00
1.042152690887451172e+01 7.963595867156982422e+00 -3.281441116333007812e+01 1.086909294128417969e+00 -6.524258255958557129e-01 -5.471354007720947266e+00
1.045780277252197266e+01 7.946332454681396484e+00 -3.292343521118164062e+01 1.443640351295471191e+00 -3.600997924804687500e-01 -5.468971252441406250e+00
1.048544883728027344e+01 7.951725959777832031e+00 -3.303073120117187500e+01 1.475935816764831543e+00 -8.086232095956802368e-02 -5.994686126708984375e+00
1.052008438110351562e+01 7.975067615509033203e+00 -3.314770126342773438e+01 1.345493793487548828e+00 1.341159045696258545e-01 -6.422376632690429688e+00
1.053260803222656250e+01 7.975146770477294922e+00 -3.327450561523437500e+01 1.109478473663330078e+00 8.403284102678298950e-02 -7.215736865997314453e+00
1.055941581726074219e+01 7.969773292541503906e+00 -3.343616485595703125e+01 1.449019908905029297e+00 -3.667046725749969482e-01 -8.217791557312011719e+00
1.057900333404541016e+01 7.958522796630859375e+00 -3.360226058959960938e+01 1.534551620483398438e+00 -1.411456823348999023e+00 -8.811192512512207031e+00
1.060429573059082031e+01 7.884425640106201172e+00 -3.378886413574218750e+01 1.698867440223693848e+00 -2.846878051757812500e+00 -9.059750556945800781e+00
1.066425037384033203e+01 7.799249649047851562e+00 -3.397003173828125000e+01 1.848388433456420898e+00 -3.721007823944091797e+00 -8.298508644104003906e+00
1.071349906921386719e+01 7.707732677459716797e+00 -3.416968917846679688e+01 1.909878730773925781e+00 -3.891182899475097656e+00 -7.298279762268066406e+00
1.075652122497558594e+01 7.611717700958251953e+00 -3.433535385131835938e+01 1.488234281539916992e+00 -3.690161705017089844e+00 -6.829260826110839844e+00
1.078066921234130859e+01 7.527401447296142578e+00 -3.447840499877929688e+01 1.300060629844665527e+00 -3.676388025283813477e+00 -6.505080223083496094e+00
1.078263187408447266e+01 7.398996829986572266e+00 -3.465170669555664062e+01 6.664842367172241211e-01 -3.557548046112060547e+00 -5.858179569244384766e+00
1.078839492797851562e+01 7.320312976837158203e+00 -3.476447677612304688e+01 5.372033119201660156e-01 -3.439925432205200195e+00 -5.526705741882324219e+00
1.076405048370361328e+01 7.267289161682128906e+00 -3.485207366943359375e+01 2.749429047107696533e-01 -3.501882553100585938e+00 -5.226415157318115234e+00
1.074904060363769531e+01 7.176640510559082031e+00 -3.491421508789062500e+01 1.665769815444946289e-01 -3.464009046554565430e+00 -4.823950767517089844e+00
1.074853038787841797e+01 7.098897457122802734e+00 -3.499645233154296875e+01 3.466829657554626465e-01 -3.218124866485595703e+00 -4.492326259613037109e+00
1.075841522216796875e+01 7.038079738616943359e+00 -3.505845642089843750e+01 6.234090328216552734e-01 -2.978629589080810547e+00 -4.180889129638671875e+00
1.079456233978271484e+01 6.986040115356445312e+00 -3.511587905883789062e+01 7.228305339813232422e-01 -2.649273157119750977e+00 -4.148983955383300781e+00
1.082628917694091797e+01 6.953098773956298828e+00 -3.517702865600585938e+01 1.122045278549194336e+00 -2.231724262237548828e+00 -3.977631807327270508e+00
1.086844062805175781e+01 6.954123497009277344e+00 -3.525799942016601562e+01 1.145800471305847168e+00 -1.856495738029479980e+00 -3.714891433715820312e+00
1.089592266082763672e+01 6.948576927185058594e+00 -3.531015014648437500e+01 1.102553009986877441e+00 -1.444939851760864258e+00 -3.867931365966796875e+00
1.092031002044677734e+01 6.945576190948486328e+00 -3.537236404418945312e+01 8.478239774703979492e-01 -1.411778688430786133e+00 -3.685853242874145508e+00
1.093038463592529297e+01 6.960256099700927734e+00 -3.543888092041015625e+01 7.327398657798767090e-01 -1.180248737335205078e+00 -3.536790132522583008e+00
1.093608856201171875e+01 6.961199283599853516e+00 -3.551403045654296875e+01 7.362804412841796875e-01 -1.071922421455383301e+00 -3.512870311737060547e+00
1.095857048034667969e+01 6.936019897460937500e+00 -3.558221435546875000e+01 7.808578014373779297e-01 -8.801788091659545898e-01 -3.586443424224853516e+00
1.095756816864013672e+01 6.930734634399414062e+00 -3.564257431030273438e+01 6.683312654495239258e-01 -1.082485556602478027e+00 -3.417835712432861328e+00
1.096422863006591797e+01 6.910626888275146484e+00 -3.570393753051757812e+01 6.786141991615295410e-01 -1.068367004394531250e+00 -3.119188785552978516e+00
1.097795963287353516e+01 6.870666027069091797e+00 -3.577310562133789062e+01 7.880252003669738770e-01 -1.157913804054260254e+00 -3.005780220031738281e+00
1.099783420562744141e+01 6.843920707702636719e+00 -3.583944320678710938e+01 8.288707137107849121e-01 -1.166002869606018066e+00 -3.137752056121826172e+00
1.100454998016357422e+01 6.822600364685058594e+00 -3.590529251098632812e+01 7.382646799087524414e-01 -1.138809084892272949e+00 -3.159652709960937500e+00
1.103027248382568359e+01 6.792381286621093750e+00 -3.595722579956054688e+01 5.802983045578002930e-01 -1.369084596633911133e+00 -2.914328813552856445e+00
1.103831577301025391e+01 6.762667655944824219e+00 -3.601540756225585938e+01 7.106035947799682617e-01 -1.347004890441894531e+00 -2.790597677230834961e+00
1.106943511962890625e+01 6.685978412628173828e+00 -3.610633468627929688e+01 1.082272887229919434e+00 -1.183286666870117188e+00 -2.776781320571899414e+00
1.110383510589599609e+01 6.675786018371582031e+00 -3.616101837158203125e+01 1.121582150459289551e+00 -1.391106009483337402e+00 -2.833749532699584961e+00
1.113886451721191406e+01 6.650047779083251953e+00 -3.622382736206054688e+01 1.130841612815856934e+00 -1.248812794685363770e+00 -2.711735725402832031e+00
1.114517784118652344e+01 6.642040729522705078e+00 -3.627853012084960938e+01 7.750027775764465332e-01 -1.078647017478942871e+00 -2.631031990051269531e+00
1.117193603515625000e+01 6.619954109191894531e+00 -3.632279586791992188e+01 8.632045984268188477e-01 -9.709559679031372070e-01 -2.531779289245605469e+00
1.118117046356201172e+01 6.611782073974609375e+00 -3.636646270751953125e+01 6.247161626815795898e-01 -1.025494337081909180e+00 -2.492521047592163086e+00
1.119866943359375000e+01 6.588236808776855469e+00 -3.643107223510742188e+01 5.826805233955383301e-01 -8.129151463508605957e-01 -2.508287429809570312e+00
1.119469738006591797e+01 6.563650131225585938e+00 -3.647148132324218750e+01 4.133360385894775391e-01 -6.974254846572875977e-01 -2.199108362197875977e+00
1.120623302459716797e+01 6.547871589660644531e+00 -3.651746368408203125e+01 4.180162847042083740e-01 -7.721976041793823242e-01 -2.031397581100463867e+00
1.121400356292724609e+01 6.527116775512695312e+00 -3.656271743774414062e+01 5.461114048957824707e-01 -8.241532444953918457e-01 -2.233614444732666016e+00
1.121963405609130859e+01 6.497476577758789062e+00 -3.660004806518554688e+01 4.567067921161651611e-01 -8.452753424644470215e-01 -2.495819091796875000e+00
1.122257232666015625e+01 6.469390869140625000e+00 -3.665364837646484375e+01 7.579013705253601074e-01 -9.777805805206298828e-01 -2.353193521499633789e+00
1.124226760864257812e+01 6.438400268554687500e+00 -3.670050430297851562e+01 8.789456486701965332e-01 -1.028227210044860840e+00 -2.315506219863891602e+00
1.127512264251708984e+01 6.404448032379150391e+00 -3.674490356445312500e+01 1.221773028373718262e+00 -6.636912226676940918e-01 -2.522945404052734375e+00
1.131806278228759766e+01 6.401617050170898438e+00 -3.679471588134765625e+01 1.337873339653015137e+00 -3.181935846805572510e-01 -2.620067596435546875e+00
1.134003067016601562e+01 6.423395633697509766e+00 -3.684328842163085938e+01 1.267817020416259766e+00 -2.454474009573459625e-02 -2.719647884368896484e+00
1.137186622619628906e+01 6.424269676208496094e+00 -3.691249847412109375e+01 1.111581325531005859e+00 1.940321177244186401e-01 -2.861301183700561523e+00
1.138562583923339844e+01 6.449210166931152344e+00 -3.698083114624023438e+01 7.744278907775878906e-01 3.198494315147399902e-01 -3.025144815444946289e+00
1.139081573486328125e+01 6.459066390991210938e+00 -3.704162979125976562e+01 6.795307397842407227e-01 4.627118706703186035e-01 -3.018096208572387695e+00
1.140879154205322266e+01 6.465645790100097656e+00 -3.710707855224609375e+01 6.639271974563598633e-01 2.297003567218780518e-01 -3.157137155532836914e+00
1.140280246734619141e+01 6.470009803771972656e+00 -3.719968032836914062e+01 7.699273824691772461e-01 -1.386767923831939697e-01 -3.047537088394165039e+00
1.142207908630371094e+01 6.465501308441162109e+00 -3.726243591308593750e+01 6.554144620895385742e-01 -4.725865423679351807e-01 -3.138276100158691406e+00
1.142643356323242188e+01 6.452573776245117188e+00 -3.732819366455078125e+01 8.160188794136047363e-01 -6.058684587478637695e-01 -3.076987504959106445e+00
1.145896720886230469e+01 6.431799888610839844e+00 -3.738194274902343750e+01 9.018623828887939453e-01 -5.487730503082275391e-01 -3.036146163940429688e+00
1.146668624877929688e+01 6.415765762329101562e+00 -3.742751693725585938e+01 1.145402312278747559e+00 -6.200073957443237305e-01 -2.892800807952880859e+00
1.149246788024902344e+01 6.397234916687011719e+00 -3.749489212036132812e+01 9.475390315055847168e-01 -3.474925160408020020e-01 -2.592015266418457031e+00
1.151924610137939453e+01 6.385299682617187500e+00 -3.755361938476562500e+01 1.178084611892700195e+00 -1.100872308015823364e-01 -2.742377996444702148e+00
1.154057312011718750e+01 6.398525714874267578e+00 -3.761431121826171875e+01 1.183543920516967773e+00 5.831507220864295959e-02 -2.741004467010498047e+00
1.156510639190673828e+01 6.401133537292480469e+00 -3.766782379150390625e+01 1.136644721031188965e+00 3.852514326572418213e-01 -2.843613147735595703e+00
1.158801174163818359e+01 6.431368350982666016e+00 -3.772182083129882812e+01 1.001918077468872070e+00 8.631082177162170410e-01 -3.004698753356933594e+00
1.160583591461181641e+01 6.453538417816162109e+00 -3.778068923950195312e+01 7.918388843536376953e-01 1.251528263092041016e+00 -3.034523725509643555e+00
1.162800025939941406e+01 6.481038093566894531e+00 -3.786361694335937500e+01 1.047650575637817383e+00 1.567305803298950195e+00 -3.731738567352294922e+00
1.165511512756347656e+01 6.524466991424560547e+00 -3.793556213378906250e+01 1.130749940872192383e+00 1.310221195220947266e+00 -4.285078048706054688e+00
1.168596458435058594e+01 6.565800189971923828e+00 -3.804656982421875000e+01 1.076180458068847656e+00 8.120660781860351562e-01 -4.851049900054931641e+00
1.170564174652099609e+01 6.589183807373046875e+00 -3.814929580688476562e+01 9.251194000244140625e-01 3.939459025859832764e-01 -4.942588806152343750e+00
1.171716785430908203e+01 6.606985569000244141e+00 -3.826190948486328125e+01 9.105565547943115234e-01 -5.026531964540481567e-02 -5.132466316223144531e+00
1.174846839904785156e+01 6.608989715576171875e+00 -3.838568496704101562e+01 1.231079936027526855e+00 -3.946526944637298584e-01 -5.049856185913085938e+00
1.178076171875000000e+01 6.586996555328369141e+00 -3.849507904052734375e+01 1.491179227828979492e+00 -4.163347184658050537e-01 -5.268591403961181641e+00
1.181132793426513672e+01 6.574474811553955078e+00 -3.860789108276367188e+01 1.709412217140197754e+00 -5.587590336799621582e-01 -5.300632476806640625e+00
1.183449363708496094e+01 6.555181503295898438e+00 -3.871606063842773438e+01 1.628155946731567383e+00 -6.896399855613708496e-01 -5.157154083251953125e+00
1.188451290130615234e+01 6.529826641082763672e+00 -3.881906890869140625e+01 1.421185135841369629e+00 -9.375196695327758789e-01 -5.326054096221923828e+00
1.192534828186035156e+01 6.498004436492919922e+00 -3.895546340942382812e+01 1.429935574531555176e+00 -1.088089466094970703e+00 -5.011585235595703125e+00
1.196409130096435547e+01 6.473427295684814453e+00 -3.904868316650390625e+01 1.261136889457702637e+00 -1.028811573982238770e+00 -4.697378635406494141e+00
1.197416400909423828e+01 6.454341411590576172e+00 -3.914194869995117188e+01 9.353253841400146484e-01 -1.164848327636718750e+00 -4.599905014038085938e+00
1.196744918823242188e+01 6.424211978912353516e+00 -3.922827148437500000e+01 6.329693198204040527e-01 -1.381383776664733887e+00 -4.650571823120117188e+00
1.199742031097412109e+01 6.397743701934814453e+00 -3.930521011352539062e+01 6.376968026161193848e-01 -1.535832524299621582e+00 -4.449969768524169922e+00
1.199390125274658203e+01 6.367005825042724609e+00 -3.938164520263671875e+01 8.010894060134887695e-01 -2.085948705673217773e+00 -4.276978015899658203e+00
1.199683952331542969e+01 6.305242061614990234e+00 -3.946511077880859375e+01 8.013374805450439453e-01 -2.405550479888916016e+00 -4.274034976959228516e+00
1.201098060607910156e+01 6.250751495361328125e+00 -3.954351043701171875e+01 9.910021424293518066e-01 -2.501456499099731445e+00 -4.108322620391845703e+00
1.203546905517578125e+01 6.215554237365722656e+00 -3.960354995727539062e+01 1.053793311119079590e+00 -2.434543609619140625e+00 -3.839342117309570312e+00
1.205722808837890625e+01 6.156964302062988281e+00 -3.967232894897460938e+01 1.394197106361389160e+00 -2.062635660171508789e+00 -3.868879318237304688e+00
1.211123466491699219e+01 6.122156620025634766e+00 -3.974408721923828125e+01 1.459054350852966309e+00 -2.017495393753051758e+00 -3.894830703735351562e+00
1.214590072631835938e+01 6.082303524017333984e+00 -3.981565475463867188e+01 1.428439259529113770e+00 -2.052496671676635742e+00 -3.671247482299804688e+00
1.216620254516601562e+01 6.065879344940185547e+00 -3.989426803588867188e+01 1.084154605865478516e+00 -1.874324321746826172e+00 -3.733397006988525391e+00
1.218688869476318359e+01 6.039737701416015625e+00 -3.995446777343750000e+01 6.795332431793212891e-01 -1.866256833076477051e+00 -3.628698587417602539e+00
1.219025325775146484e+01 6.014282226562500000e+00 -4.002024078369140625e+01 5.439395308494567871e-01 -2.000325441360473633e+00 -3.455464124679565430e+00
1.220489597320556641e+01 5.981332778930664062e+00 -4.009405517578125000e+01 6.098988056182861328e-01 -2.348881721496582031e+00 -3.595047712326049805e+00
1.220830631256103516e+01 5.939512729644775391e+00 -4.015300369262695312e+01 5.141202807426452637e-01 -2.517760992050170898e+00 -3.414347648620605469e+00
1.220965766906738281e+01 5.894318580627441406e+00 -4.022913742065429688e+01 4.207001626491546631e-01 -2.754195690155029297e+00 -3.486382246017456055e+00
1.220517253875732422e+01 5.826217174530029297e+00 -4.030289077758789062e+01 4.455585777759552002e-01 -2.673671007156372070e+00 -3.469630002975463867e+00
1.221803665161132812e+01 5.784708976745605469e+00 -4.036363601684570312e+01 5.125982165336608887e-01 -2.547694921493530273e+00 -3.389664649963378906e+00
1.223018932342529297e+01 5.705931186676025391e+00 -4.042232131958007812e+01 8.864617943763732910e-01 -2.680429458618164062e+00 -3.385307312011718750e+00
1.225382518768310547e+01 5.626002788543701172e+00 -4.052957534790039062e+01 1.061712026596069336e+00 -2.730211734771728516e+00 -3.440511226654052734e+00
1.230698013305664062e+01 5.568536281585693359e+00 -4.059909820556640625e+01 1.128607988357543945e+00 -2.368996620178222656e+00 -3.417803525924682617e+00
1.234407424926757812e+01 5.538941860198974609e+00 -4.064419937133789062e+01 1.354641318321228027e+00 -2.169169664382934570e+00 -3.410150051116943359e+00
1.236314487457275391e+01 5.508662700653076172e+00 -4.072416305541992188e+01 1.235509395599365234e+00 -1.941337823867797852e+00 -3.344269990921020508e+00
1.238430881500244141e+01 5.475752830505371094e+00 -4.078727722167968750e+01 9.084478020668029785e-01 -1.658205866813659668e+00 -3.319414615631103516e+00
1.240104198455810547e+01 5.460188865661621094e+00 -4.086050796508789062e+01 8.059199452400207520e-01 -1.819704771041870117e+00 -3.439717769622802734e+00
1.241287422180175781e+01 5.435255050659179688e+00 -4.092600631713867188e+01 5.639708042144775391e-01 -1.880084633827209473e+00 -3.560608148574829102e+00
1.242404651641845703e+01 5.410428524017333984e+00 -4.099017715454101562e+01 6.481969952583312988e-01 -1.747922301292419434e+00 -3.405447006225585938e+00
1.242401504516601562e+01 5.388991355895996094e+00 -4.106947326660156250e+01 5.232456922531127930e-01 -1.757337212562561035e+00 -3.329983949661254883e+00
1.244022750854492188e+01 5.340641498565673828e+00 -4.114908218383789062e+01 7.647367715835571289e-01 -1.775935053825378418e+00 -3.325150012969970703e+00
1.244062900543212891e+01 5.305326461791992188e+00 -4.120495223999023438e+01 6.486684679985046387e-01 -1.804755687713623047e+00 -3.278053283691406250e+00
