1.912886619567871094e+00 3.541435718536376953e+00 -1.923535823822021484e+00 9.506727457046508789e-01 3.023792505264282227e+00 -1.072273254394531250e+00
1.928434014320373535e+00 3.598021030426025391e+00 -1.943432092666625977e+00 7.665675878524780273e-01 2.727488517761230469e+00 -9.856022000312805176e-01
1.945978760719299316e+00 3.647258043289184570e+00 -1.959699392318725586e+00 9.285350441932678223e-01 2.463480472564697266e+00 -8.695582747459411621e-01
1.966528892517089844e+00 3.698101282119750977e+00 -1.977892041206359863e+00 1.319075226783752441e+00 2.675545692443847656e+00 -9.475449919700622559e-01
1.991113543510437012e+00 3.752115726470947266e+00 -1.992834329605102539e+00 1.357412099838256836e+00 2.792607545852661133e+00 -9.466634988784790039e-01
2.019378900527954102e+00 3.811923265457153320e+00 -2.011447906494140625e+00 1.146648049354553223e+00 3.135227918624877930e+00 -7.766359448432922363e-01
2.036569356918334961e+00 3.871671676635742188e+00 -2.024534225463867188e+00 8.755760192871093750e-01 2.844971418380737305e+00 -7.827436923980712891e-01
2.057023048400878906e+00 3.924641847610473633e+00 -2.040197849273681641e+00 1.098117470741271973e+00 2.793862104415893555e+00 -6.470606327056884766e-01
2.071707248687744141e+00 3.978134393692016602e+00 -2.053360700607299805e+00 5.051645040512084961e-01 2.481213808059692383e+00 -7.299051284790039062e-01
2.089756250381469727e+00 4.022493839263916016e+00 -2.066989421844482422e+00 1.350167989730834961e+00 2.197375535964965820e+00 -9.299172163009643555e-01
2.118139982223510742e+00 4.073278903961181641e+00 -2.080966711044311523e+00 1.394181728363037109e+00 2.917809486389160156e+00 -6.513825654983520508e-01
2.154224395751953125e+00 4.155735969543457031e+00 -2.097892761230468750e+00 1.157146573066711426e+00 2.556563377380371094e+00 -6.072674393653869629e-01
2.180909633636474609e+00 4.205632686614990234e+00 -2.111536026000976562e+00 1.511627793312072754e+00 2.703260183334350586e+00 -8.996174931526184082e-01
2.206555128097534180e+00 4.264416217803955078e+00 -2.129033088684082031e+00 1.147249817848205566e+00 3.220814228057861328e+00 -8.993529677391052246e-01
2.229689121246337891e+00 4.328028202056884766e+00 -2.145154476165771484e+00 1.151996016502380371e+00 3.204525947570800781e+00 -8.131138682365417480e-01
2.251752138137817383e+00 4.391598224639892578e+00 -2.158660650253295898e+00 1.202858686447143555e+00 3.397831439971923828e+00 -7.075149416923522949e-01
2.271478891372680664e+00 4.457280158996582031e+00 -2.170515060424804688e+00 9.398742318153381348e-01 3.516677856445312500e+00 -4.344972074031829834e-01
2.289680480957031250e+00 4.524455547332763672e+00 -2.179841041564941406e+00 9.348146915435791016e-01 3.417497396469116211e+00 -4.872606098651885986e-01
2.311785697937011719e+00 4.592385768890380859e+00 -2.190352916717529297e+00 1.198847174644470215e+00 3.642850160598754883e+00 -5.321494936943054199e-01
2.336140394210815430e+00 4.662307262420654297e+00 -2.199971914291381836e+00 1.186237573623657227e+00 3.644475221633911133e+00 -5.093237757682800293e-01
2.361313104629516602e+00 4.734384536743164062e+00 -2.215144395828247070e+00 1.277148842811584473e+00 3.922491788864135742e+00 -6.585850715637207031e-01
2.385171175003051758e+00 4.816265106201171875e+00 -2.225682258605957031e+00 8.674393892288208008e-01 4.241494178771972656e+00 -4.747512936592102051e-01
2.398241281509399414e+00 4.896402359008789062e+00 -2.234222888946533203e+00 5.411879420280456543e-01 3.934582948684692383e+00 -3.810570538043975830e-01
2.416465997695922852e+00 4.969821929931640625e+00 -2.244699478149414062e+00 1.283807039260864258e+00 3.853013753890991211e+00 -5.794777870178222656e-01
2.438539743423461914e+00 5.048771858215332031e+00 -2.257760047912597656e+00 1.021422624588012695e+00 4.085139751434326172e+00 -5.618154406547546387e-01
2.462514400482177734e+00 5.127510547637939453e+00 -2.266175031661987305e+00 1.655026674270629883e+00 4.080149173736572266e+00 -3.850840330123901367e-01
2.494024276733398438e+00 5.214920520782470703e+00 -2.273961544036865234e+00 1.305089712142944336e+00 4.914499282836914062e+00 -4.800659418106079102e-01
2.513715028762817383e+00 5.312279701232910156e+00 -2.286813020706176758e+00 8.874712586402893066e-01 4.853492259979248047e+00 -6.988741159439086914e-01
2.532862186431884766e+00 5.403574466705322266e+00 -2.296438932418823242e+00 1.298526644706726074e+00 4.611222267150878906e+00 -5.688226819038391113e-01
2.559080600738525391e+00 5.496109962463378906e+00 -2.308159828186035156e+00 1.392214298248291016e+00 4.787084579467773438e+00 -4.891882836818695068e-01
2.582963943481445312e+00 5.590164184570312500e+00 -2.319128036499023438e+00 1.101198196411132812e+00 4.792478561401367188e+00 -4.277524948120117188e-01
2.609282493591308594e+00 5.685460090637207031e+00 -2.330687999725341797e+00 1.448765039443969727e+00 5.107405662536621094e+00 -6.601616144180297852e-01
2.649745702743530273e+00 5.839862346649169922e+00 -2.345553159713745117e+00 1.337171196937561035e+00 5.239197731018066406e+00 -6.575246453285217285e-01
2.674603462219238281e+00 5.944169998168945312e+00 -2.357197523117065430e+00 1.141908407211303711e+00 5.314988136291503906e+00 -6.296148300170898438e-01
2.697922229766845703e+00 6.048970222473144531e+00 -2.366710662841796875e+00 1.244150161743164062e+00 5.393912315368652344e+00 -2.642844319343566895e-01
2.723085641860961914e+00 6.156191349029541016e+00 -2.371077775955200195e+00 1.209721565246582031e+00 5.601667404174804688e+00 -4.151153564453125000e-01
2.745797157287597656e+00 6.263439655303955078e+00 -2.379109144210815430e+00 1.203715682029724121e+00 5.458384037017822266e+00 -3.437816202640533447e-01
2.772675991058349609e+00 6.369630813598632812e+00 -2.385047912597656250e+00 1.522300839424133301e+00 5.570677280426025391e+00 -3.099774122238159180e-01
2.803580522537231445e+00 6.483175277709960938e+00 -2.391753196716308594e+00 1.527127265930175781e+00 5.978311538696289062e+00 -4.109974801540374756e-01
2.833813905715942383e+00 6.599298477172851562e+00 -2.400112628936767578e+00 1.590005636215209961e+00 5.848393917083740234e+00 -2.696288228034973145e-01
2.865515947341918945e+00 6.717521190643310547e+00 -2.407216310501098633e+00 1.668117880821228027e+00 6.306386947631835938e+00 -5.638462901115417480e-01
2.893679380416870117e+00 6.847113609313964844e+00 -2.419735908508300781e+00 1.325298666954040527e+00 6.713860988616943359e+00 -7.543822526931762695e-01
2.920286178588867188e+00 6.976123332977294922e+00 -2.432495832443237305e+00 1.459317922592163086e+00 6.517261981964111328e+00 -5.281043052673339844e-01
2.949554443359375000e+00 7.108301639556884766e+00 -2.441413879394531250e+00 1.368971705436706543e+00 6.856560707092285156e+00 -5.214211344718933105e-01
2.975723028182983398e+00 7.242576599121093750e+00 -2.452227354049682617e+00 1.531125307083129883e+00 6.846891880035400391e+00 -4.305923283100128174e-01
3.008449554443359375e+00 7.377517700195312500e+00 -2.462411403656005859e+00 1.661243677139282227e+00 7.045485019683837891e+00 -5.517895817756652832e-01
3.042906761169433594e+00 7.517095565795898438e+00 -2.473704576492309570e+00 1.913590192794799805e+00 7.121843814849853516e+00 -4.716205298900604248e-01
3.081598997116088867e+00 7.659573078155517578e+00 -2.487017631530761719e+00 1.837723016738891602e+00 7.652236938476562500e+00 -7.047952413558959961e-01
3.116297006607055664e+00 7.813493728637695312e+00 -2.501492738723754883e+00 1.563767313957214355e+00 7.931877136230468750e+00 -7.689799070358276367e-01
3.144119977951049805e+00 7.968508720397949219e+00 -2.519049406051635742e+00 1.412170529365539551e+00 7.902110576629638672e+00 -1.009607672691345215e+00
3.171579837799072266e+00 8.125705718994140625e+00 -2.537244796752929688e+00 1.389336109161376953e+00 8.188002586364746094e+00 -9.466188549995422363e-01
3.200423717498779297e+00 8.282177925109863281e+00 -2.552213907241821289e+00 1.741423487663269043e+00 7.949786186218261719e+00 -6.957964897155761719e-01
3.236564874649047852e+00 8.440618515014648438e+00 -2.567318677902221680e+00 1.942268371582031250e+00 8.217164993286132812e+00 -1.045566678047180176e+00
3.292430400848388672e+00 8.691994667053222656e+00 -2.596982002258300781e+00 1.992052555084228516e+00 8.900013923645019531e+00 -1.054042816162109375e+00
3.328818082809448242e+00 8.874265670776367188e+00 -2.619274616241455078e+00 1.774722933769226074e+00 9.482419967651367188e+00 -1.247910976409912109e+00
3.360371589660644531e+00 9.060256958007812500e+00 -2.641329526901245117e+00 1.694646000862121582e+00 9.416534423828125000e+00 -1.201570868492126465e+00
3.398080348968505859e+00 9.246518135070800781e+00 -2.666616201400756836e+00 2.080237150192260742e+00 9.705422401428222656e+00 -1.415208697319030762e+00
3.438615560531616211e+00 9.436436653137207031e+00 -2.696819782257080078e+00 1.991976380348205566e+00 9.886034011840820312e+00 -1.580242514610290527e+00
3.476718902587890625e+00 9.631766319274902344e+00 -2.726773023605346680e+00 2.038692235946655273e+00 1.009141540527343750e+01 -1.771080613136291504e+00
3.518017768859863281e+00 9.827591896057128906e+00 -2.759835004806518555e+00 2.162166833877563477e+00 1.013093090057373047e+01 -1.583959698677062988e+00
3.560833454132080078e+00 1.002959251403808594e+01 -2.796328544616699219e+00 2.169825077056884766e+00 1.052415657043457031e+01 -2.004339694976806641e+00
3.603132486343383789e+00 1.023933792114257812e+01 -2.832610130310058594e+00 2.179170608520507812e+00 1.095742893218994141e+01 -1.967975854873657227e+00
3.642497777938842773e+00 1.045343875885009766e+01 -2.874187469482421875e+00 1.966704368591308594e+00 1.102789020538330078e+01 -2.045274019241333008e+00
3.684976339340209961e+00 1.066903305053710938e+01 -2.917297840118408203e+00 2.345256328582763672e+00 1.101641941070556641e+01 -2.292705059051513672e+00
3.734229326248168945e+00 1.088752079010009766e+01 -2.966849088668823242e+00 2.520386695861816406e+00 1.150927734375000000e+01 -2.644261598587036133e+00
3.781620025634765625e+00 1.111690235137939453e+01 -3.018410682678222656e+00 2.368216514587402344e+00 1.204759502410888672e+01 -2.617323160171508789e+00
3.833481788635253906e+00 1.135835456848144531e+01 -3.069303274154663086e+00 2.712176322937011719e+00 1.271595001220703125e+01 -2.758678197860717773e+00
3.883919477462768555e+00 1.161291790008544922e+01 -3.126551628112792969e+00 2.453737735748291016e+00 1.315019989013671875e+01 -2.853829860687255859e+00
3.924799919128417969e+00 1.187111949920654297e+01 -3.187936544418334961e+00 1.875487208366394043e+00 1.327851963043212891e+01 -3.307408332824707031e+00
3.962712526321411133e+00 1.212676239013671875e+01 -3.253414869308471680e+00 2.306643724441528320e+00 1.309476184844970703e+01 -3.465023517608642578e+00
4.011475563049316406e+00 1.238987541198730469e+01 -3.327691316604614258e+00 2.664397716522216797e+00 1.408140373229980469e+01 -4.056200504302978516e+00
4.063417434692382812e+00 1.267335319519042969e+01 -3.409912347793579102e+00 2.662189722061157227e+00 1.464552021026611328e+01 -4.261440753936767578e+00
4.117724418640136719e+00 1.295918369293212891e+01 -3.498718738555908203e+00 2.919886350631713867e+00 1.481708049774169922e+01 -4.878688335418701172e+00
4.204651832580566406e+00 1.340378856658935547e+01 -3.649352312088012695e+00 2.997456073760986328e+00 1.550759220123291016e+01 -5.347863197326660156e+00
4.264636516571044922e+00 1.371496772766113281e+01 -3.760602474212646484e+00 2.983842611312866211e+00 1.604049110412597656e+01 -6.127539634704589844e+00
4.325892448425292969e+00 1.403197956085205078e+01 -3.883793115615844727e+00 3.356981754302978516e+00 1.645622444152832031e+01 -6.726201534271240234e+00
4.392773628234863281e+00 1.435673046112060547e+01 -4.022830009460449219e+00 3.661862134933471680e+00 1.682047653198242188e+01 -7.365984916687011719e+00
4.469128608703613281e+00 1.469329357147216797e+01 -4.170216560363769531e+00 4.005440711975097656e+00 1.773362731933593750e+01 -7.948175430297851562e+00
4.547658443450927734e+00 1.504709720611572266e+01 -4.337119102478027344e+00 3.914734601974487305e+00 1.834535980224609375e+01 -8.958942413330078125e+00
4.622005462646484375e+00 1.541155529022216797e+01 -4.523522377014160156e+00 3.741663932800292969e+00 1.883790779113769531e+01 -1.015487670898437500e+01
4.697623729705810547e+00 1.577790355682373047e+01 -4.731373310089111328e+00 4.068343162536621094e+00 1.863047981262207031e+01 -1.112944793701171875e+01
4.784012794494628906e+00 1.613935852050781250e+01 -4.962451457977294922e+00 4.887721061706542969e+00 1.880730819702148438e+01 -1.259671306610107422e+01
4.886914253234863281e+00 1.651550674438476562e+01 -5.223674774169921875e+00 5.429125308990478516e+00 1.966628456115722656e+01 -1.433679294586181641e+01
4.995563030242919922e+00 1.690521430969238281e+01 -5.515410423278808594e+00 5.545185089111328125e+00 2.017107391357421875e+01 -1.589203357696533203e+01
5.102359771728515625e+00 1.729888153076171875e+01 -5.847135066986083984e+00 5.429195880889892578e+00 2.005402946472167969e+01 -1.786697769165039062e+01
5.208498954772949219e+00 1.768435096740722656e+01 -6.214856147766113281e+00 5.428608417510986328e+00 1.933769798278808594e+01 -1.994413185119628906e+01
5.312556743621826172e+00 1.805411148071289062e+01 -6.627107620239257812e+00 5.407069206237792969e+00 1.843120574951171875e+01 -2.192211723327636719e+01
5.416609287261962891e+00 1.840596771240234375e+01 -7.074026584625244141e+00 5.445828437805175781e+00 1.750764465332031250e+01 -2.379531669616699219e+01
5.526589393615722656e+00 1.873519706726074219e+01 -7.554083824157714844e+00 5.826062679290771484e+00 1.628390502929687500e+01 -2.548686027526855469e+01
5.642303943634033203e+00 1.904142570495605469e+01 -8.072073936462402344e+00 5.950522422790527344e+00 1.495926761627197266e+01 -2.728892707824707031e+01
5.755377292633056641e+00 1.931846809387207031e+01 -8.615828514099121094e+00 5.905034065246582031e+00 1.334013462066650391e+01 -2.833054924011230469e+01
5.873237609863281250e+00 1.956481933593750000e+01 -9.178504943847656250e+00 5.994828224182128906e+00 1.196307373046875000e+01 -2.913218116760253906e+01
5.987961769104003906e+00 1.978014755249023438e+01 -9.753271102905273438e+00 5.595811843872070312e+00 9.928817749023437500e+00 -2.984212303161621094e+01
6.102247714996337891e+00 1.995447349548339844e+01 -1.034174060821533203e+01 6.296541690826416016e+00 8.409575462341308594e+00 -2.997657585144042969e+01
6.281163692474365234e+00 2.018405532836914062e+01 -1.122138977050781250e+01 5.382582187652587891e+00 6.888133049011230469e+00 -3.001588821411132812e+01
6.380872726440429688e+00 2.029921150207519531e+01 -1.180311870574951172e+01 5.105658054351806641e+00 4.995267391204833984e+00 -2.955173110961914062e+01
6.481105327606201172e+00 2.038982963562011719e+01 -1.237252521514892578e+01 4.990050315856933594e+00 4.274966716766357422e+00 -2.856541442871093750e+01
6.574795246124267578e+00 2.046288299560546875e+01 -1.292493820190429688e+01 4.788984298706054688e+00 3.148022174835205078e+00 -2.803714561462402344e+01
6.668581008911132812e+00 2.052042007446289062e+01 -1.346384716033935547e+01 4.701830387115478516e+00 2.622151136398315430e+00 -2.720670700073242188e+01
6.757540225982666016e+00 2.056862831115722656e+01 -1.399030685424804688e+01 4.308025836944580078e+00 2.126135826110839844e+00 -2.658728218078613281e+01
6.834457874298095703e+00 2.060299682617187500e+01 -1.450160884857177734e+01 3.832547903060913086e+00 1.358400225639343262e+00 -2.569098472595214844e+01
6.901216030120849609e+00 2.062150955200195312e+01 -1.498739814758300781e+01 3.253687381744384766e+00 3.500656783580780029e-01 -2.434209442138671875e+01
6.969963550567626953e+00 2.061666297912597656e+01 -1.545355510711669922e+01 3.804697036743164062e+00 -5.205759406089782715e-01 -2.351826286315917969e+01
7.047446727752685547e+00 2.060605621337890625e+01 -1.590357589721679688e+01 4.121694087982177734e+00 -3.529100418090820312e-01 -2.261375808715820312e+01
7.126316070556640625e+00 2.060455322265625000e+01 -1.633558082580566406e+01 3.628371953964233398e+00 9.446661919355392456e-03 -2.162352371215820312e+01
7.187740325927734375e+00 2.059905624389648438e+01 -1.674765014648437500e+01 2.822901725769042969e+00 -8.939402103424072266e-01 -2.055152893066406250e+01
7.248928546905517578e+00 2.057308959960937500e+01 -1.714201927185058594e+01 3.399975538253784180e+00 -1.564728975296020508e+00 -1.989973640441894531e+01
7.317067623138427734e+00 2.054217720031738281e+01 -1.752286148071289062e+01 3.447561502456665039e+00 -1.432268142700195312e+00 -1.898173522949218750e+01
7.380697727203369141e+00 2.051531982421875000e+01 -1.788462066650390625e+01 3.041552305221557617e+00 -1.385638713836669922e+00 -1.824158668518066406e+01
7.440414905548095703e+00 2.049105072021484375e+01 -1.823682975769042969e+01 3.033985614776611328e+00 -1.198089957237243652e+00 -1.758647155761718750e+01
7.496806621551513672e+00 2.046590614318847656e+01 -1.857319641113281250e+01 2.654231548309326172e+00 -1.569382309913635254e+00 -1.685397720336914062e+01
7.549071788787841797e+00 2.043268394470214844e+01 -1.889582061767578125e+01 2.904981613159179688e+00 -1.639281988143920898e+00 -1.632704925537109375e+01
7.600899696350097656e+00 2.040444564819335938e+01 -1.921105003356933594e+01 2.321250677108764648e+00 -1.584400296211242676e+00 -1.569937992095947266e+01
7.645466804504394531e+00 2.036390304565429688e+01 -1.951122283935546875e+01 2.423205375671386719e+00 -2.613373756408691406e+00 -1.509497737884521484e+01
7.699357032775878906e+00 2.030884361267089844e+01 -1.980093383789062500e+01 2.798463344573974609e+00 -2.835124015808105469e+00 -1.462279129028320312e+01
7.783254623413085938e+00 2.023172950744628906e+01 -2.021632385253906250e+01 2.772774934768676758e+00 -2.352047681808471680e+00 -1.369392013549804688e+01
7.834773063659667969e+00 2.018843841552734375e+01 -2.047897720336914062e+01 2.508525848388671875e+00 -2.160382986068725586e+00 -1.326155185699462891e+01
7.882339477539062500e+00 2.014701461791992188e+01 -2.073661613464355469e+01 2.270186662673950195e+00 -2.167304039001464844e+00 -1.297185611724853516e+01
7.919665336608886719e+00 2.010032844543457031e+01 -2.098835372924804688e+01 1.715682148933410645e+00 -2.719784975051879883e+00 -1.268983268737792969e+01
7.957506179809570312e+00 2.004355812072753906e+01 -2.122968101501464844e+01 2.276990413665771484e+00 -2.705972671508789062e+00 -1.208299255371093750e+01
7.999857425689697266e+00 1.999465560913085938e+01 -2.146235847473144531e+01 1.915928721427917480e+00 -2.444625139236450195e+00 -1.154157161712646484e+01
8.033507347106933594e+00 1.994510269165039062e+01 -2.168159675598144531e+01 1.602980375289916992e+00 -2.752001047134399414e+00 -1.119945335388183594e+01
8.067195892333984375e+00 1.988636589050292969e+01 -2.189702796936035156e+01 1.825644850730895996e+00 -2.958425045013427734e+00 -1.089677333831787109e+01
8.099858283996582031e+00 1.982953834533691406e+01 -2.210764884948730469e+01 1.508683443069458008e+00 -2.874136924743652344e+00 -1.057166099548339844e+01
8.129019737243652344e+00 1.977119827270507812e+01 -2.230951118469238281e+01 1.649136900901794434e+00 -2.995866298675537109e+00 -9.948177337646484375e+00
8.159882545471191406e+00 1.971990776062011719e+01 -2.250137901306152344e+01 1.380214929580688477e+00 -2.710181951522827148e+00 -9.883504867553710938e+00
8.182550430297851562e+00 1.966036224365234375e+01 -2.269327735900878906e+01 1.264638066291809082e+00 -3.285550117492675781e+00 -9.621891021728515625e+00
8.215126991271972656e+00 1.959664154052734375e+01 -2.287445640563964844e+01 1.815054774284362793e+00 -2.991419792175292969e+00 -9.122946739196777344e+00
8.246562957763671875e+00 1.954153633117675781e+01 -2.305070495605468750e+01 1.653865694999694824e+00 -2.860106945037841797e+00 -8.951847076416015625e+00
8.280316352844238281e+00 1.948673820495605469e+01 -2.322019767761230469e+01 1.714390158653259277e+00 -2.720967531204223633e+00 -8.606428146362304688e+00
8.308941841125488281e+00 1.943605232238769531e+01 -2.339038658142089844e+01 1.353834867477416992e+00 -2.461066484451293945e+00 -8.740443229675292969e+00
8.333491325378417969e+00 1.938912773132324219e+01 -2.355754661560058594e+01 1.165294766426086426e+00 -2.532607793807983398e+00 -8.497390747070312500e+00
8.359441757202148438e+00 1.933594322204589844e+01 -2.372055053710937500e+01 1.273503661155700684e+00 -2.692679166793823242e+00 -8.313329696655273438e+00
8.385382652282714844e+00 1.928248214721679688e+01 -2.388060188293457031e+01 1.410040497779846191e+00 -2.826447486877441406e+00 -8.030189514160156250e+00
8.415148735046386719e+00 1.923081207275390625e+01 -2.403555679321289062e+01 1.621983170509338379e+00 -2.311034679412841797e+00 -7.809928894042968750e+00
8.445927619934082031e+00 1.918657493591308594e+01 -2.418512916564941406e+01 1.365461826324462891e+00 -2.351058006286621094e+00 -7.602297306060791016e+00
8.489369392395019531e+00 1.910704612731933594e+01 -2.440293884277343750e+01 1.555485248565673828e+00 -2.793920755386352539e+00 -7.376872539520263672e+00
8.518786430358886719e+00 1.905796432495117188e+01 -2.454467964172363281e+01 1.380710244178771973e+00 -2.342560768127441406e+00 -7.090993404388427734e+00
8.542889595031738281e+00 1.900920104980468750e+01 -2.468019485473632812e+01 1.302893161773681641e+00 -2.602683544158935547e+00 -6.622164249420166016e+00
8.571228981018066406e+00 1.896085357666015625e+01 -2.481034278869628906e+01 1.466787934303283691e+00 -2.267418384552001953e+00 -6.723531723022460938e+00
8.597547531127929688e+00 1.891626167297363281e+01 -2.493869400024414062e+01 1.130390405654907227e+00 -2.229802608489990234e+00 -6.586435794830322266e+00
8.621161460876464844e+00 1.887095832824707031e+01 -2.506326293945312500e+01 1.297058582305908203e+00 -2.361052513122558594e+00 -6.243448734283447266e+00
8.644777297973632812e+00 1.882552337646484375e+01 -2.518585395812988281e+01 1.314942359924316406e+00 -2.447958230972290039e+00 -6.435292243957519531e+00
8.672610282897949219e+00 1.877904891967773438e+01 -2.531068992614746094e+01 1.387560009956359863e+00 -2.143658399581909180e+00 -6.194637298583984375e+00
8.697462081909179688e+00 1.873705863952636719e+01 -2.543249702453613281e+01 1.260058164596557617e+00 -2.406091451644897461e+00 -6.196998596191406250e+00
8.719285964965820312e+00 1.869069480895996094e+01 -2.555338478088378906e+01 1.210656762123107910e+00 -2.348771095275878906e+00 -6.095415115356445312e+00
8.737105369567871094e+00 1.864445304870605469e+01 -2.567167472839355469e+01 8.278502225875854492e-01 -2.316419601440429688e+00 -5.957286357879638672e+00
8.758162498474121094e+00 1.859719276428222656e+01 -2.578830909729003906e+01 1.363123297691345215e+00 -2.419710636138916016e+00 -5.886596202850341797e+00
8.784274101257324219e+00 1.854835510253906250e+01 -2.589872169494628906e+01 1.228547573089599609e+00 -2.636848211288452148e+00 -5.587421894073486328e+00
8.813746452331542969e+00 1.849636459350585938e+01 -2.601165962219238281e+01 1.660971164703369141e+00 -2.410006761550903320e+00 -5.857986450195312500e+00
8.844834327697753906e+00 1.845541381835937500e+01 -2.612413215637207031e+01 1.314783811569213867e+00 -1.912079811096191406e+00 -5.641664981842041016e+00
8.866657257080078125e+00 1.841284751892089844e+01 -2.623277282714843750e+01 1.142015576362609863e+00 -2.461116790771484375e+00 -5.474595069885253906e+00
8.889971733093261719e+00 1.836432647705078125e+01 -2.634057426452636719e+01 1.110686659812927246e+00 -2.499192237854003906e+00 -5.531870365142822266e+00
8.914746284484863281e+00 1.831373786926269531e+01 -2.644936561584472656e+01 1.456860303878784180e+00 -2.684981346130371094e+00 -5.525733470916748047e+00
8.945638656616210938e+00 1.826195526123046875e+01 -2.655519104003906250e+01 1.546096801757812500e+00 -2.629229545593261719e+00 -5.346601009368896484e+00
8.975063323974609375e+00 1.821671676635742188e+01 -2.665910339355468750e+01 1.363257408142089844e+00 -2.154918670654296875e+00 -5.325849056243896484e+00
8.998119354248046875e+00 1.817541885375976562e+01 -2.676379203796386719e+01 1.005243897438049316e+00 -2.217895030975341797e+00 -5.294490814208984375e+00
9.019181251525878906e+00 1.810721397399902344e+01 -2.691715431213378906e+01 7.196768522262573242e-01 -2.413936853408813477e+00 -5.158289909362792969e+00
9.031175613403320312e+00 1.805842399597167969e+01 -2.701563262939453125e+01 6.589629650115966797e-01 -2.762640237808227539e+00 -5.024260997772216797e+00
9.044931411743164062e+00 1.800262260437011719e+01 -2.711701202392578125e+01 8.437753915786743164e-01 -2.890080690383911133e+00 -5.215162277221679688e+00
9.064146041870117188e+00 1.794806098937988281e+01 -2.721921348571777344e+01 9.683620333671569824e-01 -2.641369819641113281e+00 -5.243459224700927734e+00
9.081394195556640625e+00 1.789245986938476562e+01 -2.731756401062011719e+01 9.618478417396545410e-01 -3.028991460800170898e+00 -4.849124431610107422e+00
9.104671478271484375e+00 1.783116531372070312e+01 -2.741321945190429688e+01 1.383801817893981934e+00 -2.996248006820678711e+00 -4.956163883209228516e+00
9.129964828491210938e+00 1.778028678894042969e+01 -2.750955963134765625e+01 9.945729374885559082e-01 -2.341147899627685547e+00 -4.879059314727783203e+00
9.150897026062011719e+00 1.773221015930175781e+01 -2.760310363769531250e+01 1.216190218925476074e+00 -2.679388046264648438e+00 -4.865356922149658203e+00
9.174963951110839844e+00 1.767927169799804688e+01 -2.769839477539062500e+01 1.118295192718505859e+00 -2.588716268539428711e+00 -4.873278617858886719e+00
9.189524650573730469e+00 1.762716674804687500e+01 -2.779032516479492188e+01 5.931666493415832520e-01 -2.911769866943359375e+00 -4.812180995941162109e+00
9.201303482055664062e+00 1.756463050842285156e+01 -2.788228797912597656e+01 7.766011357307434082e-01 -3.289595365524291992e+00 -4.718724727630615234e+00
9.217382431030273438e+00 1.749836158752441406e+01 -2.797817420959472656e+01 1.043626070022583008e+00 -3.456176042556762695e+00 -4.838368415832519531e+00
9.241600036621093750e+00 1.743489456176757812e+01 -2.807220268249511719e+01 1.236868739128112793e+00 -2.966853618621826172e+00 -4.678155899047851562e+00
9.262190818786621094e+00 1.738045883178710938e+01 -2.816210937500000000e+01 7.532795071601867676e-01 -2.834568977355957031e+00 -4.640287876129150391e+00
9.274491310119628906e+00 1.731712913513183594e+01 -2.825070190429687500e+01 8.843719959259033203e-01 -3.585116624832153320e+00 -4.530995368957519531e+00
9.297738075256347656e+00 1.724634552001953125e+01 -2.834169960021972656e+01 1.308584451675415039e+00 -3.423899650573730469e+00 -4.622847080230712891e+00
9.325324058532714844e+00 1.718306541442871094e+01 -2.842953681945800781e+01 1.297479271888732910e+00 -2.948326587677001953e+00 -4.249436855316162109e+00
9.345124244689941406e+00 1.712841224670410156e+01 -2.851140975952148438e+01 7.802917957305908203e-01 -2.787078857421875000e+00 -4.266269683837890625e+00
9.358093261718750000e+00 1.707007408142089844e+01 -2.859424018859863281e+01 5.998667478561401367e-01 -3.196723461151123047e+00 -4.189431190490722656e+00
9.368494987487792969e+00 1.700560760498046875e+01 -2.867566871643066406e+01 6.326690316200256348e-01 -3.439872980117797852e+00 -3.935535430908203125e+00
9.379709243774414062e+00 1.693480300903320312e+01 -2.875039482116699219e+01 5.840457081794738770e-01 -3.720922708511352539e+00 -3.802184820175170898e+00
9.402855873107910156e+00 1.682289695739746094e+01 -2.886336517333984375e+01 7.219055891036987305e-01 -3.670248985290527344e+00 -3.742177724838256836e+00
9.414392471313476562e+00 1.675108718872070312e+01 -2.893500900268554688e+01 4.689156413078308105e-01 -3.753394126892089844e+00 -3.810152769088745117e+00
9.423639297485351562e+00 1.667797470092773438e+01 -2.901023864746093750e+01 5.585896968841552734e-01 -3.652484893798828125e+00 -3.824740171432495117e+00
9.434989929199218750e+00 1.660597038269042969e+01 -2.908199310302734375e+01 5.489765405654907227e-01 -3.737578392028808594e+00 -3.800284385681152344e+00
9.448727607727050781e+00 1.653251838684082031e+01 -2.915435409545898438e+01 8.616691231727600098e-01 -3.706449031829833984e+00 -3.506110191345214844e+00
9.463125228881835938e+00 1.646155738830566406e+01 -2.922624778747558594e+01 6.540471315383911133e-01 -3.713485956192016602e+00 -3.675033807754516602e+00
9.479115486145019531e+00 1.638808059692382812e+01 -2.929371261596679688e+01 8.514688014984130859e-01 -3.721386194229125977e+00 -3.239109992980957031e+00
9.492588043212890625e+00 1.631458854675292969e+01 -2.935519981384277344e+01 5.676135420799255371e-01 -3.824781417846679688e+00 -3.168948411941528320e+00
9.503125190734863281e+00 1.624309921264648438e+01 -2.941700553894042969e+01 4.695586562156677246e-01 -3.734382390975952148e+00 -3.123693227767944336e+00
9.515498161315917969e+00 1.617001533508300781e+01 -2.947752952575683594e+01 7.566682100296020508e-01 -3.545025587081909180e+00 -3.152225017547607422e+00
9.527563095092773438e+00 1.610211753845214844e+01 -2.953793334960937500e+01 6.300453543663024902e-01 -3.528537750244140625e+00 -3.062246561050415039e+00
9.539164543151855469e+00 1.603024673461914062e+01 -2.959825897216796875e+01 5.818131566047668457e-01 -3.716533899307250977e+00 -2.962053537368774414e+00
9.553263664245605469e+00 1.595835399627685547e+01 -2.965382766723632812e+01 9.011055827140808105e-01 -3.668382406234741211e+00 -2.848760843276977539e+00
9.570090293884277344e+00 1.588581657409667969e+01 -2.970861625671386719e+01 6.977604627609252930e-01 -3.627770662307739258e+00 -2.860852718353271484e+00
9.583494186401367188e+00 1.581095790863037109e+01 -2.976611709594726562e+01 6.887882351875305176e-01 -3.937821388244628906e+00 -2.911802768707275391e+00
9.597033500671386719e+00 1.573547840118408203e+01 -2.982342910766601562e+01 9.343032836914062500e-01 -3.659088611602783203e+00 -2.941577434539794922e+00
9.616836547851562500e+00 1.566974544525146484e+01 -2.987773132324218750e+01 9.240031838417053223e-01 -3.234132766723632812e+00 -2.517833232879638672e+00
9.630781173706054688e+00 1.560775852203369141e+01 -2.992259597778320312e+01 5.044257640838623047e-01 -3.060899972915649414e+00 -2.218062162399291992e+00
9.635559082031250000e+00 1.554975509643554688e+01 -2.996793174743652344e+01 4.272982105612754822e-02 -3.080376386642456055e+00 -2.194876194000244141e+00
9.632957458496093750e+00 1.548408222198486328e+01 -3.000741958618164062e+01 -1.291729807853698730e-01 -3.560186386108398438e+00 -2.151731967926025391e+00
9.634118080139160156e+00 1.537007045745849609e+01 -3.007112312316894531e+01 3.768474459648132324e-01 -3.986564397811889648e+00 -1.913715600967407227e+00
9.648282051086425781e+00 1.528682422637939453e+01 -3.010878372192382812e+01 8.942323923110961914e-01 -4.089017391204833984e+00 -1.993206858634948730e+00
9.667796134948730469e+00 1.521136283874511719e+01 -3.014612197875976562e+01 8.058043122291564941e-01 -3.497299671173095703e+00 -1.913917303085327148e+00
9.680241584777832031e+00 1.514482688903808594e+01 -3.018424224853515625e+01 3.779961168766021729e-01 -3.661983013153076172e+00 -1.877174496650695801e+00
9.691112518310546875e+00 1.507171535491943359e+01 -3.022088432312011719e+01 6.137726306915283203e-01 -3.627361059188842773e+00 -1.744166612625122070e+00
9.706469535827636719e+00 1.500576877593994141e+01 -3.025399780273437500e+01 7.583565115928649902e-01 -3.385124683380126953e+00 -1.764183878898620605e+00
9.717839241027832031e+00 1.493543148040771484e+01 -3.028494834899902344e+01 6.314512491226196289e-01 -3.828518629074096680e+00 -1.498168706893920898e+00
9.732198715209960938e+00 1.486445903778076172e+01 -3.031787872314453125e+01 5.434598922729492188e-01 -3.275243282318115234e+00 -1.744437456130981445e+00
9.738979339599609375e+00 1.480850124359130859e+01 -3.035295867919921875e+01 2.246596664190292358e-01 -2.933307170867919922e+00 -1.690012812614440918e+00
9.743229866027832031e+00 1.474081516265869141e+01 -3.038254928588867188e+01 3.643513619899749756e-01 -3.827364683151245117e+00 -1.496262311935424805e+00
9.754124641418457031e+00 1.467151927947998047e+01 -3.041071891784667969e+01 4.046506583690643311e-01 -3.329470157623291016e+00 -1.327023148536682129e+00
9.758008003234863281e+00 1.460394382476806641e+01 -3.043882942199707031e+01 2.997178137302398682e-01 -3.558122396469116211e+00 -1.563151001930236816e+00
9.763804435729980469e+00 1.453894042968750000e+01 -3.046696662902832031e+01 3.440544307231903076e-01 -3.034434318542480469e+00 -1.404764175415039062e+00
9.773075103759765625e+00 1.448040580749511719e+01 -3.049251556396484375e+01 5.401539206504821777e-01 -3.153731107711791992e+00 -1.173061490058898926e+00
9.776754379272460938e+00 1.441272735595703125e+01 -3.051411628723144531e+01 2.290011942386627197e-01 -3.719115018844604492e+00 -8.333331942558288574e-01
9.786114692687988281e+00 1.433896636962890625e+01 -3.052684974670410156e+01 6.089901328086853027e-01 -3.563819885253906250e+00 -9.612165689468383789e-01
9.801134109497070312e+00 1.427158164978027344e+01 -3.054398727416992188e+01 6.645542979240417480e-01 -3.380012273788452148e+00 -8.038990497589111328e-01
9.811317443847656250e+00 1.420323944091796875e+01 -3.055683708190917969e+01 5.697838068008422852e-01 -3.501519441604614258e+00 -5.578676462173461914e-01
9.820094108581542969e+00 1.413818550109863281e+01 -3.056883430480957031e+01 5.259197354316711426e-01 -3.258271694183349609e+00 -7.811779975891113281e-01
9.832948684692382812e+00 1.407251358032226562e+01 -3.058133125305175781e+01 7.458550333976745605e-01 -3.292500495910644531e+00 -3.912149369716644287e-01
9.846161842346191406e+00 1.401453399658203125e+01 -3.058763885498046875e+01 3.838079273700714111e-01 -2.660613536834716797e+00 -2.069820463657379150e-01
9.848218917846679688e+00 1.393405723571777344e+01 -3.059292602539062500e+01 -3.061425872147083282e-02 -3.110119342803955078e+00 -1.085010468959808350e-01
9.844940185546875000e+00 1.387333679199218750e+01 -3.059344863891601562e+01 -2.064550220966339111e-01 -3.124630451202392578e+00 7.269327342510223389e-02
9.844406127929687500e+00 1.380838298797607422e+01 -3.058920669555664062e+01 2.561945021152496338e-01 -3.392420291900634766e+00 4.397299885749816895e-01
9.849586486816406250e+00 1.374402904510498047e+01 -3.058182907104492188e+01 1.831074506044387817e-01 -3.128725767135620117e+00 3.689523339271545410e-01
9.852233886718750000e+00 1.368886089324951172e+01 -3.057271003723144531e+01 2.140920758247375488e-01 -2.681394815444946289e+00 5.150893926620483398e-01
9.857842445373535156e+00 1.363523006439208984e+01 -3.055847740173339844e+01 2.804002463817596436e-01 -2.807218790054321289e+00 9.637022614479064941e-01
9.863053321838378906e+00 1.358509254455566406e+01 -3.053937721252441406e+01 2.205704450607299805e-01 -2.465318918228149414e+00 1.121006488800048828e+00
9.865144729614257812e+00 1.353783035278320312e+01 -3.051523399353027344e+01 5.587425082921981812e-02 -2.483502388000488281e+00 1.286920785903930664e+00
9.870568275451660156e+00 1.348755168914794922e+01 -3.048518180847167969e+01 3.905231952667236328e-01 -2.466772317886352539e+00 1.647415041923522949e+00
9.872113227844238281e+00 1.344519138336181641e+01 -3.045159721374511719e+01 2.155836112797260284e-02 -1.915482044219970703e+00 1.875597953796386719e+00
9.875250816345214844e+00 1.340765285491943359e+01 -3.041008949279785156e+01 1.865215301513671875e-01 -2.113723516464233398e+00 2.361785411834716797e+00
9.880459785461425781e+00 1.336588478088378906e+01 -3.036176300048828125e+01 2.676342725753784180e-01 -1.879107236862182617e+00 2.721520423889160156e+00
9.880174636840820312e+00 1.333326339721679688e+01 -3.030235671997070312e+01 -2.770079076290130615e-01 -1.494945406913757324e+00 3.207376718521118164e+00
9.874114990234375000e+00 1.330362224578857422e+01 -3.023717498779296875e+01 -1.080945357680320740e-01 -1.637401342391967773e+00 3.651551246643066406e+00
9.875441551208496094e+00 1.327737522125244141e+01 -3.016147613525390625e+01 1.802530437707901001e-01 -1.034365892410278320e+00 4.125523567199707031e+00
9.875973701477050781e+00 1.326197624206542969e+01 -3.007276916503906250e+01 -1.365223377943038940e-01 -4.928716123104095459e-01 4.773366928100585938e+00
9.878334999084472656e+00 1.325729751586914062e+01 -2.997797966003417969e+01 3.985820710659027100e-01 1.682536602020263672e-01 4.968140602111816406e+00
9.885183334350585938e+00 1.327469730377197266e+01 -2.987329483032226562e+01 5.782386288046836853e-02 1.387480020523071289e+00 5.606019020080566406e+00
9.890469551086425781e+00 1.330992507934570312e+01 -2.975454521179199219e+01 4.126744568347930908e-01 2.269512891769409180e+00 6.478878498077392578e+00
9.896303176879882812e+00 1.336702156066894531e+01 -2.962215614318847656e+01 -3.201964125037193298e-02 3.525535583496093750e+00 6.839993476867675781e+00
9.894145011901855469e+00 1.345143699645996094e+01 -2.948763465881347656e+01 2.435830235481262207e-02 5.077025890350341797e+00 7.103588581085205078e+00
9.887313842773437500e+00 1.361797618865966797e+01 -2.927524185180664062e+01 -8.980290591716766357e-02 6.494943618774414062e+00 7.062254905700683594e+00
9.897580146789550781e+00 1.376791286468505859e+01 -2.914119720458984375e+01 9.038827419281005859e-01 9.028164863586425781e+00 6.730514049530029297e+00
9.916187286376953125e+00 1.396805858612060547e+01 -2.901815795898437500e+01 1.114933371543884277e+00 1.113018608093261719e+01 5.990902423858642578e+00
9.948454856872558594e+00 1.420066738128662109e+01 -2.891765975952148438e+01 2.077782154083251953e+00 1.284242630004882812e+01 4.441327571868896484e+00
9.991721153259277344e+00 1.446743488311767578e+01 -2.884639739990234375e+01 2.287539243698120117e+00 1.445670413970947266e+01 3.057335853576660156e+00
1.003300857543945312e+01 1.475948905944824219e+01 -2.879897880554199219e+01 1.893922567367553711e+00 1.509634971618652344e+01 1.570810317993164062e+00
1.007220077514648438e+01 1.505418586730957031e+01 -2.878125381469726562e+01 2.272658824920654297e+00 1.522918605804443359e+01 2.457487136125564575e-01
1.011954593658447266e+01 1.535647010803222656e+01 -2.878872871398925781e+01 2.560590982437133789e+00 1.532997512817382812e+01 -1.069343209266662598e+00
1.016609764099121094e+01 1.564471912384033203e+01 -2.882235527038574219e+01 2.263597249984741211e+00 1.420052433013916016e+01 -2.250536918640136719e+00
1.021451759338378906e+01 1.591330146789550781e+01 -2.887586212158203125e+01 2.731194257736206055e+00 1.325955772399902344e+01 -3.262005567550659180e+00
1.027082920074462891e+01 1.616424179077148438e+01 -2.895025444030761719e+01 2.830201864242553711e+00 1.273149871826171875e+01 -4.046396255493164062e+00
1.032145786285400391e+01 1.640668106079101562e+01 -2.903434562683105469e+01 2.393159627914428711e+00 1.185338497161865234e+01 -4.602251052856445312e+00
1.036577320098876953e+01 1.662567710876464844e+01 -2.913110923767089844e+01 2.369564533233642578e+00 1.072045707702636719e+01 -5.312537193298339844e+00
1.041814804077148438e+01 1.682772445678710938e+01 -2.924178695678710938e+01 2.655020952224731445e+00 1.014119529724121094e+01 -5.724568367004394531e+00
1.046428012847900391e+01 1.701629638671875000e+01 -2.935381507873535156e+01 2.219560146331787109e+00 8.952961921691894531e+00 -5.695821285247802734e+00
1.050780582427978516e+01 1.717932701110839844e+01 -2.946914672851562500e+01 2.421798467636108398e+00 7.778090476989746094e+00 -5.955592155456542969e+00
1.055474758148193359e+01 1.732505416870117188e+01 -2.958794021606445312e+01 2.131049156188964844e+00 7.200951576232910156e+00 -6.433875083923339844e+00
1.059607315063476562e+01 1.746050071716308594e+01 -2.971200752258300781e+01 2.130144357681274414e+00 6.408862113952636719e+00 -6.351364612579345703e+00
1.063132286071777344e+01 1.757932281494140625e+01 -2.983469390869140625e+01 1.630321145057678223e+00 5.762544155120849609e+00 -6.531343460083007812e+00
1.066541099548339844e+01 1.768889617919921875e+01 -2.996282577514648438e+01 1.928566932678222656e+00 5.254166603088378906e+00 -6.603916168212890625e+00
1.069908714294433594e+01 1.778351974487304688e+01 -3.009411811828613281e+01 1.643433928489685059e+00 4.430413722991943359e+00 -6.705672740936279297e+00
1.075158214569091797e+01 1.790145874023437500e+01 -3.029139709472656250e+01 1.740332245826721191e+00 3.472296237945556641e+00 -6.705131530761718750e+00
1.078457355499267578e+01 1.795820426940917969e+01 -3.042190933227539062e+01 1.753663301467895508e+00 2.530688762664794922e+00 -6.734767913818359375e+00
1.082226371765136719e+01 1.800556755065917969e+01 -3.055673980712890625e+01 1.863270044326782227e+00 2.426474332809448242e+00 -6.991642475128173828e+00
1.086120605468750000e+01 1.804959106445312500e+01 -3.069249153137207031e+01 1.835151672363281250e+00 2.128015041351318359e+00 -6.928569793701171875e+00
1.089850425720214844e+01 1.809219741821289062e+01 -3.082702255249023438e+01 2.028573989868164062e+00 1.981674432754516602e+00 -6.833817481994628906e+00
1.093531990051269531e+01 1.812859344482421875e+01 -3.096444511413574219e+01 1.645068645477294922e+00 1.668637633323669434e+00 -6.930619239807128906e+00
1.096903991699218750e+01 1.816062164306640625e+01 -3.109782791137695312e+01 1.612314581871032715e+00 1.547718167304992676e+00 -6.671380519866943359e+00
1.099779987335205078e+01 1.819056510925292969e+01 -3.122891807556152344e+01 1.350491523742675781e+00 1.300838112831115723e+00 -6.715118408203125000e+00
1.102463722229003906e+01 1.820534133911132812e+01 -3.136186790466308594e+01 1.433851003646850586e+00 4.895856380462646484e-01 -6.930296897888183594e+00
1.105380821228027344e+01 1.821559906005859375e+01 -3.149595069885253906e+01 1.519575238227844238e+00 5.725954771041870117e-01 -6.833065509796142578e+00
1.108116626739501953e+01 1.822096824645996094e+01 -3.162857627868652344e+01 1.723363995552062988e+00 -5.598470196127891541e-02 -6.677170753479003906e+00
1.111576843261718750e+01 1.822146034240722656e+01 -3.176279449462890625e+01 1.431241989135742188e+00 9.183439612388610840e-02 -6.929232597351074219e+00
1.114019870758056641e+01 1.821984863281250000e+01 -3.190120697021484375e+01 1.087308168411254883e+00 -1.695199012756347656e-01 -6.977730274200439453e+00
1.116360855102539062e+01 1.821045112609863281e+01 -3.203852844238281250e+01 1.313381671905517578e+00 -6.067170500755310059e-01 -7.073900699615478516e+00
1.118826866149902344e+01 1.819952201843261719e+01 -3.217495346069335938e+01 1.230010986328125000e+00 -8.474924564361572266e-01 -6.827869892120361328e+00
1.121177482604980469e+01 1.817080307006835938e+01 -3.230793380737304688e+01 1.476650476455688477e+00 -1.752533316612243652e+00 -6.720962047576904297e+00
1.124566459655761719e+01 1.813740921020507812e+01 -3.243970870971679688e+01 1.863543868064880371e+00 -1.497455477714538574e+00 -6.783096313476562500e+00
1.128706932067871094e+01 1.810695075988769531e+01 -3.257066345214843750e+01 2.185865879058837891e+00 -1.547373056411743164e+00 -6.850538253784179688e+00
1.132812595367431641e+01 1.808062934875488281e+01 -3.270147323608398438e+01 2.017971038818359375e+00 -1.186208963394165039e+00 -6.608603954315185547e+00
1.136345577239990234e+01 1.805992126464843750e+01 -3.283282089233398438e+01 1.671687483787536621e+00 -1.030331492424011230e+00 -6.872775077819824219e+00
1.138901519775390625e+01 1.803646659851074219e+01 -3.296722793579101562e+01 1.005108118057250977e+00 -1.301255702972412109e+00 -6.643858909606933594e+00
1.141447257995605469e+01 1.799198150634765625e+01 -3.316444396972656250e+01 7.816707491874694824e-01 -2.074650764465332031e+00 -6.812838554382324219e+00
1.143168640136718750e+01 1.794621086120605469e+01 -3.329284286499023438e+01 1.327957987785339355e+00 -2.311697959899902344e+00 -6.570570945739746094e+00
1.145454311370849609e+01 1.790727233886718750e+01 -3.342613601684570312e+01 8.339560627937316895e-01 -1.918796181678771973e+00 -6.863805294036865234e+00
1.146916580200195312e+01 1.786118316650390625e+01 -3.355105209350585938e+01 9.468889832496643066e-01 -2.749554634094238281e+00 -6.236447334289550781e+00
1.148947429656982422e+01 1.781053543090820312e+01 -3.367822265625000000e+01 9.204843640327453613e-01 -2.699041366577148438e+00 -6.458155632019042969e+00
1.151166534423828125e+01 1.775477218627929688e+01 -3.380014419555664062e+01 1.283865451812744141e+00 -2.942718744277954102e+00 -6.328766345977783203e+00
1.154192924499511719e+01 1.769990158081054688e+01 -3.392072677612304688e+01 1.308127284049987793e+00 -2.804047822952270508e+00 -5.980040550231933594e+00
1.156860542297363281e+01 1.764478111267089844e+01 -3.403694534301757812e+01 1.458951115608215332e+00 -2.791846036911010742e+00 -5.855416297912597656e+00
1.159886550903320312e+01 1.759813499450683594e+01 -3.414968872070312500e+01 1.363267898559570312e+00 -2.178417205810546875e+00 -5.894992351531982422e+00
1.162494850158691406e+01 1.755654335021972656e+01 -3.426326751708984375e+01 1.214890837669372559e+00 -2.181334495544433594e+00 -5.718002319335937500e+00
1.164371967315673828e+01 1.750692749023437500e+01 -3.437565612792968750e+01 8.554556369781494141e-01 -2.709236621856689453e+00 -5.792103290557861328e+00
1.165851497650146484e+01 1.744994735717773438e+01 -3.449133300781250000e+01 8.322511315345764160e-01 -2.984807968139648438e+00 -5.898600578308105469e+00
1.168128490447998047e+01 1.738866424560546875e+01 -3.459880065917968750e+01 1.310799121856689453e+00 -3.263873815536499023e+00 -5.614354133605957031e+00
1.170999145507812500e+01 1.732530784606933594e+01 -3.471139907836914062e+01 1.520997643470764160e+00 -3.002204656600952148e+00 -5.955606937408447266e+00
1.173966884613037109e+01 1.726930999755859375e+01 -3.482522583007812500e+01 1.552062153816223145e+00 -2.690593004226684570e+00 -5.726453304290771484e+00
1.176681327819824219e+01 1.722151565551757812e+01 -3.493701171875000000e+01 1.328070044517517090e+00 -2.232128620147705078e+00 -5.900309085845947266e+00
1.178526020050048828e+01 1.718164443969726562e+01 -3.505002975463867188e+01 6.938941478729248047e-01 -2.222912073135375977e+00 -5.649349212646484375e+00
1.179877948760986328e+01 1.713424873352050781e+01 -3.516081237792968750e+01 4.988349378108978271e-01 -2.555819272994995117e+00 -5.616263866424560547e+00
1.180384731292724609e+01 1.707874107360839844e+01 -3.526790237426757812e+01 5.402138233184814453e-01 -3.173865079879760742e+00 -5.465328216552734375e+00
1.181388854980468750e+01 1.701740455627441406e+01 -3.537887573242187500e+01 4.512775838375091553e-01 -3.025815010070800781e+00 -5.804527282714843750e+00
1.181845283508300781e+01 1.695230865478515625e+01 -3.549004745483398438e+01 4.361214935779571533e-01 -3.395950078964233398e+00 -5.577974796295166016e+00
1.184346771240234375e+01 1.685288238525390625e+01 -3.565665435791015625e+01 1.001783967018127441e+00 -3.527001142501831055e+00 -5.853340625762939453e+00
1.186707782745361328e+01 1.678620719909667969e+01 -3.577166366577148438e+01 1.207319974899291992e+00 -3.297164678573608398e+00 -5.843228816986083984e+00
1.189323997497558594e+01 1.672073936462402344e+01 -3.588778686523437500e+01 1.497879862785339355e+00 -3.295968770980834961e+00 -5.927708148956298828e+00
1.192297649383544922e+01 1.665979003906250000e+01 -3.600491714477539062e+01 1.388102769851684570e+00 -3.080747604370117188e+00 -5.908716678619384766e+00
1.195107555389404297e+01 1.659518623352050781e+01 -3.611883926391601562e+01 1.651777625083923340e+00 -3.174797296524047852e+00 -5.940016269683837891e+00
1.198374080657958984e+01 1.653679275512695312e+01 -3.623566436767578125e+01 1.709574341773986816e+00 -2.810731649398803711e+00 -6.021641254425048828e+00
1.201697158813476562e+01 1.648402786254882812e+01 -3.635120773315429688e+01 1.368978261947631836e+00 -2.509070396423339844e+00 -5.940842628479003906e+00
1.203782558441162109e+01 1.644146919250488281e+01 -3.647156524658203125e+01 9.917914271354675293e-01 -2.258383274078369141e+00 -6.100685119628906250e+00
1.204997920989990234e+01 1.639136505126953125e+01 -3.659135055541992188e+01 4.017698764801025391e-01 -2.898941993713378906e+00 -5.907001972198486328e+00
1.205838680267333984e+01 1.633254051208496094e+01 -3.670620727539062500e+01 7.754132151603698730e-01 -3.169848442077636719e+00 -5.922034263610839844e+00
1.207538795471191406e+01 1.627507400512695312e+01 -3.681890869140625000e+01 7.761930227279663086e-01 -2.920436859130859375e+00 -5.863721847534179688e+00
1.209171009063720703e+01 1.620681571960449219e+01 -3.693173980712890625e+01 1.053162455558776855e+00 -3.749703645706176758e+00 -5.615406990051269531e+00
1.211421203613281250e+01 1.614019393920898438e+01 -3.704283905029296875e+01 8.607246279716491699e-01 -3.027108669281005859e+00 -5.493286609649658203e+00
1.212724399566650391e+01 1.607820510864257812e+01 -3.714770889282226562e+01 9.710105657577514648e-01 -3.716024875640869141e+00 -5.487413406372070312e+00
1.214814090728759766e+01 1.600817108154296875e+01 -3.725909423828125000e+01 9.253807663917541504e-01 -3.505207777023315430e+00 -5.746477603912353516e+00
1.216256713867187500e+01 1.594044208526611328e+01 -3.736999511718750000e+01 6.830731034278869629e-01 -3.485618352890014648e+00 -5.670508384704589844e+00
1.217154312133789062e+01 1.587097167968750000e+01 -3.747927093505859375e+01 3.561792969703674316e-01 -3.915832757949829102e+00 -5.375154495239257812e+00
1.218777465820312500e+01 1.578770637512207031e+01 -3.758536529541015625e+01 1.330004334449768066e+00 -4.309131145477294922e+00 -5.690898895263671875e+00
1.221300697326660156e+01 1.571092605590820312e+01 -3.769650268554687500e+01 1.139979958534240723e+00 -4.023997783660888672e+00 -5.460086345672607422e+00
1.223652267456054688e+01 1.562873363494873047e+01 -3.780049514770507812e+01 1.209840893745422363e+00 -4.203198909759521484e+00 -5.328474998474121094e+00
1.227547931671142578e+01 1.549813842773437500e+01 -3.795455169677734375e+01 1.361816287040710449e+00 -4.274909496307373047e+00 -5.181751728057861328e+00
1.230364704132080078e+01 1.542002868652343750e+01 -3.805933761596679688e+01 1.304357171058654785e+00 -3.872812509536743164e+00 -5.329732894897460938e+00
1.233104896545410156e+01 1.534324455261230469e+01 -3.816315460205078125e+01 1.315163493156433105e+00 -3.839209079742431641e+00 -5.348883152008056641e+00
1.235425376892089844e+01 1.527717494964599609e+01 -3.827148818969726562e+01 7.273407578468322754e-01 -3.276543855667114258e+00 -5.621198654174804688e+00
1.236268615722656250e+01 1.521161365509033203e+01 -3.838087463378906250e+01 1.272374540567398071e-01 -3.557437181472778320e+00 -5.662298679351806641e+00
1.236074542999267578e+01 1.513525867462158203e+01 -3.849536895751953125e+01 -1.722899973392486572e-01 -4.266509532928466797e+00 -5.978517055511474609e+00
1.235972499847412109e+01 1.504673004150390625e+01 -3.860886001586914062e+01 2.055848091840744019e-01 -4.655046939849853516e+00 -5.562517642974853516e+00
1.235802745819091797e+01 1.494845104217529297e+01 -3.872054672241210938e+01 -1.299406886100769043e-01 -5.728352546691894531e+00 -5.893302440643310547e+00
1.236436748504638672e+01 1.482842159271240234e+01 -3.883015823364257812e+01 7.898275852203369141e-01 -5.951500892639160156e+00 -5.583778858184814453e+00
1.238294887542724609e+01 1.470682144165039062e+01 -3.893825912475585938e+01 1.096691846847534180e+00 -6.456308841705322266e+00 -5.541240692138671875e+00
1.240894222259521484e+01 1.457974910736083984e+01 -3.905014038085937500e+01 1.443041801452636719e+00 -6.300467014312744141e+00 -5.892166614532470703e+00
1.244273662567138672e+01 1.446185970306396484e+01 -3.916151046752929688e+01 1.565661668777465820e+00 -5.625840663909912109e+00 -5.456545352935791016e+00
1.246238327026367188e+01 1.435384845733642578e+01 -3.927103424072265625e+01 6.775208711624145508e-01 -5.868448734283447266e+00 -5.499976634979248047e+00
1.247476482391357422e+01 1.423451614379882812e+01 -3.937373352050781250e+01 5.466507673263549805e-01 -6.317882061004638672e+00 -5.258088588714599609e+00
1.248237323760986328e+01 1.410385417938232422e+01 -3.947192001342773438e+01 2.026958912611007690e-01 -6.976445198059082031e+00 -4.766437530517578125e+00
1.248245620727539062e+01 1.396183490753173828e+01 -3.955948257446289062e+01 1.168063879013061523e-01 -7.778026103973388672e+00 -4.188726902008056641e+00
1.248111152648925781e+01 1.380072498321533203e+01 -3.963246154785156250e+01 -2.645019590854644775e-01 -8.474553108215332031e+00 -3.374479055404663086e+00
1.247467899322509766e+01 1.362553882598876953e+01 -3.969187164306640625e+01 -4.164858758449554443e-01 -9.485588073730468750e+00 -2.577782869338989258e+00
1.246856880187988281e+01 1.343104076385498047e+01 -3.972757339477539062e+01 -3.087935149669647217e-01 -1.028840351104736328e+01 -1.253843784332275391e+00
1.246854877471923828e+01 1.322949409484863281e+01 -3.973740386962890625e+01 1.609784364700317383e-01 -9.917477607727050781e+00 3.419782221317291260e-01
1.247632598876953125e+01 1.304496955871582031e+01 -3.971467208862304688e+01 4.694735109806060791e-01 -8.963911056518554688e+00 1.944736480712890625e+00
1.249018096923828125e+01 1.281373405456542969e+01 -3.963013839721679688e+01 2.255614101886749268e-01 -6.674009799957275391e+00 3.474722623825073242e+00
1.248520278930664062e+01 1.270402717590332031e+01 -3.955622482299804688e+01 -5.507182478904724121e-01 -5.084811210632324219e+00 4.085198879241943359e+00
1.247449588775634766e+01 1.261380767822265625e+01 -3.947621917724609375e+01 -6.472941040992736816e-01 -4.168619155883789062e+00 4.146212100982666016e+00
1.245561885833740234e+01 1.254462242126464844e+01 -3.939756774902343750e+01 -1.259709000587463379e+00 -3.111307382583618164e+00 3.769136905670166016e+00
1.242898082733154297e+01 1.248493289947509766e+01 -3.933040237426757812e+01 -1.424394726753234863e+00 -2.901636600494384766e+00 3.247063398361206055e+00
1.240086269378662109e+01 1.243027400970458984e+01 -3.927468109130859375e+01 -1.412268400192260742e+00 -2.550062179565429688e+00 2.693411350250244141e+00
1.237355613708496094e+01 1.237955188751220703e+01 -3.922627639770507812e+01 -9.783119559288024902e-01 -2.550095796585083008e+00 2.078687191009521484e+00
1.236199760437011719e+01 1.233270168304443359e+01 -3.919263076782226562e+01 -4.705622792243957520e-01 -2.307256460189819336e+00 1.348662853240966797e+00
1.236130142211914062e+01 1.228057003021240234e+01 -3.917520523071289062e+01 6.493657827377319336e-01 -2.819417476654052734e+00 6.803836822509765625e-01
1.238371849060058594e+01 1.222953414916992188e+01 -3.917391204833984375e+01 1.240475535392761230e+00 -2.314533233642578125e+00 -4.943090677261352539e-01
1.241855621337890625e+01 1.219317054748535156e+01 -3.919004058837890625e+01 2.046110630035400391e+00 -1.512847304344177246e+00 -1.263725638389587402e+00
1.246321773529052734e+01 1.217366218566894531e+01 -3.921970367431640625e+01 2.377402067184448242e+00 -6.577230095863342285e-01 -1.825859546661376953e+00
1.250616455078125000e+01 1.217218875885009766e+01 -3.925834274291992188e+01 1.842944025993347168e+00 1.440234780311584473e-01 -2.192721366882324219e+00
1.254290485382080078e+01 1.218103218078613281e+01 -3.931005096435546875e+01 1.787957310676574707e+00 6.531801223754882812e-01 -2.930691003799438477e+00
1.257089328765869141e+01 1.219577407836914062e+01 -3.936896514892578125e+01 1.129851460456848145e+00 5.668690204620361328e-01 -3.338807106018066406e+00
1.258339595794677734e+01 1.221002864837646484e+01 -3.944115447998046875e+01 1.898567974567413330e-01 5.617091059684753418e-01 -3.959333658218383789e+00
1.258642864227294922e+01 1.221555900573730469e+01 -3.952429580688476562e+01 2.401402145624160767e-01 1.875340342521667480e-01 -4.342828273773193359e+00
1.258824062347412109e+01 1.222057533264160156e+01 -3.961244964599609375e+01 9.224350750446319580e-02 3.509875833988189697e-01 -4.549423694610595703e+00
1.259168052673339844e+01 1.222583484649658203e+01 -3.970558929443359375e+01 9.729933738708496094e-02 4.498373344540596008e-02 -5.220263481140136719e+00
1.259363365173339844e+01 1.221850013732910156e+01 -3.980762481689453125e+01 4.536141753196716309e-01 -4.353005290031433105e-01 -5.259686470031738281e+00
1.260428810119628906e+01 1.220583629608154297e+01 -3.991009902954101562e+01 6.155591607093811035e-01 -9.024581909179687500e-01 -5.421218872070312500e+00
1.263333606719970703e+01 1.217937278747558594e+01 -4.006785202026367188e+01 1.562423110008239746e+00 -6.982064247131347656e-01 -5.685010910034179688e+00
1.266730880737304688e+01 1.216777706146240234e+01 -4.017795562744140625e+01 1.583145260810852051e+00 -4.591511189937591553e-01 -6.070351600646972656e+00
1.269774436950683594e+01 1.216285514831542969e+01 -4.029553222656250000e+01 1.755172491073608398e+00 1.761718988418579102e-01 -5.984692573547363281e+00
1.273282814025878906e+01 1.216965198516845703e+01 -4.041365051269531250e+01 1.657837748527526855e+00 3.336302638053894043e-01 -6.211917400360107422e+00
1.276643943786621094e+01 1.217334938049316406e+01 -4.053562164306640625e+01 2.123408555984497070e+00 -5.218997970223426819e-02 -6.248466491699218750e+00
1.281494617462158203e+01 1.217599201202392578e+01 -4.066404724121093750e+01 2.412076950073242188e+00 4.693033993244171143e-01 -6.885075092315673828e+00
1.286552524566650391e+01 1.219191646575927734e+01 -4.079802322387695312e+01 2.553422451019287109e+00 1.092259645462036133e+00 -6.961301326751708984e+00
1.291036128997802734e+01 1.221989345550537109e+01 -4.093257522583007812e+01 1.834103345870971680e+00 1.837162613868713379e+00 -7.161536693572998047e+00
1.294649410247802734e+01 1.225561618804931641e+01 -4.107256317138671875e+01 1.855451345443725586e+00 1.716639518737792969e+00 -7.198996543884277344e+00
1.297452735900878906e+01 1.229042720794677734e+01 -4.121524429321289062e+01 1.121334791183471680e+00 1.559782147407531738e+00 -7.414898872375488281e+00
1.299092388153076172e+01 1.231437206268310547e+01 -4.135808181762695312e+01 7.831680178642272949e-01 7.390379309654235840e-01 -7.270643234252929688e+00
1.300045394897460938e+01 1.232501697540283203e+01 -4.149906539916992188e+01 4.941913187503814697e-01 5.134620666503906250e-01 -7.037518978118896484e+00
1.300841140747070312e+01 1.232709026336669922e+01 -4.163858032226562500e+01 3.191165924072265625e-01 -3.519533276557922363e-01 -7.049788951873779297e+00
1.301507854461669922e+01 1.230998611450195312e+01 -4.177366638183593750e+01 6.869793534278869629e-01 -1.188768982887268066e+00 -6.947078704833984375e+00
1.303192138671875000e+01 1.228295612335205078e+01 -4.191327285766601562e+01 1.164820909500122070e+00 -1.354990601539611816e+00 -7.104012489318847656e+00
1.305741786956787109e+01 1.225448513031005859e+01 -4.205051040649414062e+01 1.516352534294128418e+00 -1.644011855125427246e+00 -6.907651424407958984e+00
1.309389400482177734e+01 1.221721076965332031e+01 -4.218759155273437500e+01 2.366150617599487305e+00 -1.890156626701354980e+00 -6.918270587921142578e+00
1.314634227752685547e+01 1.218721675872802734e+01 -4.232217025756835938e+01 2.918172597885131836e+00 -1.079359292984008789e+00 -6.921024322509765625e+00
1.320399379730224609e+01 1.217022895812988281e+01 -4.245644760131835938e+01 2.680102348327636719e+00 -4.821538329124450684e-01 -6.645475387573242188e+00
1.325146293640136719e+01 1.217068004608154297e+01 -4.258599090576171875e+01 2.299225330352783203e+00 2.700215578079223633e-01 -6.776654243469238281e+00
1.329281711578369141e+01 1.217890930175781250e+01 -4.271730804443359375e+01 1.909252643585205078e+00 5.179666280746459961e-01 -6.689220905303955078e+00
1.333713817596435547e+01 1.218746185302734375e+01 -4.291378021240234375e+01 1.366067886352539062e+00 2.026529312133789062e-01 -6.632504940032958984e+00
1.335576152801513672e+01 1.218899154663085938e+01 -4.304134750366210938e+01 8.858859539031982422e-01 -1.684139817953109741e-01 -6.860726356506347656e+00
1.337329387664794922e+01 1.218482875823974609e+01 -4.317445755004882812e+01 8.375840187072753906e-01 -3.785372078418731689e-01 -6.840197563171386719e+00
1.339108562469482422e+01 1.217252349853515625e+01 -4.330461120605468750e+01 8.045830130577087402e-01 -8.420902490615844727e-01 -6.659996986389160156e+00
1.340598201751708984e+01 1.215215682983398438e+01 -4.343275070190429688e+01 8.177607655525207520e-01 -1.120172858238220215e+00 -6.315387725830078125e+00
1.342437934875488281e+01 1.212981891632080078e+01 -4.355440521240234375e+01 1.000330567359924316e+00 -1.154411554336547852e+00 -6.257696151733398438e+00
1.344873332977294922e+01 1.210582351684570312e+01 -4.367577743530273438e+01 1.429076433181762695e+00 -1.184080123901367188e+00 -6.265148639678955078e+00
1.347572517395019531e+01 1.208405113220214844e+01 -4.379849243164062500e+01 1.446840286254882812e+00 -1.076052546501159668e+00 -6.016959667205810547e+00
1.350641155242919922e+01 1.206030082702636719e+01 -4.391518402099609375e+01 1.605872988700866699e+00 -1.295778155326843262e+00 -5.909065246582031250e+00
1.353624343872070312e+01 1.204231357574462891e+01 -4.402736663818359375e+01 1.288890838623046875e+00 -7.361205816268920898e-01 -5.778843402862548828e+00
1.356268978118896484e+01 1.202822113037109375e+01 -4.414086532592773438e+01 1.513104319572448730e+00 -6.676367521286010742e-01 -5.895652294158935547e+00
1.359707260131835938e+01 1.201705837249755859e+01 -4.425807952880859375e+01 1.515179514884948730e+00 -3.655855655670166016e-01 -5.790630340576171875e+00
1.362104606628417969e+01 1.201101779937744141e+01 -4.437422180175781250e+01 1.408252954483032227e+00 -4.611915946006774902e-01 -5.884288787841796875e+00
1.365455913543701172e+01 1.200747871398925781e+01 -4.449189376831054688e+01 1.775348663330078125e+00 8.775955438613891602e-02 -5.930873870849609375e+00
1.368782329559326172e+01 1.201244354248046875e+01 -4.460725402832031250e+01 1.436375856399536133e+00 3.390933573246002197e-01 -5.978597640991210938e+00
1.371084499359130859e+01 1.201827621459960938e+01 -4.472507858276367188e+01 1.168105959892272949e+00 2.429041564464569092e-01 -5.933030605316162109e+00
1.373813343048095703e+01 1.202008819580078125e+01 -4.484232711791992188e+01 1.543158054351806641e+00 -1.306915581226348877e-01 -6.169277191162109375e+00
1.376587200164794922e+01 1.201933765411376953e+01 -4.496674728393554688e+01 1.478703260421752930e+00 3.591410932131111622e-04 -6.405853271484375000e+00
1.379642295837402344e+01 1.201349544525146484e+01 -4.509038543701171875e+01 1.791768312454223633e+00 -3.993673026561737061e-01 -6.351943016052246094e+00
1.382808494567871094e+01 1.201408004760742188e+01 -4.521417236328125000e+01 1.202851772308349609e+00 3.554648756980895996e-01 -6.435683727264404297e+00
1.384635353088378906e+01 1.202536582946777344e+01 -4.533927536010742188e+01 9.069471359252929688e-01 2.695984840393066406e-01 -6.570671558380126953e+00
1.388124561309814453e+01 1.202458095550537109e+01 -4.552957153320312500e+01 1.218137264251708984e+00 2.851648926734924316e-01 -6.747582435607910156e+00
1.389939212799072266e+01 1.202473068237304688e+01 -4.566477584838867188e+01 1.121377229690551758e+00 -9.219137579202651978e-02 -6.891709327697753906e+00
1.392887306213378906e+01 1.202575969696044922e+01 -4.580241775512695312e+01 1.812068700790405273e+00 3.049099445343017578e-02 -7.223090648651123047e+00
1.396274662017822266e+01 1.202913379669189453e+01 -4.594381332397460938e+01 1.774244070053100586e+00 3.901464939117431641e-01 -7.634294509887695312e+00
1.400170040130615234e+01 1.204020500183105469e+01 -4.609529876708984375e+01 1.933829426765441895e+00 5.835778117179870605e-01 -8.023609161376953125e+00
1.403726959228515625e+01 1.205154132843017578e+01 -4.625333786010742188e+01 1.765299081802368164e+00 8.963763713836669922e-01 -8.305120468139648438e+00
1.407597255706787109e+01 1.207532787322998047e+01 -4.641934585571289062e+01 2.288452863693237305e+00 1.091171503067016602e+00 -8.549673080444335938e+00
1.411823558807373047e+01 1.209260749816894531e+01 -4.658922576904296875e+01 1.995608568191528320e+00 8.978930115699768066e-01 -9.250994682312011719e+00
1.415969085693359375e+01 1.211264610290527344e+01 -4.677136993408203125e+01 2.143945693969726562e+00 8.552595973014831543e-01 -9.663903236389160156e+00
1.419461917877197266e+01 1.212619113922119141e+01 -4.696829223632812500e+01 1.545873880386352539e+00 2.961506545543670654e-01 -1.013522624969482422e+01
1.422152423858642578e+01 1.212534713745117188e+01 -4.717089462280273438e+01 1.151227712631225586e+00 -5.025770068168640137e-01 -1.052194595336914062e+01
1.424378967285156250e+01 1.210353469848632812e+01 -4.737952804565429688e+01 1.274491071701049805e+00 -1.570137023925781250e+00 -1.101125335693359375e+01
1.426589298248291016e+01 1.205902862548828125e+01 -4.760164642333984375e+01 1.254693269729614258e+00 -3.126620531082153320e+00 -1.138514900207519531e+01
1.428969097137451172e+01 1.197666358947753906e+01 -4.782321548461914062e+01 1.026130318641662598e+00 -4.967437267303466797e+00 -1.101468658447265625e+01
1.430726146697998047e+01 1.186911773681640625e+01 -4.803130340576171875e+01 1.021011590957641602e+00 -5.998991966247558594e+00 -1.030645656585693359e+01
1.433213138580322266e+01 1.174619293212890625e+01 -4.822650527954101562e+01 1.343251347541809082e+00 -6.360305786132812500e+00 -9.745983123779296875e+00
1.436072349548339844e+01 1.161666202545166016e+01 -4.841395568847656250e+01 1.465945243835449219e+00 -6.771753311157226562e+00 -9.158728599548339844e+00
1.439612770080566406e+01 1.148983478546142578e+01 -4.858276748657226562e+01 2.011735439300537109e+00 -6.107413768768310547e+00 -8.308854103088378906e+00
1.442886638641357422e+01 1.138401508331298828e+01 -4.873528289794921875e+01 1.115990281105041504e+00 -5.206920146942138672e+00 -7.447942256927490234e+00
1.445468330383300781e+01 1.128174781799316406e+01 -4.887813568115234375e+01 1.145768165588378906e+00 -5.326685428619384766e+00 -6.828332424163818359e+00
1.447418117523193359e+01 1.118252658843994141e+01 -4.900925064086914062e+01 1.003434181213378906e+00 -4.844819545745849609e+00 -6.426070213317871094e+00
1.449564552307128906e+01 1.105649375915527344e+01 -4.918967056274414062e+01 5.396518707275390625e-01 -3.967264652252197266e+00 -6.052730560302734375e+00
1.450545978546142578e+01 1.098294639587402344e+01 -4.930644607543945312e+01 4.117833673954010010e-01 -3.436933994293212891e+00 -5.738307952880859375e+00
1.451387691497802734e+01 1.091656684875488281e+01 -4.941470336914062500e+01 5.576072931289672852e-01 -3.317310571670532227e+00 -5.546087265014648438e+00
1.452655220031738281e+01 1.085800933837890625e+01 -4.952241516113281250e+01 7.604668736457824707e-01 -2.758595466613769531e+00 -5.411655426025390625e+00
1.453652191162109375e+01 1.080417346954345703e+01 -4.962406921386718750e+01 3.674935698509216309e-01 -2.585819005966186523e+00 -5.319776535034179688e+00
1.454951667785644531e+01 1.075215339660644531e+01 -4.972634124755859375e+01 7.088648676872253418e-01 -2.677906513214111328e+00 -5.020644664764404297e+00
1.456328487396240234e+01 1.070199108123779297e+01 -4.982135009765625000e+01 6.676327586174011230e-01 -2.663767337799072266e+00 -4.771526336669921875e+00
1.457972621917724609e+01 1.065661334991455078e+01 -4.991025543212890625e+01 9.568593502044677734e-01 -1.765687584877014160e+00 -4.545868396759033203e+00
1.459647655487060547e+01 1.062445068359375000e+01 -4.999724578857421875e+01 5.936197042465209961e-01 -1.760069012641906738e+00 -4.382373809814453125e+00
1.460893440246582031e+01 1.058223438262939453e+01 -5.008343505859375000e+01 7.207313179969787598e-01 -2.450929403305053711e+00 -4.196370601654052734e+00
1.462443161010742188e+01 1.053713607788085938e+01 -5.016282272338867188e+01 7.234443426132202148e-01 -2.232207536697387695e+00 -4.154698371887207031e+00
1.464334487915039062e+01 1.049043178558349609e+01 -5.024246978759765625e+01 1.154751300811767578e+00 -2.545131683349609375e+00 -3.997386693954467773e+00
1.466414546966552734e+01 1.044637012481689453e+01 -5.032027053833007812e+01 1.202341556549072266e+00 -1.926174998283386230e+00 -3.859888792037963867e+00
1.468856334686279297e+01 1.041029167175292969e+01 -5.039122772216796875e+01 1.126822471618652344e+00 -1.860691785812377930e+00 -3.425929069519042969e+00
1.471144008636474609e+01 1.037532043457031250e+01 -5.045834350585937500e+01 1.045588731765747070e+00 -1.430638432502746582e+00 -3.439698696136474609e+00
1.473150825500488281e+01 1.034580516815185547e+01 -5.052461624145507812e+01 1.478273153305053711e+00 -1.723917722702026367e+00 -3.175065755844116211e+00
1.476613807678222656e+01 1.031580352783203125e+01 -5.059172058105468750e+01 1.500893950462341309e+00 -1.470053076744079590e+00 -3.556935310363769531e+00
1.479346275329589844e+01 1.028719806671142578e+01 -5.065918350219726562e+01 1.349377274513244629e+00 -1.078099966049194336e+00 -3.369796276092529297e+00
1.481946277618408203e+01 1.026667118072509766e+01 -5.072874832153320312e+01 1.081184387207031250e+00 -8.416774272918701172e-01 -3.401174306869506836e+00
1.483930969238281250e+01 1.024847984313964844e+01 -5.079802322387695312e+01 1.310318470001220703e+00 -1.037420868873596191e+00 -3.409306287765502930e+00
1.487794971466064453e+01 1.022840023040771484e+01 -5.089493942260742188e+01 1.058722376823425293e+00 -7.327142953872680664e-01 -3.302345037460327148e+00
1.489613723754882812e+01 1.021563434600830078e+01 -5.096297836303710938e+01 6.927508115768432617e-01 -6.990329027175903320e-01 -3.323508977890014648e+00
1.490811729431152344e+01 1.020210838317871094e+01 -5.102433776855468750e+01 4.937217831611633301e-01 -7.444834709167480469e-01 -3.271774768829345703e+00
1.491464996337890625e+01 1.018440151214599609e+01 -5.108335876464843750e+01 4.080042541027069092e-01 -1.103648543357849121e+00 -2.869911432266235352e+00
1.492509269714355469e+01 1.016149520874023438e+01 -5.113796234130859375e+01 5.192916989326477051e-01 -9.849415421485900879e-01 -2.581296920776367188e+00
1.493449974060058594e+01 1.014099884033203125e+01 -5.119232559204101562e+01 5.002793669700622559e-01 -1.205989122390747070e+00 -2.818538188934326172e+00
1.494752407073974609e+01 1.012082672119140625e+01 -5.124626922607421875e+01 5.852041244506835938e-01 -5.293428301811218262e-01 -2.620876550674438477e+00
1.495490360260009766e+01 1.010657691955566406e+01 -5.129843902587890625e+01 4.446123540401458740e-01 -5.181611776351928711e-01 -2.786928176879882812e+00
1.496392822265625000e+01 1.010089302062988281e+01 -5.134584045410156250e+01 4.738435447216033936e-01 -2.000967413187026978e-01 -2.517277240753173828e+00
1.497592449188232422e+01 1.009729957580566406e+01 -5.139475631713867188e+01 7.910771369934082031e-01 -3.948331251740455627e-02 -2.418841838836669922e+00
1.499349403381347656e+01 1.010014629364013672e+01 -5.144518661499023438e+01 1.038297891616821289e+00 2.301426231861114502e-01 -2.543562889099121094e+00
1.500841903686523438e+01 1.010945987701416016e+01 -5.149399185180664062e+01 4.395960867404937744e-01 3.952175080776214600e-01 -2.413566589355468750e+00
1.501769256591796875e+01 1.011544227600097656e+01 -5.154732131958007812e+01 9.197026491165161133e-01 6.145889163017272949e-01 -3.012130737304687500e+00
1.503391075134277344e+01 1.013924217224121094e+01 -5.160329437255859375e+01 5.384901762008666992e-01 1.140175342559814453e+00 -2.777020931243896484e+00
1.504027271270751953e+01 1.015747451782226562e+01 -5.165974807739257812e+01 4.020806550979614258e-01 4.849466085433959961e-01 -2.892324686050415039e+00
1.505013179779052734e+01 1.016314601898193359e+01 -5.171739959716796875e+01 6.752483844757080078e-01 3.828528821468353271e-01 -3.044058799743652344e+00
1.506702136993408203e+01 1.017257976531982422e+01 -5.177572631835937500e+01 1.014219403266906738e+00 4.301948547363281250e-01 -3.204977750778198242e+00
1.509351921081542969e+01 1.018121528625488281e+01 -5.184015655517578125e+01 1.689117074012756348e+00 5.587044358253479004e-01 -3.123879909515380859e+00
1.512729167938232422e+01 1.019198608398437500e+01 -5.190456771850585938e+01 1.661936521530151367e+00 7.355033159255981445e-01 -3.472648859024047852e+00
1.516352367401123047e+01 1.021039676666259766e+01 -5.197391128540039062e+01 1.843838453292846680e+00 1.121434092521667480e+00 -3.634992837905883789e+00
1.520071125030517578e+01 1.023519229888916016e+01 -5.204090881347656250e+01 1.874744892120361328e+00 1.100534319877624512e+00 -3.564425945281982422e+00
1.526566123962402344e+01 1.027614116668701172e+01 -5.214514160156250000e+01 2.010449647903442383e+00 1.711940407752990723e+00 -3.782305479049682617e+00
1.530001926422119141e+01 1.031352329254150391e+01 -5.222077178955078125e+01 1.635430932044982910e+00 1.880491137504577637e+00 -3.587805986404418945e+00
1.533116054534912109e+01 1.034959316253662109e+01 -5.229124450683593750e+01 1.741142749786376953e+00 1.848666906356811523e+00 -4.009406089782714844e+00
1.535597419738769531e+01 1.038890552520751953e+01 -5.236393737792968750e+01 9.645149707794189453e-01 1.870811700820922852e+00 -3.540518283843994141e+00
1.536685180664062500e+01 1.042488956451416016e+01 -5.243454742431640625e+01 4.751955270767211914e-01 1.782900452613830566e+00 -3.700732469558715820e+00
1.537746620178222656e+01 1.045676708221435547e+01 -5.250886917114257812e+01 3.659577071666717529e-01 1.528966784477233887e+00 -3.668120622634887695e+00
1.537760925292968750e+01 1.048159980773925781e+01 -5.258683776855468750e+01 1.374623179435729980e-01 8.796083331108093262e-01 -3.823918581008911133e+00
1.538388442993164062e+01 1.049152469635009766e+01 -5.265800857543945312e+01 3.203382194042205811e-01 4.698640406131744385e-01 -3.843755722045898438e+00
1.539344406127929688e+01 1.049705314636230469e+01 -5.273434066772460938e+01 6.298921704292297363e-01 2.744256854057312012e-01 -3.898504734039306641e+00
1.540837574005126953e+01 1.050720691680908203e+01 -5.280968475341796875e+01 9.005043506622314453e-01 5.217750072479248047e-01 -3.934155941009521484e+00
1.542964458465576172e+01 1.051287746429443359e+01 -5.288553237915039062e+01 1.482500314712524414e+00 9.876277297735214233e-02 -3.725213289260864258e+00
1.546588420867919922e+01 1.051828670501708984e+01 -5.296358871459960938e+01 2.164472103118896484e+00 7.268676161766052246e-01 -3.873312473297119141e+00
1.550495433807373047e+01 1.053680896759033203e+01 -5.304046249389648438e+01 1.849746227264404297e+00 1.312176465988159180e+00 -3.990990400314331055e+00
1.554456138610839844e+01 1.057142162322998047e+01 -5.311789321899414062e+01 2.018943548202514648e+00 2.051076412200927734e+00 -4.097478389739990234e+00
1.558250141143798828e+01 1.061968231201171875e+01 -5.320353317260742188e+01 1.973876714706420898e+00 2.516906738281250000e+00 -4.479332923889160156e+00
1.562347984313964844e+01 1.067237091064453125e+01 -5.329328155517578125e+01 2.039868354797363281e+00 3.034763336181640625e+00 -4.862750053405761719e+00
1.565794277191162109e+01 1.073270893096923828e+01 -5.339694595336914062e+01 1.778129458427429199e+00 3.189722776412963867e+00 -5.834733486175537109e+00
1.569829463958740234e+01 1.080135536193847656e+01 -5.351871109008789062e+01 2.082378149032592773e+00 3.497752666473388672e+00 -6.645980834960937500e+00
1.573393630981445312e+01 1.086782455444335938e+01 -5.365420150756835938e+01 1.552975296974182129e+00 3.499531507492065430e+00 -7.143011093139648438e+00
1.576329421997070312e+01 1.092332553863525391e+01 -5.379965972900390625e+01 1.433854460716247559e+00 2.486099243164062500e+00 -7.694832324981689453e+00
1.579028892517089844e+01 1.096901130676269531e+01 -5.394969940185546875e+01 1.444999575614929199e+00 2.036690235137939453e+00 -7.914460659027099609e+00
1.582624626159667969e+01 1.100957393646240234e+01 -5.417948532104492188e+01 1.120706796646118164e+00 8.217578530311584473e-01 -8.039690017700195312e+00
1.584779167175292969e+01 1.101692676544189453e+01 -5.433488464355468750e+01 1.303308725357055664e+00 -1.270395368337631226e-01 -7.811325550079345703e+00
1.587170505523681641e+01 1.100435161590576172e+01 -5.448295211791992188e+01 1.366084098815917969e+00 -9.241400957107543945e-01 -7.407637596130371094e+00
1.589944934844970703e+01 1.098582744598388672e+01 -5.462787628173828125e+01 1.362021923065185547e+00 -1.006921410560607910e+00 -7.057216167449951172e+00
1.592632293701171875e+01 1.096347522735595703e+01 -5.476585769653320312e+01 1.562672734260559082e+00 -1.386904954910278320e+00 -7.052610397338867188e+00
1.595680618286132812e+01 1.093630313873291016e+01 -5.489877319335937500e+01 1.292616486549377441e+00 -1.064700961112976074e+00 -6.860907554626464844e+00
1.597881507873535156e+01 1.091331386566162109e+01 -5.502782058715820312e+01 1.445259690284729004e+00 -1.369270086288452148e+00 -6.479007244110107422e+00
1.601171112060546875e+01 1.087973690032958984e+01 -5.515045166015625000e+01 1.860164165496826172e+00 -1.607554912567138672e+00 -6.120227336883544922e+00
1.603972053527832031e+01 1.085432243347167969e+01 -5.526710128784179688e+01 9.963894486427307129e-01 -1.324354290962219238e+00 -5.769585609436035156e+00
1.606032562255859375e+01 1.082651901245117188e+01 -5.538042068481445312e+01 1.383057594299316406e+00 -1.711453676223754883e+00 -6.010111331939697266e+00
1.608423995971679688e+01 1.079354286193847656e+01 -5.549314880371093750e+01 1.080484867095947266e+00 -1.648122072219848633e+00 -5.696482181549072266e+00
