1.919080853462219238e+00 3.538961172103881836e+00 -1.922633767127990723e+00
1.921276211738586426e+00 3.595750093460083008e+00 -1.927807092666625977e+00
1.946789145469665527e+00 3.656637668609619141e+00 -1.957928419113159180e+00
1.970141410827636719e+00 3.706524848937988281e+00 -1.986451029777526855e+00
1.996476888656616211e+00 3.751488447189331055e+00 -2.011439800262451172e+00
2.026342630386352539e+00 3.826671361923217773e+00 -1.999580979347229004e+00
2.036978006362915039e+00 3.873404741287231445e+00 -2.021240711212158203e+00
2.074738264083862305e+00 3.935604095458984375e+00 -2.047453403472900391e+00
2.071999073028564453e+00 3.984704971313476562e+00 -2.066103935241699219e+00
2.076842308044433594e+00 4.007162094116210938e+00 -2.072059392929077148e+00
2.111132860183715820e+00 4.069438457489013672e+00 -2.072766542434692383e+00
2.157540559768676758e+00 4.159778594970703125e+00 -2.109403133392333984e+00
2.197079658508300781e+00 4.190982341766357422e+00 -2.122734308242797852e+00
2.221368551254272461e+00 4.252594470977783203e+00 -2.126273632049560547e+00
2.221318483352661133e+00 4.337966918945312500e+00 -2.143492698669433594e+00
2.260169744491577148e+00 4.404203414916992188e+00 -2.165527820587158203e+00
2.290353298187255859e+00 4.451225280761718750e+00 -2.189806222915649414e+00
2.292260646820068359e+00 4.539208412170410156e+00 -2.186204195022583008e+00
2.318908929824829102e+00 4.578558444976806641e+00 -2.192610025405883789e+00
2.336647510528564453e+00 4.660493373870849609e+00 -2.207831382751464844e+00
2.346815109252929688e+00 4.731758594512939453e+00 -2.202598571777343750e+00
2.409645795822143555e+00 4.826621055603027344e+00 -2.222700119018554688e+00
2.389774084091186523e+00 4.897369384765625000e+00 -2.247565507888793945e+00
2.402577400207519531e+00 4.956381320953369141e+00 -2.240283966064453125e+00
2.436281204223632812e+00 5.048811912536621094e+00 -2.266978979110717773e+00
2.447255373001098633e+00 5.109891414642333984e+00 -2.266508579254150391e+00
2.505796670913696289e+00 5.207077980041503906e+00 -2.264635562896728516e+00
2.513322830200195312e+00 5.308403015136718750e+00 -2.270746946334838867e+00
2.527019977569580078e+00 5.405272006988525391e+00 -2.308050632476806641e+00
2.563716888427734375e+00 5.498099327087402344e+00 -2.312377452850341797e+00
2.587174177169799805e+00 5.597239017486572266e+00 -2.330562829971313477e+00
2.612102508544921875e+00 5.685123920440673828e+00 -2.312142372131347656e+00
2.658199548721313477e+00 5.844381332397460938e+00 -2.333623647689819336e+00
2.654930353164672852e+00 5.923757553100585938e+00 -2.365719079971313477e+00
2.715207099914550781e+00 6.043518543243408203e+00 -2.363441467285156250e+00
2.715551376342773438e+00 6.155939102172851562e+00 -2.362136840820312500e+00
2.747219562530517578e+00 6.270260810852050781e+00 -2.377129554748535156e+00
2.772393941879272461e+00 6.369561672210693359e+00 -2.396037340164184570e+00
2.811199426651000977e+00 6.493350982666015625e+00 -2.394161939620971680e+00
2.858605384826660156e+00 6.597829818725585938e+00 -2.396394014358520508e+00
2.873248815536499023e+00 6.704346179962158203e+00 -2.411885499954223633e+00
2.917390584945678711e+00 6.856770038604736328e+00 -2.428098440170288086e+00
2.910573720932006836e+00 6.956793785095214844e+00 -2.427227735519409180e+00
2.949214935302734375e+00 7.125304698944091797e+00 -2.440550565719604492e+00
2.976494312286376953e+00 7.238517761230468750e+00 -2.450762748718261719e+00
3.030520439147949219e+00 7.377752780914306641e+00 -2.461022377014160156e+00
3.021397352218627930e+00 7.509209156036376953e+00 -2.473776102066040039e+00
3.077883005142211914e+00 7.684346675872802734e+00 -2.499460458755493164e+00
3.113963603973388672e+00 7.820545673370361328e+00 -2.516749858856201172e+00
3.136074066162109375e+00 7.965649127960205078e+00 -2.519112110137939453e+00
3.178281784057617188e+00 8.132096290588378906e+00 -2.525652170181274414e+00
3.204113245010375977e+00 8.270367622375488281e+00 -2.556382179260253906e+00
3.238700866699218750e+00 8.430174827575683594e+00 -2.572214365005493164e+00
3.271381855010986328e+00 8.695944786071777344e+00 -2.598222494125366211e+00
3.337332487106323242e+00 8.877061843872070312e+00 -2.603430032730102539e+00
3.350663900375366211e+00 9.051330566406250000e+00 -2.636394500732421875e+00
3.386993885040283203e+00 9.234246253967285156e+00 -2.646720409393310547e+00
3.435578584671020508e+00 9.446138381958007812e+00 -2.688007831573486328e+00
3.471618413925170898e+00 9.648464202880859375e+00 -2.733862638473510742e+00
3.509687185287475586e+00 9.829629898071289062e+00 -2.760385274887084961e+00
3.570835590362548828e+00 1.004177284240722656e+01 -2.801720619201660156e+00
3.609258651733398438e+00 1.022434520721435547e+01 -2.816790342330932617e+00
3.661591053009033203e+00 1.044524860382080078e+01 -2.870164632797241211e+00
3.690324068069458008e+00 1.065265941619873047e+01 -2.913188695907592773e+00
3.732733011245727539e+00 1.087989234924316406e+01 -2.983869314193725586e+00
3.786203622817993164e+00 1.110740947723388672e+01 -3.012611150741577148e+00
3.852648973464965820e+00 1.136826992034912109e+01 -3.062539100646972656e+00
3.890547990798950195e+00 1.160297489166259766e+01 -3.128661155700683594e+00
3.906299114227294922e+00 1.187862682342529297e+01 -3.201501607894897461e+00
3.952195405960083008e+00 1.212506294250488281e+01 -3.262256860733032227e+00
4.022786617279052734e+00 1.238234519958496094e+01 -3.334469318389892578e+00
4.062799453735351562e+00 1.267659091949462891e+01 -3.404636621475219727e+00
4.134896755218505859e+00 1.296888446807861328e+01 -3.488888025283813477e+00
4.197034835815429688e+00 1.340538215637207031e+01 -3.659252405166625977e+00
4.244847774505615234e+00 1.370995044708251953e+01 -3.762475252151489258e+00
4.328344345092773438e+00 1.403725242614746094e+01 -3.876929283142089844e+00
4.403103828430175781e+00 1.436043930053710938e+01 -4.025061130523681641e+00
4.457032680511474609e+00 1.469578075408935547e+01 -4.181355476379394531e+00
4.539850234985351562e+00 1.503273773193359375e+01 -4.330200195312500000e+00
4.629120826721191406e+00 1.543488311767578125e+01 -4.534994125366210938e+00
4.699747562408447266e+00 1.577978229522705078e+01 -4.737310409545898438e+00
4.781511306762695312e+00 1.613978767395019531e+01 -4.961883068084716797e+00
4.878386974334716797e+00 1.652342033386230469e+01 -5.218895912170410156e+00
4.990179538726806641e+00 1.690341377258300781e+01 -5.518581390380859375e+00
5.102757453918457031e+00 1.729107284545898438e+01 -5.832490444183349609e+00
5.218424320220947266e+00 1.767055511474609375e+01 -6.221347332000732422e+00
5.295417785644531250e+00 1.805508422851562500e+01 -6.628919124603271484e+00
5.427681922912597656e+00 1.841880607604980469e+01 -7.070219039916992188e+00
5.536999702453613281e+00 1.874473381042480469e+01 -7.549745082855224609e+00
5.644685745239257812e+00 1.903720283508300781e+01 -8.088502883911132812e+00
5.753984928131103516e+00 1.930881309509277344e+01 -8.595436096191406250e+00
5.877340793609619141e+00 1.955884933471679688e+01 -9.180225372314453125e+00
5.995450973510742188e+00 1.977736473083496094e+01 -9.751953125000000000e+00
6.101570606231689453e+00 1.995970726013183594e+01 -1.033589935302734375e+01
6.267553329467773438e+00 2.018232154846191406e+01 -1.123689174652099609e+01
6.384907245635986328e+00 2.029719161987304688e+01 -1.179325008392333984e+01
6.496479988098144531e+00 2.037688255310058594e+01 -1.237288665771484375e+01
6.562077999114990234e+00 2.046246910095214844e+01 -1.291816234588623047e+01
6.672314643859863281e+00 2.052975845336914062e+01 -1.344750404357910156e+01
6.754777908325195312e+00 2.056676292419433594e+01 -1.399609851837158203e+01
6.844893932342529297e+00 2.059613990783691406e+01 -1.450125789642333984e+01
6.900994777679443359e+00 2.062307929992675781e+01 -1.499119186401367188e+01
6.968982219696044922e+00 2.060549545288085938e+01 -1.544724178314208984e+01
7.046651363372802734e+00 2.062376785278320312e+01 -1.589901924133300781e+01
7.135270595550537109e+00 2.062080764770507812e+01 -1.632691001892089844e+01
7.186449527740478516e+00 2.059558486938476562e+01 -1.674008941650390625e+01
7.247420310974121094e+00 2.057038879394531250e+01 -1.713611793518066406e+01
7.318061351776123047e+00 2.054489898681640625e+01 -1.752480316162109375e+01
7.396977901458740234e+00 2.051203346252441406e+01 -1.786414337158203125e+01
7.431190967559814453e+00 2.048484611511230469e+01 -1.823292541503906250e+01
7.497379302978515625e+00 2.046307563781738281e+01 -1.858021926879882812e+01
7.545861721038818359e+00 2.042208099365234375e+01 -1.889126205444335938e+01
7.595061779022216797e+00 2.041702651977539062e+01 -1.920912742614746094e+01
7.647202491760253906e+00 2.037441253662109375e+01 -1.951712036132812500e+01
7.696021080017089844e+00 2.031695365905761719e+01 -1.979579734802246094e+01
7.790395736694335938e+00 2.023513984680175781e+01 -2.022107696533203125e+01
7.809039115905761719e+00 2.020022010803222656e+01 -2.046764373779296875e+01
7.894382953643798828e+00 2.014089584350585938e+01 -2.073840141296386719e+01
7.929152011871337891e+00 2.009871482849121094e+01 -2.099099540710449219e+01
7.985627174377441406e+00 2.004217529296875000e+01 -2.121935081481933594e+01
8.015772819519042969e+00 1.996291732788085938e+01 -2.145588874816894531e+01
8.030733108520507812e+00 1.994767189025878906e+01 -2.167226028442382812e+01
8.055462837219238281e+00 1.987867164611816406e+01 -2.190715217590332031e+01
8.098567962646484375e+00 1.983058929443359375e+01 -2.210890579223632812e+01
8.125931739807128906e+00 1.977745437622070312e+01 -2.232531356811523438e+01
8.161352157592773438e+00 1.973971939086914062e+01 -2.250041389465332031e+01
8.175421714782714844e+00 1.965476226806640625e+01 -2.270294189453125000e+01
8.215159416198730469e+00 1.959737968444824219e+01 -2.288166999816894531e+01
8.248223304748535156e+00 1.952942276000976562e+01 -2.305813789367675781e+01
8.304000854492187500e+00 1.948938369750976562e+01 -2.323026466369628906e+01
8.295201301574707031e+00 1.944784736633300781e+01 -2.338752937316894531e+01
8.322669982910156250e+00 1.938362503051757812e+01 -2.355621719360351562e+01
8.365738868713378906e+00 1.932988929748535156e+01 -2.371862220764160156e+01
8.376874923706054688e+00 1.926801872253417969e+01 -2.388261604309082031e+01
8.418098449707031250e+00 1.924270248413085938e+01 -2.403219985961914062e+01
8.439436912536621094e+00 1.919941520690917969e+01 -2.419526290893554688e+01
8.499118804931640625e+00 1.910117530822753906e+01 -2.439641571044921875e+01
8.532752990722656250e+00 1.905119895935058594e+01 -2.453878593444824219e+01
8.538334846496582031e+00 1.899656677246093750e+01 -2.468013572692871094e+01
8.570896148681640625e+00 1.896368789672851562e+01 -2.480901527404785156e+01
8.610957145690917969e+00 1.891356277465820312e+01 -2.494197845458984375e+01
8.637611389160156250e+00 1.888964462280273438e+01 -2.506388664245605469e+01
8.669160842895507812e+00 1.881422996520996094e+01 -2.518389511108398438e+01
8.670054435729980469e+00 1.877854156494140625e+01 -2.530677986145019531e+01
8.697923660278320312e+00 1.873283195495605469e+01 -2.543173599243164062e+01
8.705722808837890625e+00 1.870602416992187500e+01 -2.556996917724609375e+01
8.749861717224121094e+00 1.863192367553710938e+01 -2.568087768554687500e+01
8.771306037902832031e+00 1.858401870727539062e+01 -2.579831695556640625e+01
8.797999382019042969e+00 1.854705810546875000e+01 -2.590097427368164062e+01
8.807148933410644531e+00 1.850481605529785156e+01 -2.601270866394042969e+01
8.840094566345214844e+00 1.846550559997558594e+01 -2.612853240966796875e+01
8.858640670776367188e+00 1.841007804870605469e+01 -2.623852539062500000e+01
8.887831687927246094e+00 1.837494468688964844e+01 -2.632888412475585938e+01
8.916072845458984375e+00 1.830695343017578125e+01 -2.646702003479003906e+01
8.950366020202636719e+00 1.824136352539062500e+01 -2.656813812255859375e+01
8.977589607238769531e+00 1.822854804992675781e+01 -2.665176773071289062e+01
9.005724906921386719e+00 1.818983268737792969e+01 -2.676887130737304688e+01
9.022522926330566406e+00 1.812366104125976562e+01 -2.691002464294433594e+01
9.025351524353027344e+00 1.804519462585449219e+01 -2.699999427795410156e+01
9.051008224487304688e+00 1.801500129699707031e+01 -2.711419677734375000e+01
9.056168556213378906e+00 1.795080947875976562e+01 -2.721493148803710938e+01
9.091070175170898438e+00 1.789634323120117188e+01 -2.730297470092773438e+01
9.102656364440917969e+00 1.784053993225097656e+01 -2.740147781372070312e+01
9.111399650573730469e+00 1.780698204040527344e+01 -2.749960517883300781e+01
9.151169776916503906e+00 1.773064231872558594e+01 -2.760306739807128906e+01
9.149620056152343750e+00 1.767261123657226562e+01 -2.770777511596679688e+01
9.184353828430175781e+00 1.763667869567871094e+01 -2.778623008728027344e+01
9.190551757812500000e+00 1.756422424316406250e+01 -2.788599395751953125e+01
9.210595130920410156e+00 1.748830032348632812e+01 -2.796770095825195312e+01
9.231883049011230469e+00 1.743393898010253906e+01 -2.806670188903808594e+01
9.241877555847167969e+00 1.737162590026855469e+01 -2.816662788391113281e+01
9.271824836730957031e+00 1.732372283935546875e+01 -2.825141525268554688e+01
9.296217918395996094e+00 1.722991561889648438e+01 -2.834001731872558594e+01
9.323429107666015625e+00 1.718487548828125000e+01 -2.843151664733886719e+01
9.330536842346191406e+00 1.712841415405273438e+01 -2.852967834472656250e+01
9.352517127990722656e+00 1.708511734008789062e+01 -2.858389282226562500e+01
9.369022369384765625e+00 1.699368095397949219e+01 -2.867441368103027344e+01
9.381078720092773438e+00 1.695520973205566406e+01 -2.877235794067382812e+01
9.425412178039550781e+00 1.681885528564453125e+01 -2.886082458496093750e+01
9.426313400268554688e+00 1.674270248413085938e+01 -2.894217491149902344e+01
9.411275863647460938e+00 1.667156028747558594e+01 -2.900471305847167969e+01
9.431119918823242188e+00 1.659939384460449219e+01 -2.907716369628906250e+01
9.458926200866699219e+00 1.655217933654785156e+01 -2.914870834350585938e+01
9.464349746704101562e+00 1.645903396606445312e+01 -2.921826934814453125e+01
9.494315147399902344e+00 1.638964843750000000e+01 -2.929122352600097656e+01
9.504745483398437500e+00 1.632513999938964844e+01 -2.936085510253906250e+01
9.493029594421386719e+00 1.624422645568847656e+01 -2.941724014282226562e+01
9.514526367187500000e+00 1.616842079162597656e+01 -2.947095680236816406e+01
9.513268470764160156e+00 1.610221290588378906e+01 -2.953601264953613281e+01
9.539068222045898438e+00 1.603809738159179688e+01 -2.958918762207031250e+01
9.578732490539550781e+00 1.595709609985351562e+01 -2.964790153503417969e+01
9.562348365783691406e+00 1.587415695190429688e+01 -2.970954895019531250e+01
9.578311920166015625e+00 1.580475330352783203e+01 -2.976954460144042969e+01
9.598285675048828125e+00 1.573944950103759766e+01 -2.981363296508789062e+01
9.599679946899414062e+00 1.565359687805175781e+01 -2.988125610351562500e+01
9.641678810119628906e+00 1.558836364746093750e+01 -2.993054962158203125e+01
9.623109817504882812e+00 1.555434226989746094e+01 -2.998260688781738281e+01
9.643146514892578125e+00 1.547920799255371094e+01 -3.001345825195312500e+01
9.620892524719238281e+00 1.535126018524169922e+01 -3.007454109191894531e+01
9.669779777526855469e+00 1.527600002288818359e+01 -3.011544418334960938e+01
9.660042762756347656e+00 1.522275066375732422e+01 -3.014976119995117188e+01
9.658555984497070312e+00 1.514942646026611328e+01 -3.018630599975585938e+01
9.703030586242675781e+00 1.504825305938720703e+01 -3.021625518798828125e+01
9.711178779602050781e+00 1.500082206726074219e+01 -3.025669479370117188e+01
9.720789909362792969e+00 1.494447898864746094e+01 -3.026873016357421875e+01
9.734541893005371094e+00 1.486621761322021484e+01 -3.032854461669921875e+01
9.720025062561035156e+00 1.481068801879882812e+01 -3.033895683288574219e+01
9.752742767333984375e+00 1.474342441558837891e+01 -3.037885856628417969e+01
9.741016387939453125e+00 1.467771434783935547e+01 -3.041752624511718750e+01
9.759993553161621094e+00 1.461176013946533203e+01 -3.044222068786621094e+01
9.770891189575195312e+00 1.453803634643554688e+01 -3.046065521240234375e+01
9.786432266235351562e+00 1.447461128234863281e+01 -3.050367164611816406e+01
9.790135383605957031e+00 1.442090797424316406e+01 -3.051599121093750000e+01
9.798616409301757812e+00 1.434880447387695312e+01 -3.051641464233398438e+01
9.801429748535156250e+00 1.427553176879882812e+01 -3.053036880493164062e+01
9.803789138793945312e+00 1.420601367950439453e+01 -3.057653045654296875e+01
9.832727432250976562e+00 1.412568473815917969e+01 -3.055847167968750000e+01
9.810884475708007812e+00 1.406371021270751953e+01 -3.059501075744628906e+01
9.848203659057617188e+00 1.400150012969970703e+01 -3.059675216674804688e+01
9.848906517028808594e+00 1.394062137603759766e+01 -3.059859657287597656e+01
9.858285903930664062e+00 1.387438869476318359e+01 -3.057128715515136719e+01
9.864295005798339844e+00 1.378667449951171875e+01 -3.058074378967285156e+01
9.863584518432617188e+00 1.374247646331787109e+01 -3.057814216613769531e+01
9.862488746643066406e+00 1.368684005737304688e+01 -3.058429718017578125e+01
9.862252235412597656e+00 1.364902782440185547e+01 -3.056945419311523438e+01
9.854028701782226562e+00 1.359377098083496094e+01 -3.053434944152832031e+01
9.867937088012695312e+00 1.352421283721923828e+01 -3.052039718627929688e+01
9.862973213195800781e+00 1.348988628387451172e+01 -3.046600341796875000e+01
9.889777183532714844e+00 1.343183135986328125e+01 -3.043885612487792969e+01
9.869041442871093750e+00 1.341433429718017578e+01 -3.041552162170410156e+01
9.882314682006835938e+00 1.336193847656250000e+01 -3.038357162475585938e+01
9.895969390869140625e+00 1.333361625671386719e+01 -3.030563926696777344e+01
9.871246337890625000e+00 1.330388545989990234e+01 -3.021971893310546875e+01
9.853865623474121094e+00 1.326532363891601562e+01 -3.016769027709960938e+01
9.893642425537109375e+00 1.327403163909912109e+01 -3.007990264892578125e+01
9.884820938110351562e+00 1.323766613006591797e+01 -2.996979331970214844e+01
9.886079788208007812e+00 1.327972984313964844e+01 -2.987297248840332031e+01
9.885553359985351562e+00 1.330876731872558594e+01 -2.976651763916015625e+01
9.902056694030761719e+00 1.336906814575195312e+01 -2.962470626831054688e+01
9.878217697143554688e+00 1.345073318481445312e+01 -2.950359916687011719e+01
9.889780044555664062e+00 1.363548088073730469e+01 -2.927736854553222656e+01
9.904371261596679688e+00 1.376472949981689453e+01 -2.915086364746093750e+01
9.913337707519531250e+00 1.396732234954833984e+01 -2.900260734558105469e+01
9.950447082519531250e+00 1.418017101287841797e+01 -2.891264152526855469e+01
1.000123691558837891e+01 1.447560310363769531e+01 -2.886517333984375000e+01
1.003062820434570312e+01 1.477258968353271484e+01 -2.881074523925781250e+01
1.008370685577392578e+01 1.506259059906005859e+01 -2.878229141235351562e+01
1.013442325592041016e+01 1.536470508575439453e+01 -2.876857757568359375e+01
1.015969753265380859e+01 1.564657306671142578e+01 -2.881659317016601562e+01
1.021835994720458984e+01 1.590709686279296875e+01 -2.889296913146972656e+01
1.027099704742431641e+01 1.615815353393554688e+01 -2.895903015136718750e+01
1.033196353912353516e+01 1.641021156311035156e+01 -2.902439308166503906e+01
1.037698364257812500e+01 1.661656379699707031e+01 -2.914419746398925781e+01
1.043865871429443359e+01 1.682061958312988281e+01 -2.923497962951660156e+01
1.046652984619140625e+01 1.701885604858398438e+01 -2.935952568054199219e+01
1.051916313171386719e+01 1.717768859863281250e+01 -2.947686767578125000e+01
1.056255340576171875e+01 1.734065628051757812e+01 -2.959293174743652344e+01
1.060785865783691406e+01 1.744325065612792969e+01 -2.970203018188476562e+01
1.065180492401123047e+01 1.757629585266113281e+01 -2.982164764404296875e+01
1.067535400390625000e+01 1.768953323364257812e+01 -2.995787239074707031e+01
1.070634651184082031e+01 1.778242111206054688e+01 -3.009523773193359375e+01
1.075428390502929688e+01 1.789771842956542969e+01 -3.030705070495605469e+01
1.078887081146240234e+01 1.794596672058105469e+01 -3.041835594177246094e+01
1.081899166107177734e+01 1.800850677490234375e+01 -3.054671859741210938e+01
1.087344932556152344e+01 1.804912376403808594e+01 -3.068139648437500000e+01
1.088679504394531250e+01 1.809895706176757812e+01 -3.082326889038085938e+01
1.093295288085937500e+01 1.811686325073242188e+01 -3.097573280334472656e+01
1.098126220703125000e+01 1.814882850646972656e+01 -3.110063743591308594e+01
1.099126052856445312e+01 1.818867874145507812e+01 -3.123566246032714844e+01
1.102041530609130859e+01 1.820784568786621094e+01 -3.135371589660644531e+01
1.105962276458740234e+01 1.822418785095214844e+01 -3.147969627380371094e+01
1.107579517364501953e+01 1.821629905700683594e+01 -3.162866401672363281e+01
1.112744140625000000e+01 1.822716522216796875e+01 -3.175764465332031250e+01
1.112501239776611328e+01 1.822945022583007812e+01 -3.190348815917968750e+01
1.115122413635253906e+01 1.821803855895996094e+01 -3.203475189208984375e+01
1.117844772338867188e+01 1.819842338562011719e+01 -3.217882537841796875e+01
1.121371269226074219e+01 1.816359138488769531e+01 -3.230046081542968750e+01
1.125901794433593750e+01 1.812582397460937500e+01 -3.242013931274414062e+01
1.130239200592041016e+01 1.808677673339843750e+01 -3.255695724487304688e+01
1.132494163513183594e+01 1.807332420349121094e+01 -3.272725296020507812e+01
1.135633182525634766e+01 1.805504989624023438e+01 -3.283673858642578125e+01
1.139201354980468750e+01 1.803845405578613281e+01 -3.297735977172851562e+01
1.142294502258300781e+01 1.798454284667968750e+01 -3.317387390136718750e+01
1.143981933593750000e+01 1.795686531066894531e+01 -3.328416442871093750e+01
1.144907379150390625e+01 1.792138862609863281e+01 -3.340844726562500000e+01
1.147443866729736328e+01 1.786730575561523438e+01 -3.354214859008789062e+01
1.148239231109619141e+01 1.781672286987304688e+01 -3.366428375244140625e+01
1.151561641693115234e+01 1.776229858398437500e+01 -3.380413055419921875e+01
1.154895973205566406e+01 1.771681022644042969e+01 -3.392857742309570312e+01
1.157238864898681641e+01 1.765948867797851562e+01 -3.403012466430664062e+01
1.159043598175048828e+01 1.760545730590820312e+01 -3.414384460449218750e+01
1.163242340087890625e+01 1.756733703613281250e+01 -3.426711654663085938e+01
1.163919544219970703e+01 1.751570129394531250e+01 -3.438494491577148438e+01
1.166481304168701172e+01 1.744278335571289062e+01 -3.448723220825195312e+01
1.166358947753906250e+01 1.736707305908203125e+01 -3.461206817626953125e+01
1.170252513885498047e+01 1.732258987426757812e+01 -3.473284149169921875e+01
1.175327491760253906e+01 1.726675415039062500e+01 -3.482364654541015625e+01
1.177718257904052734e+01 1.722002601623535156e+01 -3.494059753417968750e+01
1.180946636199951172e+01 1.719240760803222656e+01 -3.505899429321289062e+01
1.178556251525878906e+01 1.713616180419921875e+01 -3.515884017944335938e+01
1.179386043548583984e+01 1.707560729980468750e+01 -3.527437973022460938e+01
1.181976985931396484e+01 1.701410102844238281e+01 -3.538487625122070312e+01
1.180485439300537109e+01 1.695198822021484375e+01 -3.546547317504882812e+01
1.184245300292968750e+01 1.683594131469726562e+01 -3.564710998535156250e+01
1.187918186187744141e+01 1.676852226257324219e+01 -3.577459716796875000e+01
1.188613033294677734e+01 1.671589279174804688e+01 -3.588808822631835938e+01
1.192031002044677734e+01 1.666726493835449219e+01 -3.599702453613281250e+01
1.196488380432128906e+01 1.660422325134277344e+01 -3.610528564453125000e+01
1.198521423339843750e+01 1.653457832336425781e+01 -3.622085952758789062e+01
1.201601028442382812e+01 1.648268508911132812e+01 -3.635709381103515625e+01
1.203700256347656250e+01 1.644666862487792969e+01 -3.648651885986328125e+01
1.206562423706054688e+01 1.637798309326171875e+01 -3.660120010375976562e+01
1.204350662231445312e+01 1.633075904846191406e+01 -3.670604324340820312e+01
1.208822822570800781e+01 1.627982711791992188e+01 -3.682314682006835938e+01
1.207843494415283203e+01 1.620237159729003906e+01 -3.692248916625976562e+01
1.211106300354003906e+01 1.613895606994628906e+01 -3.703714370727539062e+01
1.214015865325927734e+01 1.608330726623535156e+01 -3.715231704711914062e+01
1.215764808654785156e+01 1.599149131774902344e+01 -3.726087951660156250e+01
1.216651248931884766e+01 1.594377422332763672e+01 -3.734993362426757812e+01
1.218017196655273438e+01 1.585239028930664062e+01 -3.748025894165039062e+01
1.219028282165527344e+01 1.578188037872314453e+01 -3.758940887451171875e+01
1.222445297241210938e+01 1.571852588653564453e+01 -3.768740081787109375e+01
1.224254035949707031e+01 1.563261795043945312e+01 -3.782260131835937500e+01
1.228675937652587891e+01 1.551166152954101562e+01 -3.794517898559570312e+01
1.231740093231201172e+01 1.542537117004394531e+01 -3.805028533935546875e+01
1.233963680267333984e+01 1.536075973510742188e+01 -3.816045761108398438e+01
1.234929943084716797e+01 1.526371002197265625e+01 -3.825572967529296875e+01
1.236363315582275391e+01 1.521790599822998047e+01 -3.837871170043945312e+01
1.236106109619140625e+01 1.514286518096923828e+01 -3.847172546386718750e+01
1.236329078674316406e+01 1.504688549041748047e+01 -3.861056137084960938e+01
1.233432865142822266e+01 1.494410991668701172e+01 -3.873304367065429688e+01
1.236949443817138672e+01 1.482271385192871094e+01 -3.884145355224609375e+01
1.236750125885009766e+01 1.472153282165527344e+01 -3.894939804077148438e+01
1.242632484436035156e+01 1.457638168334960938e+01 -3.904622650146484375e+01
1.245928859710693359e+01 1.446040534973144531e+01 -3.916431427001953125e+01
1.246199607849121094e+01 1.435284614562988281e+01 -3.925200653076171875e+01
1.248010444641113281e+01 1.422198963165283203e+01 -3.936944580078125000e+01
1.249881839752197266e+01 1.410108184814453125e+01 -3.947928237915039062e+01
1.248179340362548828e+01 1.396263885498046875e+01 -3.956224822998046875e+01
1.248037433624267578e+01 1.377940177917480469e+01 -3.962961196899414062e+01
1.247777366638183594e+01 1.362239074707031250e+01 -3.967242431640625000e+01
1.245848083496093750e+01 1.343818378448486328e+01 -3.973242568969726562e+01
1.248005962371826172e+01 1.322050666809082031e+01 -3.972771453857421875e+01
1.248084259033203125e+01 1.303306770324707031e+01 -3.970307159423828125e+01
1.250638866424560547e+01 1.281189727783203125e+01 -3.962755584716796875e+01
1.249665641784667969e+01 1.271724319458007812e+01 -3.954549789428710938e+01
1.246483421325683594e+01 1.260659503936767578e+01 -3.947040176391601562e+01
1.244600296020507812e+01 1.253166389465332031e+01 -3.938401031494140625e+01
1.242385959625244141e+01 1.250691604614257812e+01 -3.932897186279296875e+01
1.240523624420166016e+01 1.243171215057373047e+01 -3.927585601806640625e+01
1.238961219787597656e+01 1.237190341949462891e+01 -3.922606277465820312e+01
1.235966300964355469e+01 1.232016372680664062e+01 -3.919239044189453125e+01
1.235767173767089844e+01 1.229303359985351562e+01 -3.917267227172851562e+01
1.236653137207031250e+01 1.223072814941406250e+01 -3.917200469970703125e+01
1.241843986511230469e+01 1.219595718383789062e+01 -3.919416427612304688e+01
1.247973918914794922e+01 1.217853450775146484e+01 -3.922289276123046875e+01
1.251100921630859375e+01 1.217056655883789062e+01 -3.926211547851562500e+01
1.253234672546386719e+01 1.217322254180908203e+01 -3.929800415039062500e+01
1.256152057647705078e+01 1.220516204833984375e+01 -3.936884689331054688e+01
1.257656192779541016e+01 1.221399402618408203e+01 -3.943386077880859375e+01
1.258143234252929688e+01 1.222840690612792969e+01 -3.953077316284179688e+01
1.260236167907714844e+01 1.222115325927734375e+01 -3.960081481933593750e+01
1.259301853179931641e+01 1.224237632751464844e+01 -3.971263504028320312e+01
1.260265159606933594e+01 1.222437477111816406e+01 -3.978263092041015625e+01
1.261242675781250000e+01 1.219685077667236328e+01 -3.991656112670898438e+01
1.263450717926025391e+01 1.217238807678222656e+01 -4.006010055541992188e+01
1.267160034179687500e+01 1.218420028686523438e+01 -4.018484878540039062e+01
1.270867538452148438e+01 1.216888999938964844e+01 -4.029412841796875000e+01
1.271999835968017578e+01 1.217910099029541016e+01 -4.042616271972656250e+01
1.277444076538085938e+01 1.218462276458740234e+01 -4.054928207397460938e+01
1.282877635955810547e+01 1.218699264526367188e+01 -4.066687011718750000e+01
1.286598205566406250e+01 1.218491649627685547e+01 -4.080653381347656250e+01
1.291020011901855469e+01 1.222909450531005859e+01 -4.091835021972656250e+01
1.293986320495605469e+01 1.225475311279296875e+01 -4.105873489379882812e+01
1.296902942657470703e+01 1.228822803497314453e+01 -4.120474243164062500e+01
1.298919773101806641e+01 1.229597568511962891e+01 -4.135375595092773438e+01
1.299484539031982422e+01 1.233352184295654297e+01 -4.148662185668945312e+01
1.300582790374755859e+01 1.233395004272460938e+01 -4.162086486816406250e+01
1.300593662261962891e+01 1.230519866943359375e+01 -4.175622177124023438e+01
1.304067420959472656e+01 1.230525016784667969e+01 -4.190584182739257812e+01
1.306181907653808594e+01 1.224123001098632812e+01 -4.205477905273437500e+01
1.310210323333740234e+01 1.222528171539306641e+01 -4.218629837036132812e+01
1.314113712310791016e+01 1.220730018615722656e+01 -4.232744979858398438e+01
1.319262504577636719e+01 1.217608833312988281e+01 -4.244160842895507812e+01
1.326255226135253906e+01 1.217900371551513672e+01 -4.258768081665039062e+01
1.327686595916748047e+01 1.218158721923828125e+01 -4.273021697998046875e+01
1.334565258026123047e+01 1.218537139892578125e+01 -4.289218521118164062e+01
1.337018585205078125e+01 1.217750453948974609e+01 -4.304908752441406250e+01
1.338889312744140625e+01 1.219101428985595703e+01 -4.319007110595703125e+01
1.338731670379638672e+01 1.215447711944580078e+01 -4.330380630493164062e+01
1.340464878082275391e+01 1.215631675720214844e+01 -4.343295288085937500e+01
1.343409729003906250e+01 1.213386821746826172e+01 -4.355936813354492188e+01
1.345064926147460938e+01 1.211096858978271484e+01 -4.367917633056640625e+01
1.347108459472656250e+01 1.209072971343994141e+01 -4.381599807739257812e+01
1.351251125335693359e+01 1.204956436157226562e+01 -4.391534042358398438e+01
1.353739452362060547e+01 1.202655315399169922e+01 -4.403784561157226562e+01
1.357017993927001953e+01 1.202766895294189453e+01 -4.415750885009765625e+01
1.358545780181884766e+01 1.201058292388916016e+01 -4.424699783325195312e+01
1.361773872375488281e+01 1.202785968780517578e+01 -4.436735916137695312e+01
1.364544677734375000e+01 1.200775718688964844e+01 -4.448374176025390625e+01
1.368212604522705078e+01 1.200716972351074219e+01 -4.459077453613281250e+01
1.370947837829589844e+01 1.201787471771240234e+01 -4.472432327270507812e+01
1.371754646301269531e+01 1.203227996826171875e+01 -4.484646224975585938e+01
1.376574039459228516e+01 1.201377201080322266e+01 -4.494939422607421875e+01
1.379971981048583984e+01 1.203282356262207031e+01 -4.507991790771484375e+01
1.381233215332031250e+01 1.202294445037841797e+01 -4.520177841186523438e+01
1.384709262847900391e+01 1.202552890777587891e+01 -4.534613037109375000e+01
1.388113975524902344e+01 1.202518081665039062e+01 -4.551690673828125000e+01
1.391256999969482422e+01 1.201831722259521484e+01 -4.565033340454101562e+01
1.392767810821533203e+01 1.200145816802978516e+01 -4.580093002319335938e+01
1.397837066650390625e+01 1.202564144134521484e+01 -4.594189071655273438e+01
1.400403594970703125e+01 1.202364921569824219e+01 -4.609971618652343750e+01
1.403390598297119141e+01 1.204378890991210938e+01 -4.625989532470703125e+01
1.407810497283935547e+01 1.208274841308593750e+01 -4.641672134399414062e+01
1.413048076629638672e+01 1.209524917602539062e+01 -4.657377624511718750e+01
1.415376949310302734e+01 1.212385749816894531e+01 -4.677513122558593750e+01
1.418866729736328125e+01 1.211615753173828125e+01 -4.696600341796875000e+01
1.422512817382812500e+01 1.212954807281494141e+01 -4.717115783691406250e+01
1.423813629150390625e+01 1.210103130340576172e+01 -4.738573074340820312e+01
1.427012729644775391e+01 1.204800510406494141e+01 -4.759695816040039062e+01
1.429758167266845703e+01 1.198006248474121094e+01 -4.782045745849609375e+01
1.430990219116210938e+01 1.186814880371093750e+01 -4.802857971191406250e+01
1.433588409423828125e+01 1.173753452301025391e+01 -4.822689819335937500e+01
1.435607624053955078e+01 1.161909866333007812e+01 -4.841113281250000000e+01
1.441012573242187500e+01 1.149825668334960938e+01 -4.858623886108398438e+01
1.443560314178466797e+01 1.139748287200927734e+01 -4.871990585327148438e+01
1.444522953033447266e+01 1.127211856842041016e+01 -4.887928390502929688e+01
1.445856571197509766e+01 1.118011569976806641e+01 -4.898524475097656250e+01
1.447642135620117188e+01 1.105584907531738281e+01 -4.918534469604492188e+01
1.449997711181640625e+01 1.098728752136230469e+01 -4.930683135986328125e+01
1.453366374969482422e+01 1.092497539520263672e+01 -4.941090774536132812e+01
1.453681850433349609e+01 1.086754989624023438e+01 -4.953083419799804688e+01
1.455012893676757812e+01 1.079405117034912109e+01 -4.960636138916015625e+01
1.455105113983154297e+01 1.073623180389404297e+01 -4.972424697875976562e+01
1.455701732635498047e+01 1.066881942749023438e+01 -4.982592010498046875e+01
1.458953857421875000e+01 1.066548633575439453e+01 -4.991247558593750000e+01
1.458370685577392578e+01 1.062281513214111328e+01 -4.998374938964843750e+01
1.460715293884277344e+01 1.058555889129638672e+01 -5.007852935791015625e+01
1.462360095977783203e+01 1.053523826599121094e+01 -5.015713882446289062e+01
1.464125633239746094e+01 1.049754810333251953e+01 -5.025146865844726562e+01
1.467817211151123047e+01 1.044927024841308594e+01 -5.031259155273437500e+01
1.470176696777343750e+01 1.041166591644287109e+01 -5.039825820922851562e+01
1.471742820739746094e+01 1.037436676025390625e+01 -5.044187927246093750e+01
1.473522567749023438e+01 1.033440780639648438e+01 -5.052846908569335938e+01
1.476408672332763672e+01 1.031652355194091797e+01 -5.060695648193359375e+01
1.479100990295410156e+01 1.027328395843505859e+01 -5.065637207031250000e+01
1.481716632843017578e+01 1.025234889984130859e+01 -5.073658370971679688e+01
1.484450912475585938e+01 1.023347568511962891e+01 -5.080301284790039062e+01
1.485334300994873047e+01 1.026000976562500000e+01 -5.089213180541992188e+01
1.489370155334472656e+01 1.019769191741943359e+01 -5.095303344726562500e+01
1.489597034454345703e+01 1.020945262908935547e+01 -5.102242279052734375e+01
1.491183376312255859e+01 1.018229866027832031e+01 -5.108266830444335938e+01
1.493858623504638672e+01 1.016649246215820312e+01 -5.113708877563476562e+01
1.492109203338623047e+01 1.012805843353271484e+01 -5.119875335693359375e+01
1.494217681884765625e+01 1.011984539031982422e+01 -5.122629165649414062e+01
1.494491195678710938e+01 1.009531021118164062e+01 -5.128559875488281250e+01
1.497771835327148438e+01 1.010246467590332031e+01 -5.134777450561523438e+01
1.497673416137695312e+01 1.010998153686523438e+01 -5.138460922241210938e+01
1.498248481750488281e+01 1.010819911956787109e+01 -5.143624114990234375e+01
1.499696636199951172e+01 1.012594985961914062e+01 -5.149594116210937500e+01
1.500722885131835938e+01 1.011696052551269531e+01 -5.155949401855468750e+01
1.502992630004882812e+01 1.012370586395263672e+01 -5.160288619995117188e+01
1.505601882934570312e+01 1.015197181701660156e+01 -5.165610504150390625e+01
1.506280326843261719e+01 1.015306472778320312e+01 -5.170412826538085938e+01
1.507739639282226562e+01 1.018471813201904297e+01 -5.175843811035156250e+01
1.508907318115234375e+01 1.017082214355468750e+01 -5.181710815429687500e+01
1.512989902496337891e+01 1.018399715423583984e+01 -5.189670181274414062e+01
1.517643737792968750e+01 1.020692634582519531e+01 -5.198414611816406250e+01
1.517765712738037109e+01 1.024102497100830078e+01 -5.203689956665039062e+01
1.527349090576171875e+01 1.027752494812011719e+01 -5.214786911010742188e+01
1.527555751800537109e+01 1.032227230072021484e+01 -5.219550704956054688e+01
1.533539867401123047e+01 1.034393215179443359e+01 -5.228370285034179688e+01
1.534688091278076172e+01 1.038508129119873047e+01 -5.235023117065429688e+01
1.535038757324218750e+01 1.040667343139648438e+01 -5.243626785278320312e+01
1.536908435821533203e+01 1.045738983154296875e+01 -5.252579116821289062e+01
1.537628078460693359e+01 1.048616790771484375e+01 -5.257143402099609375e+01
1.539702892303466797e+01 1.048579120635986328e+01 -5.264041519165039062e+01
1.539671707153320312e+01 1.048943233489990234e+01 -5.271855926513671875e+01
1.540612030029296875e+01 1.052154731750488281e+01 -5.281198501586914062e+01
1.543402671813964844e+01 1.051095104217529297e+01 -5.288483428955078125e+01
1.547430706024169922e+01 1.051669502258300781e+01 -5.293676757812500000e+01
1.551097679138183594e+01 1.054243659973144531e+01 -5.305138397216796875e+01
1.555919361114501953e+01 1.056876850128173828e+01 -5.311310195922851562e+01
1.556853771209716797e+01 1.062533950805664062e+01 -5.319094848632812500e+01
1.562705516815185547e+01 1.066469192504882812e+01 -5.329789352416992188e+01
1.565453624725341797e+01 1.072117805480957031e+01 -5.341093444824218750e+01
1.570143985748291016e+01 1.081305503845214844e+01 -5.353270721435546875e+01
1.573316383361816406e+01 1.087253189086914062e+01 -5.364293289184570312e+01
1.575725650787353516e+01 1.092190456390380859e+01 -5.380340576171875000e+01
1.578941535949707031e+01 1.095862770080566406e+01 -5.394791793823242188e+01
1.582241344451904297e+01 1.099318122863769531e+01 -5.417011642456054688e+01
1.584854984283447266e+01 1.099488067626953125e+01 -5.433790969848632812e+01
1.587624359130859375e+01 1.101142692565917969e+01 -5.447231674194335938e+01
1.590571212768554688e+01 1.097068691253662109e+01 -5.463291931152343750e+01
1.591586780548095703e+01 1.096671199798583984e+01 -5.474743652343750000e+01
1.596502590179443359e+01 1.094327926635742188e+01 -5.489656066894531250e+01
1.598244667053222656e+01 1.091297721862792969e+01 -5.502420425415039062e+01
1.601231765747070312e+01 1.087109088897705078e+01 -5.514377593994140625e+01
1.603657341003417969e+01 1.085128688812255859e+01 -5.525084686279296875e+01
1.604364967346191406e+01 1.084036540985107422e+01 -5.537170791625976562e+01
1.608216667175292969e+01 1.078474426269531250e+01 -5.548806762695312500e+01
